epoch,N1,N2,N3,R,W
0,0.0010297828280343905,0.0005413616508838142,8.840269330523333e-06,0.00047288490491507833,0.9979471303468362
1,0.00047231128378409426,0.00013499859640479127,1.8122935780199322e-06,2.416738137864218e-05,0.9993667104448544
2,0.0011978087962188563,0.00010048183497076927,1.1529463273606796e-06,1.6086187074325257e-05,0.9986844702354088
3,0.00015152778645596696,5.4223393690955174e-05,4.6818032098939774e-07,8.838535787869518e-06,0.9997849421037441
4,0.003917672080382044,0.002114125151911755,2.3358410179015486e-06,1.9272717287517357e-05,0.9939465942094009
5,0.00924924344099057,0.0003073224190300919,3.020890173327279e-06,3.8475067883850444e-05,0.9904019381819222
6,0.005835074772092951,0.0005599748044737825,2.3371654387095117e-06,5.8157994552909414e-05,0.9935444552634417
7,0.004605863479627557,0.0009668643156895923,5.597092691867306e-06,3.778967214649565e-05,0.9943838854398444
8,0.004656572539748819,0.0004752943637870365,3.7488268685177214e-06,3.5289931151303334e-05,0.9948290943384444
9,0.0015431626697355522,0.00027969093676491306,1.4234841229901714e-06,2.008886081254232e-05,0.9981556340485639
10,0.001373405630068064,0.00017643766359834098,9.624179495061702e-07,2.164205655655038e-05,0.9984275522318274
11,0.004414799245755562,0.0003086647818068076,1.9996711546763527e-06,2.3697867028499926e-05,0.9952508384342544
12,0.009970573599015677,0.0007006385630849142,3.7818586808942574e-06,4.125464686264054e-05,0.9892837513323558
13,0.05098200160637161,0.0005439196315446371,3.927561475793945e-06,8.042476193124424e-05,0.9483897264386768
14,0.16176329542594492,0.006655442717643988,1.5229027684416211e-05,0.0007854877062179421,0.8307805451225088
15,0.04657314667186601,0.04878557888018255,0.0001114447713178477,0.0025867607416071707,0.9019430689350264
16,0.07572294093657629,0.059226305521827394,4.004303865267243e-05,0.003190955749426746,0.8618197547535168
17,0.08659737774402437,0.27153569343513945,0.0005211702074796495,0.005851470142366392,0.6354942884709901
18,0.08135186956672047,0.55999135649875,0.0030119591079390577,0.0074209369335032456,0.34822387789308734
19,0.049432357428822585,0.5749531876319189,0.028380160609672012,0.015411699303730129,0.33182259502585626
20,0.03996357742210563,0.506142521418067,0.0011332441967739093,0.0124308969136938,0.44032976004935964
21,0.0016058174843586752,0.0009847381980245045,2.007453939268468e-05,0.0006436487432353116,0.9967457210349888
22,0.010615258426464408,0.001033456665595226,3.689244995607404e-06,0.002046261291306135,0.9863013343716387
23,0.25399969314281706,0.030773968545721658,3.828197800524074e-05,0.0040918305010788775,0.7110962258323772
24,0.18101809648010203,0.014194988009380429,1.4960955471883105e-05,0.0012412045653906606,0.8035307499896551
25,0.09436805738300497,0.005825314740163897,9.73890405904161e-06,0.001314738639890226,0.8984821503328819
26,0.11047174963471323,0.29855207070154915,0.0011203321742374011,0.00994520749798297,0.5799106399915173
27,0.09743641838591958,0.05295973053990761,4.0254882775796186e-05,0.0066488844018724414,0.8429147117895245
28,0.1312229046760557,0.2702964336306262,0.0001280382307279236,0.0155863624567975,0.5827662610057927
29,0.0481536518825703,0.025978818432604876,2.5678363837833926e-05,0.016299832237212087,0.909542019083775
30,0.08279265440954359,0.17306505821588108,0.00022874294452689166,0.016325607254250744,0.7275879371757976
31,0.031618332286802976,0.45563566707984793,0.03650867582734997,0.006381106835705011,0.46985621797029403
32,0.0036781926766402484,0.0011216405353427078,1.5545222222060016e-05,0.001190143667918018,0.993994477897877
33,0.010230393910145021,0.0008332734305001676,1.2536674319456081e-05,0.0010388907940080214,0.9878849051910273
34,0.034629142049139715,0.0036802952368030265,1.279054618570713e-05,0.0006013574683012288,0.9610764146995703
35,0.18319559475668107,0.031378430944490186,0.00014445347926969295,0.0013507333829236474,0.7839307874366354
36,0.08080543346084952,0.02509086765100936,2.7354833827008825e-05,0.0009941716307583267,0.8930821724235559
37,0.1298102697814191,0.2728597304288552,0.0010564013329440376,0.013696917292375472,0.5825766811644063
38,0.08995003302483275,0.06098448519820721,4.487921185863766e-05,0.015777529581015748,0.8332430729840856
39,0.22947606808466345,0.3940368431199479,0.00014120806030153943,0.08597965883922845,0.29036622189585864
40,0.12494430666240144,0.64666323254164,0.0016705497909177145,0.019731740716248322,0.20699017028879246
41,0.3074181783513073,0.046831512255603454,4.350579008850453e-05,0.00759765882473168,0.6381091447782691
42,0.2704560726456913,0.65396304135777,0.001102271750970729,0.009094191628179238,0.0653844226173887
43,0.2536055893767447,0.6708864924542084,0.0005677412661190413,0.025792855207724147,0.04914732169520354
44,0.06670861771951267,0.8814733466136315,0.016378369787019186,0.0051518363357730725,0.030287829544063432
45,0.027023180866517203,0.9003211602637887,0.05092312613777508,0.002656412255261677,0.01907612047665726
46,0.029822345201653847,0.7858332500178151,0.01827327859986685,0.002235073255645806,0.16383605292501852
47,0.21567516179259297,0.2328665316622893,0.0004542003587754559,0.03031323548000085,0.5206908707063413
48,0.02574014551747802,0.9088509788564983,0.03622953137249048,0.0018277852983342331,0.02735155895519872
49,0.053248580376968786,0.04988212333632116,0.00019592063590737115,0.010286600642326955,0.8863867750084757
50,0.011995872298516244,0.0038892868582079522,9.022734311141354e-05,0.0002915507938251412,0.9837330627063392
51,0.6127540244302174,0.11519697434047056,8.990057002786398e-05,0.0019765956733028573,0.26998250498598125
52,0.34605607055110693,0.4899628996021437,0.00915912089314035,0.0008824607833518754,0.1539394481702572
53,0.4696891471277707,0.22687100511008432,5.750907775656344e-05,0.003578353076763242,0.29980398560762506
54,0.043683681405422795,0.8395843183057338,0.05825284747782708,0.0027704914896343456,0.05570866132138196
55,0.07396610602456957,0.7153603182152174,0.005581336698493887,0.0072184608705237905,0.1978737781911954
56,0.12244266466369956,0.7433337459842114,0.00921551017796824,0.021071424646090544,0.10393665452803016
57,0.047050303113577524,0.8890164446091315,0.002971087014366715,0.007176372091360949,0.053785793171563075
58,0.08743335178973372,0.06681140387118102,0.00020654791922134223,0.019999028993417097,0.8255496674264469
59,0.2819200973747302,0.20062494860952063,0.00018877748594061996,0.02413636841181304,0.4931298081179954
60,0.03211697001452815,0.005787098689824888,2.6357156711452122e-05,0.0017103053101616688,0.9603592688287739
61,0.5327092538365774,0.20974346959664378,0.00017322272342177913,0.00470441662666943,0.25266963721668745
62,0.12002734167889544,0.37807469492137313,0.0007799953980695569,0.001769757218315822,0.49934821078334585
63,0.1152143609947635,0.5271518777475596,0.010802068428993263,0.00456952653595968,0.342262166292724
64,0.023629631826744563,0.09573095752212403,0.004876050122873858,0.0010473120534554006,0.874716048474802
65,0.0002680968015146829,0.00034082445938922256,5.5964110185286495e-05,2.6140185656229607e-05,0.9993089744432545
66,0.0007077332689756863,0.00032762439141796753,4.319740592113141e-06,8.919637532454281e-05,0.9988711262236898
67,0.0011680587622053913,0.00019028596399678637,8.950892592760919e-07,3.702178776515432e-05,0.9986037383967734
68,0.00662295692469674,0.00032539682190851975,1.5463960324361046e-06,7.427021447102252e-05,0.9929758296428913
69,0.013396468000385655,0.0005689877566729037,5.642101563874145e-06,3.132674193825394e-05,0.9859975753994392
70,0.0073086061675688785,0.0002898005801089368,2.04676269073492e-06,5.5816096040484114e-05,0.9923437303935909
71,0.0037478775996942497,0.0008711020428637037,9.080659090276631e-06,4.043829633645613e-05,0.9953315014020153
72,0.003329056007855554,0.0007589341460547352,7.2867474381316335e-06,4.255076930202057e-05,0.9958621723293496
73,0.021253996273268953,0.0031976431456731355,2.9086881917437075e-05,0.00010637803311555578,0.9754128956660248
74,0.015472032447700396,0.002155919170659648,2.0223161650794858e-05,7.568317823721179e-05,0.9822761420417518
75,0.17547617141055602,0.021754681324668824,2.705890826946456e-05,0.0004464588008795164,0.802295629555626
76,0.05104220257631851,0.011866611913821901,1.6406078268355093e-05,0.0006399289014049636,0.9364348505301863
77,0.06242927901844083,0.5314389779615868,0.0021195749665347805,0.0023146039843816263,0.40169756406905605
78,0.0242987211404077,0.376126888794692,0.08912386796587733,0.0028293413073112623,0.5076211807917116
79,0.00019738976817926108,0.0007521629444422168,3.387447170419396e-05,2.4169184242636096e-05,0.9989924036314317
80,0.0002138849697522025,0.000295794770127926,1.0584606774004104e-05,9.461602329816071e-06,0.999470274051016
81,0.009067888540199652,0.003951493751494207,1.737731316401679e-05,7.491847961098462e-05,0.9868883219155311
82,0.001571474920243886,0.00014970665029584256,1.6046751129864355e-06,2.2022369948091418e-06,0.9982750115173524
83,0.0023164681747674595,0.0001491499444457095,2.2945736779565794e-06,1.3836981872050555e-06,0.9975307036089217
84,0.0054155219145834,0.00031039253752372013,2.142415912875314e-06,4.069851461168581e-06,0.9942678732805188
85,0.003513839729684229,0.0002031161489147225,3.2393006120845184e-05,1.5436891617283588e-05,0.9962352142236628
86,0.0015255899975466893,7.616949438836902e-05,7.480954592074955e-06,1.7559544355458342e-05,0.9983732000091173
87,0.0014180881369028414,0.001301771211054663,3.2664959431646785e-05,2.1039598120775886e-05,0.99722643609449
88,0.0004578681364948881,0.00017852325153649095,2.650882591836526e-06,7.203031619381672e-05,0.9992889274131831
89,0.001604872674425735,0.0011249435952152761,1.0407796384526806e-05,8.665373447791796e-05,0.9971731221994966
90,0.0006685785287252488,0.00023059327214909633,3.0024167742450787e-06,2.926018685633873e-05,0.9990685655954952
91,0.0014785226237011477,0.00024463489269512895,1.9564678959968713e-06,4.503209087552668e-05,0.9982298539248321
92,0.0022892306384994275,0.0006279312375134939,6.303548352527182e-06,8.409543550440993e-05,0.9969924391401301
93,0.00856965284276499,0.00941270697176777,6.210112813397067e-06,0.00011152265752573864,0.9818999074151281
94,0.006973931886648353,0.0009168510696336942,4.565819122652764e-06,0.00018900252486198554,0.9919156486997333
95,0.010292113038806436,0.0009469869413561851,7.6047235610020105e-06,0.00011521286346987082,0.9886380824328065
96,0.025518772715720162,0.0012795486575231595,1.158641291509913e-05,0.00018922843258626173,0.9730008637812554
97,0.01962164285763365,0.0014323966401969671,1.5749835028553537e-05,0.00023023838209895137,0.9786999722850419
98,0.04650305534063699,0.0021083009437483477,8.077584732772024e-06,0.0004371338713788404,0.9509434322595031
99,0.07674932662513674,0.004224983102608976,2.0316974911416434e-05,0.0009640185306465163,0.9180413547666963
100,0.005708237932427102,0.0046442985800511285,3.2677055856719626e-05,0.0005380768604786219,0.9890767095711865
101,0.042292974345735666,0.009395702526568095,1.8867513919554066e-05,0.0018890667800659023,0.9464033888337108
102,0.005880642137650248,0.0013744672158909849,7.941522333132014e-06,0.001564919917455249,0.9911720292066705
103,0.09495662077914054,0.009195925212144209,1.937180417162985e-05,0.005929343150358038,0.8898987390541855
104,0.3850153313871993,0.022517990917983666,2.320821199163903e-05,0.009438137970816886,0.5830053315120085
105,0.09162456228310727,0.06771056865334377,5.892157253062739e-05,0.005210126685750769,0.8353958208052675
106,0.051576524537197084,0.333444300465838,0.0007424563811150259,0.025008958139702952,0.589227760476147
107,0.007096521136680574,0.005700642923417933,2.9835796227191928e-05,0.007339518159338009,0.9798334819843363
108,0.13724099394874575,0.04676789945944159,5.735950854032265e-05,0.03597330704099223,0.77996044004228
109,0.06933251765246405,0.18841526417170576,0.0003835806862857851,0.009290302613287518,0.7325783348762569
110,0.09914854567476923,0.358624686180725,0.0004622275102655055,0.015599640555710422,0.5261649000785298
111,0.048249965028248125,0.4843923291541059,0.0018853085759797548,0.028040095931966047,0.4374323013097002
112,0.03258463193268301,0.07512018768145023,0.00029949308502522803,0.01782455854156961,0.8741711287592719
113,0.10978153980175505,0.0967579833227091,0.00010985401433969663,0.06489591459700303,0.7284547082641931
114,0.09282756390405959,0.048521388394517063,6.568151162471629e-05,0.01791757808697836,0.8406677881028203
115,0.10863015479123751,0.210425875375718,0.0007455783112035766,0.014449007950824651,0.6657493835710162
116,0.188317543525131,0.46584737418418093,0.00027414749541612634,0.04002408715122994,0.3055368476440419
117,0.06744815271858243,0.4937951086430818,0.00863201569479754,0.022650169907897068,0.4074745530356411
118,0.10537895424075236,0.7382340647959127,0.003449711459632152,0.065935938200232,0.08700133130347064
119,0.14576620089586534,0.3137553748843006,0.00034869687242261555,0.17056260691454111,0.3695671204328702
120,0.12261545801750404,0.21525059910550579,0.001218792969782377,0.12003078397486053,0.5408843659323473
121,0.06238284233246893,0.04102803540099331,5.5193888928255574e-05,0.03019800968390691,0.8663359186937025
122,0.18799255214892818,0.09822255562141298,8.443816471922255e-05,0.05709176176504588,0.6566086922998938
123,0.4938739984720124,0.09068274749905392,5.322594630872611e-05,0.028277114055093505,0.38711291402753134
124,0.16628289203147467,0.28248746310624784,0.0016347496177052147,0.04419462611901146,0.5054002691255608
125,0.14973937301162096,0.06844043125047862,9.241384401810639e-05,0.03979917322571033,0.741928608668172
126,0.21731111967651978,0.046267430719415754,4.795955273963976e-05,0.030433131129182344,0.7059403589221425
127,0.1134025583684359,0.4726861632304384,0.002134863400818769,0.020248308551774393,0.3915281064485326
128,0.014599369444001956,0.006422999552013124,2.689921667170256e-05,0.004784332965314386,0.9741663988219988
129,0.042226179039219,0.02556119644277688,5.508748980847334e-05,0.005983555135025714,0.9261739818931698
130,0.0033048504079215427,0.002161639831069665,4.3229848710814385e-05,0.00023616559418038934,0.9942541143181177
131,0.06633454931581734,0.002041690195165302,8.930100529548491e-06,0.0007839829823380842,0.9308308474061497
132,0.3726938344737596,0.1903662042539467,0.00016095351535362816,0.0020169875795538216,0.4347620201773862
133,0.4679060892958528,0.12772722185387625,7.853597801142213e-05,0.0014332626736422971,0.40285489019861725
134,0.1981053013878944,0.6689962485531953,0.002778303927673326,0.004308507445392676,0.1258116386858443
135,0.0714459919341714,0.8637989913980156,0.001041573695421552,0.008324983469303809,0.05538845950308758
136,0.05321541045385195,0.9103825980354893,0.002444747088352123,0.005718675636206909,0.02823856878609954
137,0.03765129076011505,0.8342798059264404,0.08191513790683723,0.003092241276904777,0.0430615241297026
138,0.027034135624605618,0.7876303234272499,0.14118660012633433,0.0016304894043336364,0.042518451417476476
139,0.04352457362177803,0.87891521899428,0.016549033893484975,0.0027820501499862746,0.05822912334047078
140,0.11796356836082295,0.7952696243237467,0.0033105115374408266,0.005868978390797789,0.07758731738719189
141,0.06226069806963,0.8244632117976165,0.09140471252398459,0.0016761372900465598,0.020195240318722125
142,0.03956222411715133,0.4967853468362576,0.43777660871923574,0.0019091458309233114,0.023966674496431917
143,0.06081138589461812,0.9104221238518568,0.012506645556550894,0.0027849548073048264,0.013474889889669332
144,0.025477294721719935,0.5536614973968782,0.39428176864943293,0.0036328815459245618,0.02294655768604429
145,0.026434547803460436,0.6993801636827707,0.24110207201488798,0.00457470784201144,0.028508508656869325
146,0.22434949525108552,0.49364989471834236,0.0009878346283122336,0.010349221732252806,0.2706635536700073
147,0.12310302051366838,0.8485948367786995,0.0031324031475243362,0.005406725688609479,0.01976301387149822
148,0.06683449310148738,0.8671660553430509,0.05697775566302509,0.0018638222477743716,0.00715787364466214
149,0.03463605904169131,0.5621988820767206,0.3900766247575523,0.0008773244884184651,0.01221110963561731
150,0.018510687703409325,0.7542323521184132,0.2138449990604929,0.0018735516841544492,0.011538409433530043
151,0.01374392959939217,0.7193520472276509,0.2538583049619518,0.0016911377493977146,0.01135458046160751
152,0.004748176278309217,0.16117161218320905,0.8278586183903935,0.0008509624894031502,0.005370630658684995
153,0.0042675832231344095,0.22616495581911483,0.7539905434224532,0.00047603718614418374,0.015100880349153514
154,0.007598151971269899,0.2190385394603612,0.7619179645237959,0.0005465137876546585,0.010898830256918292
155,0.00251260651864945,0.12557598153466382,0.8619492558147926,0.00030692562387794566,0.009655230508016059
156,0.005777897455592397,0.1801853861596238,0.7960254338097076,0.0006045790272431425,0.017406703547832962
157,0.0045448158769574604,0.17399170588757146,0.8017557270867847,0.0007342423715814343,0.018973508777104936
158,0.002745993333076949,0.19696912637224925,0.7819510403879761,0.0008077261744358412,0.017526113732261858
159,0.0053335845294095584,0.1947926121434843,0.7723567957964178,0.00121320638538763,0.026303801145300915
160,0.0020219298936473493,0.09163320261882184,0.8932258933745068,0.0004326632169692076,0.012686310896054837
161,0.001889854521845778,0.09345181990112186,0.8971911511012951,0.0005624222316554305,0.006904752244081785
162,0.004994642963815291,0.13634403888069402,0.8416500078293431,0.001312306511528258,0.015699003814619382
163,0.0018146467123181587,0.10345979747689503,0.881731544992297,0.0003266313811089881,0.012667379437380692
164,0.06854850422459387,0.4836312996805488,0.20644835038128476,0.0057292823221972485,0.23564256339137538
165,0.02588925917186639,0.38495613749595275,0.5556633246990191,0.0010003033689465056,0.03249097526421502
166,0.0296231566678983,0.260763822520129,0.6719020248898802,0.000824081883721403,0.0368869140383712
167,0.01832258102223314,0.19662192924202895,0.7746306393899539,0.0002691138824438842,0.01015573646334014
168,0.0018501966885744534,0.08699693477551522,0.8967122635305615,0.00025980563853122995,0.014180799366817534
169,0.0017095995251595751,0.09294712521884496,0.8991498297935797,0.00032439382275741837,0.005869051639658433
170,0.001254712079552473,0.07181139066479296,0.9202131058988413,0.0002006562583655326,0.006520135098447677
171,0.0010429953631772419,0.06399432625863409,0.9283238162775335,0.00018962750561092,0.006449234595044542
172,0.0005046440331963459,0.03020951816430985,0.96289076507844,7.082032823852e-05,0.006324252395815231
173,0.0009300852825942325,0.053896306208900034,0.9376750495818136,0.00013204536759312197,0.007366513559098919
174,0.000981206269162252,0.06742321402703436,0.9272442962291099,0.0002982069564626052,0.004053076518231127
175,0.0006125928448280183,0.045388501676541085,0.9442879412451983,0.0001279081570735432,0.009583056076359073
176,0.00038263795101048685,0.037637614544002496,0.9598219824881533,6.998030056396267e-05,0.002087784716269778
177,0.0006642335876992288,0.060072421629108454,0.9371548221231351,8.440479268829932e-05,0.00202411786736899
178,0.000810489260133613,0.07293889333681818,0.9222232212024744,0.0001897597090541976,0.003837636491519547
179,0.0019393473255409621,0.10206006180039057,0.8921311778120224,0.00027302630483831783,0.0035963867572077605
180,0.008899587495492366,0.3229957743732381,0.655543517674244,0.0009702006301625641,0.011590919826862908
181,0.0009416636725749191,0.09022043643361541,0.9061101964785571,0.00013886578035639203,0.002588837634896206
182,0.001453142743045372,0.1027198843889602,0.8925320874602541,0.00024368233928882325,0.003051203068451449
183,0.004388384584715171,0.18836629052224346,0.7890508350439025,0.0003511981183317176,0.017843291730807117
184,0.0010746627278982023,0.10111539616423244,0.8932917891070353,0.00017348515643328497,0.004344666844400728
185,0.003648763029910768,0.14662886544864961,0.8453753632789729,0.00042622906887216847,0.003920779173594662
186,0.003072766212079349,0.112667734751878,0.8772593011939848,0.0002807615258575723,0.006719436316200396
187,0.005716709805349309,0.2523403246557189,0.7332350819915775,0.0007981491598813904,0.00790973438747277
188,0.015950710587184475,0.280101580567686,0.6838652881727644,0.0014983254811559677,0.01858409519120908
189,0.019915382279509227,0.34116412060545426,0.6113155975781814,0.0032134777394465467,0.024391421797408417
190,0.016270050849628615,0.41979666316944864,0.54293733312247,0.0021379952001221113,0.018857957658330565
191,0.02980410433254028,0.7859088538682149,0.1617872689484248,0.00249402556042908,0.0200057472903909
192,0.023135333937282284,0.8662674999537918,0.09088801270384254,0.002281876603323737,0.017427276801759515
193,0.02419671052965846,0.6831467517235219,0.26300216732261106,0.0030788485007699406,0.026575521923438688
194,0.0389377227429103,0.7544035587278735,0.18181613161447477,0.005002499778806361,0.019840087135935103
195,0.009608856169782872,0.46652965946026465,0.5073451196563343,0.004839082882695262,0.011677281830922938
196,0.025284499632245626,0.6304798330630744,0.3028276759258409,0.007570739483603532,0.03383725189523545
197,0.02911920936519519,0.7825863838439744,0.1608903662841632,0.009874453024122182,0.017529587482544906
198,0.026616310753591242,0.78724619675333,0.14911636053212404,0.008892829431307273,0.028128302529647566
199,0.08168081204799178,0.7640824357274872,0.11346398504299952,0.014875243199285845,0.02589752398223559
200,0.026556190950163486,0.8172310401112503,0.13026675009268934,0.008050377264791918,0.0178956415811051
201,0.08315457284022759,0.8401825197237618,0.018821511442067663,0.020778509895726834,0.03706288609821617
202,0.0873742891210759,0.7891818166166324,0.0077517432820477785,0.0413460620444308,0.07434608893581303
203,0.10765706641276226,0.76927693663818,0.00539469535046693,0.03593401231815978,0.08173728928043109
204,0.09891982278480815,0.6642581614935382,0.0291518646502629,0.1745103177461105,0.033159833325280295
205,0.09968772400533436,0.5819644068334905,0.004623893362969231,0.10167465473071234,0.21204932106749375
206,0.11608600178900444,0.5159161416311573,0.0025662786043705215,0.17362076159272788,0.1918108163827398
207,0.0988159650246123,0.6913005554132909,0.01440242650252629,0.10784869372559519,0.08763235933397508
208,0.09165113697997986,0.17406967920637184,0.000317814017488984,0.6964386099735735,0.037522759822585725
209,0.05913617050079289,0.37203069633676705,0.0007868191653082513,0.46718566686021773,0.10086064713691406
210,0.05061844528571367,0.4489912566791348,0.0006243761459293043,0.42980023007598467,0.06996569181323753
211,0.043133671566236785,0.3818682563824953,0.0005026922235414876,0.5119596071878154,0.06253577263991099
212,0.06670397258086005,0.11128159115243307,0.00019243395533212566,0.7759684633676344,0.045853538943740356
213,0.11378958986006348,0.2016878321652444,0.000477101932550584,0.6087460398752099,0.07529943616693156
214,0.062488718775354106,0.14326296039719946,0.00023992048040934752,0.7575922792706374,0.03641612107639974
215,0.10524783402233694,0.13278565135001122,0.0002810403420362021,0.6806517798712672,0.08103369441434838
216,0.06617014845658009,0.3710548365634837,0.001913697286901142,0.4285461417769019,0.13231517591613323
217,0.0779404884926079,0.2650619801530814,0.0003022334074817208,0.4303645336043997,0.22633076434242913
218,0.11472627528088641,0.27347416504856514,0.00024702806610747815,0.5469032246115593,0.06464930699288171
219,0.06643436790058144,0.4410447475968626,0.0012620148383323871,0.42987395074134205,0.061384918922881546
220,0.1272825004600115,0.2081777487637354,0.00017880644294427536,0.5602732912859211,0.10408765304738765
221,0.1310238541381116,0.25230910435558973,0.00021752474563131323,0.5183468936108901,0.09810262314977727
222,0.13552507728251825,0.17688224523551993,0.00014790494848479214,0.6131166939139727,0.07432807861950422
223,0.056947647106181686,0.24195640260476042,0.0002601993060711692,0.5653367866283133,0.13549896435467343
224,0.06601794557472983,0.15460392465712247,0.00016072337910345635,0.618706529198251,0.16051087719079338
225,0.08372700968659841,0.04562519947233899,0.00020274276342988678,0.7041924474121146,0.16625260066551806
226,0.02367738665193554,0.054017907078716065,0.00011164421134518032,0.562561851413566,0.3596312106444373
227,0.08229563422116283,0.11981502875046085,0.00018360869025673215,0.622272501301528,0.1754332270365916
228,0.10002715392450744,0.08015388407679414,0.00015712374687806865,0.6297483714887834,0.1899134667630369
229,0.08611542189638646,0.09806887530085141,0.00027358259943724856,0.603672893301989,0.2118692269013358
230,0.12589444093414665,0.048710587102919804,8.689811683878288e-05,0.6121359871805321,0.2131720866655627
231,0.10518878410739765,0.19190292084124239,0.00014769194515918294,0.4062609372538206,0.29649966585238013
232,0.14562808355220191,0.22159818470104758,0.00017657304885708043,0.5377288975064202,0.0948682611914732
233,0.08724375462016783,0.21231286225021628,0.00022961317916932265,0.45300645254012795,0.24720731741031868
234,0.04738345266404632,0.13804014080392285,0.00017091080598995224,0.6660282964590335,0.1483771992670073
235,0.11089150562012352,0.06303649815998023,0.000281824483085431,0.6202435244852282,0.2055466472515826
236,0.1471549599180907,0.13372430746464006,0.00011787724269319292,0.5148383484673059,0.2041645069072702
237,0.19524318182196887,0.20538255487426021,0.00014117591200934177,0.5115982432619608,0.08763484412980067
238,0.1380037401641285,0.29755863590834164,0.00024787760417305357,0.43767336110280874,0.12651638522054814
239,0.14880966635942883,0.06933037370526467,0.00015641610906525673,0.7183030090175702,0.063400534808671
240,0.10410602602672249,0.07442367380145386,0.0001333343119024795,0.7811467842169064,0.040190181643014716
241,0.09084507248262227,0.16376569409647024,0.00035595120026184397,0.5070400345117128,0.23799324770893296
242,0.09969140942924073,0.32759732865070396,0.000344444590291608,0.4774335781365928,0.09493323919317076
243,0.08461890609447682,0.1762278304209918,0.00026886529992705836,0.679105814175665,0.05977858400893947
244,0.03308813700380568,0.17336012859146044,0.0008747057215811782,0.7289651591957526,0.06371186948740026
245,0.02164801882612524,0.1339571327757406,0.00027697122657767664,0.7842198242258478,0.059898052945708706
246,0.025216675763431742,0.11803408309419706,0.00022109580425199504,0.8066379315235923,0.04989021381452684
247,0.028821512922005403,0.041687911907394175,0.0005368823114109302,0.8421558266902636,0.08679786616892603
248,0.01847736261998588,0.020977847739231475,0.0004243827543181146,0.8979618981428329,0.062158508743631526
249,0.02927063762472196,0.014043979268751698,0.00022241208750203165,0.86548686084474,0.09097611017428428
250,0.021797954416567792,0.01222840149419974,0.00018070696417790387,0.932718655891081,0.033074281233973386
251,0.031121102096880834,0.015262800166593118,0.00012724004956959507,0.8931355188581288,0.06035333882882762
252,0.020675441803898218,0.008156375534052799,0.00012256970019637825,0.922982113625965,0.04806349933588753
253,0.01657992767111871,0.01118106532757144,0.00023111441971601532,0.9289950107833546,0.0430128817982395
254,0.021559658695822572,0.010742057961347884,0.00036891906588392375,0.8774535414942664,0.08987582278267914
255,0.03961137404420991,0.02048861247417232,0.00039992837135408704,0.8025025541428648,0.13699753096739892
256,0.027446961161851184,0.008174247755878786,0.0001876651579953214,0.868670377329517,0.0955207485947576
257,0.02019681058481961,0.015599611994016119,0.00021037781448531533,0.8191609037023981,0.14483229590428087
258,0.02838798776657302,0.012699035565175671,0.0002687333702095309,0.791535379613065,0.1671088636849767
259,0.041680386398015856,0.020267373032827756,0.000592676548060388,0.7580487146858865,0.17941084933520934
260,0.00964617886350815,0.007016753168557263,0.0002855427732510507,0.7608534792270284,0.2221980459676551
261,0.023679446448526105,0.009020451427449457,0.0003558320025799344,0.8051182100897678,0.1618260600316768
262,0.016853740051262757,0.008306882044997693,0.00021943147454224677,0.9161541302209691,0.058465816208228064
263,0.020098026790645304,0.01588078432109937,0.00023636508204147156,0.7868290004273875,0.17695582337882643
264,0.024984846460904358,0.04126957518028589,0.0010507677913855061,0.7779108955104912,0.15478391505693306
265,0.02951735595980472,0.021269374853465115,0.0002229451797035979,0.8346139004861658,0.11437642352086073
266,0.022087899581154063,0.03705588162696357,0.00017337955224099887,0.6314170361817578,0.30926580305788365
267,0.02224677824692921,0.06775048444164096,0.0001610216385246088,0.8094079558365771,0.10043375983632812
268,0.061458334669195834,0.04581748287329665,0.0003755529952876644,0.7948218226297997,0.09752680683242015
269,0.07257827799644456,0.04053261949589014,0.00042553998541513703,0.7870589925803085,0.0994045699419415
270,0.016995636502560113,0.023978768585144927,0.0002149623946775763,0.8987380663416706,0.060072566175946744
271,0.026032820012235912,0.012198489883245624,0.00014509877291866676,0.875306839276325,0.08631675205527481
272,0.04736857037406229,0.025817506756393997,6.679810783909434e-05,0.8313298066559501,0.09541731810575449
273,0.16003573954749192,0.05688226223163289,0.00013831807581670585,0.6796061079434631,0.10333757220159535
274,0.20557260587184845,0.04672191066681747,9.79468231382509e-05,0.6751717021954217,0.07243583444277399
275,0.13794860895674652,0.09514508540340769,0.00017384205028326972,0.6640996647237101,0.10263279886585244
276,0.07105824227575118,0.033329135397609906,9.688922318738699e-05,0.7972436143564036,0.0982721187470479
277,0.03221707990902543,0.05794599340037947,0.0004766565388487605,0.4341547088153209,0.47520556133642555
278,0.1437706218623484,0.10108328929930516,0.00020748026662061451,0.3237997272879854,0.4311388812837404
279,0.2680972868542371,0.1928255514364026,0.00033846460124962205,0.22970873679210418,0.30902996031600644
280,0.1307023495016781,0.51394785446926,0.0019260788918016144,0.1370261633394787,0.21639755379778164
281,0.0960473036665251,0.5581307962536849,0.000519886576224211,0.25294134418496167,0.09236066931860407
282,0.12235214907613806,0.40906213268331965,0.000506587615369608,0.4070982085414794,0.06098092208369332
283,0.04064249681200255,0.5048252671711753,0.0004391143768606339,0.35247549295408437,0.10161762868587708
284,0.03707723465233916,0.15658221410159415,0.00026841736117714485,0.7654413447168614,0.04063078916802806
285,0.040921203154912364,0.05836915718871794,0.0004028799026710801,0.864191093544556,0.036115666209142645
286,0.05126006228400486,0.20363248500896677,0.0008507495857020401,0.6359827411975528,0.10827396192377352
287,0.05953348470862748,0.028873331553569276,0.0002410897215417979,0.877176152580694,0.03417594143556739
288,0.10749510905255821,0.0559547770247285,0.00032480368090508896,0.7943832626201381,0.041842047621670035
289,0.08203099496769238,0.08308418398081123,0.0002947160072889092,0.7655279544405997,0.06906215060360783
290,0.1262371393870145,0.12327022562988676,0.00023852630299712245,0.7023984281016301,0.04785568057847133
291,0.057544404927005424,0.19711835613638554,0.00040376235486161985,0.691001227977877,0.05393224860387044
292,0.04260038050343246,0.14997089101868696,0.0007919865019425886,0.6994808458545297,0.10715589612140837
293,0.03213738805637758,0.12435252981324701,0.0003145882195388882,0.7772501004624662,0.06594539344837015
294,0.05838356239628778,0.11072479083416836,0.00023957942800521018,0.7625988619115385,0.06805320543000015
295,0.034282583204709886,0.25911991855615474,0.0006634888387801498,0.6152449028059683,0.09068910659438692
296,0.05713096032469739,0.13668020075705106,0.00034732435331924505,0.7454832103975273,0.060358304167404946
297,0.054629423385651826,0.09249357525708299,0.00014506421367875867,0.8204009604604452,0.03233097668314129
298,0.07382654676477267,0.21511723054212117,0.0004997972157177959,0.627075650461305,0.0834807750160833
299,0.08934124308825979,0.2581367107108729,0.0004000028302238809,0.5842663098228037,0.06785573354783973
300,0.12174874562814655,0.2115549260551673,0.00041728503010772305,0.5742273439269616,0.09205169935961686
301,0.16379311182635245,0.22691576636868788,0.0002818529022949785,0.5264980887568421,0.08251118014582265
302,0.2765179013731641,0.4144276933855863,0.00036255081180625894,0.2717998918115995,0.03689196261784375
303,0.1200628308868729,0.8038040346458639,0.01757523720113189,0.031145708588939308,0.027412188677191827
304,0.06503567439111109,0.8531086257040095,0.042976995594019594,0.010651504943506133,0.028227199367353694
305,0.11826426168178057,0.8156383781196356,0.005572211764359616,0.011952344614964217,0.04857280381925999
306,0.09761377063283856,0.8382498753201285,0.03075915961867703,0.011721978396107134,0.02165521603224872
307,0.05853799253688215,0.7710607164592004,0.14338700821670156,0.004268267699458249,0.02274601508775764
308,0.021255832182701332,0.8524957109707991,0.11398186666280073,0.0024807122859555075,0.009785877897743179
309,0.021873189945361925,0.7865827704422581,0.17882422432909761,0.004242717587412673,0.008477097695869617
310,0.025479182018768677,0.8398308672801601,0.12295227606307496,0.002565655565027473,0.009172019072968675
311,0.014880731688723486,0.6586722627063808,0.3157913462947693,0.0026240265847247662,0.008031632725401725
312,0.016642824508713395,0.8350360028291949,0.13766083888704841,0.0019827098983980123,0.008677623876645233
313,0.013212133861029575,0.9072257625781802,0.07081779980659848,0.0013479012027989628,0.007396402551392838
314,0.014379243793036895,0.6125212460233395,0.3650392548589883,0.0009795944266810625,0.007080660897954423
315,0.0069514078812052404,0.710868402439025,0.2742742725567799,0.0007048849162150227,0.007201032206774603
316,0.003803365682025336,0.361782091180891,0.625027160904411,0.0006734807679078887,0.008713901464764692
317,0.006092720260471563,0.4480119223440603,0.5328705103882446,0.0005162784537033067,0.01250856855352009
318,0.004429591581935041,0.2379125503150307,0.7443450509048716,0.0003799617647706868,0.012932845433391873
319,0.0040426931574931374,0.1487279766669934,0.8361132865398384,0.0004442005722847359,0.010671843063390361
320,0.0018889462990980467,0.11761641641431302,0.8750482910756473,0.0003059185765927974,0.005140427634348983
321,0.0056148422917077605,0.21704232512192898,0.7432415425247003,0.0008553693620790962,0.033245920699583945
322,0.005013170860720903,0.20915044666108668,0.7594789112648515,0.0008755562145083802,0.02548191499883268
323,0.0023075176277985157,0.14839284386764245,0.8396741387885385,0.0003457714037678206,0.009279728312252676
324,0.0012824884404291459,0.09216597905775581,0.8984332917616825,0.000361914335405479,0.007756326404726952
325,0.0018562514939171717,0.1487887502892569,0.8381448810287205,0.00042263112009754847,0.010787486068007914
326,0.02645537167981119,0.3096277377671407,0.6440738654354579,0.0030726792075340377,0.016770345910056283
327,0.0023375002458251404,0.11341098604960285,0.877616681082212,0.0003834495796874046,0.00625138304267236
328,0.0022625560831068176,0.16453009724976353,0.8259435286492175,0.00048225039477021363,0.0067815676231419335
329,0.0019306915248461071,0.157885089884264,0.8175575685627411,0.00048270661567999305,0.022143943412468794
330,0.006192712854715432,0.40599080722252817,0.5703471025825984,0.000882966215036268,0.01658641112512182
331,0.0032389767636065263,0.19683946816595907,0.7901074317828518,0.0005975223701373246,0.009216600917445314
332,0.0008360997760392269,0.09062066061883577,0.9028594522024267,0.00014663665626304476,0.005537150746435324
333,0.0006610209829787401,0.06736366335719444,0.9264445095749637,0.0001426210563440803,0.005388185028519096
334,0.001134166527916609,0.07179537509147431,0.9210889265580937,0.00019699460210186276,0.005784537220413274
335,0.0009191582165370768,0.06120434311230254,0.9344123837188106,0.00011619249557894964,0.0033479224567707255
336,0.00010851675921728537,0.01913976391282061,0.9797068135593132,1.777063854343854e-05,0.0010271351301052107
337,0.0004333787251563656,0.05052974447951418,0.946340112618829,6.932509902657724e-05,0.002627439077473812
338,0.00048818530825748717,0.05583568819302546,0.9399195859720496,0.00012695895673513834,0.0036295815699323663
339,0.00041072359456146304,0.03943458178612369,0.9565523526356471,4.21571305189274e-05,0.0035601848531488164
340,0.00017355724640176536,0.030183665408371117,0.9680447808231509,2.0933086107383804e-05,0.001577063435968883
341,0.00010489811134291309,0.02042517442339066,0.9776591256867675,1.961000430183078e-05,0.0017911917741971425
342,0.0001865016262874953,0.025337096756232674,0.9722373861174229,1.803751363667538e-05,0.0022209779864203485
343,0.0008799616035263978,0.06838747279070315,0.9235366571978172,9.972265304058277e-05,0.007096185754912673
344,0.0002570751582799674,0.030241348428607658,0.9677055482123541,1.8917543359260528e-05,0.0017771106573990206
345,0.00022459644012591784,0.028519494768899662,0.9703240375194021,3.709178663963876e-05,0.0008947794849328413
346,0.00041520121378513675,0.043865842780717604,0.9537793903432654,7.036685887067537e-05,0.0018691988033610236
347,0.00042982610932326535,0.042734432729588205,0.9550717976349726,4.97717477416895e-05,0.0017141717783742474
348,0.0004513736186886692,0.05064770141097763,0.9474167638365704,7.054885264904261e-05,0.0014136122811145109
349,0.00013681964253580835,0.02663661047507749,0.9722813328432585,1.7840695696421216e-05,0.0009273963434319397
350,0.0002441805944028856,0.04048356641564287,0.9553778493377749,3.8447177595820475e-05,0.003855956474583475
351,0.00028466979899649747,0.038435381119077724,0.9594147147225391,4.222085932058634e-05,0.0018230135000659809
352,0.0001695944781604531,0.015721345778850634,0.9815974813319573,1.7293484569655084e-05,0.002494284926462057
353,0.000327531082671117,0.030955933068238493,0.963206427109343,2.5128720968116138e-05,0.005484980018779192
354,0.00020425159131923944,0.045573711643102165,0.952480482300695,3.490945822900991e-05,0.0017066450066544844
355,0.00029076858286989694,0.020161985552652438,0.9734420956893379,2.9236895075241002e-05,0.006075913280064417
356,0.00020143586222447465,0.033057246727179905,0.9645123755317234,2.231879053425152e-05,0.0022066230883380352
357,0.00042811259409969037,0.04006572673163779,0.9559274970026088,4.746386527919197e-05,0.0035311998063745306
358,0.0002915177208462324,0.025545151406975976,0.969357634250855,3.430440720254126e-05,0.004771392214120305
359,0.00017553862613991684,0.02417524409878263,0.974514952285913,3.860145510210602e-05,0.0010956635340623664
360,0.0001806651443638402,0.020973624295557172,0.9760970516087712,2.516624286860404e-05,0.002723492708438957
361,0.00013019292622840423,0.015057793210398959,0.9840195177466052,2.2404911575556675e-05,0.0007700912051919896
362,0.00024118195593312916,0.01565754456554645,0.9824318067829225,4.384398650501483e-05,0.0016256227090929464
363,0.0002912450359677369,0.021227541942517258,0.9756980069726625,5.47336975006006e-05,0.0027284723513518894
364,0.00012056831787458514,0.0167740994891136,0.9820662808618768,3.202673876795228e-05,0.0010070245923670875
365,0.0002885217399420106,0.030994293910496556,0.9668896704316522,7.07866100271089e-05,0.0017567273078820662
366,0.00037887724862662006,0.03062523131204268,0.9677464597145016,6.297844330358425e-05,0.001186453281525546
367,0.0003255290402035906,0.035678860243377075,0.9624736824602668,8.932384225476428e-05,0.0014326044138979826
368,0.00012257859236719602,0.02126653455004701,0.9778517389395347,2.3852395021326198e-05,0.0007352955230298647
369,0.00019566549317720134,0.027948109900464403,0.9704993226952147,3.9168623250066473e-05,0.0013177332878937067
370,0.00014816970980870706,0.027396613239943735,0.9703071570500519,3.67143166323823e-05,0.002111345683563265
371,0.00034624887886809105,0.02949350180322333,0.9680490483564939,3.007698442708457e-05,0.002081123976987684
372,0.0007981201692100235,0.05591992333713508,0.9403647927194522,9.722888762824202e-05,0.0028199348865744238
373,0.00019182914725759002,0.024926200644844573,0.9731068790757329,2.4820947005879493e-05,0.0017502701851591445
