epoch,N1,N2,N3,R,W
0,0.020830813617326846,0.0002514792013642423,2.6648270681162746e-06,0.0015202020371548348,0.9773948403170859
1,0.019555099331532634,0.000354102098607293,3.4468546591635086e-06,0.001775929016392558,0.9783114226988083
2,0.015106008751749996,0.00021725805769514837,1.827541829048674e-06,0.0006671015006216202,0.9840078041481041
3,0.09939583601835005,0.0006635799976263847,5.2786406049135564e-06,0.0009451730348959858,0.8989901323085228
4,0.08147984893734375,0.0004997586478787826,4.7072275731501895e-06,0.0007866990727291264,0.9172289861144752
5,0.18827390738971508,0.001281428406182803,8.545882133386081e-06,0.0023089779094236456,0.808127140412545
6,0.11912894787498007,0.0013803302240143333,1.3775234383607584e-05,0.004123399004024502,0.8753535476625974
7,0.12829787848938315,0.0031049265590255932,1.3654541962454136e-05,0.007482313531761967,0.8611012268778669
8,0.2378760165182295,0.007075826961432446,2.274920965382698e-05,0.04030379659918274,0.7147216107115015
9,0.18643697149057784,0.020091919529300468,2.5240412226586913e-05,0.09041772838743072,0.7030281401804644
10,0.002340281360989658,0.0027151946695791527,6.643296332854319e-05,0.0018231615585978828,0.9930549294475047
11,0.0024591033535280677,0.0006526074657123135,6.021241626656588e-06,0.002772141083239254,0.9941101268558936
12,0.05287994490880358,0.0026896187197423876,8.80798404532521e-06,0.011233741111352766,0.9331878872760561
13,0.08022776320204948,0.0024573739791185116,7.62888048523929e-06,0.00448844633376834,0.9128187876045785
14,0.23743630747577854,0.008567178119270845,1.3110980165757243e-05,0.006206207866524921,0.7477771955582598
15,0.3739126908815275,0.03427790190645604,2.7941888080496805e-05,0.05213033888829596,0.5396511264356398
16,0.11420956702943942,0.03193859558121342,3.602901158506084e-05,0.05416963256636788,0.7996461758113942
17,0.07209122507943856,0.01186163102811496,4.002338548921872e-05,0.0747835860480124,0.8412235344589448
18,0.1562528264701437,0.09491146972981891,6.457928182538027e-05,0.06814817705694251,0.6806229474612694
19,0.060879273674936396,0.13141789321172648,9.165611195079845e-05,0.0365051285589079,0.7711060484424784
20,0.13212974009962264,0.044120318160503734,5.031798144273361e-05,0.13302964749372284,0.690669976264708
21,0.06471358683097941,0.8399437961079965,0.0017247055279400877,0.008612329625586975,0.0850055819074971
22,0.013076431252335248,0.015018292539275729,0.00031423097655297984,0.0017686483446810836,0.969822396887155
23,0.005455534020627436,0.0021168542289776793,0.00015098384001613512,0.0005533549482097508,0.991723272962169
24,0.09282952099790966,0.005716101813488836,2.5417312564387303e-05,0.005099019823208374,0.8963299400528287
25,0.5852317199556984,0.037083899084144,6.02661285427456e-05,0.012808387196593626,0.36481572763502124
26,0.22170115519995684,0.012092640595713048,4.673859395562828e-05,0.01093529940192441,0.75522416620845
27,0.6522371354083912,0.07437961661900715,5.770608739635793e-05,0.0965764292612728,0.17674911262393228
28,0.3462078197252292,0.41854684897305067,0.0001311952004509831,0.11992490335289331,0.1151892327483759
29,0.08626722389582815,0.8489179890272225,0.0010093769525006025,0.031097101449865938,0.03270830867458307
30,0.04488605329503656,0.8939880520307705,0.0006892932905324092,0.030549601309782674,0.02988700007387764
31,0.006594985274575195,0.006338035658855886,4.004877600226326e-05,0.010800068240195537,0.976226862050371
32,0.19252371573353697,0.13622059654185423,0.0002796887564749272,0.25153329338229496,0.4194427055858389
33,0.2859263510665249,0.07863385864055063,8.506215626635949e-05,0.19704344585648806,0.43831128228017
34,0.15096005301119447,0.007539098559472662,1.7814323122871534e-05,0.012121599409717122,0.8293614346964928
35,0.3009686131558352,0.00864360147050492,3.6083576215126266e-05,0.02486729411257254,0.6654844076848723
36,0.7410324671440025,0.026231964269239575,3.26980931377963e-05,0.021928673519490682,0.2107741969741295
37,0.7152654636776211,0.017643129616562118,1.893381139982098e-05,0.007610822856287658,0.25946165003812927
38,0.28618030889792767,0.6679314788868937,0.00015323179993785306,0.029438684116824817,0.01629629629841592
39,0.09280714122624423,0.8585235710004192,0.00018075861118704219,0.03387893073547618,0.0146095984266732
40,0.03797814506479437,0.9204659991119881,9.502631122420728e-05,0.027506005352522823,0.013954824159470467
41,0.042454689281199526,0.865826338981029,0.0003174283975356526,0.07945515899155316,0.011946384348682658
42,0.20382938897997102,0.5901981171026373,0.00017697305833204007,0.05736674766825698,0.14842877319080278
43,0.018928675753965927,0.9732237844706082,0.0007548247699856752,0.0009849416713781306,0.006107773334062086
44,0.047238571844353996,0.9205325494838161,0.00034060504756698595,0.007228287957371045,0.024659985666891746
45,0.1739600200672809,0.6920365741510012,0.006909280335298456,0.002934310624116287,0.1241598148223032
46,0.03562708616442567,0.8943400716143193,0.00029490793292814203,0.0011792164226631153,0.06855871786566388
47,0.05504952573613587,0.9196385017292392,0.0005136511079900894,0.00034301678985479656,0.024455304636779748
48,0.028457180729237645,0.9590541462286114,0.0014775420636514794,0.0004902994202602547,0.010520831558239236
49,0.01313454327549987,0.9750928714207209,0.0023193409892229362,0.00018520157471774948,0.009268042739838566
50,0.029734416096120236,0.9639531635559434,0.0013792189699752093,0.00016946253389805765,0.004763738844063109
51,0.007674033463801335,0.9781425827356964,0.009695338360397468,0.00013968958293648098,0.004348355857168301
52,0.004037127057766492,0.9765476328791713,0.014955097402149781,0.00016960218903711423,0.004290540471875404
53,0.004791719954185047,0.967188360624561,0.024850866974178307,0.00022210773235436322,0.002946944714721389
54,0.02056055062959689,0.9327065170589274,0.03343237611865209,0.0008123116076622972,0.012488244585161375
55,0.012718187496511374,0.8770195727350356,0.10199738514180924,0.0003826318651305379,0.007882222761513225
56,0.005374376193193508,0.6550532995741988,0.3314331713940298,0.00019619304133199015,0.007942959797245696
57,0.01738973140683634,0.81928794430007,0.1547231420564203,0.00021484657245900138,0.0083843356642144
58,0.0065983453712784475,0.7749388389506402,0.21087140640823174,0.00013902743701933105,0.007452381832830296
59,0.002963283840998537,0.6432191062014712,0.3487863700608481,0.00013949140156458228,0.004891748495117482
60,0.003614476986908172,0.8145654046967494,0.1766835589891822,0.0001862290923686946,0.004950330234791428
61,0.0008614985405637185,0.20089312376373358,0.7953259126942229,7.350193502943083e-05,0.002845963066450348
62,0.002152495949273807,0.7676915154624495,0.22533047971020442,0.00010187408759551612,0.004723634790476939
63,0.002362332300915244,0.7772521662861902,0.2102503472450348,0.00015523564509848734,0.009979918522761247
64,0.0006733823831046836,0.13557098442026655,0.8609271985888277,7.473726925225608e-05,0.002753697338548793
65,0.00031204113104385577,0.06318268443478275,0.9347874464686744,2.9976966860061186e-05,0.0016878509986391792
66,0.008225314156664153,0.8093468389522591,0.17598722448482737,0.00034412034185940966,0.00609650206438997
67,0.0010500942111318619,0.1508231847727659,0.8442266444272389,6.481145046947613e-05,0.003835265138393706
68,0.0016299210610590835,0.4412796171496542,0.5524059020952617,0.00011871847706357817,0.004565841216961266
69,0.004253022899798076,0.8084201118215945,0.1814111493169188,0.0001052298156070168,0.00581048614608162
70,0.0004963382491649656,0.06753942870031926,0.9304660752358341,4.724643669027909e-05,0.001450911377991292
71,0.0003069484620479151,0.09239115597122849,0.9053031534321679,3.7299359733436944e-05,0.0019614427748221347
72,0.0005192760300630267,0.11796450008091784,0.8792215049376529,5.4114472505504894e-05,0.002240604478860853
73,8.303930810255622e-05,0.02748484930187116,0.9717245164012199,9.92925719171995e-06,0.0006976657316145599
74,0.0006289735871983107,0.11556666200868758,0.8776928000878974,8.501524895610158e-05,0.006026549067260608
75,0.0003608555600719175,0.07154340036429287,0.926478321640224,3.0335420032622555e-05,0.0015870870153785741
76,0.0002291350363044417,0.03424792483208219,0.9638668581899771,1.718461522032274e-05,0.0016388973264161299
77,0.00036846065456541097,0.1249023034403763,0.8720345017236185,4.991543689352575e-05,0.0026448187445462924
78,0.00031857910843067973,0.07853273989117611,0.9192952869832144,6.068957378772304e-05,0.0017927044433910487
79,0.0008327754519860389,0.2874299565756899,0.7083132404353003,0.00011000969040642144,0.0033140178466173134
80,0.0004704045671195594,0.08313689773386206,0.9126491435117887,5.483456453246598e-05,0.0036887196226973477
81,0.0004981602656484699,0.12205150179339054,0.8749562138833546,0.0001097122824526904,0.0023844117751537224
82,0.0002166065815046084,0.06659873515776503,0.9320276568055532,8.344537467771686e-05,0.0010735560804993095
83,0.00021187425664220106,0.09358290483831729,0.9049066537460715,9.645490783723633e-05,0.001202112251131838
84,0.0006010592774423643,0.16634211743215238,0.8307786949335898,0.00017823306154181198,0.002099895295273618
85,0.00033309092121437304,0.057271905540433904,0.940960727989653,0.00011355210796238675,0.0013207234407364556
86,0.0007084532928808118,0.22957007728580098,0.7674134833642452,0.0002293077865590877,0.0020786782705140205
87,0.00018035686389014888,0.06437845850673517,0.9346140278966769,7.241537252626074e-05,0.0007547413601715374
88,0.0002613891897630463,0.07552549496806087,0.9231228203254305,6.290052397586168e-05,0.0010273949927696855
89,0.00036468228839480913,0.0770995817399585,0.920900593506489,0.0001166511564631367,0.0015184913086944774
90,0.00043500731150334477,0.09333706381912321,0.9047436284167344,0.00013668642525772035,0.0013476140273812982
91,0.0003342446821874824,0.09202331052155996,0.9061455140100465,0.00016852765249504903,0.0013284031337109693
92,0.00020796715349838442,0.055876549804076206,0.9430296218369569,0.00011063622719065701,0.0007752249782778352
93,0.00012079896609337181,0.03641546648815741,0.962754944907162,9.097554851687594e-05,0.0006178140900703101
94,0.00014643782733115662,0.031948129189397774,0.9672894077765406,5.583952624654338e-05,0.0005601856804838416
95,0.00037384491492131825,0.10884207181969574,0.889440327160921,0.00020158359156878614,0.0011421725128929977
96,0.00019829809604651798,0.029579894180745244,0.9694821439553891,7.46642194869717e-05,0.0006649995483320502
97,0.00021388392174223148,0.023763923274682613,0.9753148984122466,4.197107047297479e-05,0.0006653233208556216
98,0.00032687441570179764,0.04448962276441483,0.9539156684100397,7.943196041695833e-05,0.0011884024494268526
99,0.00023097748773460004,0.037523871578044904,0.9614301961173211,7.931442365491943e-05,0.0007356403932444618
100,0.00016408230405772948,0.03917045126357682,0.9600788327699199,4.054203398695069e-05,0.0005460916284587014
101,0.00018005133661057378,0.059714307954501285,0.939431162019526,3.8334125272063816e-05,0.0006361445640898648
102,0.0003293936941591798,0.039583313994994415,0.9590874148441038,3.73652566642063e-05,0.0009625122100784443
103,0.0003322089686329042,0.0827329608105196,0.9160771857594342,7.046702948656665e-05,0.000787177431926819
104,0.0001725823523844347,0.016643654940268388,0.9825300374144635,2.2266873448379074e-05,0.000631458419435469
105,0.00010427084391997499,0.027563842959571018,0.9718723121668172,2.4803461262950547e-05,0.00043477056842874875
106,0.00017696106600786893,0.10631533683277106,0.8928458659100934,5.647756082010764e-05,0.0006053586303076524
107,0.0003758196364003424,0.04715957982605403,0.9516754679444579,5.358133270731096e-05,0.0007355512603805079
108,3.432282587110199e-05,0.010063689820237153,0.9895805225082474,7.3417135483243534e-06,0.0003141231320963468
109,0.00012584423789494234,0.027466071007697674,0.9716858222244796,1.970517422414858e-05,0.0007025573557035923
110,7.300326771695758e-05,0.048295368198463196,0.9510901912200247,2.6200842071543957e-05,0.0005152364717235842
111,9.300792559979838e-05,0.01985607794558913,0.9795164391149406,2.0406620371841155e-05,0.0005140683934987086
112,0.0001182367585675299,0.0394110637298839,0.9598970810435095,1.8299591687845484e-05,0.0005553188763512816
113,4.357776683440714e-05,0.006684181791906112,0.9930154210921378,7.106860691921878e-06,0.0002497124884296488
114,8.340684103255516e-05,0.01871192041265528,0.980771507492939,8.204926936557567e-06,0.0004249603264366039
115,4.812293360533287e-05,0.022225741259069308,0.9774461213136466,8.295864604221074e-06,0.00027171862907435625
116,9.083748001943971e-05,0.03376863442754461,0.9657018341288085,1.3459508738642609e-05,0.0004252344548887666
117,3.9503698499621876e-05,0.010187238721841862,0.9895339235232755,3.885061214070015e-06,0.00023544899516901482
118,0.0001002887880859396,0.016799913390482226,0.9825118832812474,9.547301023644247e-06,0.0005783672391609384
119,4.4280439462690186e-05,0.014653161966443593,0.9850438144382688,6.237639531900575e-06,0.00025250551629316554
120,5.744458824582556e-05,0.01698890041069222,0.9826766073594217,9.799941142402093e-06,0.00026724770049795096
121,0.0001672511583040501,0.021990759367262424,0.9772887087425004,1.0285270038141735e-05,0.0005429954618948519
122,0.00036956868190954795,0.034849617911142425,0.9639892682085908,2.010781747100786e-05,0.0007714373808864535
123,0.000148110340722229,0.04390478884923708,0.9554147760824331,3.021911528885107e-05,0.0005021056123185702
124,0.00012254548356687377,0.012003590663111682,0.9873794736578942,8.459194813180871e-06,0.0004859310006141754
125,0.00015849743868649312,0.026657075734210636,0.9726087088250991,1.5491187313521096e-05,0.0005602268146902184
126,9.390280375968915e-05,0.020826405960327168,0.9787207052770073,1.24204898531456e-05,0.00034656546905287544
127,0.00011382376054893629,0.030747020746247695,0.9686928388051402,2.0518136325175096e-05,0.0004257985517379838
128,7.820117869348207e-05,0.01875774928119784,0.9808911586679236,1.9912786195297522e-05,0.00025297808599003644
129,0.0007126723825390723,0.05244392537716858,0.9421645494845244,0.0001242872372135876,0.004554565518554458
130,0.0006631308337320938,0.05792750599583918,0.9359732460214947,0.0003640748361431614,0.005072042312790852
131,0.0011363411744296208,0.09066321976802107,0.8988614629546663,0.0007469856113612217,0.008591990491521952
132,0.0010704169423996124,0.03418383704998154,0.9282390911805318,0.00013868751990308797,0.03636796730718383
133,0.0009975334036393508,0.03767193057156764,0.9184872367742196,0.00012429505749685728,0.042719004193076685
134,0.003809394650257438,0.08172121368593416,0.7039108376465858,0.0006575203759720197,0.20990103364125046
135,0.0006925035948489819,0.0006312826638474075,9.485648346761745e-06,0.00024917671113339077,0.9984175513818234
136,0.00303147109890711,0.005947589659597404,0.0003813331675995107,0.0019896313678745533,0.9886499747060215
137,0.0012314511021061332,0.0024374374238622207,0.00021801946265564151,0.0010231497277254785,0.9950899422836504
138,0.0012117365065939733,0.019533551355301146,0.0012446747076885164,0.0019990349210663575,0.9760110025093501
139,0.0019754116294367022,0.013708999515174625,0.0006052083099823537,0.00391023723483966,0.9798001433105666
140,0.0014650207015253762,0.003860944818248338,0.00017383023289685597,0.0011038708150121878,0.9933963334323171
141,0.0013824109898610023,0.0034704085952419047,0.00013292903607683661,0.001446342689077853,0.9935679086897423
142,0.001901181554339749,0.005520359270978089,0.00014046084219955152,0.0013843471464531363,0.9910536511860295
143,0.008059759578862511,0.0068984332694501755,0.0002783865934804411,0.0006100342957987376,0.984153386262408
144,0.009305862457381516,0.0027704444887492767,1.819499616234039e-05,0.00131722040758451,0.9865882776501224
145,0.0005696463184623452,5.5094710902672e-05,8.609788555143186e-07,0.0002642545810743692,0.9991101434107053
146,0.0007183557978143045,8.909071016027019e-05,8.564681190922327e-07,0.0011321202940014479,0.9980595767299049
147,0.0006670636961665959,0.00012510937523831556,8.037949833598376e-07,0.0004888359939453524,0.9987181871396664
148,0.006535075025241873,0.0002730605027085334,1.769732748549825e-06,0.0015230409212409885,0.99166705381806
149,0.007498524051463351,0.0006100773317039539,1.991516196142532e-06,0.0016358794856223137,0.9902535276150143
150,0.021480597914295903,0.009262056834377658,0.0021908665233620764,0.003173727899796896,0.9638927508281674
151,0.004712428469834873,0.0008062469642500617,5.213185191866116e-06,0.0013364951208925653,0.9931396162598305
152,0.09502152403592812,0.005222838672295537,5.119782500459523e-05,0.0069318531595816985,0.8927725863071901
153,0.008096665736845286,0.001570420595365271,7.327273775451793e-06,0.0017731890413183848,0.9885523973526956
154,0.05264176576481721,0.0025298851512579306,6.967137561947217e-06,0.007201461046172729,0.9376199209001903
155,0.1804577381431788,0.005689441567179782,6.330813209614083e-06,0.014710621532121314,0.7991358679443105
156,0.0459917158833601,0.00550099602505215,8.211364738141882e-06,0.006120433993072172,0.9423786427337775
157,0.033053252774649884,0.0017552072812953676,3.6365320058946864e-06,0.00626570785681714,0.9589221955552317
158,0.0877451217964273,0.004325033518959288,5.078007033397388e-06,0.011410964277185442,0.8965138024003946
159,0.1191883404328475,0.003934376525943061,5.195010915866946e-06,0.01486240691350028,0.8620096811167934
160,0.04858930257782387,0.0029308716072292368,9.894682444898925e-06,0.010138956672033156,0.9383309744604689
161,0.046251886896672624,0.006322457372848833,0.00010878366482594483,0.02698925893738192,0.9203276131282708
162,0.01695678291255568,0.0014694972316759377,4.907894483039452e-06,0.009630205158869712,0.9719386068024156
163,0.0709704393729816,0.003086335855255934,1.0966993135174028e-05,0.02070463363372623,0.9052276241449011
164,0.06288229399109949,0.002644929814419637,5.250219306275159e-06,0.01526202144801531,0.9192055045271593
165,0.012072463810472086,0.0008660541128286562,1.7714270143310379e-06,0.00343214199207472,0.9836275686576101
166,0.14184552156107613,0.0031830416882564693,1.3206145659168185e-05,0.011057488313974356,0.8439007422910338
167,0.047437439526804265,0.0018100679421243454,3.6065955299037817e-06,0.0061716849224106776,0.9445772010131309
168,0.10084645646319117,0.004201567523830765,4.263707105367659e-06,0.015662394095652905,0.8792853182102198
169,0.0308184289542096,0.0011201987375384498,5.4790824133039495e-06,0.006651590629061409,0.9614043025967772
170,0.055676034540116305,0.004899705705916514,1.9946901829417813e-05,0.02204630076353883,0.9173580120885989
171,0.018365593707297626,0.0013194515463423422,2.8447072698303884e-06,0.003788820035495257,0.9765232900035948
172,0.254046511604801,0.007543578892607679,1.9076109457738956e-05,0.016532525825806617,0.721858307567327
173,0.09005740370947413,0.0035240292728361683,1.2580326401411043e-05,0.010313309849398584,0.8960926768418898
174,0.022477649747192102,0.0011869338158229108,4.210169366919881e-06,0.007148596785640521,0.9691826094819777
175,0.007530518695364747,0.0013664548211412765,2.8626233883985363e-06,0.0027497014663449676,0.9883504623937606
176,0.01951840115004111,0.0007377860311072783,3.736917303304281e-06,0.0036868188332108806,0.9760532570683375
177,0.12432311517977415,0.004133427743533315,4.412745849138956e-06,0.007992825903060642,0.8635462184277828
178,0.05583574372819661,0.0016104388737552518,3.058851751761296e-06,0.006283545238814307,0.9362672133074821
179,0.0632645357472922,0.008532925933941959,2.2438923687097845e-05,0.035258036474044394,0.8929220629210344
180,0.012547168271123458,0.0034731116704803003,1.680862318261874e-05,0.011047795947473422,0.9729151154877402
181,0.03515555411442362,0.001735305096881498,4.7811654493023675e-06,0.013885666778551336,0.9492186928446942
182,0.07279705476479943,0.0034348535872180163,1.084935842578114e-05,0.026851326050426696,0.8969059162391301
183,0.33572373480143963,0.045348492805719426,5.651547268727617e-05,0.051299554422287896,0.5675717024978657
184,0.016379677949817994,0.002055234780342334,8.260451818325375e-06,0.009996386010559704,0.9715604408074615
185,0.02931400221010873,0.0065642237082789755,2.3649585135789336e-05,0.007060511517935724,0.9570376129785407
186,0.008187740328580823,0.0019010600718470827,1.1795100772343101e-05,0.003601714355618714,0.9862976901431809
187,0.18454336752207792,0.0068446048077566695,2.5361270044918352e-05,0.011621416274380089,0.7969652501257404
188,0.3150645469426543,0.01677533394176327,6.914973807974901e-05,0.17563919614471143,0.4924517732327912
189,0.012776187554631935,0.004282347987318851,0.000490355243706376,0.009268272524661865,0.9731828366896811
190,0.026365996105616636,0.002477655358242927,3.3270568593413745e-05,0.021684287256296626,0.9494387907112504
191,0.47568327168809166,0.029683398481050186,0.0001284074000785906,0.037543529111299365,0.4569613933194802
192,0.25440039895577893,0.011657848499055117,5.069300626093599e-05,0.011352201687091997,0.7225388578518132
193,0.38654076689027395,0.3857314822711046,0.00041899607736004956,0.15699913094273124,0.07030962381853016
194,0.558832312928046,0.1652469582292211,0.000243902879195966,0.16411965843381476,0.11155716752972214
195,0.1963251223051556,0.4409513089493079,0.00018625008580666684,0.3406641834629776,0.021873135196752276
196,0.015290194191349374,0.9337023115109789,0.003103553712753923,0.03887820541649799,0.009025735168419721
197,0.04960430200549929,0.7459769491200701,0.0006765794392262265,0.19136918098791933,0.012372988447284964
198,0.02244066827923353,0.8874764782042933,0.0011076476767654937,0.0769081551083652,0.012067050731342503
199,0.06801894162443792,0.5188055995744761,0.0006855394735927043,0.366125885270458,0.046364034057035305
200,0.0655644624578124,0.5663985495152067,0.00045991169393488126,0.3300705235499862,0.0375065527830598
201,0.13103729122189214,0.155575492125635,0.0002398461367100448,0.2260371623535749,0.487110208162188
202,0.04551275356902956,0.890315810612273,9.709768127632439e-05,0.05580835411901074,0.008265984018410362
203,0.10448589387215913,0.6681978197890039,0.0001178138579497055,0.2098087661576574,0.01738970632322979
204,0.05606190421952521,0.8456234568625961,0.0001372942582352387,0.08033477415675319,0.01784257050289032
205,0.09444249313264477,0.559441943927759,0.00015390507670067093,0.3240954937964603,0.02186616406643525
206,0.06474413968321796,0.7633030500327278,0.00014142762248642578,0.1544767832914114,0.017334599370156484
207,0.019877979123130773,0.9357120088399828,0.0005940312786968539,0.037739236960051104,0.006076743798138395
208,0.03800370541009615,0.8899586886697508,0.0002649636237248494,0.05902154545530778,0.012751096841120248
209,0.04575788820207752,0.8750515606043147,0.00038736589584870905,0.06343711866223457,0.015366066635524558
210,0.07367113197646531,0.6048714765720169,0.0054583029832414144,0.017849445545135227,0.2981496429231411
211,0.37408698662146234,0.305654023557653,0.0005764070884432427,0.05358052264899516,0.2661020600834461
212,0.17046198060359832,0.7426861669824464,0.0003881388753534766,0.04256017319077664,0.04390354034782527
213,0.03650762453952153,0.9380412439459944,0.0011771609189547088,0.004550627089789438,0.01972334350573981
214,0.08139387116106098,0.8534899203368195,0.0003568555584754512,0.03742780708482873,0.02733154585881549
215,0.06653178699656927,0.8663884347677203,0.0012328062263560768,0.033656680903514855,0.03219029110583946
216,0.06551137710561526,0.8740251787514239,0.0007976668609063342,0.03139985231082846,0.02826592497122587
217,0.0808657270966558,0.772879918763765,0.00029958901277598313,0.09912937798609026,0.04682538714071309
218,0.04541191705682588,0.7396013231917211,0.00036614682824531833,0.18889383485497738,0.025726778068230354
219,0.011895737265279914,0.9685439056159509,0.0006043980680390294,0.012410069290063488,0.006545889760666629
220,0.03138688225841255,0.9328969740271731,0.00012028386523411615,0.03030251469836693,0.0052933451508132
221,0.09135929864484045,0.8289154217357538,0.0004686285653805977,0.05114428997604467,0.02811236107798056
222,0.035638039410198746,0.9371661543526125,0.0006909863893892686,0.009327143865962919,0.01717767598183643
223,0.1106788336292828,0.07027066992090719,0.0006933942175528588,0.0058925480354963524,0.8124645541967607
224,0.06319799493619097,0.9115427970988387,0.00028086604193050296,0.0056843073864417054,0.0192940345365981
225,0.2905036844659894,0.6469229796819025,0.0004177728724651832,0.014294331521821657,0.04786123145782133
226,0.05338743701861413,0.9297170317041625,0.00033633449196108166,0.0036682738294871956,0.012890922955775345
227,0.05756348564331108,0.9272557107921516,0.0002191925649703031,0.008979476514509059,0.005982134485057716
228,0.004947167592340716,0.9861410827918803,0.0011063318751102415,0.0030687702091813005,0.0047366475314872146
229,0.0058514188240464445,0.98504007994548,0.0002830383693999164,0.005133528969786291,0.0036919338912874333
230,0.045629214002595626,0.9323723859411286,0.0012483357560814376,0.010393228045494576,0.010356836254699745
231,0.009320759005069451,0.9774438204269496,0.0007777462424603838,0.005532658060083059,0.006925016265437364
232,0.005402905036921012,0.9826535792037012,0.0004041578449871155,0.004680105725279948,0.00685925218911067
233,0.020030623788142417,0.948274615705803,0.0005218972811132633,0.008802085444206577,0.022370777780734593
234,0.0050503472402871254,0.983245203478533,0.0007544240199593171,0.0039354531567283866,0.00701457210449197
235,0.0032936714221785813,0.988828988093106,0.000543600230146365,0.0029955225193076915,0.004338217735261122
236,0.031908385672283684,0.9017780653697686,0.004377566104566938,0.006531445949817026,0.05540453690356379
237,0.05568854971763959,0.8889578918742447,0.0012567565773215206,0.01143676580549722,0.0426600360252969
238,0.14180249570319298,0.30014323130142295,0.0007773341014500504,0.006959387611471185,0.5503175512824628
239,0.19087180300258977,0.5055908104765857,0.0006990488266733557,0.004337396278780301,0.29850094141537087
240,0.07133242737337138,0.8905957033174249,0.0006595724996101866,0.0036538462318196313,0.03375845057777399
241,0.20820581937902538,0.7438392637096598,0.0005062469135463327,0.002958996580506467,0.04448967341726202
242,0.09753866569926765,0.870673443099556,0.0005523838536704528,0.007940476739192886,0.023295030608313096
243,0.018427035244181274,0.9656478622423322,0.0011932988487370567,0.0034636837465796704,0.011268119918169664
244,0.0721954824563703,0.8269385312032179,0.003128346816513174,0.0026584594596268107,0.09507918006427175
245,0.08729773489873523,0.9001687784672523,0.0009868827972854765,0.005387929078098365,0.00615867475862856
246,0.016164783832747734,0.9746479089386125,0.00044846654229227354,0.003993648068302806,0.004745192618044816
247,0.0035757027667798497,0.9924505671225637,0.0011739797196348156,0.0003888897364069571,0.0024108606546144043
248,0.0012731792196244783,0.9918475169495689,0.0034710512969239778,0.0008332021204297226,0.002575050413453111
249,0.0037932334457157465,0.9873435877668394,0.0006266851802122455,0.0015618425511332392,0.00667465105609958
250,0.027603665116592773,0.9542521470963499,0.0008510973588202948,0.005734178948606002,0.011558911479630885
251,0.0028614611471693852,0.9720800128959985,0.005905909563939614,0.002299261727867626,0.01685335466502473
252,0.006680763886447209,0.9823122957379774,0.001690886288995137,0.0012567479891222545,0.008059306097457943
253,0.07603301872143235,0.9045424609104412,0.0007994794066979077,0.007912265394500578,0.01071277556692812
254,0.049843724431910014,0.906263167832238,0.0021876923620704077,0.0052089577578271675,0.03649645761595417
255,0.03394063905781402,0.9481499313158719,0.0003798833095783267,0.004172148305153621,0.013357398011582195
256,0.13868236375300502,0.31216706489556023,0.004182018638821198,0.0038590392925048054,0.5411095134201087
257,0.14201905373777177,0.8349471384194992,0.0003981433369056558,0.0011265453841478197,0.0215091191216756
258,0.08347610243511472,0.8995083503858232,0.00021476259099434096,0.0007038737457758373,0.01609691084229198
259,0.06013203270202933,0.9279926767328066,0.0003698860282541535,0.00033517548687318934,0.01117022905003669
260,0.036424140581502076,0.9572216557467444,0.00019198563780900454,0.0008327393846037364,0.005329478649340911
261,0.007989387543269248,0.9889650094134752,0.0003314650088942691,0.0004666834872487913,0.0022474545471123175
262,0.005261701352707689,0.9849229907329963,0.0012714856361230673,0.0010780454555025085,0.007465776822670643
263,0.008881059927901086,0.9837655339451066,0.0005336694943217704,0.0007118207178301339,0.006107915914840263
264,0.0011485727847221358,0.9932137551754595,0.0005655409111040939,0.0012198049763449345,0.003852326152369449
265,0.0015805824236517882,0.99370012279856,0.0007774720519939824,0.0007114335274693163,0.0032303891983248506
266,0.00859889553542261,0.9723586732502568,0.0031687057152509674,0.000901636851661991,0.01497208864740785
267,0.004738635146754004,0.9874218700041782,0.0011460784951688875,0.0004762349179978205,0.006217181435901146
268,0.013100301168038534,0.9699444868367981,0.007114016013928004,0.0007172247322711143,0.009123971248964172
269,0.020828090406361528,0.9677042471703852,0.0029241223130561274,0.0013902893572171969,0.007153250752979951
270,0.005652651103187028,0.9796171437692198,0.008250605378977894,0.0004819032419969611,0.00599769650661844
271,0.008652639493650218,0.9743591196762169,0.009411748574441351,0.0010643974453939796,0.006512094810297613
272,0.004011510798389138,0.949207665397399,0.04046164420769943,0.0005993647882062306,0.005719814808306277
273,0.009180034049456314,0.9503532768439016,0.028101070224637443,0.0010793880425114509,0.011286230839493195
274,0.010524680972675634,0.8916918936786944,0.08426413669722814,0.0021023994683988965,0.011416889183002875
275,0.01094649156485573,0.975995992178243,0.0010401785801907875,0.0017308863156459788,0.010286451361064607
276,0.005108824798578652,0.9771629397420452,0.0007382165005476827,0.0017665384111120413,0.015223480547716392
277,0.006855476209486726,0.9798506188676641,0.000725100460793683,0.0017659565029363763,0.010802847959119037
278,0.004371275617403007,0.9852182256068517,0.0032837880706086584,0.0006243431359086599,0.006502367569227935
279,0.011656069521342419,0.9793962934612941,0.0005841458505927473,0.0012481106840491103,0.007115380482721604
280,0.09032676075534131,0.7490205890046102,0.013779987593184252,0.002085465120719893,0.14478719752614416
281,0.1727320977618593,0.7992604368636039,0.00028994782711538,0.0008648716683332518,0.026852645879088106
282,0.04707586126796935,0.945130565495997,0.00042244474782107135,0.0002836643833114526,0.007087464104901147
283,0.11974236817791296,0.8536285363379601,0.00030907530089784057,0.0005142760071742361,0.025805744176054822
284,0.05369691995885722,0.9388048852450963,0.0007968372192901002,0.0005996537501346091,0.0061017038266219315
285,0.013084702563473619,0.9827251534817784,0.0010398131215994956,0.00023634038700643276,0.002913990446142258
286,0.004663146473462719,0.879527435349487,0.10829607550935848,0.00035422895842292994,0.007159113709269086
287,0.03234133803054906,0.9407369927555755,0.003837828556059947,0.0010885864226422794,0.02199525423517324
288,0.002232660595360036,0.7800977002236421,0.21142818828544732,0.00038752370069937626,0.0058539271948512715
289,0.0064877107180264255,0.9715735914317463,0.0072970476801068355,0.0009487487621023529,0.01369290140801836
290,0.007939965916249207,0.8300550433209922,0.15064390591542148,0.0013263917886662622,0.01003469305867086
291,0.01681844091852783,0.9605344592616685,0.016031600980172866,0.0011262922013003862,0.005489206638330598
292,0.01003919693321601,0.7242520404281313,0.25737568200498917,0.001893343662560172,0.006439736971103289
293,0.007454244353350335,0.9842756644055922,0.0036346547538474183,0.0012959688615989578,0.0033394676256112144
294,0.0034011063306565547,0.35062561122224256,0.6398598044957778,0.0009198753266415595,0.005193602624681491
295,0.004242616977186568,0.9178153558661539,0.07285592577974405,0.0008595542491810448,0.004226547127734551
296,0.005983923130048609,0.700112266547364,0.28864820816130715,0.0014553501497820195,0.0038002520114982273
297,0.015770522154434405,0.931165842359379,0.04512202505273762,0.002720512359100683,0.00522109807434805
298,0.02189101382005912,0.905304138588036,0.06570277613083376,0.002266126174682642,0.0048359452863884775
299,0.004238996387282127,0.9283188350810064,0.0638249885621416,0.0005809947286284546,0.003036185240941264
300,0.006649925747981549,0.7589308680149036,0.22994557169135046,0.0007010495227621923,0.003772585023002075
301,0.003764711131363123,0.8806018376352289,0.10119813522394822,0.000455786004242016,0.013979530005217726
302,0.0021624719095805055,0.532396599375433,0.46232986849453683,0.0005605564168671437,0.002550503803582442
303,0.0023769004300405435,0.7617814585127995,0.230216503435075,0.0005013107060468936,0.005123826916038157
304,0.0006511839862591555,0.3161796823950326,0.6814666388984976,0.0002567392211862622,0.0014457554990244907
305,0.000767578145316604,0.2114043062275194,0.7851592468701606,0.00026983160676542604,0.002399037150237894
306,0.0009833388296695467,0.32778568153515897,0.669818365672475,0.00033402218524537173,0.0010785917774512304
307,0.001077770970148483,0.19344454958770166,0.8026063459387447,0.000397850279133801,0.0024734832242713912
308,0.0005221238353533304,0.1243302359198313,0.8733033910824436,0.0002893358367338137,0.0015549133256377746
309,0.0038362978355500734,0.3227814783391315,0.6657723800559312,0.0024757526825090067,0.005134091086878304
310,0.003418446627280397,0.21727285648036726,0.7689918840301148,0.005183076488525164,0.005133736373712282
311,0.006709367165806146,0.6087358569836633,0.3655570706140256,0.010107098152511498,0.008890607083993562
312,0.01204440654371142,0.4143306600809001,0.5348640071435516,0.015274316549181507,0.023486609682655295
313,0.005218321723168505,0.012829499302842435,0.0017953041729516517,0.0019620620670310414,0.9781948127340063
314,0.07872240221232625,0.043198721797494684,0.0003675736736202206,0.02097823350422961,0.8567330688123292
315,0.05173556616336442,0.035885614133581656,0.00011086372972819573,0.008954712496396226,0.9033132434769294
316,0.19282216019968862,0.0736894030820504,0.00026984150686110413,0.011433782582389996,0.7217848126290098
317,0.2884902773585135,0.2361927544087545,0.0004419973039448569,0.033858971063798135,0.44101599986498907
318,0.19294237442390416,0.28495652360154733,0.0005829529589403041,0.03253110800651022,0.48898704100909796
319,0.39274052154672534,0.4056554078109966,0.0002537207950541249,0.10123489125001814,0.10011545859720557
320,0.3167881370057378,0.44957924866851595,0.0001441601368898095,0.17510849889760838,0.05837995529124788
321,0.0926362040018544,0.8373786280950322,0.00014013902820146672,0.0611207318025448,0.008724297072367292
322,0.1383428684960145,0.7710592415240746,0.0002291849643012075,0.07811147483017995,0.01225723018542966
323,0.01826218215615744,0.9629879313475735,0.000236796310176272,0.015619931248140076,0.0028931589379526967
324,0.011585841281447077,0.9777210219080118,0.0015247034936531573,0.006970870303924644,0.002197563012963288
325,0.012021698226826156,0.9779647445237009,0.00010374238271723624,0.007764766960662272,0.002145047906093665
326,0.005840313570320086,0.9895135630822568,0.00038259450845118647,0.001846118021779021,0.0024174108171929752
327,0.09906691873188596,0.8628850634225851,0.0003595346679419004,0.028097125849789496,0.009591357327797485
328,0.0013331904551916358,0.9945582243296649,0.0019435956069676003,0.0008016773617619519,0.0013633122464140723
329,0.030076410556679575,0.9602498111683846,0.0016375495064140271,0.002998242587496709,0.0050379861810248595
330,0.02093254903092867,0.9738413951261515,0.0007014733561284468,0.0022104472761463483,0.002314135210644931
331,0.005963655464262931,0.9902112678035717,0.00024763034296616327,0.001531966158328326,0.002045480230870894
332,0.006905797782410864,0.9875454870679731,0.00035802558968737986,0.001790922471929361,0.0033997670879995106
333,0.0013071745357091744,0.9948932295496687,0.0004789803335523646,0.0009879494252031504,0.0023326661558662988
334,0.008734014732750763,0.9823200059952958,0.0017638028903893769,0.0023064436009696478,0.004875732780594541
335,0.11152199527812744,0.8408805377096072,0.0010483491729295052,0.006248631086746047,0.04030048675258968
336,0.012369337612433813,0.983833812304206,0.00041783602372113057,0.0013841617145515118,0.0019948523450873568
337,0.018686585919671643,0.953598575617286,0.003374593207687413,0.0017129175465926093,0.022627327708762347
338,0.4402974394427596,0.4612173806568897,0.001130246302942227,0.03182468518678412,0.06553024841062444
339,0.030966136590687303,0.9572354407777951,0.001825525890123296,0.001698882561574804,0.008274014179819383
340,0.020257444376758246,0.9675097134757026,0.0013948682203983247,0.001513605286234567,0.009324368640906116
341,0.017592691016346505,0.9580330950467428,0.008504767383199432,0.0009658329304248858,0.01490361362328634
342,0.1547145757025379,0.32574462835332935,0.0012056150887035085,0.0028891124149815557,0.5154460684404476
343,0.07862521472298713,0.8308048623476163,0.0029676759936367184,0.0011750857832695987,0.08642716115249037
344,0.04533747561009713,0.9465163795444678,0.00024761329487246633,0.0007179468733313917,0.007180584677231467
345,0.017263062758153376,0.975621201064674,0.0009965783494863723,0.0008101381327904639,0.005309019694895789
346,0.0670366644799422,0.9103658735398497,0.0006597886066826769,0.011606020955122006,0.010331652418403493
347,0.014763453552918181,0.9693271324647715,0.0007047411949544426,0.005988724939452357,0.009215947847903368
348,0.046574187113534365,0.9327867237678198,0.0005448141038944975,0.015162404376304667,0.004931870638446499
349,0.03107900255736838,0.9460412217391563,0.0013122869526032675,0.016089930565738677,0.005477558185133294
350,0.04153377623821524,0.9077063079522725,0.003196844184200294,0.041295442853034256,0.006267628772277864
351,0.10407081461566532,0.5911348136311935,0.0012546049983671915,0.29049729388541967,0.013042472869354284
352,0.11989787503048917,0.5319295643668581,0.003479814066446232,0.3067037162871629,0.03798903024904359
353,0.04009427979288898,0.16089752732669427,0.0005230880029414246,0.7859468871459573,0.012538217731517936
354,0.033508077289300775,0.3167733001107729,0.0021896758809528093,0.5828052003681193,0.0647237463508541
355,0.029500964719767403,0.05470046000075283,0.00013616334458776267,0.9080854957300568,0.00757691620483521
356,0.032976396882022196,0.10631951696046993,4.450887884048899e-05,0.8400643611315864,0.020595216147081014
357,0.016762095428297916,0.0857308169176197,7.739884408428248e-05,0.8922417846536493,0.005187904156348744
358,0.007321352768892552,0.023941000450812783,3.453454325243777e-05,0.966755026022626,0.001948086214416115
359,0.004244933901869909,0.0048729057929499065,1.4559153206695476e-05,0.9890446663117951,0.0018229348401785123
360,0.002473260529044983,0.002424556273370815,1.0102278730738115e-05,0.9938134667884543,0.0012786141303992359
361,0.005141696629472384,0.0033730752998121956,7.25272383349129e-05,0.9895970858983343,0.001815614934046137
362,0.006947426477481716,0.0018751394519491464,8.783027191686552e-05,0.9891720704159862,0.0019175333826658952
363,0.0034808062927910066,0.0019246772385974832,7.841208681470601e-05,0.9936797577918777,0.0008363465899190883
364,0.003973583707759348,0.0026942218470341543,0.00010897926169610228,0.9911879576447735,0.002035257538736804
365,0.001762344409784526,0.0025977623728878504,7.202077112414284e-05,0.9917406290197787,0.003827243426424891
366,0.003229280143726554,0.0018857364536980846,7.384629963490833e-05,0.9917471507758012,0.0030639863271393255
367,0.003411127068021442,0.004265011577995853,0.00015060979103578753,0.9857641766424463,0.006409074920500626
368,0.004649442904532479,0.0038111198606360667,2.557684041326905e-05,0.9888127118777106,0.002701148516707442
369,0.003381423493318258,0.0031328192949746005,1.9582389787143294e-05,0.9834656016633168,0.010000573158603318
370,0.0029955450469991564,0.002613926281354136,4.3789798155294716e-05,0.9892560520541801,0.005090686819311371
371,0.004468892217138079,0.0016478709081048997,1.574774746833532e-05,0.990161872127179,0.0037056170001096385
