epoch,N1,N2,N3,R,W
0,0.0063623557497945625,0.0007689285647061592,3.7522298241072895e-06,0.0001742485097972122,0.9926907149458779
1,0.03334320613055428,0.00383253940592069,2.5671028417734575e-05,0.0004848297566699604,0.9623137536784373
2,0.04768646530118762,0.0079354544931454,3.9889599308710464e-05,0.0015336880273814836,0.9428045025789769
3,0.08084105446730554,0.008903555112323897,5.686709061676241e-05,0.0008680448127882033,0.9093304785169657
4,0.03522853771126039,0.008680304498035047,2.8974127889603056e-05,0.0012341274492442707,0.9548280562135707
5,0.1577069678116837,0.5314229844051723,0.0007408955525219469,0.004605388392567741,0.3055237638380543
6,0.17796505761298007,0.4775486426543167,0.0003676797755673517,0.030846186207786314,0.31327243374934943
7,0.1816592620191895,0.4240587679082411,0.00029599062709792555,0.06470548874140404,0.3292804907040674
8,0.11777910783365436,0.19840892380171998,0.0003518730643430707,0.08969466204637254,0.59376543325391
9,0.08672997303839823,0.10955285711534647,0.00012244917174939588,0.07294856426363254,0.7306461564108734
10,0.1410399717127166,0.3056464975245902,0.0004481757088503514,0.07589466245972185,0.47697069259412084
11,0.1449806190294897,0.3553793972538696,0.0003111316269223049,0.02690546771909439,0.47242338437062403
12,0.17732800149538444,0.5165617652981515,0.00046839074526756555,0.08465068588004643,0.22099115658115015
13,0.16786315721625125,0.32106311392701664,0.0005870430104181316,0.05074517004430083,0.45974151580201317
14,0.017784009671927014,0.016641821730271646,4.797323450139173e-05,0.0038395505597632338,0.9616866448035367
15,0.01626708385220117,0.013297078651432016,9.922035583345621e-05,0.002007145113786613,0.9683294720267468
16,0.001290094392183274,0.0024574382434608614,0.00010797753828950809,0.00013007195080590677,0.9960144178752605
17,0.001471414292843838,0.0017871521488163492,1.4729229554045952e-05,7.015160875160242e-05,0.9966565527200342
18,0.0007754176527825454,0.0002730018350030252,1.2216954146243095e-05,1.1080930039651103e-05,0.9989282826280286
19,0.00020917952268989862,5.536103446344076e-05,1.1309484170845962e-06,4.517595176158388e-06,0.9997298108992534
20,0.00017334540155798854,5.01274499515961e-05,1.2481562223732955e-05,1.1340567022474096e-05,0.9997527050192442
21,0.00037284855595357604,4.537148823243092e-05,9.599597557915994e-07,1.584805638715791e-05,0.999564971939671
22,0.0009295008472190994,3.5339175464930144e-05,1.3006271561734407e-06,1.2214447859212342e-05,0.9990216449023006
23,0.00023308966534709983,0.00013466522476803146,8.48195922560823e-06,1.9692041653486918e-05,0.9996040711090058
24,0.00042411719127258165,9.679030177284376e-05,4.392142870115647e-07,2.355003752623715e-05,0.9994551032551413
25,0.0008394876441532617,0.00018049445438530814,4.979136980168292e-07,5.793929929144279e-05,0.998921580688472
26,0.00021719183707791004,4.303641276704326e-05,8.214953772977004e-06,1.8078420901054822e-05,0.999713478375481
27,0.0007111280571619088,5.273005072400169e-05,7.65658998257167e-07,1.9031373124495657e-05,0.9992163448599913
28,0.0008605969126966815,4.8090418637383936e-05,8.595932487394231e-07,3.616389245517677e-05,0.999054289182962
29,0.0002425084540937102,2.5633452152407753e-05,3.4143091830292487e-07,1.2044338800118594e-05,0.9997194723240355
30,0.0011468528766810941,0.00012001489365471198,3.229098213183127e-06,1.1188268902731357e-05,0.9987187148625484
31,0.003423218775437005,0.0008164210005104384,0.00010195273214880496,3.169801306126335e-05,0.9956267094788424
32,0.0029923440064169356,0.0002698137757254216,5.776689813018194e-06,1.526766139181238e-05,0.9967167978666527
33,0.002100959413122216,0.0012092864408879526,4.625188534283233e-05,4.218324970302344e-05,0.996601319010944
34,0.002024622173970382,0.000719840665270379,2.1285105296270306e-05,2.812145814442715e-05,0.9972061305973184
35,0.004112360042029748,0.0033520436644929046,0.002393616621054542,6.584132457772592e-05,0.9900761383478451
36,0.00173847306157923,0.0029107526558927446,0.00033860883672075454,4.5028482822941895e-05,0.9949671369629843
37,0.0008366451954204571,0.0003330300691412435,2.7281959907721337e-06,0.000192249732600792,0.9986353468068466
38,0.0011422103975955204,0.00035057829063609184,4.340255978769285e-06,0.00024178480836472695,0.998261086247425
39,0.004379074860291742,0.0009276548232454735,1.1359577562872827e-05,0.0001480687523946907,0.9945338419865053
40,0.0031657398848230433,0.0009492764421430523,6.932406091374872e-06,0.00013602400365986383,0.9957420272632826
41,0.005598384888667748,0.0006922192055739475,1.3048189293573037e-05,0.0001255536391421872,0.9935707940773225
42,0.007091974625457253,0.0010484614571712916,2.1929542010241745e-05,0.0001826904473947869,0.9916549439279665
43,0.003445496983338188,0.0007579358893411436,9.152203704503249e-06,4.73277441283246e-05,0.9957400871794878
44,0.018941824730635368,0.0015841625972083718,2.250204760496251e-05,0.00031674926644582684,0.9791347613581054
45,0.03346545830562753,0.002799967515685715,6.0800049407240717e-05,0.0003647750925200864,0.9633089990367595
46,0.044129287351232754,0.0037379302712694205,3.951596209613876e-05,0.0008317791867361677,0.9512614872286654
47,0.03910728552785098,0.009339343245028652,2.3033882031979824e-05,0.0016961179554194656,0.9498342193896688
48,0.03680688253584099,0.010377624220654429,2.1043787154120346e-05,0.0007737793960581182,0.9520206700602922
49,0.024997394263724212,0.0173559149268612,0.00013601901129817477,0.0013433248891466896,0.9561673469089697
50,0.0009068218475237476,0.002334933217613964,1.9532598190152254e-05,5.607770712367801e-05,0.9966826346295484
51,0.0019149251220626348,0.000436854498787472,4.736726846764357e-06,7.588517687267786e-05,0.9975675984754305
52,0.0005923855048786278,0.00021092419571818512,4.24447204403062e-06,1.6688007001365667e-05,0.9991757578203577
53,0.0014589481591770976,0.0003844098661766136,1.0541258776180502e-05,4.1240301631804005e-05,0.9981048604142383
54,0.002330009190825935,0.0006117141457242293,2.460660180783534e-06,4.60060925664226e-05,0.9970098099107025
55,0.0022922239056917967,0.0005051736551274219,6.9154833898276485e-06,2.1025919350568058e-05,0.9971746610364404
56,0.00412522106928673,0.001087294684278189,1.4775350880925472e-05,4.215857222224472e-05,0.9947305503233318
57,0.02143930523362127,0.0019952206889239242,1.5933233292607713e-05,0.0002513859225063732,0.9762981549216558
58,0.026910295381246074,0.0018143173284141767,9.69370074548909e-06,0.0002687670492700271,0.9709969265403243
59,0.05035317147173846,0.006038381223370278,2.706829912874583e-05,0.0007673243341882451,0.9428140546715743
60,0.03348941635055131,0.008473372458407152,4.8942681137714794e-05,0.0012290678448455851,0.9567592006650583
61,0.03717036182999683,0.02293847577099133,5.500602937436277e-05,0.0023471640035261417,0.9374889923661114
62,0.0014186867302106042,0.003015493249886138,1.9882736167367487e-05,0.00021517021446848143,0.9953307670692675
63,0.0006610324022145969,0.0015527480651805591,0.00015248883706332465,9.06256774179486e-05,0.9975431050181236
64,0.00046654951724629904,0.0003450381646143786,3.6151634095081976e-06,6.268007276168644e-05,0.9991221170819682
65,0.0007888583657274326,0.0004510616616264611,2.4179189636000635e-05,5.6538036758557386e-05,0.9986793627462516
66,0.0009826195606719057,0.00011245410503685686,7.756828832411195e-06,3.371471334984914e-05,0.9988634547921089
67,0.0012360091022894316,0.0004723302576315627,1.5561384738718088e-06,7.397352692671329e-05,0.9982161309746783
68,0.0015860185274363984,0.0005068139144725329,8.40579580891637e-06,4.627603231884249e-05,0.9978524857299632
69,0.0003516471191657284,0.00043053283010296577,0.0001009093690872907,3.885180644658695e-05,0.9990780588751974
70,0.0029420877753736532,0.0006064554098191175,3.527627234948904e-05,0.00013898841750605153,0.9962771921249517
71,0.002788565601787114,0.00036417169756936327,9.704412625153479e-06,0.00015413395175985757,0.9966834243362585
72,0.0017794858103324677,0.0002260557115052838,1.1071316317991814e-05,5.0819848350256095e-05,0.9979325673134939
73,0.0022794906241743063,0.0006333510653578216,8.472988858203984e-06,4.2887539418230425e-05,0.9970357977821914
74,0.004107213595629623,0.0006468360932786556,5.788681434197787e-06,0.00020561566197525882,0.9950345459676823
75,0.0015601413210872676,0.0004928250717179363,2.9387128786215496e-06,4.1288740274622873e-05,0.9979028061540416
76,0.0021064072331515083,0.00062135612579188,2.9382502087830887e-05,4.002704377430228e-05,0.9972028270951945
77,0.002485471381906845,0.0003011459872839625,1.6872566427311732e-05,6.390005752002606e-05,0.9971326100068619
78,0.00230319258276217,0.0007134767619156182,4.010692952174162e-05,8.501501219090199e-05,0.9968582087136096
79,0.0010267194458125108,0.00027470701123088825,4.832306325488089e-06,1.800290137580004e-05,0.9986757383352552
80,0.0011121187841710868,0.00018090716717875606,1.687510326435857e-05,2.8579130170366997e-05,0.9986615198152154
81,0.0018527624674861776,0.0003741862677542954,8.213035202773331e-06,3.185880420121545e-05,0.9977329794253557
82,0.003585340139049892,0.001900645239161851,3.5128806240871414e-05,0.0001648640734661416,0.9943140217420812
83,0.0007265906637729028,0.000410517021319568,4.648706207476878e-06,3.9655323638888196e-05,0.9988185882850612
84,0.009228197101954685,0.0009908850288260298,9.53480100243129e-06,0.0002709202773285599,0.9895004627908883
85,0.02180417157920491,0.002298593112578361,1.4210126636173901e-05,0.00046819597934952647,0.975414829202231
86,0.1193204716699927,0.009269275061670358,3.5291810949565995e-05,0.002845123636331801,0.8685298378210555
87,0.12179022422468538,0.014355856887527075,6.961550761191175e-05,0.009771239717893997,0.8540130636622817
88,0.12621824507220408,0.022748338763558442,5.2852828664786205e-05,0.01623256720898208,0.8347479961265907
89,0.3285366913245064,0.1765932191449109,0.000156621806023113,0.04816619113347632,0.4465472765910834
90,0.14105266903588207,0.16564712810406504,0.0001800092243746313,0.08748533293074968,0.6056348607049287
91,0.23800305119419385,0.38317290638898927,0.0003112391246668242,0.04839464679590412,0.3301181564962459
92,0.17433926036900377,0.06046038449441979,0.000211642628159122,0.057017394576894184,0.7079713179315232
93,0.14291185827989034,0.5636042856735534,0.0004956590454364295,0.03279547958951234,0.26019271741160754
94,0.21077347498721435,0.16237655522504332,0.0006846485053481158,0.025375762134012957,0.6007895591483812
95,0.002792722282961194,0.005798228927267652,0.00017054558255462344,0.00016994106057698077,0.9910685621466396
96,0.008476535789433158,0.00510757250161105,0.0003017557522421003,0.0004312504996351055,0.9856828854570785
97,0.007624217750820404,0.0048643557570488775,0.0011377759853247646,0.00035387167277279853,0.9860197788340332
98,0.002290646289991483,0.0004584171635856844,1.2906013926964638e-05,8.682159309402418e-05,0.9971512089394019
99,0.009131214920591237,0.0034902121569756243,0.00010625186014648653,0.0002740644458213742,0.9869982566164652
100,0.005484434294675125,0.006315786028785343,0.0011892544404337362,0.0005829952550402145,0.9864275299810655
101,0.016482193071554622,0.0037593462850258152,9.527718547421809e-05,0.0007453836615440957,0.9789177997964011
102,0.0044164186498694856,0.00183679851890267,0.0001325571707058163,0.0002951396698252623,0.9933190859906967
103,0.0024980293014748764,0.0005255865029112544,2.146202164751731e-05,0.0001939480905805207,0.9967609740833857
104,0.0053800479086871045,0.0009410565476084466,1.04619225578447e-05,0.000294453590669717,0.9933739800304768
105,0.0075245507163768785,0.0008668300325992618,1.0057553837361613e-05,0.0002637807667664153,0.9913347809304202
106,0.011833738894159965,0.0031853326465964373,5.985298708292198e-05,0.00038215590922691903,0.9845389195629337
107,0.007492019908729826,0.004385082228699659,0.0001317447333601225,0.0011654897893348473,0.9868256633398754
108,0.0032708225094170477,0.0026860629063267176,6.942388093155369e-05,0.0010949129497381355,0.9928787777535867
109,0.008758033059896716,0.005113745626898835,2.1884975066755263e-05,0.0021674006971056136,0.9839389356410322
110,0.0024411439121598114,0.0011419705746834932,2.553828521550924e-06,0.0012239120896072873,0.995190419595028
111,0.029232946779747228,0.005888009202029607,3.6268824860515604e-05,0.0030687377707174436,0.9617740374226451
112,0.026892638640432828,0.004268967510452105,2.508648319779375e-05,0.001785432709021506,0.9670278746568958
113,0.012310388300127059,0.0028417732074419934,7.264926766746445e-06,0.0026599143492826555,0.9821806592163814
114,0.1677043761406091,0.027575382307828727,9.622666727270753e-05,0.010150886003067459,0.794473128881222
115,0.32035614598550927,0.086372873010741,0.00012272873633860102,0.015170949770728024,0.5779773024966831
116,0.36577959197246607,0.2307119864149137,0.00023538344574275532,0.04167678608423514,0.3615962520826423
117,0.26608226477530855,0.39764266319647995,0.00030446310413961315,0.03860933313118241,0.29736127579288935
118,0.05872552647709108,0.05108901992151256,0.00016508218521436212,0.022686702172722957,0.8673336692434591
119,0.14650474891585577,0.14468638537884307,0.00021703466379246997,0.019918550795788543,0.68867328024572
120,0.0665875610568254,0.05543048729840392,0.00021517541845835216,0.010542365522256613,0.8672244107040558
121,0.01541859578634056,0.026716033766568396,0.00044763054057428615,0.0017128239143098694,0.9557049159922069
122,0.0031537041086445736,0.004745953586464216,0.0004156615651846299,0.0003223499284154261,0.9913623308112912
123,0.0012709242155466045,0.003123385242413159,0.00012319224381299713,9.67845897664488e-05,0.9953857137084607
124,0.0026259496154197185,0.0011741743441174071,2.9962950298515218e-05,0.00010242530549969424,0.9960674877846648
125,0.0008907653846538098,0.0011700425676966844,0.00025710278376719567,0.0001373677647051829,0.9975447214991773
126,0.0005487800645041217,0.0002979819261284037,1.1686691469920482e-05,0.00013572673316579188,0.9990058245847319
127,0.00031901353244668683,0.000384568348858077,8.989158521509494e-06,6.916790762894016e-05,0.9992182610525447
128,0.00011486660412969842,9.730035050879745e-05,2.319581931195093e-05,3.004595067733129e-05,0.9997345912753721
129,0.0006595978296439225,0.0002094549072318398,6.144352201844249e-06,0.00016637551911677365,0.9989584273918057
130,0.0008999419770741402,0.00018845028542396037,1.755767140781492e-05,0.0002882497415758859,0.9986058003245182
131,0.00027697409411542594,0.00032520218827954204,9.322788382464484e-05,0.00011730334242379937,0.9991872924913565
132,0.0009240055720744438,0.0005659005284181744,1.5122469808920044e-05,0.00017923876009874292,0.9983157326695997
133,0.0007737169732505703,0.0006338289839735143,1.262158243128874e-05,0.0001886549716318815,0.9983911774887126
134,0.0013973191936587537,0.0006644980875040327,1.7372753851591356e-05,0.00019206028428014597,0.9977287496807055
135,0.0033609875737882515,0.0006812938793862044,1.3598672809660206e-05,0.0002614697440463385,0.9956826501299695
136,0.02226592901928064,0.001461428246705401,4.7822813210057775e-05,0.000534896243378523,0.9756899236774254
137,0.06592257572886773,0.011635508270543916,0.0001855318515139258,0.002300853431309341,0.919955530717765
138,0.028284576024008433,0.006235945206882272,0.00028776220378053726,0.0023826090913907296,0.962809107473938
139,0.0369717102456274,0.035723126505090644,0.0004975561967567928,0.00467900717808117,0.9221285998744441
140,0.009510178990798347,0.015102768033745707,0.0013836807145051302,0.0018518128173052083,0.9721515594436457
141,0.01335492388019396,0.010978767224215482,0.0021900660156452863,0.0036242188704617645,0.9698520240094836
142,0.1423285220533138,0.07411477232651295,0.0010426516804425486,0.025904461064597147,0.7566095928751335
143,0.12377695166443389,0.0946259912349135,0.00649151921292972,0.029554430714953825,0.7455511071727691
144,0.0341984345816208,0.04662680077116023,0.0037041728969711284,0.009045868070076082,0.9064247236801718
145,0.1664144181206983,0.17935167863994841,0.0023067666157296084,0.011993288297404342,0.6399338483262194
146,0.13319564465171185,0.25713901816998697,0.0026933686201265935,0.005529277465730395,0.6014426910924441
147,0.07231422989907337,0.44236137380980994,0.004861495431207525,0.0022856181844931427,0.47817728267541604
148,0.08170225382635504,0.3003227575803337,0.0017138950569504572,0.012966678432561975,0.6032944151037988
149,0.08806142862779812,0.11027435338434328,0.001492054566614077,0.005177797843863333,0.7949943655773811
150,0.1318673027204212,0.22958226013017194,0.0010149573457733868,0.013812418844944111,0.6237230609586893
151,0.008075665238618543,0.016219067425418888,0.0022142696082205066,0.0007284953242255263,0.9727625024035166
152,0.003059031630627549,0.004743145213584409,0.00012391635429827159,0.0005072724184974743,0.9915666343829924
153,0.002686772070682297,0.0014776956482790006,7.027977743816056e-05,0.00025165190030512454,0.9955136006032954
154,0.021311635329093435,0.025694752205319842,0.0023285266774633463,0.0014372234949800962,0.9492278622931433
155,0.002862335245065761,0.0027971279406645987,5.6318874355244164e-05,0.00035105837548863456,0.9939331595644257
156,0.00996097066651106,0.002627758980629019,0.00022544542551436298,0.0004659403303707715,0.9867198845969748
157,0.014192381629676832,0.00377207842391764,0.0003599892404409173,0.0010203167330900356,0.9806552339728746
158,0.012821652646706053,0.0024356602518439538,0.000269404756449489,0.0007079397357669552,0.9837653426092337
159,0.00653702225850014,0.0037575957692937804,0.0006320815888243117,0.0003937617016238643,0.988679538681758
160,0.007868723018710696,0.002534554517186925,9.726193484712853e-05,0.0005178972934703218,0.9889815632357849
161,0.008664494777901066,0.00764078194326978,0.0005550217383465106,0.0005312540167776186,0.982608447523705
162,0.0018691082169799637,0.0016810029199963513,0.0003156236725659901,0.00024579058866026687,0.9958884746017974
163,0.021999052439049156,0.003837666305185101,7.489653401419695e-05,0.00047260826993942434,0.9736157764518121
164,0.03522692912397793,0.008389488447500797,0.0002792125288136488,0.00040211596317027193,0.9557022539365373
165,0.009032446636758486,0.006025057000028733,0.002445209323086164,6.478382373417056e-05,0.9824325032163924
166,0.13485086063008778,0.024857281207906562,0.0003882838464090839,0.0015720756788682648,0.8383314986367283
167,0.43089496040519615,0.07318420129351803,0.0006612118863122169,0.009064906284246698,0.4861947201307268
168,0.1773277297861714,0.5766771699230414,0.002250142094112018,0.010292334031263764,0.23345262416541135
169,0.16302216909561798,0.748662821937768,0.0005441659316966863,0.06402270775087772,0.023748135284039615
170,0.29752530049487513,0.45432453522049693,0.00037485685839872717,0.19462438515914032,0.05315092226708901
171,0.07063810098405117,0.15966784492525948,0.0016031049258354699,0.04064979950609068,0.7274411496587632
172,0.007561165018340714,0.025532505069779565,0.0015455996765381787,0.0062574560655811375,0.9591032741697604
173,0.05474890691290682,0.012692365061341585,6.849581148200236e-05,0.003842489590823349,0.9286477426234463
174,0.012357211957603196,0.014567963672602295,0.0010280409967093824,0.001617962557442508,0.9704288208156425
175,0.001438635880416501,0.001608012733553768,4.317902222250383e-05,0.00033306277380662714,0.9965771095900007
176,0.00298652650003939,0.0022227783508017946,5.9488047937380896e-05,0.000404171514823902,0.9943270355863977
177,0.009332075683620305,0.010251101963492068,0.0006935606799732026,0.0017213442403876552,0.9780019174325267
178,0.001062404086943184,0.0014425190280695818,0.00015973084240480159,0.00043969866553932816,0.9968956473770432
179,0.0020155293625296424,0.0006921841861191944,3.1883042230345387e-05,0.00027704467710071854,0.9969833587320202
180,0.0026023194440893053,0.0006683362541440301,3.470182414679444e-05,0.0003609128086638246,0.996333729668956
181,0.0006843583159343723,0.00025644341065078564,6.287622832768487e-06,0.00010043937496509222,0.9989524712756169
182,0.0014963146061293172,0.0007917568988858892,1.5850256219398575e-05,0.0001677170844483147,0.9975283611543171
183,0.01038051180094435,0.0013115981864996586,3.972163775325669e-05,0.0004502451190022722,0.9878179232558004
184,0.0024888664888787007,0.0017086246337689596,4.7823884187224176e-05,0.00025014999087086037,0.9955045350022943
185,0.00540010798016532,0.002989212491189627,0.00016671285837062543,0.0006583589652590292,0.9907856077050154
186,0.009691335584360635,0.003582143961073003,6.573179540608531e-05,0.0006871977468961525,0.9859735909122642
187,0.001797217358094966,0.001218541679465481,7.653198387917085e-05,0.0003483110575903349,0.99655939792097
188,0.002883057143089393,0.0036788290410510872,0.0002865313937310334,0.0005327710995789316,0.9926188113225496
189,0.003977193964816356,0.002632820794638207,5.5161644158488366e-05,0.0007740342482611971,0.9925607893481259
190,0.0037487369854460437,0.006219607000596894,0.0011894374924835782,0.001061779927341779,0.9877804385941317
191,0.0006621814108122929,0.0014183964629535433,9.354008992098905e-05,0.00021323313260181566,0.9976126489037113
192,0.00047975377894405967,0.0008061764386118297,5.4794427917466636e-05,0.00022016065573951724,0.9984391146987872
193,0.00022806590073944162,0.0001710424951448899,2.97328244480183e-05,7.153771762290488e-05,0.9994996210620447
194,0.0005977027485249014,0.0004583984604828515,2.9768167194058196e-05,0.00014088720258298876,0.9987732434212152
195,0.00020995279732996007,0.000163323487311086,2.0771820366393416e-06,8.066508476961167e-05,0.9995439814485526
196,0.0004216523914402841,0.0003168216295862656,9.065697671551504e-06,0.0001739433720378549,0.9990785169092641
197,0.0008966771846709939,0.0004602068649966752,5.784114974024289e-06,0.0002742051130542414,0.998363126722304
198,0.001484983995297893,0.0008159169644090531,4.410920743545239e-05,0.0004258710805159954,0.9972291187523417
199,0.0021580557693133815,0.0013571124205171308,5.5997761167682906e-05,0.00047757122441184434,0.99595126282459
200,0.0006536168879542442,0.001144679927541138,2.9536445450830197e-05,0.00025431497420451844,0.9979178517648494
201,0.0012162208095404853,0.0006237299399452349,1.4313535600526817e-05,0.0003874901625126346,0.9977582455524011
202,0.0008575856071473597,0.00047440787355347916,4.210322123725182e-06,0.0002660597693763993,0.9983977364277989
203,0.0016765822903121652,0.0008672203679922668,1.2239863906501968e-05,0.0005170323483102702,0.9969269251294788
204,0.002471645170692847,0.0009656393339363878,1.4280616907218564e-05,0.0005085614878255342,0.996039873390638
205,0.0011514182270481235,0.001532005544657189,1.6336398066834833e-05,0.00032864824399514127,0.9969715915862327
206,0.0029588970657169426,0.0009164829012931724,1.443684220488862e-05,0.00045975456982104564,0.995650428620964
207,0.002551958039321377,0.0013469817220151204,1.2500505669410218e-05,0.0008987922311486651,0.9951897675018455
208,0.0027073028964177044,0.0007395273190510384,2.3918923339869346e-05,0.0006269263096695867,0.9959023245515217
209,0.0010471786016831707,0.0016164291796610685,7.573814978909676e-05,0.0005164192600310804,0.9967442348088357
210,0.0009108369125334321,0.0002542203817608335,6.883138151358943e-06,0.00020899581406203958,0.9986190637534923
211,0.0005184741381943845,0.000384092975882903,8.935436064492988e-06,0.00017363788071374895,0.9989148595691445
212,0.0011592443122751107,0.00026366679420631185,3.894344760480106e-06,0.00023978980938263843,0.9983334047393755
213,0.001797396247306456,0.0012237096051668256,8.270605920958368e-06,0.00033397515191093763,0.9966366483896947
214,0.006804111409706363,0.003936603591671419,0.0007761022247343654,0.0007026703237324205,0.9877805124501554
215,0.0025074659687258347,0.000943529789726695,1.4744582766637562e-05,0.0003758873082728538,0.9961583723505079
216,0.011433381378616016,0.007203998399697476,8.418393868952848e-05,0.0011409510029654457,0.9801374852800316
217,0.0020648005458107576,0.00125280980841388,1.0394324445174183e-05,0.0003325883951916191,0.9963394069261386
218,0.005847338260584177,0.003941583764760531,6.348605375913815e-05,0.0012139845362747026,0.9889336073846214
219,0.004284397304193059,0.005328679492934585,0.00021580487955248585,0.0009008172869031268,0.9892703010364168
220,0.014786021408324898,0.02244067094621544,0.0022638428964388666,0.0014108919175593996,0.9590985728314614
221,0.003975638507355083,0.004148521518735947,7.883139913201886e-06,0.0004734751558747425,0.991394481678121
222,0.026769300441883064,0.005556765013746439,3.6128522714079225e-05,0.0027909923715602925,0.9648468136500961
223,0.3044690425857844,0.07744519342408054,0.00025776704722367793,0.006959931365177365,0.610868065577734
224,0.439156697970211,0.21893622662740397,0.00021891621165646624,0.011214021913742444,0.3304741372769861
225,0.08921888607358283,0.8591490492028322,0.00035561259341013597,0.00639854652312774,0.044877905607047235
226,0.19790600163516975,0.27774340543609766,0.0003465497020290418,0.014405558833350608,0.5095984843933529
227,0.2792747116232895,0.5407305477014163,0.0008405602439269825,0.013031554482600217,0.16612262594876692
228,0.09667459719300309,0.8780257744225538,0.0010231864231124387,0.021523491861499773,0.002752950099831017
229,0.1578073013523561,0.7429943855749636,0.001094685856572422,0.02874586602184807,0.06935776119425985
230,0.12533500867198216,0.7607819800642444,0.003468939874686294,0.06791943515867001,0.04249463623041714
231,0.056632292264064264,0.8007245210805916,0.0030269401496585253,0.13676910918274207,0.0028471373229434598
232,0.10408341508198272,0.7629594771742697,0.00256052293023001,0.1186130175271373,0.011783567286380294
233,0.12345384597816113,0.6455500831443811,0.0012604611801572793,0.2175430946484163,0.012192515048884264
234,0.11493243649377907,0.7175928513970521,0.0028398240241240776,0.1169320411383947,0.04770284694664988
235,0.07784481647464057,0.67224509930252,0.0013387546541492863,0.24442573954444222,0.004145590024248057
236,0.1083207679234229,0.6830857019282829,0.0025093640821237566,0.1759033404273833,0.030180825638787306
237,0.1312086396953456,0.6269559655431624,0.005851422523633907,0.13943240890222872,0.09655156333562945
238,0.14400612460921675,0.40133601748304765,0.012813897556813614,0.27994140684095326,0.16190255350996877
239,0.2823516625936998,0.4466209551735587,0.001803031171539068,0.16500216376903748,0.10422218729216491
240,0.13690154377419092,0.6735240109917571,0.0030116529735215378,0.08686237063396864,0.09970042162656166
241,0.2811222534499432,0.4492739528014315,0.004223266096456365,0.14266286417229412,0.12271766347987481
242,0.11413284428677599,0.6560896109198844,0.006706993613982223,0.04785572261055109,0.17521482856880624
243,0.2395289831832498,0.6749782548225582,0.0064814734682943,0.030870740013698442,0.048140548512199045
244,0.04213666786490814,0.9285417617788341,0.012013284306301029,0.008170369673642644,0.009137916376314106
245,0.12288907745601037,0.7629956672070768,0.006292423964970232,0.021846644389915418,0.08597618698202715
246,0.14894952083571347,0.788708087482563,0.001373328728809266,0.048947332303812374,0.01202173064910151
247,0.15820161872373747,0.782117510408219,0.005123690735242377,0.03702446866173719,0.017532711471063965
248,0.03177847628075529,0.9552731107871146,0.0020449627508662602,0.006409725173137474,0.004493725008126344
249,0.11856718746448473,0.8228654190489215,0.004625605486019199,0.04672607337583874,0.007215714624735671
250,0.01423383327531325,0.8870036600421192,0.0877760397503768,0.007238948182544788,0.0037475187496460146
251,0.054469880787706364,0.8980886770007719,0.0038893872639867697,0.036997598641358195,0.006554456306176638
252,0.18094446186695531,0.6896429900048099,0.0021858028597215944,0.08312174227687576,0.04410500299163749
253,0.05766507651753671,0.8750521188439547,0.006989040889698533,0.05478948191974885,0.005504281829061319
254,0.0858585239664949,0.8856042004750783,0.004030403069214227,0.019063539770088792,0.0054433327191238745
255,0.06962999763391588,0.8320942457034725,0.004821832470376202,0.08735626902913594,0.006097655163099488
256,0.10175101965191673,0.5258981691657251,0.0027156691971311825,0.3573296993405485,0.012305442644678496
257,0.02944986334236699,0.842089090953301,0.0023670535774574335,0.12126599644454279,0.004827995682331909
258,0.0855586701773663,0.370440865149509,0.002087517563876861,0.4411464788932393,0.10076646821600843
259,0.023368188457943397,0.2717492275444367,0.0004317059334056179,0.6888740963627339,0.015576781701480451
260,0.10321274668431986,0.12933261028189308,0.00047174568880733276,0.7062530826105871,0.060729814734392734
261,0.16799224287319497,0.10688493187937152,0.0005452584969794057,0.6332714750433348,0.09130609170711919
262,0.19486243383027987,0.10170494632619474,0.0006939686468190474,0.5346634026020062,0.16807524859470013
263,0.3104406153344202,0.08315761079074016,0.0003245906213798506,0.39462816775384946,0.21144901549961026
264,0.11402744238979698,0.03407604150426649,0.0001329156797806057,0.8074994070407003,0.04426419338545559
265,0.11896214731372784,0.024138112098908777,0.00016919390111025569,0.7285138302204213,0.1282167164658318
266,0.09413971256184069,0.04907671755580221,0.00013211282065912956,0.829183108029795,0.027468349031902824
267,0.0411830560707799,0.013553130080738001,8.881202012797225e-05,0.9249011186312501,0.020273883197104138
268,0.024851931114228263,0.015374010400025753,0.00010740570090999119,0.9556185272065806,0.004048125578255307
269,0.03974960271419406,0.01799974232325227,0.0001327383945197747,0.9149212314196403,0.027196685148393605
270,0.05800034297490112,0.020852981537053467,0.00015304850626856996,0.7437074038154908,0.17728622316628606
271,0.06402938912191507,0.04310024740024031,0.00011277443851200125,0.8664989979929616,0.026258591046370985
272,0.1577255527585141,0.07514243959862364,0.0002604086859705791,0.7416375816532316,0.02523401730366014
273,0.12185596909866427,0.0626838018578728,0.00014921416089188323,0.7858881075425234,0.02942290734004764
274,0.15078217758667675,0.09233523725390279,0.00019061042254817922,0.5152619055518373,0.24143006918503493
275,0.12753886449062024,0.19215871128863582,0.0002864231045799527,0.43154871178864446,0.24846728932751963
276,0.07320018777976471,0.07150312877720787,0.00021769557277339746,0.24227386909316317,0.6128051187770908
277,0.3328086533197929,0.15762688402743072,0.0002909024037423134,0.2421066654466112,0.2671668948024228
278,0.23583056268792993,0.5015867380471485,0.00024392406024203672,0.24107596009468008,0.021262815109999503
279,0.26444293639040595,0.38530579837567475,0.00038818385664271483,0.30845312641069916,0.041409954966577324
280,0.23309645716012295,0.3066622125275778,0.0004673766810479313,0.4008041967222323,0.058969756909019205
281,0.10945991750708935,0.14583770071182683,0.00048059848457721553,0.6926027677241565,0.051619015572350026
282,0.18750936890433348,0.21339466012977393,0.00046772992586573473,0.5500245087914042,0.04860373224862272
283,0.1309033935757055,0.19760440144474786,0.0004215596579367779,0.6215460137293706,0.04952463159223934
284,0.10599661656659862,0.09474659295010232,0.00022206691623258303,0.7207434540955377,0.07829126947152876
285,0.08461276380376068,0.05093580124231895,0.0001334737396477884,0.7332708370686687,0.13104712414560377
286,0.06487236461360661,0.059912589624252305,0.00019141432998942583,0.8488147584839579,0.026208872948193747
287,0.09073140550261069,0.04115609172644674,0.00025339682197557156,0.6350019095107592,0.23285719643820788
288,0.15010242682530744,0.045927777321235,0.00024951062556232095,0.6304495949814574,0.17327069024643788
289,0.1261623781690438,0.03467615858865975,0.00013574932076908122,0.7160627542704708,0.12296295965105661
290,0.07850484492176377,0.04081148344961642,0.00014422525472481844,0.8741010787902548,0.006438367583640151
291,0.07916205543410913,0.049643481953778795,0.00011755159487424624,0.8513276951122427,0.019749215904995177
292,0.03645387523134734,0.035004930040111716,0.00010507960713429362,0.6344039495414997,0.29403216557990697
293,0.05131318631374366,0.03657536658616186,9.456741131692695e-05,0.7273322696787884,0.18468461000998904
294,0.15598182659452575,0.05508099299483951,0.00021560136007024895,0.6403849234074853,0.14833665564307924
295,0.08219970078411273,0.07014237970441627,0.00016109314897139095,0.8415205545847886,0.005976271777711005
296,0.06068203187745148,0.04710305394960828,0.00010035136391188979,0.880948950368703,0.011165612440325323
297,0.06174621318949678,0.03485559971547332,0.00012419793739914007,0.8647403290782304,0.03853366007940047
298,0.10951827926396282,0.040048289522659604,9.642190221127657e-05,0.7338209695820885,0.11651603972907776
299,0.15826266476674722,0.06528344011890276,0.0004523131146132585,0.6726593571529897,0.10334222484674693
300,0.15308993568495002,0.056122956280634004,0.0005357212094105605,0.535754899827475,0.25449648699753025
301,0.10792906341536589,0.03640397532789247,0.0004579736546459529,0.161162669989958,0.6940463176121378
302,0.003600664541927837,0.005530986844879908,0.0008386793799167299,0.0024183471642330963,0.9876113220690425
303,0.028382068382963633,0.015394856912270724,0.0011268252223631372,0.002851570553965285,0.9522446789284373
304,0.03303881902988948,0.0055635067536084,0.001077254970685323,0.0030796118948428074,0.9572408073509739
305,0.007347047886356,0.0033112115922877368,0.00022831257221721046,0.0014251506060715257,0.9876882773430675
306,0.005981777101759583,0.00701503602545793,0.00013648974384617934,0.001152859907931532,0.9857138372210048
307,0.01801864299891261,0.012777604424518758,0.0005463529846906049,0.002714262463579605,0.9659431371282984
308,0.026303538245374042,0.014417810796190797,0.00023540551721219142,0.008265255537822805,0.9507779899034001
309,0.021117015834198432,0.04240601329683989,0.0038653528893658347,0.0036615891631237734,0.928950028816472
310,0.03515678552554177,0.014935902544207066,0.00042810382458616036,0.01343308373447829,0.9360461243711867
311,0.0037452837811412644,0.0059769718623287815,0.00014598263561034865,0.0017735031740161997,0.9883582585469035
312,0.00231396147761407,0.0015552601603471788,0.00011678153677538196,0.0008074348563614594,0.9952065619689019
313,0.005965002898174963,0.01589596046555041,0.01294871729799031,0.001225399026756899,0.9639649203115275
314,0.0019192812296810944,0.0014517554589227658,9.773657385003147e-05,0.0005272304204027753,0.9960039963171434
315,0.004217407118427442,0.009801183953775806,0.010859369245280186,0.0013747422020020821,0.9737472974805145
316,0.0016605824770954288,0.0012103389694989935,5.336447264286737e-05,0.0006008459294397179,0.9964748681513229
317,0.001685356340924406,0.0011438570363943791,0.0012214514444663454,0.00041527815848600995,0.995534057019729
318,0.0012083607473812473,0.0008919118921459217,4.962137216396254e-05,0.0006079079299342986,0.9972421980583746
319,0.001132635761989545,0.0005362737149966843,7.804370292513902e-05,0.00028717503676985997,0.9979658717833187
320,0.002179389650008633,0.0008742027473890404,5.3831768817336956e-05,0.0003104883965737362,0.9965820874372112
321,0.01525578807568907,0.0038647760031339435,0.00030573044189623384,0.002500157014912823,0.9780735484643679
322,0.072258853942338,0.010056687710324695,0.0007057096546609758,0.006908621839471723,0.9100701268532045
323,0.0026681214105069863,0.003166103977285374,0.00011272217121450726,0.0011592023251517833,0.9928938501158414
324,0.02657719173706332,0.016709413198749162,8.228681500327639e-05,0.003742144336296087,0.9528889639128882
325,0.028326784665631228,0.0024856984869566735,4.516637233484011e-06,0.00395778943541136,0.9652252107747673
326,0.09005925995185662,0.0037906120307833035,8.083980284645363e-05,0.011437943891378205,0.8946313443231353
327,0.022662367413491463,0.0038338036171665724,4.560946706654598e-05,0.014097785299191838,0.9593604342030836
328,0.5077007305289087,0.013896390546399537,9.51003345623793e-05,0.027687877298786117,0.45061990129134327
329,0.03887692378644453,0.006734324362518196,0.0002135423023240238,0.016671009287358252,0.9375042002613551
330,0.36102963539772936,0.028810202476703402,0.0007433242719851972,0.042033712065916856,0.5673831257876651
331,0.5504967378281891,0.2856436063687667,0.0011649151415046826,0.0766924835906067,0.08600225707093277
332,0.34104386779013773,0.4694640920345433,0.0008766269059256467,0.10030599093131037,0.08830942233808303
333,0.371001840633155,0.20932391022472358,0.0019634353496215035,0.2837514705090892,0.13395934328341064
334,0.02999918889523782,0.024366529547171684,0.0001425746457582373,0.007049315157596125,0.9384423917542362
335,0.026775542345679113,0.042150046729783314,0.0061108215631555446,0.0012944413805509793,0.9236691479808311
336,0.009405637197274556,0.0038943270402121396,7.629259015753929e-05,0.0004245173052465289,0.9861992258671092
337,0.023782808001214396,0.018433247961395,0.0005677460634512192,0.001928894683692304,0.955287303290247
338,0.011157862624152257,0.006771709631075672,0.0004301063352370075,0.00043054146253034887,0.9812097799470049
339,0.04112545355301776,0.022436359093377756,0.0011846386717663687,0.00019916053418873826,0.9350543881476494
340,0.017206220744883254,0.01150136989157868,0.0008744224959280464,0.0015390263958704917,0.9688789604717395
341,0.013919119286587381,0.004024549395047211,0.00020250938828329679,0.0008556478750932856,0.9809981740549889
342,0.002993818106404509,0.005517696777308401,0.00020742313941679306,0.0005218091600388403,0.9907592528168313
343,0.03076552644360791,0.013648202214129565,0.02659314170314607,0.001581101184096546,0.9274120284550198
344,0.01396292271710674,0.007172762315765863,0.002001516456718505,0.00028937024602550016,0.9765734282643833
345,0.003555693779123421,0.0017764356634529389,0.00010674391729593794,0.0003342904103600887,0.9942268362297677
346,0.0030969667116619876,0.001441015350506991,3.382584578634426e-05,0.0006934133284003733,0.9947347787636444
347,0.012858876158848847,0.005432117566769841,0.0003164891166180404,0.0011430995960858613,0.9802494175616774
348,0.00876803131774968,0.008075605905426718,0.00014365474913314728,0.001282608656254744,0.9817300993714357
349,0.006835065846043631,0.0012814691000462702,2.4020424445151108e-05,0.0006354149189046666,0.9912240297105603
350,0.00985274668430217,0.0028994025812269096,8.015627227783789e-05,0.001376177260659643,0.9857915172015335
351,0.012950648838194067,0.0031250032095318163,0.0003871592236195937,0.0012937531363244495,0.9822434355923302
352,0.006204892300853163,0.0052038309522189395,1.9291517989361455e-05,0.0006560735819284751,0.9879159116470101
353,0.00665142200155217,0.0047730476363392884,1.0203190093536243e-05,0.000984837533061717,0.9875804896389533
354,0.002373931950394587,0.0017449508612743607,1.1078184794424842e-05,0.001447862442144693,0.9944221765613919
355,0.0018932409283369982,0.002487208144942425,2.3282107135267256e-05,0.0008278756014656184,0.9947683932181196
356,0.014013592370319114,0.0041694440696863405,3.578960338189409e-05,0.0016155698162781812,0.9801656041403345
357,0.012728785098452598,0.004649984226926311,6.0969307731011956e-05,0.0020583983851316383,0.9805018629817585
358,0.014410752590338633,0.009496824513009343,0.00246323691479362,0.002925960372154356,0.9707032256097041
359,0.00645535497065328,0.0038520490276599006,1.175618233191375e-05,0.0006523116567236366,0.9890285281626314
360,0.012384298854153595,0.0138628798627754,2.746900241565255e-05,0.002693061488114937,0.9710322907925404
361,0.0022826241229344795,0.002676186823420168,2.5201410868416598e-06,0.0006243302522472672,0.9944143386603113
362,0.010900323415583385,0.00327085640858917,5.812694641252635e-06,0.00225292840743173,0.9835700790737545
363,0.07197862062646602,0.01626213228636311,9.030082940807938e-05,0.007037531567787234,0.9046314146899755
364,0.006666300663871805,0.0031756100358507435,2.700008979018929e-05,0.0021668720882950555,0.9879642171221921
365,0.16007155505381693,0.045132144671969826,9.153932293244277e-05,0.012729617021152198,0.7819751439301286
366,0.11622972871536547,0.027930537597139576,7.528796965701904e-05,0.015922077999010586,0.8398423677188275
367,0.34433387658839953,0.0352282188736017,0.00012491993855670436,0.062492534744443363,0.5578204498549987
368,0.31695284585568095,0.24762581926774233,0.0002040348742700406,0.16310288804781972,0.27211441195448705
