epoch,N1,N2,N3,R,W
0,0.0007587906662901048,0.00023100315751363362,2.2520563104574873e-06,0.00012233787938011666,0.9988856162405058
1,0.0018201224588679215,0.00019102381678760006,6.783942094357577e-07,0.00018078466684104592,0.9978073906632939
2,0.004307279830165985,0.00012115979415897786,6.888570808375017e-07,0.00012677855398739274,0.9954440929646069
3,0.001252855946691888,0.00011938752743611151,1.891218468657431e-05,6.0321822955366546e-05,0.99854852251823
4,0.014803137978151013,0.00033865749239220895,1.6503408138642095e-06,0.00017861816439371543,0.9846779360242492
5,0.16628115692086218,0.0012421248672300083,9.79731073790059e-06,0.0003993028299865106,0.8320676180711835
6,0.3437228935041626,0.06713785779902347,0.0005615202678765032,0.0008087852219866581,0.5877689432069507
7,0.09168943232971964,0.0018692780771162327,1.223152404070019e-05,0.0010886391472440327,0.9053404189218794
8,0.6200750582432272,0.30697844320221146,0.00019343310533429043,0.0021058298681963863,0.07064723558103085
9,0.15136204053031097,0.8200592615047492,0.001959372025623051,0.00127606337149712,0.0253432625678196
10,0.05674781404038724,0.9022377777437828,0.018841849691870145,0.00017667183025789067,0.021995886693702036
11,0.030221151871544838,0.9275953353318541,0.031592672437423766,0.00027847081228002244,0.010312369546897373
12,0.012413478156501538,0.9113398438960562,0.06385163181047508,0.00025545644679325657,0.012139589690173919
13,0.007110826204201703,0.8827920286401286,0.0998826654068459,0.00018361241279788365,0.010030867336025847
14,0.007507648652627723,0.8805984116706115,0.09105342130583435,0.0004983199851757826,0.02034219838575072
15,0.013152250705381317,0.6875437354737471,0.2480418608836385,0.00026064624087420216,0.05100150669635875
16,0.0020947470853658443,0.0041767899135166245,0.002365420730542644,0.00012316201716071348,0.9912398802534141
17,0.29309681695160017,0.5346861998498719,0.0022105374385460235,0.001454300276372785,0.16855214548360928
18,0.2730160778588313,0.37016203325355246,0.03284185864058748,0.001662094754843619,0.32231793549218507
19,0.23582523896682545,0.6519671923375838,0.018472297521237965,0.0019399641049216599,0.09179530706943113
20,0.1241757652717158,0.7066585380249518,0.09301056535212399,0.002032877898165223,0.07412225345304314
21,0.20492370672357363,0.21975441414863436,0.004589120038198251,0.0066959644016199235,0.5640367946879739
22,0.10654642643095746,0.8398259022597367,0.0037538087075932505,0.011449556457067038,0.038424306144645336
23,0.06504516355294426,0.8789611040282396,0.022526692351827724,0.004995466704561321,0.028471573362427123
24,0.21394006247416888,0.7038244400610342,0.0027880125623626494,0.03134823605097999,0.048099248851454474
25,0.10840278598112386,0.8411865137509971,0.0016516233680183318,0.016588249669749682,0.032170827230111165
26,0.195466624413277,0.5539766856804945,0.002753184558622712,0.020423960123578593,0.22737954522402717
27,0.36547017017287475,0.3115833291105909,0.0006989988431542788,0.026680572865313477,0.2955669290080665
28,0.19098657427133978,0.11419663686633749,0.005568334217821759,0.011164903161970519,0.6780835514825304
29,0.038316433210087424,0.01257822901952597,5.980050393410144e-05,0.0018881032658149143,0.9471574340006377
30,0.010599699774944876,0.006454549440808809,9.440441931308933e-06,0.0013714920696206864,0.9815648182726943
31,0.00029371567622483427,0.00042944227460947176,0.00014481356693447862,1.2579357639286744e-05,0.9991194491245919
32,0.045456028531607844,0.0009132087916580018,8.743508946195261e-06,0.000708482511621857,0.952913536656166
33,0.0010721961379015741,0.00014310647147260856,1.3737814537532143e-06,5.2350691990624157e-05,0.9987309729171815
34,0.1445401158015344,0.01010543519835421,7.569638436190595e-05,0.0020505276679442207,0.8432282249478054
35,0.01668820642549874,0.0004243777480244097,2.6726463434216044e-06,0.0004199930235839886,0.9824647501565495
36,0.14010901876440698,0.0035341079777713538,1.912338788903882e-05,0.002134718105440858,0.8542030317644917
37,0.050291049366408234,0.001042193547997663,6.28323896176176e-06,0.0023968409226038023,0.9462636329240286
38,0.6080504976359118,0.021854057291750405,3.926816917661395e-05,0.006589683488947406,0.36346649341421383
39,0.016630061078156184,0.01330295847395632,0.00039089112365351086,0.0006977244116379263,0.9689783649125961
40,0.46959881077067944,0.025880255387410765,9.217498982273914e-05,0.0246608595849425,0.47976789926714447
41,0.4429795007074811,0.2080563761954335,0.0004163905214709645,0.06921658122100445,0.27933115135461
42,0.19658534172114522,0.054053791852107916,0.0001127013629139963,0.07802905079483502,0.6712191142689977
43,0.38425534311966325,0.13359007539518022,8.997304291461003e-05,0.06726183085463687,0.4148027775876051
44,0.3843442637863949,0.13073260330219713,0.00023312243559913597,0.18767640103919092,0.297013609436618
45,0.6758789247409339,0.03756315844590873,6.755590822148691e-05,0.12080101573278092,0.16568934517215497
46,0.5010059290893725,0.18452324613792678,0.0001226080669604311,0.11867764241475216,0.1956705742909882
47,0.2141527577842549,0.47589190381533875,0.0009098244821496331,0.0389269917284835,0.27011852218977334
48,0.3734800453475145,0.40634185899515196,0.0007403048861911068,0.09163235157484838,0.12780543919629395
49,0.31121012101607315,0.3935226939222184,0.0011548344053836533,0.09688651667304442,0.1972258339832805
50,0.40779582375932255,0.268801938614067,0.000593967915797378,0.20002316714656992,0.12278510256424312
51,0.423073850695947,0.24258959924856666,0.0007409963517450088,0.2162200922801466,0.11737546142359484
52,0.22710808346040282,0.5505705819242152,0.00275821658347068,0.16726397022566214,0.05229914780624915
53,0.2718271664817132,0.20688332308996568,0.001030129417673864,0.11807320579087306,0.40218617521977407
54,0.16986651718906012,0.042230545337886234,0.000316616042576062,0.040259991569752185,0.7473263298607254
55,0.23099385202841338,0.05436864947036246,0.00013439361693647233,0.08065835261481043,0.6338447522694772
56,0.22897976165738831,0.06383809876607138,0.0002693532191442708,0.06472572754942015,0.6421870588079759
57,0.0015715557729315025,0.0003603709055024142,7.079352603891193e-07,0.0006922129173209072,0.9973751524689849
58,0.05330668784100949,0.0007001561017756121,1.538244795181089e-06,0.0021782179889678946,0.9438133998234517
59,0.10219578764887424,0.012553818170480688,2.831003740525512e-05,0.003976143463206226,0.8812459406800336
60,0.032747982856292136,0.002207305789111465,9.703272799946009e-06,0.0005897417632170043,0.9644452663185794
61,0.22658687771090338,0.018772665514537903,2.0752320348576605e-05,0.006116181607261468,0.7485035228469487
62,0.33752721290550597,0.12120043958483717,0.00010204478182881392,0.014709452966339881,0.5264608497614882
63,0.09450081278865834,0.006542032225543341,1.202506558983441e-05,0.004834837155716148,0.8941102927644924
64,0.001286266625010512,0.0004628702951433789,1.519699810683288e-05,0.00022540532822825298,0.998010260753511
65,0.1351236308102885,0.003179827302103928,1.2419774911812626e-05,0.0027657437226024434,0.8589183783900933
66,0.060458806053402536,0.0014196548899886572,5.533034248326586e-06,0.002204513596943245,0.9359114924254173
67,0.5973208053228379,0.20997235241305234,0.00045503402821710345,0.0034825024427276524,0.18876930579316498
68,0.526940960160539,0.3891759938207827,0.00012985465064887253,0.010274168426959083,0.07347902294107037
69,0.3904979508155037,0.560095066447044,0.0013075014146290433,0.018600867646769704,0.02949861367605358
70,0.038999563395634894,0.9384246179643908,0.011790243005193697,0.005020218684274636,0.0057653569505060715
71,0.33422271934137376,0.5563155210260797,0.0006482095910161263,0.08208620296323146,0.026727347078298942
72,0.04898956409101545,0.9341724228881133,0.0038032440293591426,0.0020517633285967916,0.010983005662915267
73,0.07626198583105549,0.9040999984102998,0.0031577224172946896,0.002452692707398119,0.014027600633951805
74,0.205287632512876,0.7575961664296728,0.002449328684668141,0.009504269070438337,0.025162603302344735
75,0.07382975479199404,0.9008663357149332,0.010051322515191044,0.0022866250940703674,0.012965961883811314
76,0.15788521591692947,0.5244811694082008,0.004387361714682218,0.00966859607446637,0.30357765688572125
77,0.29052836070754784,0.5002419833064491,0.0021603112027085507,0.05642097458618387,0.15064837019711066
78,0.030403833064311363,0.18237063171912735,0.004638852725260099,0.0012187979776583176,0.7813678845136428
79,0.0018663923842343112,0.0007036944260873164,0.0003562130489458193,6.230331492787842e-05,0.9970113968258046
80,0.406962351865464,0.024380957439556997,8.016077254030002e-05,0.015262531248028108,0.5533139986744107
81,0.2808006717869826,0.03638646111056926,0.00012081072732361337,0.010368032844306867,0.6723240235308177
82,0.37168573932898974,0.033356191204217504,0.0003644408585710229,0.0038988117491008437,0.5906948168591208
83,0.39230570735711,0.4196455351329121,0.0013582201081877136,0.024678358591060358,0.16201217881072985
84,0.13470927569304691,0.053922160757289866,7.443750146420396e-05,0.006848384516607242,0.8044457415315918
85,0.6614325982179636,0.1606193396074655,0.00023855393622424935,0.02002233006284634,0.1576871781755002
86,0.3648618119738519,0.386392960864865,0.00034870565864252517,0.00547368975885431,0.24292283174378623
87,0.2504887924721869,0.06628835872872808,0.00026888659735749114,0.004637720054329901,0.6783162421473976
88,0.0011324200866082183,0.0003757381684603062,0.00036340296213296225,5.193520107828062e-05,0.9980765035817203
89,3.063736751409711e-05,3.970855152860828e-05,3.016146513197795e-05,5.1665844053826495e-06,0.99989432603142
90,0.008703906807789392,0.001396015006516716,1.818732901827761e-05,0.0006559193760050946,0.9892259714806705
91,0.004187785904697665,0.00045013109025669143,1.451947332748074e-06,0.000550139529480305,0.9948104915282325
92,0.002753744417303954,0.0006731151537900419,1.6274287554158772e-06,0.00011472272176321115,0.9964567902783874
93,0.0017702215326050395,0.00032827707591076967,1.055819018018984e-06,7.73402843655215e-05,0.9978231052881006
94,0.03185890945077112,0.0049422275656833175,1.0381636670787586e-05,0.00044044996938712335,0.9627480313774875
95,0.0030767375809159364,0.0014270265894096397,7.599810979113663e-05,0.0001738548443491543,0.9952463828755342
96,0.0020819989918869296,0.0005073451228221882,8.277267207636418e-07,0.00040697767903785187,0.9970028504795323
97,0.003703167666190962,0.0006305060153928466,1.1890197192372764e-06,0.00037343062857200993,0.9952917066701249
98,0.011579521345613904,0.0007287738999834507,1.4228506153915673e-06,0.0002888189608527591,0.9874014629429344
99,0.1707928152648436,0.0034456845429028386,1.018340072300193e-05,0.0009118473103206456,0.8248394694812098
100,0.003349700772962272,0.00030359828145973153,8.411146739442801e-07,0.00019126351468368386,0.9961545963162204
101,0.020235337462232415,0.001586051009785163,7.77165446701016e-06,0.0005866689516432004,0.9775841709218723
102,0.01287750127900158,0.0021161808385301004,5.595821477487757e-05,0.00033894890675507705,0.9846114107609385
103,0.05374779889993362,0.012991890809967472,3.386222074342798e-05,0.0008807940101493053,0.9323456540592062
104,0.0022672781916198066,0.0006882650799272218,1.6137487796476106e-05,0.00032361774353043525,0.9967047014971261
105,0.13355079319261107,0.008362829198703854,0.00013870867889160927,0.001202377906980035,0.8567452910228134
106,0.21201277205155808,0.04640455003739284,0.0009966726418345932,0.003955889445609195,0.7366301158236054
107,0.2809211161798744,0.410985099147288,0.009005855981729826,0.008374327557492529,0.2907136011336154
108,0.15953399734338003,0.5492339513501887,0.023528041781619085,0.002401469464641533,0.26530254006017057
109,0.16464601073544202,0.7550704448938639,0.026571473599692357,0.0017785205924612023,0.05193355017854052
110,0.06099882475426074,0.9075153621933966,0.022521298732874978,0.0006636619652211217,0.008300852354246411
111,0.030812323989406448,0.8707006925810411,0.09410176506438535,0.0003202249145834595,0.004064993450583604
112,0.025568538139945224,0.9006280823726885,0.07114462045771458,0.0005177407934381305,0.002141018236213619
113,0.010656260703880196,0.7190703274098889,0.2674115275404878,0.00038437095338833343,0.002477513392354799
114,0.00882492018745648,0.8086582324023633,0.17976653449008012,0.0006531321300101192,0.002097180790089952
115,0.005369285555036844,0.928794424305174,0.06365370930198976,0.0005597239814665405,0.001622856856332866
116,0.005274233557605047,0.9510427893606799,0.04133330697772533,0.0011139743876503608,0.0012356957163394161
117,0.0017985218948219743,0.5515628737173287,0.44537521035488487,0.0006088012605181103,0.0006545927724463178
118,0.0032433590431006918,0.366428983621021,0.6273270143663605,0.0016940045622863549,0.001306638407231265
119,0.010572736882006788,0.5479361667988067,0.4313850803419647,0.0042250076452117254,0.005881008332009975
120,0.02940485951480227,0.9087963757185439,0.017610063360325397,0.03016186558145398,0.01402683582487456
121,0.12250700880200913,0.7239316723394623,0.005816580330891475,0.1211596922876971,0.02658504623994002
122,0.24596727476939895,0.25631341367067734,0.0032080452924217046,0.17543584551609465,0.31907542075140743
123,0.31263872848973284,0.07546969337198144,0.0007725296736605772,0.49298411764926797,0.11813493081535714
124,0.2914215596560038,0.03383450352315058,0.00023937091122645625,0.5297801651034681,0.14472440080615098
125,0.3071698143548014,0.14252403464401056,0.001992488320385301,0.2978656355529464,0.25044802712785635
126,0.11848504084929563,0.028724631965567717,0.0007837920353433477,0.19754702297752427,0.6544595121722689
127,0.13988072908601334,0.054243419237710186,0.0007838521963590324,0.40666619500222995,0.3984258044776874
128,0.08313156964578783,0.0185601307515751,0.0005002763370147878,0.6130806570510682,0.284727366214554
129,0.04940945955829282,0.00858184424209273,0.0002626685821238938,0.6221022658625268,0.31964376175496373
130,0.05134455475672039,0.01545257515256903,0.00023043523795439035,0.7522982753839504,0.1806741594688058
131,0.037563198398160615,0.0043048234152639935,7.083818773733654e-05,0.7818411306223845,0.17622000937645363
132,0.05012264962098669,0.0037629186489923985,3.570323500305297e-05,0.6571317310665947,0.28894699742842317
133,0.03940380422292267,0.011309548252740097,7.046698326848704e-05,0.6165761464415874,0.33264003409948145
134,0.07898029391396541,0.02916129969788601,6.758652374862055e-05,0.5605882368219851,0.3312025830424149
135,0.18851088321606818,0.013001657073315355,7.027241609070658e-05,0.36089268653526707,0.43752450075925864
136,0.028864882861018112,0.004821963756690339,4.762304403165903e-05,0.1911732338630031,0.7750922964752568
137,0.06220538310684553,0.011092614505154141,5.472593707515877e-05,0.5813554599415587,0.3452918165093666
138,0.08814267043088421,0.01063515792323358,4.7255891125137346e-05,0.6152110664778391,0.28596384927691787
139,0.10730915429759899,0.029386168852950343,6.697956920945657e-05,0.5837514770117737,0.2794862202684676
140,0.1476010451288248,0.01594601710012839,0.00012937750837825504,0.5667631951086655,0.269560365154003
141,0.06284834416472657,0.011002284987573226,3.291499174312983e-05,0.8691389583928403,0.05697749746311676
142,0.04300363398302128,0.017822970343866516,4.675061537058689e-05,0.8072432843254395,0.13188336073230209
143,0.12967648012269584,0.010171285749839255,8.484564298273874e-05,0.6522786454447408,0.20778874303974149
144,0.06612226397431115,0.013481119648063354,8.197495352238583e-05,0.5390421315941929,0.38127250982991023
145,0.12028377386585713,0.011914491100875339,6.720310091391835e-05,0.6992143826064584,0.1685201493258953
146,0.04044593201317599,0.0159932994926385,0.00012061123989868143,0.82407892849432,0.11936122875996678
147,0.08809527180606197,0.017190596596289586,0.00011914228100015817,0.8175777539252033,0.07701723539144496
148,0.07508590505986179,0.021079473284374525,9.252618935986194e-05,0.8205786908530794,0.08316340461332455
149,0.031014436441259643,0.017685274036393306,0.00048610520984183675,0.5397383120632512,0.41107587224925407
150,0.0842604463317553,0.011300876445919015,4.710969176825266e-05,0.7372251761790892,0.1671663913514681
151,0.06840950596276414,0.01401373725832099,4.912986657475104e-05,0.8765206279473795,0.0410069989649606
152,0.06976434951113768,0.017787951508641035,6.78206208828493e-05,0.8877204392839505,0.024659439075388014
153,0.05185445884030187,0.020193443993826474,2.982481923237464e-05,0.8836693379922931,0.044252934354346116
154,0.06293092096051471,0.012559587085828295,5.5618619404332765e-05,0.8863084464080963,0.03814542692615647
155,0.07147022609976837,0.017029330478315695,7.214632020484122e-05,0.8733334280454662,0.03809486905624509
156,0.07788563814536958,0.027285435669463325,0.00013350222222041608,0.8757338712708216,0.018961552692124954
157,0.027037550094425458,0.005138238519405907,2.2478288619468146e-05,0.9525627152973195,0.015239017800229623
158,0.028857151299846173,0.005685071212969053,2.460518182602193e-05,0.9504892496538981,0.014943922651460688
159,0.060698746204486786,0.011525443376725444,9.369212683257936e-05,0.9077644304377791,0.01991768785417592
160,0.03682986590156497,0.007978912961996576,2.5352376659543806e-05,0.9423268909186331,0.012838977841145996
161,0.07183284913525476,0.02318032393105294,0.0001234892666118503,0.8634747979877624,0.04138853967931816
162,0.08448039524395742,0.009654917385046688,4.6713109678038466e-05,0.8836598116588927,0.022158162602425115
163,0.11228842038986984,0.013357441553331758,4.731138948363038e-05,0.8448670297361938,0.029439796931120945
164,0.11291672962560123,0.01553437049685864,8.333117760863241e-05,0.8366135084998223,0.03485206020010937
165,0.18999981493932117,0.04460033027388024,0.00015747351209311503,0.7144684976508352,0.050773883623870225
166,0.08509962930543198,0.09832531470677883,0.0004102512162022903,0.7837012945815846,0.03246351019000232
167,0.07257366985991034,0.029267843923874153,8.551025063871741e-05,0.8810786735138348,0.016994302451741883
168,0.07513506188099787,0.06346276250184985,0.0002293571728830179,0.8390410886461079,0.022131729798161415
169,0.031437286517212684,0.012198431789953189,5.8328789650574856e-05,0.945499023364294,0.01080692953888949
170,0.027604859333039914,0.005370001664158583,1.955177255694966e-05,0.952244171559924,0.014761415670320433
171,0.033345137608740825,0.0033312749450353984,1.767869131069617e-05,0.9463287613822756,0.01697714737263744
172,0.06024146861263877,0.010807746182122985,4.480676951414999e-05,0.9119829472101793,0.01692303122554481
173,0.033089514767246565,0.00686252874411735,1.7725661883317283e-05,0.954952033191829,0.005078197634923849
174,0.03153304258025558,0.017343687216985128,4.6291359298436334e-05,0.9382946092888801,0.012782369554580642
175,0.05835730351623074,0.011701130744750534,6.189479570898533e-05,0.906508249901553,0.023371421041756584
176,0.12223869890043473,0.01623727716042656,4.908301270956514e-05,0.8197556534084119,0.04171928751801702
177,0.1317617728968924,0.019647379768867382,3.900302248997602e-05,0.8136997916117251,0.03485205270002507
178,0.18534598783519274,0.04618724148899108,5.660481068113477e-05,0.7492781296500381,0.019132036215096866
179,0.33392689530031877,0.11459375173469553,0.00013921676217453584,0.5341397075396789,0.01720042866313223
180,0.3297457410945415,0.4200462412246562,0.00031406727303279935,0.23697525796587146,0.012918692441898047
181,0.13590332114150927,0.7968080581130417,0.001457277619528834,0.05599733121266737,0.009834011913253005
182,0.27485500575308214,0.6525530294200652,0.0009517063236829113,0.06549129074620808,0.006148967756961746
183,0.026129093810635,0.962589907183072,0.0036753783073034366,0.005469149196373301,0.0021364715026164502
184,0.08412407444139686,0.8951530102156454,0.005036277922924466,0.00889947649573421,0.006787160924299127
185,0.019214550669519374,0.9316557002335445,0.044524663516971826,0.0013911478228324393,0.0032139377571318967
186,0.004009125903887017,0.8962241475347645,0.09732714594815053,0.0012223504622604715,0.001217230150937648
187,0.02518239434668224,0.9419599135447903,0.02875681044824907,0.001245529646539844,0.0028553520137384525
188,0.004324207569873959,0.8791786245209942,0.1150888661235789,0.0004070401092904195,0.00100126167626245
189,0.00092867089584268,0.2702722753978701,0.7281311317122897,8.026661989495277e-05,0.0005876553741025922
190,0.0008576404071562508,0.15291163132147542,0.8457432408347572,8.461606816854369e-05,0.0004028713684425797
191,0.0021679611733484215,0.25839357287512266,0.7383889724571552,0.00029373547280562385,0.0007557580215681709
192,0.000791180423464215,0.14099224072805477,0.8577003259106469,0.00011804653846901786,0.00039820639936510253
193,0.0007059002194622163,0.15852915900074221,0.839990652329089,0.00012912373780555746,0.0006451647129010498
194,0.0003584105248729671,0.06350265192756814,0.935864710768744,4.685933622041223e-05,0.00022736744259443153
195,0.00016528446718324998,0.03682933342593263,0.962743349205503,4.572365538888193e-05,0.00021630924599226438
196,0.000305822322431805,0.06462664766441827,0.9346367005636828,9.487796668930397e-05,0.00033595148277773085
197,0.002965526537891409,0.16708155066958474,0.827661856564179,0.00032677601737324475,0.001964290210971324
198,0.0014296246767798663,0.08801915595952112,0.9088448630703762,0.0003248464108015195,0.001381509882521487
199,0.004646154553302413,0.11204005511426393,0.8803472526041087,0.0009330954765023786,0.002033442251822658
200,0.04211292784253888,0.07018798248780106,0.007294406471880568,0.006884767876485954,0.8735199153212935
201,0.7160310371319252,0.15430898029635862,0.0010043799954312846,0.043456284786549434,0.08519931778973557
202,0.6234914527265742,0.3141119140093998,0.0020965587113259726,0.009497731669755238,0.050802342882944766
203,0.583702149929513,0.34217101126277366,0.0006567926911807497,0.002552119585284749,0.07091792653124784
204,0.2638040487533947,0.713163143100737,0.003667122855640397,0.010890310029606717,0.008475375260621212
205,0.14362570852888273,0.5938601918445757,0.21579361426274274,0.01141230805379815,0.035308177310000625
206,0.03203921557161014,0.8537609322570359,0.0895270618920455,0.0067904296317830145,0.01788236064752555
207,0.019724995367718157,0.861746944064994,0.10182909291929415,0.011926227673204082,0.00477273997478965
208,0.4110599102446417,0.44178954611014504,0.0017310692701767217,0.07834969243133764,0.06706978194369888
209,0.053849297719633,0.920271595891024,0.015001166171962276,0.0041910363074257944,0.006686903909955026
210,0.01765846576138326,0.9467706036466423,0.03066956935638319,0.002788479153344364,0.002112882082246646
211,0.12954807614923175,0.8554048499686983,0.0032932329313209744,0.005235064031152473,0.006518776919596583
212,0.04722843480856361,0.9274052959110972,0.017832658673004632,0.004014092211840534,0.0035195183954941497
213,0.024450006016397404,0.9102349538591046,0.06035544431586755,0.0024467428413403416,0.0025128529672900353
214,0.03703281836831155,0.9153697452798609,0.04304993392156415,0.0020646035928883403,0.002482898837374909
215,0.010853644350003173,0.7308950738500256,0.2565898474987779,0.0005875692800542522,0.0010738650211390144
216,0.005058565214705376,0.7480800321206388,0.2443155965420464,0.0012691923376611917,0.0012766137849485129
217,0.002962735691199327,0.31754327309113767,0.6780285095208819,0.000551623599694355,0.0009138580970867428
218,0.003088005825586329,0.812120106808268,0.17977573250263607,0.0021244257200368653,0.002891729143472729
219,0.0029567972829000057,0.5795535614971237,0.4125479970708225,0.001433937650144747,0.0035077064990088965
220,0.0025015376352108057,0.7979760781727946,0.19779526075341353,0.0007053619309706444,0.0010217615076104597
221,0.0030374209722414153,0.6080815621157419,0.3861227256539241,0.000895702556036882,0.001862588702055595
222,0.010771746334517622,0.672981274007289,0.31235856407747575,0.0009179676774912876,0.002970447903226336
223,0.001518231390640059,0.810659374427016,0.18664512862672678,0.00024319425512530358,0.0009340713004918104
224,0.0017782817038865487,0.33347382576059337,0.6635743310371949,0.0001932099447094626,0.0009803515536156327
225,0.0010093915103093593,0.1367850549262135,0.8617490870025489,7.973551998840368e-05,0.00037673104093982574
226,0.0011988439136834982,0.44598348885015243,0.551229506397752,0.0003735000588517529,0.0012146607795604273
227,0.0006660200486351049,0.07124313349609272,0.927672244383163,0.00013607075863351063,0.00028253131347579505
228,0.00023330890555661054,0.05624850746789169,0.9432197205337509,8.892619257441691e-05,0.00020953690022642904
229,0.00036224944383340816,0.05160283447802989,0.9476780163060553,9.638799909808037e-05,0.0002605117729834515
230,0.0003097856776756664,0.07431261819086324,0.9248918428365233,0.00012278723585228094,0.0003629660590854305
231,7.744395631178224e-05,0.0352107521783885,0.964462121317219,0.00011298944936058132,0.0001366930987200488
232,0.0019392573539182645,0.1484096961190643,0.847942422827985,0.000628686979106175,0.0010799367199263582
233,0.005111743525859356,0.1835419750462989,0.8062926177581998,0.0005919468373780112,0.004461716832264044
234,0.0005868616995583851,0.07375760327860585,0.9250577798574843,9.66864206666146e-05,0.0005010687436847017
235,0.000791367372028726,0.04268168745695156,0.9559278826337132,0.00013059017650361902,0.00046847236080283053
236,0.0003490157243404516,0.028717676019712708,0.9706389891771587,7.076865579988697e-05,0.0002235504229881721
237,0.0001411799224332087,0.042873002578117186,0.9566768659764955,7.023049868446431e-05,0.00023872102426967826
238,0.0004954827365028759,0.05557815129217836,0.9430211575681411,0.0001738284900167225,0.0007313799131608783
239,0.00022947254952644975,0.031366777702852164,0.9680209883570627,9.88839921531452e-05,0.00028387739840563474
240,0.0001416157959328547,0.04275728256030051,0.9568045330342448,3.3765032314369164e-05,0.00026280357720733893
241,0.00023153763123485912,0.03184665762017985,0.9675669927232388,4.4366253799636847e-05,0.0003104457715468481
242,0.00017793429353937576,0.030573388601363244,0.9688697112904985,9.881230991553276e-05,0.0002801535046836319
243,0.00015996334258626692,0.018477444428533,0.9811079282021093,5.921519199331363e-05,0.00019544883477791894
244,0.00010849408365793824,0.015151419346408823,0.9844734096496631,5.9727409331435466e-05,0.00020694951093857145
245,0.0003721374853996102,0.05067643436200722,0.9483290802633099,9.4128853999399e-05,0.0005282190352839374
246,0.0003773197290518668,0.04095857854065968,0.9580880933732617,6.364777449531061e-05,0.0005123605825313966
247,0.0010246426069004248,0.01084726347935974,0.9866180199818557,0.00014835431544446843,0.0013617196164395697
248,0.0007544077106846382,0.04853058264722736,0.9494990284566243,0.000451882239068248,0.000764098946395347
249,0.00033605571214011585,0.04495070002450249,0.9540032522001074,0.0001475816378434909,0.0005624104254067517
250,0.0008461318962754424,0.09105463360945701,0.9067509542793066,0.0002259827065312346,0.0011222975084298184
251,0.00035696415444549684,0.0795944430911273,0.919370007033623,0.00013049102099698008,0.0005480946998068981
252,0.0002491325181770179,0.038827441238138916,0.9605479212732683,7.814395464028272e-05,0.0002973610157758299
253,0.0007239454770608906,0.047291748514412396,0.9510760682594385,0.000266048634141522,0.0006421891149468672
254,0.000250486043501415,0.05577322471360704,0.9434410887982864,9.897488345502115e-05,0.0004362255611502088
255,0.00022588717095597017,0.037998662859318556,0.9612403555650655,0.0001914460209223282,0.00034364838373778607
256,0.00029549872479706416,0.03856655419384306,0.960373620943393,0.0002105226553056516,0.0005538034826611912
257,0.0016721060995956983,0.0632966785148527,0.934171813672383,0.00019244604496878782,0.0006669556681995807
258,0.0007868956180390498,0.06344047895148082,0.9350260712531944,0.00012447501239213103,0.0006220791648937674
259,0.0011759981666504108,0.07753740740331362,0.9200793829126791,0.0002047298536391056,0.001002481663717705
260,0.00015057822862089468,0.01657820094766259,0.9829955159403052,5.671902295265308e-05,0.00021898586045857445
261,0.002008280507901359,0.10045099397168697,0.8947527547101901,0.0008474772638211717,0.0019404935464004962
262,0.001727888451622279,0.04302258257619764,0.9539006219250755,0.0004836411376717181,0.0008652659094331014
263,0.0004856664748406359,0.027692032080228503,0.9711758009176505,0.00016370697639466933,0.0004827935508858618
264,0.002985689129984274,0.16616722843542825,0.828592608135074,0.0005480080872959583,0.0017064662122175654
265,0.00256077641684235,0.13243400291959073,0.8627435672053224,0.0007866970627639635,0.0014749563954805473
266,0.00013977810759205193,0.023179262617254108,0.9763218375946227,0.00015241937142290572,0.00020670230910810073
267,0.0006383486897927527,0.0346125623089619,0.9632290474091193,0.00044701416842963555,0.0010730274236964992
268,0.00096304861065787,0.05460707468190119,0.9427501808927347,0.0005147892870546456,0.0011649065276515115
269,0.0007436565181355663,0.07204803207406955,0.9260759698458563,0.0003645486161186049,0.0007677929458202314
270,0.0009442693247933393,0.06290026831449086,0.9346311549293386,0.0005323523822022961,0.0009919550491748798
271,0.0005390223799610384,0.08066371556331213,0.91796921159269,0.00025254929567111506,0.0005755011683658089
272,0.0018656472782666127,0.15287132707001364,0.8434706714112433,0.00045907804288241477,0.0013332761975940086
273,0.0014403182475204316,0.13175449865840305,0.8656905519552034,0.00023915280950743538,0.0008754783293656376
274,0.0007363637090052118,0.06403535629265796,0.9345537095167002,0.0002507534717370255,0.0004238170098994893
275,0.0024140264129214432,0.1899105373818258,0.8059614771732553,0.0004922108886075724,0.0012217481433898446
276,0.0029151690859982923,0.22281361364501162,0.7720429790495993,0.0007214269716480493,0.0015068112477428241
277,0.00025046499300765206,0.030388432574233296,0.9689016845282604,0.0002077960127317621,0.0002516218917669148
278,0.00047811477408435713,0.08074526570174152,0.918058252568859,0.00016386934075107333,0.0005544976145639094
279,0.0002815202753131736,0.04520572942287421,0.9540304356286228,0.000138564703390498,0.000343749969799553
280,0.0010879961904224186,0.17188348614906448,0.8254745964945767,0.00041695971119972477,0.0011369614547368067
281,0.00028152895722186033,0.06258341561173555,0.9366736835903062,9.524788164511923e-05,0.0003661239590913643
282,0.00022502271272968136,0.06028867362580131,0.9389651228577777,0.0002036629469842842,0.00031751785670708783
283,0.0004429979662852291,0.10781701684956364,0.8909404698303103,0.00018127133828983348,0.000618244015550971
284,0.00047745166218972216,0.08772196121767874,0.9109365387725564,0.00027360936933619646,0.000590438978239043
285,0.0001634321334032288,0.03244951173458676,0.9668836347020402,0.0002400872975742003,0.0002633341323957952
286,0.0009785001615027868,0.10081259207981022,0.8963853801437035,0.0009461583512745668,0.0008773692637088691
287,0.0010907730813862063,0.10282473058698641,0.8942791741982395,0.0007879173455315247,0.0010174047878563368
288,0.003481449826147856,0.40961313865484555,0.5815663530668873,0.0028198309643163435,0.0025192274878028885
289,0.00204717742856079,0.3537645499652507,0.6414863320852837,0.0011987737098716857,0.0015031668110331905
290,0.0003816794895269957,0.11341712499488985,0.8855656608725611,0.00019152403953641705,0.00044401060348554073
291,0.0022567472570910485,0.2936607673008385,0.7013351916688559,0.000798867975458044,0.0019484257977564463
292,0.0002945069292963711,0.1081933251387647,0.8909570259432391,0.00017646373876476062,0.000378678249934914
293,0.0010105383403901742,0.4180116468412636,0.5789543195826987,0.0005253000781379897,0.0014981951575096307
294,0.0012734289650497576,0.35486554335417986,0.6419187176220976,0.0005809757687905038,0.0013613342898823003
295,0.0018579566753868034,0.40080075439617147,0.5941748165292836,0.0014079630662797366,0.0017585093328785315
296,0.0014038306981857338,0.3389107301099326,0.6578287168119987,0.0003633747745104099,0.0014933476053724363
297,0.0006859898796438559,0.18096785343076072,0.8173840087840377,0.0002725740766392351,0.000689573828918477
298,0.0005941018510374875,0.14668723636525824,0.8516302265680878,0.0004400898042930887,0.000648345411323143
299,0.0012928311075037324,0.21371501334071313,0.7832120461001615,0.0007755475602796304,0.0010045618913420476
300,0.004043810475601338,0.33991630662297906,0.649052033211966,0.0033403070929219525,0.003647542596531684
301,0.005892783676864533,0.527114119557862,0.4546271620835611,0.0051209036190564905,0.007245031062655835
302,0.02019837905758216,0.4946669906430664,0.472246567044527,0.006796381024494074,0.006091682230330253
303,0.018924634103310124,0.8005691848564949,0.1272014230266997,0.04522558301497948,0.008079174998515758
304,0.019488150584402807,0.7747890196538518,0.14044284325897244,0.052435554117939875,0.012844432384833118
305,0.15515125345411315,0.4043199030148269,0.05288727159407193,0.33518688847282896,0.05245468346415908
306,0.07295044358055423,0.06454360957172628,0.0012775129858158118,0.842519702472282,0.01870873138962149
307,0.11112143789839472,0.03105628402473918,0.0003361166681212827,0.6259074946642774,0.23157866674446745
308,0.05226902945393238,0.028805066347929186,0.0011691730539085809,0.09776758596690296,0.8199891451773269
309,0.1798032589800346,0.056360430945359974,0.0015967199266575006,0.24579881361631364,0.5164407765316343
310,0.34041171730059433,0.0665460982080696,0.0004859099678082095,0.24641915362084496,0.3461371209026829
311,0.48704810953091343,0.038607689911216464,0.0004943606418104161,0.3417355682036853,0.1321142717123745
312,0.3752103777771449,0.03114895499353001,0.0004990344915771045,0.5331679331013112,0.05997369963643684
313,0.19656923811317203,0.05345089246110685,0.0010837665433989804,0.6906848447106838,0.0582112581716384
314,0.3540237709643196,0.13928745021199543,0.0008688784636655412,0.45771731739705346,0.048102582962965844
315,0.2695594488249582,0.1074647303876738,0.00035624307779916605,0.5835313841225281,0.03908819358704064
316,0.16972958235624971,0.08847976280997569,0.00021496419200943786,0.6795916336947213,0.06198405694704397
317,0.31777231282586715,0.053366778781490314,0.00016727983153168798,0.5919098000965237,0.03678382846458715
318,0.0014988695070408773,0.001765808434589135,0.0005217009313422056,0.006459574057135931,0.989754047069892
319,0.11273665299898071,0.02305009340939718,0.0022925882199468345,0.27549941664343136,0.586421248728244
320,0.49299084431202206,0.03412555306698762,0.001940075909015803,0.33734489294028325,0.1335986337716913
321,0.3520679157343758,0.02146160826010536,0.0012952587892636291,0.5332211296750646,0.09195408754119065
322,0.07382155808859267,0.0028298887634024567,0.00010218816667567167,0.9009499674014625,0.022296397579866803
323,0.037771998442459154,0.01099198400957554,2.7301865461793413e-05,0.9305859635736559,0.020622752108847557
324,0.056348076574170194,0.008243373425382528,5.691003332181391e-05,0.8698736710808762,0.06547796888624939
325,0.09103733944801098,0.006091595920248723,2.5433902895188603e-05,0.7846739541476584,0.1181716765811867
326,0.16954258166017758,0.017656408727859674,9.419308628487966e-05,0.7325477833378883,0.08015903318778973
327,0.20795560268650887,0.009020473125737189,6.981097690362373e-05,0.7700963176245947,0.01285779558625565
328,0.24619006270691185,0.012637443582447484,0.0002028121317031436,0.7236002474272332,0.017369434151704364
329,0.09227638097025133,0.02077976663406017,0.0006305717998622357,0.8738506108124968,0.012462669783329494
330,0.0581294965158261,0.011230089476874464,7.036646435371848e-05,0.9203851183071509,0.010184929235794959
331,0.03208034656067152,0.0034515781328388253,1.8842967693989224e-05,0.9568275212991784,0.007621711039617266
332,0.03372085870126085,0.0043387496479154845,3.6132914314648636e-05,0.9582314955087051,0.0036727632278037935
333,0.03921457810363078,0.004047965525603716,2.150455344733344e-05,0.9487936114638974,0.007922340353420782
334,0.05776286348310414,0.009230017452656275,7.376439471222573e-06,0.9105097452312921,0.022489997393476333
335,0.066493832574339,0.011987271705694254,1.3038115466754225e-05,0.9169012936669609,0.0046045639375389535
336,0.15428539790302492,0.013529314959126902,1.35270273289716e-05,0.8003482347760239,0.031823525334495374
337,0.15858669303805373,0.02571382375577071,1.3275607879202e-05,0.7855652280434817,0.03012097955481463
338,0.05104709851418122,0.010967387371175006,7.849430631397487e-06,0.9294367268922447,0.00854093779176758
339,0.04444186166228117,0.00398812456596675,3.148888270176126e-05,0.9386813480123296,0.01285717687672062
340,0.034125694930448584,0.004629118514978293,2.228780017258726e-05,0.9303536869272987,0.03086921182710184
341,0.02044424444181206,0.007031778561352011,6.393005438776864e-05,0.8952323117405206,0.07722773520192752
342,0.04534085615146975,0.005293881245496068,3.0878858187554343e-05,0.24626729347324128,0.7030670902716053
343,0.3194998586004249,0.008388927872401157,1.1690768877160441e-05,0.4451188543785481,0.2269806683797487
344,0.3826547802673957,0.031934394099732824,2.282811739007783e-05,0.43012673025045,0.15526126726503142
345,0.15614761945162664,0.03274867650878816,0.0001746458224136402,0.6197047315894376,0.19122432662773398
346,0.13380282760092785,0.0143567601645712,0.00030991287756859686,0.38200568232199206,0.4695248170349404
347,0.02554911069348057,0.002778142014047525,0.00020921009402507252,0.2260252239213448,0.745438313277102
348,0.31502359750954845,0.12027577901540787,0.00041533342835678704,0.5193855802091226,0.04489970983756431
349,0.5538691496071027,0.033652092359369966,2.2518764089184336e-05,0.3338928009001412,0.07856343836929686
350,0.7716647915782698,0.06119181708853892,7.042987645628042e-05,0.14767802863661622,0.019394932820118917
351,0.1300560963479295,0.7410701011755871,0.0008286395680476157,0.12086458410476485,0.007180578803670891
352,0.2523415423278561,0.3786273048118683,0.0011260299106503019,0.35944438678627444,0.008460736163350975
353,0.05814257695583109,0.7675720645332446,0.0017042165456840354,0.16969671874158385,0.00288442322365647
354,0.04408136330473449,0.709711975257055,0.0016348318799218311,0.24223367596895384,0.0023381535893347463
355,0.04220449119881578,0.4092498653780848,0.0030106868456313183,0.5410457366475966,0.004489219929871449
356,0.21238086780014617,0.2486254895598567,0.00028297937661289505,0.5253923129698194,0.013318350293564847
357,0.09678115735253585,0.7703224072476444,0.002013999466864431,0.12812524721370802,0.0027571887192472605
358,0.03697032243176077,0.8595815109505343,0.014895480695386203,0.08656807672329801,0.0019846091990208216
359,0.13691358278897398,0.7039053017955872,0.0013337062274022674,0.15361009640251375,0.004237312785522815
360,0.020384236874167207,0.9044027450586094,0.009249027221937232,0.06336193721148621,0.002602053633799949
361,0.014118273466484563,0.9260350059058449,0.021951097302300618,0.03610854779738749,0.0017870755279825554
362,0.02842231181516774,0.9048119488895467,0.007974277122756333,0.056803786722922384,0.001987675449606668
363,0.008959259993020826,0.9023377162264568,0.0446010848108036,0.04222160125095255,0.0018803377187660891
364,0.05545569379177907,0.8900900673706408,0.003141587232688734,0.0486461421136733,0.002666509491218045
365,0.02214236674012365,0.9281819218095421,0.010865359174452447,0.03668827431297555,0.0021220779629061736
366,0.008298694067207209,0.9300191429408172,0.04504794778106744,0.015127850235989719,0.0015063649749185583
367,0.14550707537296384,0.7967385643580622,0.013814281308840493,0.025199969295723015,0.01874010966441044
368,0.022243100309019145,0.959059669605457,0.013610980597361445,0.0019825113981279275,0.0031037380900345644
369,0.12634744583595245,0.847021500846823,0.012326756782148562,0.009348169684206355,0.004956126850869681
370,0.015564842073875287,0.9169049926447425,0.062490388668354095,0.0028098776728899526,0.0022298989401381445
371,0.010081122376712957,0.7132129244125825,0.27178624617287134,0.0031037258423503356,0.0018159811954828653
372,0.033266554856679655,0.7203876276200075,0.22851675775622793,0.007347543067181695,0.010481516699903262
373,0.028926940710594356,0.9225813967044899,0.03907616304388887,0.00528566755248701,0.004129831988539869
