epoch,N1,N2,N3,R,W
0,0.0024066720399228115,4.765045481546877e-05,1.2225570208857903e-06,0.0006173177063043422,0.9969271372419365
1,0.0016599897234400394,7.846405077238932e-05,1.23677208425892e-06,0.0005135590418388294,0.9977467504118646
2,0.0010860147163324534,3.69222638970124e-05,1.1078526576119041e-06,0.0003435188486237189,0.9985324363184893
3,0.0030332898261960705,7.062800190414816e-05,1.3141833015165933e-06,0.0007714038480441917,0.996123364140554
4,0.00650420739402202,0.00035190896097414824,3.080210335264576e-06,0.0020649109107580273,0.9910758925239105
5,0.0008998306492872743,5.173045935915724e-05,9.353286789264531e-07,0.0006656567985772953,0.9983818467640974
6,0.005759454366850858,0.0001649778939931186,3.1859348898830133e-06,0.0013930982303980266,0.9926792835738683
7,0.01580480405500031,0.0007936968691511122,8.974320726204767e-06,0.005203088817421945,0.9781894359377004
8,0.019831794486148833,0.0009399150911975709,8.133883051010715e-06,0.004430473706789725,0.9747896828328129
9,0.03990868818728716,0.026124204034991442,7.42673724995591e-05,0.04647449304044016,0.8874183473647816
10,0.001570008162794877,0.0003325897367240268,4.057998545474091e-06,0.002819744816733832,0.9952735992852019
11,0.014411301655949536,0.0025424156518371616,3.934937138569864e-05,0.007573027232366067,0.9754339060884615
12,0.004218503747670078,0.0005868538611179013,9.742332822539508e-06,0.0029724697840996612,0.9922124302742897
13,0.009400431273690989,0.00043573768365781407,8.780223413552345e-06,0.002326110784023492,0.9878289400352143
14,0.06165191616898467,0.006829716219575672,2.8309418924749033e-05,0.012042800155655125,0.9194472580368598
15,0.235420904402369,0.13268718551886632,0.00011089566811816659,0.064380172494485,0.5674008419161615
16,0.08117152383715774,0.14546700515897398,0.00014825697560802054,0.08693777049749511,0.6862754435307652
17,0.008454733556723396,0.0035963971564736694,2.0508077245941462e-05,0.008093476457239197,0.9798348847523178
18,0.009902441835684733,0.00620312859122856,4.5622011888963594e-05,0.00689123660201244,0.9769575709591852
19,0.006628560860580975,0.000993857453047534,1.7188451524866794e-05,0.0013055342659135567,0.991054858968933
20,0.49392867979730676,0.3310271547641926,0.0003431052320723372,0.0535698266769512,0.12113123352947705
21,0.030847785751063936,0.013886936478124109,5.492392211678589e-05,0.0055524343335138305,0.9496579195151814
22,0.11347644923754932,0.8130262150246861,0.0005404220140401558,0.016240726501782855,0.05671618722194157
23,0.00419480481786235,0.009188486323317946,4.100359207909238e-05,0.002910797811201259,0.9836649074555395
24,0.03937469243970978,0.04456313835030845,0.00012851459201821978,0.013302787024159796,0.9026308675938038
25,0.015124883462372568,0.01479360692438119,7.878970659132495e-05,0.002483674503002775,0.9675190454036521
26,0.06876462175583158,0.08163605475250452,0.00010915577137470654,0.0025200848480887122,0.8469700828722004
27,0.008712885358855792,0.0017740703611686915,2.2003003002424348e-05,0.0005372320868282091,0.9889538091901449
28,0.060688285599809676,0.8293434069000873,0.00011115561792573367,0.0012761259463058138,0.10858102593587131
29,0.0021952434550411098,0.00208184086092827,1.5202746636604566e-05,0.00010848776761521249,0.9955992251697788
30,0.08255384270189872,0.11094057795683432,0.0001557178039578538,0.0013937356140129018,0.8049561259232962
31,0.0024836263590609685,0.0016461150671169945,1.8847763160455977e-05,3.373286048631358e-05,0.9958176779501753
32,0.19223766960880995,0.7629730184476754,0.00022409929509180178,0.00028501537008597446,0.044280197278336965
33,0.34346872561666275,0.32320834377044844,0.00041648317696804313,0.0007082055870587417,0.33219824184886193
34,0.09709686812828451,0.8601230198964789,0.0008421030904153725,0.0005098689128260628,0.04142813997199513
35,0.07680024749417161,0.8861594728865648,0.008079793844428702,0.0011836026016579751,0.02777688317317699
36,0.009230177837028057,0.9732368405724251,0.002227290706753965,0.0005853713881671447,0.01472031949562596
37,0.12934992530410086,0.7831701794714984,0.02093904659684114,0.0020527153495987784,0.06448813327796088
38,0.013924196812178132,0.8948614478210927,0.07905300475662125,0.0007651875182861413,0.011396163091821659
39,0.111304974162096,0.31232459813533103,0.005844706505526858,0.0016273632239697995,0.5688983579730763
40,0.2648801954574598,0.6760529014500096,0.0012212279172115173,0.007168768776688812,0.05067690639863026
41,0.251715621332593,0.3467042095666586,0.0012245513441567792,0.001126995265640733,0.3992286224909509
42,0.16964111310275423,0.8092354702076969,0.002096254981405103,0.0006717089321711675,0.018355452775972638
43,0.1453038624694074,0.8351441924217536,0.0009577018744031353,0.0014916233553423604,0.017102619879093613
44,0.22297351967878437,0.7180891291627478,0.0009790392510822116,0.0034754513105733176,0.05448286059681232
45,0.0965138704533958,0.8801862491097924,0.0038215653372178954,0.0009423472037647937,0.018535967895829116
46,0.10070034223873091,0.8464611632349145,0.01917187438440866,0.0008522435258283235,0.032814376616117476
47,0.03371300801820908,0.9259836910057025,0.029784530958020406,0.0007318043192405386,0.009786965698827399
48,0.16105607905498348,0.7994796479321477,0.018316775190098437,0.00283090869871006,0.018316589124060263
49,0.0220221226455107,0.9117626097233374,0.05463682559337087,0.0010645626735741724,0.01051387936420682
50,0.25803589624517465,0.6952704959595422,0.02519932259749768,0.004804010670394201,0.0166902745273914
51,0.26531746898149927,0.578865192035035,0.004001821308465721,0.005607470818223294,0.1462080468567768
52,0.3393460432903616,0.39265704426407083,0.0018087377302981357,0.006504228321002924,0.2596839463942665
53,0.40420061294888204,0.25116206710601113,0.0012928023948562029,0.001941078646246069,0.3414034389040046
54,0.019347039399513526,0.9495342153148566,0.023868285099247037,9.207025702320111e-05,0.007158389929359629
55,0.31182963617000686,0.5161557382052343,0.0025630781217999585,0.0013105175663376083,0.16814102993662125
56,0.01583040569059196,0.9036026618976677,0.06566168877782708,0.00020581596935831834,0.0146994276645549
57,0.20319021705688362,0.7543971322414506,0.021694769755821307,0.0019005766429363363,0.018817304302908247
58,0.05869549977553799,0.8757862284030381,0.05816531258307669,0.0003230896824442194,0.0070298695559029645
59,0.03181566720715916,0.7759941395172021,0.17668597092067692,0.0007800932809047273,0.014724129074057278
60,0.022789033048816035,0.8787111381617172,0.09286426202806985,0.00031013554459886303,0.0053254312167982255
61,0.0087513659067152,0.8362208442368169,0.1490631746765706,0.0001365854092343587,0.005828029770663102
62,0.002047132631121677,0.6747792207341207,0.3159437173892431,5.356669440511961e-05,0.007176362551109428
63,0.0025718743648112485,0.7117918769411536,0.28009142963833367,7.283851575371549e-05,0.005471980539947698
64,0.003116237562952768,0.6317607722347384,0.35775537214774933,0.0001474545996299366,0.0072201634549297405
65,0.007938094210343987,0.6888002279501816,0.29197796016921573,0.0005006091854162292,0.010783108484842412
66,0.002404789358775423,0.5772962897420287,0.4127431368507086,0.0002541080124174604,0.007301676036069719
67,0.0038240409845619805,0.6117360941481692,0.37735094374475225,0.00036536491999110686,0.006723556202525344
68,0.001661430359484938,0.6430033939107405,0.35164145377326633,0.00013986129949873432,0.003553860657009445
69,0.006611322233739852,0.6296279773178659,0.344746967330453,0.0006167174781989627,0.018397015639742297
70,0.001844194329243533,0.5903118021111614,0.4039557880016785,0.00014507961712109817,0.0037431359407956036
71,0.0055795588708247405,0.547169436176489,0.43932113275337537,0.00034565916690477457,0.007584213032406065
72,0.0040604369764975215,0.7643133019285393,0.2233509499449967,0.0002978105591357489,0.007977500590830735
73,0.0041721150011823725,0.47196036101280725,0.5065495701256182,0.00021964938822023478,0.01709830447217201
74,0.0030977168637914125,0.5122212980922728,0.46575673853394123,0.00018132095810245607,0.018742925551892126
75,0.003973239693257674,0.4942848181757848,0.49183969463701227,0.00020683744499567112,0.009695410048949292
76,0.003046138109510757,0.5841676221785246,0.4000682885836142,0.0003808520570978272,0.012337099071252602
77,0.0009386347378864533,0.50108622931268,0.49307058920499613,0.00012310855256897105,0.00478143819186848
78,0.0016806961048257854,0.46692311386828733,0.5192392015591236,0.0003093012103917448,0.01184768725737161
79,0.0014834911641647978,0.588624061405558,0.4023052601675584,0.00020960077399043674,0.007377586488728493
80,0.0009822903426224192,0.38136921644983435,0.6091415020743627,7.792960140117351e-05,0.008429061531779365
81,0.0018754732705612244,0.4738837297355657,0.5151604356006573,0.00011847921604332105,0.008961882177172484
82,0.0010251922722430752,0.2846842994683141,0.7081514751584239,7.09093678422178e-05,0.0060681237331767935
83,0.0030822093907206666,0.4541938217505042,0.5346039052452156,0.0001412634364544581,0.007978800177105021
84,0.0016438720259620676,0.4702216567298,0.5209833753400248,0.00011601646890246834,0.0070350794353106535
85,0.0017013878822661637,0.4908134009802584,0.5016646879436892,0.00014502624314114578,0.005675496950645064
86,0.005951757202430626,0.5805817509402388,0.40715376925679597,0.00023517572673139228,0.0060775468738031874
87,0.005323322360542387,0.5790587957466663,0.41035628094210397,0.00022151908123423987,0.005040081869453022
88,0.005210965684147757,0.5805471189828684,0.40208603109947066,0.0014767493318311067,0.010679134901682074
89,0.008008392120343615,0.5787820933984636,0.3865295599998328,0.0014168573484247143,0.025263097132935335
90,0.2992339842419884,0.5339562660669364,0.012179709054972662,0.008705727351415341,0.14592431328468736
91,0.08164181521086114,0.8482786590856688,0.036090197290846705,0.003895169784144449,0.030094158628479133
92,0.3524023073617038,0.43275801032177535,0.0018359385046141617,0.04568015168083935,0.16732359213106723
93,0.13801346444909726,0.7640857501071611,0.0010358690769346043,0.05582843131981018,0.04103648504699703
94,0.06538740178299206,0.03604476013881887,0.00010070207009442629,0.02002846356505575,0.8784386724430389
95,0.16990343420501988,0.28536384162106326,0.0004431515191115611,0.021327060081643975,0.5229625125731613
96,0.036173074687926896,0.026827026976855285,0.00010430965319320076,0.004529506417803433,0.9323660822642212
97,0.5836611106785314,0.19842196256267364,0.0003687947855391481,0.016400020439593897,0.20114811153366183
98,0.27477816002681454,0.10042310133460712,0.0002015258951136003,0.014093130246030119,0.6105040824974346
99,0.3354367747009298,0.2919567546735296,0.0003515166045897929,0.026856957916810094,0.34539799610414057
100,0.12704846244613816,0.05114898001696854,0.0002682673558806049,0.012497447572183558,0.8090368426088291
101,0.10956151996968294,0.037345897362047034,0.00013428515426728305,0.014803858064140625,0.8381544394498621
102,0.07934156223036302,0.04329447951216357,0.00013330219294672543,0.028312850308825965,0.8489178057557006
103,0.2062531633567922,0.7423230961723154,0.0002099617966072101,0.01155906557960938,0.03965471309467599
104,0.09741320416536975,0.12422858292335545,0.00023587742708093074,0.006634665591968902,0.771487669892225
105,0.14405538746917937,0.21128819686759412,0.0002917485555577425,0.011390266824320212,0.6329744002833486
106,0.20642154352153547,0.4701007251007434,0.0007643678667353935,0.008298065651957268,0.3144152978590285
107,0.08389452233370542,0.8076027348635763,0.003540496570946416,0.000878419963578122,0.10408382626819374
108,0.32482671318758505,0.5370461286461473,0.0006504821296262508,0.004612722963355019,0.13286395307328625
109,0.3668000218117984,0.5010512673005504,0.0009292527181956939,0.00655546612770462,0.12466399204175095
110,0.24968483403699973,0.6136092058908446,0.0017235643648587052,0.001846524817723768,0.13313587088957302
111,0.41207691151792886,0.35495384645062483,0.000705221495638581,0.003562580213977351,0.22870144032183032
112,0.44742875661003667,0.40787265804217265,0.0009470015243919744,0.0024440512121476528,0.14130753261125104
113,0.15926884525889243,0.8315130501245249,0.001300979897476858,0.001337770510125466,0.006579354208980372
114,0.04265265844811663,0.9494803375958761,0.0020617479455676485,0.0006811697979038804,0.005124086212535723
115,0.00826423840519891,0.9232542913725247,0.06347246195367649,0.00047951724811060297,0.004529491020489352
116,0.026675200158624884,0.923167028644906,0.042383361518753396,0.0017176461552132483,0.006056763522502549
117,0.027957093791538656,0.9243245849660907,0.038595191754539564,0.002113900359721989,0.007009229128109148
118,0.007444886411964327,0.9063327511517553,0.08046150700590601,0.0013481542397284255,0.0044127011906460204
119,0.2484568878205923,0.7042401884811474,0.022607236070000373,0.007741234386566082,0.016954453241693687
120,0.04048421608522224,0.9322075299977601,0.013430062108600833,0.005509910236474104,0.008368281571942644
121,0.13128841264974422,0.7534520246390523,0.01633558587797036,0.013847972014772015,0.0850760048184611
122,0.07044649682214033,0.8791849643873044,0.011847507233288977,0.004226626637696892,0.03429440491956927
123,0.09796314464458239,0.19097424373297714,0.0005193520637336526,0.004064923965647565,0.7064783355930592
124,0.29417787540555757,0.412664107653975,0.00049711226047736,0.008499002930794959,0.28416190174919503
125,0.23004700045324364,0.7135418382509248,0.0008147734617856724,0.024995851307696913,0.030600536526349115
126,0.029849686292409146,0.9547683312822574,0.0023700666534992205,0.0038148642883459164,0.009197051483488497
127,0.04103948413165656,0.09171554578000027,0.0004952125486810608,0.002707782025552778,0.8640419755141093
128,0.07553907195235722,0.07641224734268535,0.0001381604736642577,0.01103406712425962,0.8368764531070336
129,0.003340138038728084,0.0034829783377290416,1.2418373887593695e-05,0.0008485800618463729,0.9923158851878089
130,0.012663858692919715,0.007947323586467846,3.16949189336061e-05,0.0038267197986746005,0.9755304030030043
131,0.015015314675595269,0.0022307863298245655,2.176908092767781e-05,0.0046592739734467314,0.9780728559402058
132,0.04925140719341654,0.013297126984948369,2.6069405936294243e-05,0.004032912278108043,0.9333924841375909
133,0.0010745356456694452,0.0009476746894458979,3.6178315006633095e-05,0.0002871036351450657,0.997654507714733
134,0.00027552977170144705,0.00014524400100497835,2.9291965847056193e-06,0.00011106671043565599,0.9994652303202731
135,0.00039467754321288756,0.0001355641258095799,1.100291210857318e-06,4.356778297701281e-05,0.9994250902567897
136,0.00030730815596742637,0.00010685564003742222,4.893428850784559e-06,4.527547078571788e-05,0.9995356673043587
137,0.00039291910178880626,0.0002904739733546285,6.9871264568708005e-06,7.498091253817354e-05,0.9992346388858614
138,0.0011151548899055257,0.0002597915408598896,6.262952383812788e-06,6.538120512790485e-05,0.9985534094117228
139,0.003532282914711299,0.000796252679779284,2.115027958615113e-05,0.00012648543204278194,0.9955238286938806
140,0.009211919249371037,0.001133649894970524,3.408385130200194e-05,0.0004214017644071066,0.9891989452399492
141,0.01212571504901281,0.002079724585029175,2.732566345686882e-05,0.000649519259820559,0.9851177154426806
142,0.04895715196083888,0.010539648567514586,7.012531916497275e-05,0.0020404881141923227,0.9383925860382892
143,0.11600171388461109,0.054581985604795956,0.00023887956684737685,0.006856357750203058,0.8223210631935425
144,0.12753880027439496,0.07333752310445808,0.00023435601840049664,0.009897269873419655,0.7889920507293268
145,0.11368315931703146,0.28328004291663317,0.0004509836914985882,0.024320985291898602,0.5782648287829382
146,0.005738771284463491,0.003953784437421873,6.961718586588034e-05,0.002099062606279594,0.9881387644859692
147,0.006449041702849448,0.004726325795789187,4.164444290186031e-05,0.0033333523842729042,0.9854496356741865
148,0.02954376377286743,0.0080030063549033,4.0348300103434196e-05,0.006476635763508499,0.9559362458086174
149,0.0698233597523639,0.010111546160782595,2.5717919262423294e-05,0.004874989382480435,0.9151643867851106
150,0.06033609060615423,0.016764686054020306,4.760785573848542e-05,0.008001275970084184,0.9148503395140027
151,0.06284807058157028,0.010135873107799046,5.242961650263075e-05,0.00853433561250881,0.9184292910816192
152,0.13504384458281163,0.04321342349280114,0.00012839899400760485,0.018361170598395364,0.8032531623319842
153,0.01765272616340757,0.009486548687810861,9.216177047954318e-05,0.0023955208206173774,0.9703730425576846
154,0.08381738411961677,0.01421384023671604,0.00011920684805903829,0.0029513228482586145,0.8988982459473496
155,0.43876181918972723,0.14182884357873418,0.00020567156037433959,0.0049512639293513355,0.41425240174181305
156,0.6375081605850059,0.25440149067379,0.0003672265188545776,0.0027590775979091627,0.1049640446244404
157,0.36918476910355824,0.5796311845641628,0.0008192267094530613,0.002787878959781656,0.0475769406630442
158,0.06416011946423499,0.9163384815554066,0.003320631210163963,0.0022523272598282307,0.013928440510366194
159,0.05519407055078181,0.9185975957430258,0.009967056808598102,0.0031310165695444636,0.013110260328049943
160,0.05606210093547058,0.9128807073600692,0.017911859375191547,0.002393617528621739,0.010751714800647029
161,0.08258378996198365,0.8839618363791911,0.01765940608029884,0.003825473770666272,0.011969493807860122
162,0.047987863100915414,0.8852539856079168,0.053662078311548185,0.0019507029512060682,0.011145370028413596
163,0.038454694897570856,0.8572554249871877,0.0734212756612252,0.003852797780732903,0.02701580667328344
164,0.10491841249210777,0.3966564756958836,0.007157949850484525,0.002504391876866824,0.48876277008465724
165,0.044882662493000006,0.02763869102976486,0.00015363831340677665,0.0025132422341987877,0.9248117659296297
166,0.3590147367010234,0.1754418874122418,0.00040110444152137935,0.0036125717071546263,0.4615296997380588
167,0.22588023138325358,0.6961734879231791,0.0016043122665378687,0.002310946347764982,0.07403102207926456
168,0.18783613349933814,0.7480344971593984,0.0006120942345268075,0.004203865139976531,0.059313409966759954
169,0.1334139538073886,0.8272305718143559,0.0015910784874028304,0.011591782431187707,0.026172613459664745
170,0.08955660929911818,0.8678842647630162,0.003975312386037439,0.011913998790582794,0.026669814761245605
171,0.3081450631212214,0.2089162862100072,0.00041253994351253277,0.05148283880190849,0.4310432719233503
172,0.11213993472258468,0.2586902205004822,0.0004066387717275613,0.0075748289115312815,0.6211883770936744
173,0.36813687586085325,0.28116163166838765,0.00030274192465882106,0.005955307534100035,0.34444344301200025
174,0.15040808959964058,0.753740842288867,0.0005157136501741023,0.0017689660543299811,0.09356638840698826
175,0.050766261354722376,0.9394519479335242,0.0014642533313826167,0.0009892055354990513,0.007328331844871862
176,0.26098854687061884,0.32209177112793896,0.0005956951361222636,0.009968552513536098,0.40635543435178373
177,0.03208048680123977,0.9578928778101309,0.002584896975735029,0.0033557654180083303,0.0040859729948857886
178,0.010760194134914565,0.9796263981778613,0.004926979995411556,0.0023672106427215984,0.002319217049090986
179,0.10953918647735812,0.7381007075810142,0.0065882098858337694,0.0024159615222881466,0.14335593453350592
180,0.12170987462097436,0.8055947027140958,0.001176557738373503,0.010925103513015733,0.06059376141354054
181,0.06764720316771214,0.07095462107093801,0.0004033103614969639,0.002722961284572827,0.8582719041152801
182,0.17228985198599528,0.7759954813887282,0.0011696149298665334,0.0037249586603867414,0.04682009303502318
183,0.3095422864393455,0.5793490578772499,0.00117196015319429,0.00486585751860732,0.10507083801160316
184,0.0870799567429153,0.8875866225774838,0.01950951989551738,0.0016708287440061142,0.004153072040077463
185,0.42989624727230197,0.4979099286303359,0.001437905795702466,0.012832799660332354,0.05792311864132744
186,0.020962346545249665,0.9464330349120924,0.028255769917201093,0.0008580522475488765,0.003490796377908039
187,0.01579731636466958,0.9213116362569413,0.057025018572053714,0.0011164805364599125,0.004749548269875328
188,0.017354106424798385,0.9289363947140442,0.047439787486734684,0.001430594202851572,0.004839117171571386
189,0.030134438017535067,0.8581661236974714,0.10202295673352814,0.001839177626511613,0.007837303924953763
190,0.009068684982563028,0.8163282223260447,0.16381470219932143,0.0007021822528275877,0.010086208239243229
191,0.0058078830055036884,0.8045556150608814,0.18569570273031558,0.0010923674901782562,0.002848431713120922
192,0.04055412289773411,0.9091995821000186,0.033401155425989704,0.002918743820218127,0.013926395756039413
193,0.10049700658647252,0.8190523491313974,0.06994142017557349,0.0038769508613032866,0.006632273245253248
194,0.035001726213670536,0.9104622139470306,0.04597373970723861,0.0011469778199396268,0.007415342312120616
195,0.18542851536178395,0.7755509715495712,0.0206806173704016,0.006955793409014896,0.011384102309228306
196,0.009375437543678653,0.9139611132107909,0.07128983553382698,0.0007574670627338087,0.004616146648969838
197,0.061497553491577074,0.8820161187131399,0.04825144718512621,0.0016262638940771688,0.006608616716079655
198,0.039243458257936695,0.9214403768152742,0.0291677227581866,0.0016983057838156623,0.008450136384786755
199,0.044123673465102084,0.9171168406817639,0.030218532493282647,0.0017203407365038123,0.006820612623347475
200,0.007442276266387934,0.9200029645900991,0.06741298662576829,0.0005955191017050907,0.00454625341603969
201,0.1614522387685509,0.800245237502948,0.012080902494502426,0.005327961902367846,0.020893659331630978
202,0.007626250650671438,0.8642887079083782,0.12499866833886408,0.0006727126966958104,0.0024136604053904354
203,0.014224564000882232,0.8921995560522372,0.08817635193506432,0.0016099225509565757,0.0037896054608595464
204,0.01735145273979912,0.8720967448320455,0.10594358063522961,0.0011830800659488653,0.0034251417269771413
205,0.01836816822332854,0.8676561315256239,0.10470239461162971,0.0035353309946333034,0.005737974644784481
206,0.06626785757005729,0.8757800706821524,0.04439235437135271,0.006942128287036864,0.006617589089400896
207,0.01496425885306557,0.8955959590105789,0.08019191246440766,0.0038230679208503373,0.005424801751097476
208,0.17051081722795705,0.7945848788462979,0.01131911033219012,0.014172247897867364,0.009412945695687566
209,0.175546605677155,0.7742508869807622,0.022111696248765415,0.011773790351467573,0.016317020741849774
210,0.23185357511524185,0.7232601276861783,0.011379148356510101,0.011487277707695823,0.022019871134373935
211,0.1318135976741348,0.8122590836572889,0.01562773035601068,0.007697411599418447,0.03260217671314715
212,0.012817219559258828,0.9371108150890493,0.04624120874832742,0.000947591387039978,0.0028831652163245343
213,0.1844795076673204,0.769696238480205,0.02948688146560853,0.0040392229736256665,0.01229814941324034
214,0.04355001927431734,0.9212005829480209,0.029539024895464696,0.002523879805532264,0.0031864930766647838
215,0.2577945352345453,0.661261419441463,0.023594072173416757,0.017216888839853842,0.04013308431072113
216,0.0402183216826514,0.9166022555121164,0.0382032455449833,0.002171515073747617,0.002804662186501262
217,0.2596733597794629,0.6943308594895846,0.008131680874738858,0.011711700981336616,0.02615239887487714
218,0.0780576796500904,0.8813334941026976,0.03436004186163838,0.003242269933878013,0.0030065144516956796
219,0.029080038832106747,0.8838585826422438,0.07209660701395049,0.0035379852810723876,0.01142678623062673
220,0.03761242302596171,0.8880820352326851,0.05984910656299305,0.008470785237039593,0.005985649941320278
221,0.4077408782075431,0.43667820310367333,0.0033674345006699615,0.06656364160468609,0.08564984258342749
222,0.07338636528560659,0.8906308849044764,0.02333533302449873,0.006148226074560658,0.006499190710857708
223,0.16307822212372947,0.7810468998879313,0.011694205877404445,0.015534186835066023,0.028646485275868546
224,0.04269371640212536,0.8985040086156485,0.040423778695577915,0.00554780358134045,0.012830692705307763
225,0.1921851374176244,0.15822384939435372,0.0009293448809682738,0.01404098762892001,0.6346206806781336
226,0.1264579547239938,0.8418874398691943,0.0015518119670778663,0.0030580560495602426,0.027044737390173754
227,0.3517752076575367,0.5942060997494061,0.0020050013442413704,0.01355139288844103,0.038462298360374896
228,0.033541681933758,0.9460973069622182,0.01637171710995797,0.0008669381217396086,0.003122355872326151
229,0.2797464792670124,0.671766559347119,0.009820007009377072,0.015572387020162282,0.023094567356329164
230,0.05023606596269029,0.9385549709525574,0.005499549720838075,0.0023082700284424162,0.0034011433354718674
231,0.18898505268522772,0.7793471587572341,0.018075877793839526,0.006266466017766528,0.007325444745931995
232,0.02014120684691641,0.935337889540439,0.036507519632781905,0.0010198758246021164,0.006993508155260685
233,0.0630021776212324,0.8784579941853777,0.03265873509228515,0.0017120466182072185,0.024169046482897496
234,0.07669123027066684,0.8978136232541429,0.017597903977290833,0.002186397672134257,0.005710844825765142
235,0.029668542858664063,0.8612758353755933,0.09606968548562825,0.0011096406066239109,0.011876295673490305
236,0.06262424093074519,0.9058352626535446,0.025504805485330878,0.001571036273477847,0.00446465465690156
237,0.09109087703938916,0.8500366848144139,0.05266135161884248,0.0013746668151603655,0.004836419712194317
238,0.023906080262375125,0.85667609898706,0.11551507746032946,0.0006251062367156217,0.003277637053519838
239,0.002192643922925135,0.646920996761062,0.34698043680086815,0.0003724493424709294,0.00353347317267378
240,0.11129027919815683,0.7805638198489907,0.09398139360475864,0.0041197029829493975,0.010044804365144466
241,0.011009792972672261,0.7614280420822218,0.22348728081265715,0.0008732814508698343,0.0032016026815788246
242,0.018063673466953402,0.6898071385093524,0.2849455448586251,0.001324320680991909,0.005859322484077135
243,0.011779165289944294,0.8159519450192011,0.16685734499693886,0.0008492066177029951,0.004562338076212652
244,0.021031009068970916,0.7789888245273969,0.19497906858489758,0.0012181649328188633,0.00378293288591576
245,0.006125179498437048,0.6696982166433689,0.31928914724449176,0.0008661175977774985,0.004021339015924981
246,0.1336179251254935,0.7942635437431712,0.05760491651945546,0.005659168186184533,0.00885444642569538
247,0.03000845334867288,0.862984305782191,0.09675409271331549,0.0031091118746582867,0.007144036281162251
248,0.10603776872560632,0.8405850341430963,0.031719574327779956,0.008870552163067173,0.01278707064045043
249,0.23605003904364147,0.7021852816990561,0.03577981054076839,0.011584211951094258,0.014400656765439798
250,0.24266742649575093,0.6942742761390684,0.015176069543188323,0.024871151462897877,0.02301107635909442
251,0.07726897771872479,0.8769286051117101,0.009963259218127617,0.025665416133635863,0.010173741817801528
252,0.19830130972990245,0.5820279117228028,0.002041773952564485,0.1444805587507097,0.07314844584402054
253,0.09373925170366572,0.11925042408414815,0.0002921129321728794,0.2082604051847316,0.5784578060952816
254,0.2672833396298216,0.33522728767727095,0.0003673421332881799,0.11533650927635317,0.28178552128326617
255,0.21205444947648655,0.6479593732489505,0.0004941659156877836,0.06587660513498277,0.07361540622389239
256,0.1983962802820937,0.4104230844611955,0.0008546090257107097,0.3539687441972521,0.03635728203374795
257,0.04496209143991016,0.047965780566189054,0.00013677970015876223,0.8083452781022548,0.09859007019148716
258,0.031178743063766005,0.01538187218087621,7.271258715166181e-05,0.9268806381976987,0.02648603397050743
259,0.019303675728375283,0.034353374196138556,4.3745429472975285e-05,0.9351234921495184,0.01117571249649473
260,0.02796594368401526,0.02130357657321657,4.6927919969051466e-05,0.9446343050926318,0.00604924673016729
261,0.024531470149571803,0.011238323349629297,4.6046603549578824e-05,0.9461434741511064,0.01804068574614283
262,0.019057273036049253,0.016641114639819866,4.191332042502833e-05,0.9513468599630466,0.01291283904065913
263,0.015911215998449323,0.009694043008597709,3.936663587472443e-05,0.9676434628549564,0.006711911502121828
264,0.01284750524355135,0.007625464131839874,2.240086907805731e-05,0.9723496176655165,0.007155012090014065
265,0.008783198591606341,0.009024166930102197,1.6825949196306948e-05,0.9716792930968926,0.010496515432202308
266,0.008571344372164159,0.005162486347349411,1.501693322678336e-05,0.95576565924247,0.03048549310478959
267,0.012204729470688755,0.006137859350281626,3.1609172125071834e-05,0.878199018055466,0.10342678395143853
268,0.035796751371297966,0.013625425930052079,3.7617796540963595e-05,0.9389825149679136,0.011557689934195202
269,0.031162044693319763,0.010807784087055832,3.434946883304362e-05,0.9460330199389463,0.011962801811845144
270,0.01942986985502651,0.00828478254600951,2.053022321396988e-05,0.9445706660235292,0.027694151352220846
271,0.018131868032838137,0.010259060177717997,2.70245548124271e-05,0.9576867091999985,0.013895338034633048
272,0.017947914998199005,0.007803193080427436,2.076675396813667e-05,0.9536839078498301,0.020544217317575223
273,0.028934284255024433,0.009282958973700883,3.97586172940814e-05,0.9505176358469054,0.011225362307075428
274,0.01462175933622453,0.003906576364241251,1.6636163046841126e-05,0.9613160449112236,0.02013898322526376
275,0.010538844876669043,0.005581758490413181,1.69580817551737e-05,0.978463461326192,0.005398977224970576
276,0.006782041841030019,0.004555107975339002,1.8890957439959153e-05,0.9846088288368453,0.00403513038934579
277,0.01011576728680246,0.005441774686362429,1.4079605013713835e-05,0.9657173830105293,0.018710995411292057
278,0.0068222916045558675,0.004286591556576659,2.253438256950486e-05,0.983857821111017,0.005010761345281051
279,0.0046254236758945435,0.004072072838570653,2.578289539558983e-05,0.9889692688926146,0.002307451697524738
280,0.004730220307125624,0.0028923610120005993,2.0651064418205344e-05,0.9798497843710026,0.01250698324545313
281,0.005408225091960166,0.002229501483127154,1.8200666604458676e-05,0.973478625107913,0.018865447650395016
282,0.0075526401472198025,0.0021815144760407466,1.1205780336971278e-05,0.972692916484599,0.01756172311180359
283,0.010749827397523492,0.0023645699212501837,2.2716599330420857e-05,0.9768011904333929,0.010061695648502835
284,0.012979556471936434,0.0033447362116211916,2.8073552857832015e-05,0.9775989213314109,0.006048712432173724
285,0.01616158391122393,0.002724720107433248,2.4679191602374227e-05,0.9039871126735057,0.0771019041162346
286,0.015090995988009158,0.00520877783850524,1.085243135985879e-05,0.9598263351539086,0.01986303858821701
287,0.011982371309613956,0.006783912839393127,1.91457614432255e-05,0.9733989187050005,0.00781565138454937
288,0.012510958852231946,0.005749357122232025,5.1452028732874114e-05,0.9685799319471132,0.013108300049689993
289,0.012764764485435563,0.005105373584218712,3.3548869611796274e-05,0.970015208786942,0.01208110427379214
290,0.01122021374432362,0.004849538625282539,3.999704568169397e-05,0.9710857134597028,0.012804537125009213
291,0.009583296987947902,0.01082700840229976,7.992777857358804e-05,0.9686476290626825,0.010862137768496262
292,0.003882444618125763,0.005785066480580287,6.8960524607777e-05,0.9848266906490466,0.005436837727639721
293,0.004652973380373534,0.003935720239672842,2.8693862626230753e-05,0.9838915321301966,0.007491080387130661
294,0.0034664066029993596,0.004282769754625394,2.2152967852629978e-05,0.9865792673877232,0.005649403286799366
295,0.0029229468801681893,0.0020014336637970945,2.194885873002112e-05,0.9917903341652856,0.00326333643201901
296,0.007102444432775742,0.0033138605119650572,2.0283377380734432e-05,0.9800355396386018,0.009527872039276785
297,0.0056029561537031865,0.005104133439053615,2.210206796137003e-05,0.9827669181002759,0.0065038902390059305
298,0.007941233121191523,0.0030570885125666266,1.9080268460458545e-05,0.9821688404891402,0.006813757608641107
299,0.006123105737371888,0.0024165575171460007,3.471036842661616e-05,0.9877892856649731,0.0036363407120822764
300,0.008331040049472082,0.0046339177200385665,1.863764652978073e-05,0.9735598400150431,0.01345656456891642
301,0.01029103561667791,0.0035747953612197975,1.91895686192719e-05,0.9621605219330664,0.02395445752041664
302,0.017427463240489553,0.005794634789728397,2.8844067368382086e-05,0.9582183058026431,0.01853075209977054
303,0.029822774405127084,0.008297310871788642,3.4774803052560915e-05,0.9434164437756263,0.018428696144405433
304,0.023595166681102068,0.010234909717436912,1.9984938141000065e-05,0.9539954011420756,0.01215453752124457
305,0.01918610192190379,0.009090453495846772,2.6497269549748076e-05,0.8961570133933686,0.07553993391933099
306,0.017745822374929915,0.01281788832221001,2.479015495760169e-05,0.9537172400127055,0.01569425913519699
307,0.022521024758145394,0.010002401533286237,1.6955065516260324e-05,0.9344480337981405,0.033011584844911575
308,0.022904477526226416,0.01232155194078978,4.2907148527726415e-05,0.9549475742237611,0.009783489160694764
309,0.024072195889535294,0.012522530809390637,2.710587532571479e-05,0.8930505667596305,0.07032760066611776
310,0.012797186149831103,0.0063266707670147455,2.712015446647471e-05,0.9695392900727297,0.011309732855958243
311,0.012997928468598997,0.004621712347919563,1.7631120150489548e-05,0.949484369831739,0.03287835823159189
312,0.011142033620957531,0.00720849364112129,2.11442299936004e-05,0.9763204508051508,0.005307877702776773
313,0.010881558061499605,0.005603504075073415,4.228875227302031e-05,0.9728216200382805,0.010651029072873165
314,0.00977326171718425,0.0035949404078562076,2.6341277216021643e-05,0.9787194224280042,0.007886034169739393
315,0.010275578814296084,0.0040303980345610035,4.78532046263021e-05,0.9789338349766148,0.006712334969901742
316,0.00847361131105292,0.005530115565798773,4.026573678055943e-05,0.9785677888453127,0.007388218541055131
317,0.01008651609840159,0.0018445727018879272,2.168232499549154e-05,0.9696499279598536,0.01839730091486132
318,0.014499739489159958,0.0023303219870859653,3.1211630116575986e-05,0.9693288326877485,0.013809894205889246
319,0.017969877806118376,0.004746393219195605,3.71283670849482e-05,0.9713060455421584,0.005940555065442515
320,0.010073105651300025,0.005527584503361653,4.834263576930737e-05,0.9818812949853059,0.0024696722242632235
321,0.016160673596131988,0.005456560485967141,7.1058797358092e-05,0.9634830795465132,0.014828627574029604
322,0.013089879949553313,0.004625871957527364,1.3512446204185205e-05,0.945717052302069,0.03655368334464613
323,0.019181021192911814,0.006803204499202735,2.2634574356881046e-05,0.9596351995310604,0.014357940202468143
324,0.040098193498761835,0.009787481259203371,4.8575794606265696e-05,0.7445645568308675,0.20550119261656102
325,0.11961231743745553,0.014801314423228875,2.1729778611601962e-05,0.7939257468638841,0.07163889149682007
326,0.06846030787748295,0.015702599858300567,2.5319693536022885e-05,0.8970639062592315,0.018747866311448997
327,0.09066097470820038,0.027357930673958333,5.51558267697957e-05,0.8532318727472641,0.028694066043807375
328,0.04720359755490649,0.01751357424324191,2.4757900296295702e-05,0.8941076659318447,0.04115040436971054
329,0.06692908143406545,0.012811176104223127,2.760619921202117e-05,0.8428480471266581,0.07738408913584126
330,0.05917568018298952,0.04187459290183478,8.467321960870003e-05,0.8849408722692435,0.01392418142632351
331,0.05142728922114601,0.1074316755911081,0.00017408002164522501,0.8104078481766885,0.030559106989412207
332,0.024457054494332657,0.0824662928163334,0.0001506443907642057,0.884805390527562,0.00812061777100771
333,0.032378278138826516,0.04896079907641334,5.6570779612558405e-05,0.8741170901038636,0.04448726190128395
334,0.02997257015130383,0.07920019453317706,6.976257244435189e-05,0.881387807768651,0.009369664974423738
335,0.023564531601711347,0.011584056819139054,1.777085280314869e-05,0.9475609587878531,0.017272681938493375
336,0.0264111971594399,0.020356977925686744,5.132669340524727e-05,0.8998927338400897,0.053287764381378375
337,0.02286039676723986,0.011299144345276206,1.9365851615569336e-05,0.9529381514653796,0.012882941570488663
338,0.024745642672659822,0.016099241589086776,1.811445102229927e-05,0.9475288505239775,0.011608150763253581
339,0.01970313408556351,0.008316539007167693,1.4602552652936828e-05,0.9598402316806455,0.012125492673970277
340,0.012393098350330737,0.011287199325620959,5.675584903967007e-05,0.9680015812813917,0.008261365193617034
341,0.011693343550513826,0.0060783629769929366,6.123566762723065e-05,0.9718194742968943,0.01034758350797173
342,0.010201032141089203,0.004467725255816915,5.4490691305705404e-05,0.9738430352197633,0.011433716692024818
343,0.014865125821358235,0.0068213558193501765,2.760572933850256e-05,0.9726091498866827,0.00567676274327043
344,0.008528489747829436,0.006573876735310583,2.3134668064718484e-05,0.9738606257665627,0.011013873082232619
345,0.010551670961330504,0.006478497667541792,4.011381658081092e-05,0.979980009943298,0.0029497076112490386
346,0.013446124376727034,0.01973110517759654,5.606683064859897e-05,0.9536371252026627,0.01312957841236486
347,0.020819613027823047,0.01053981675464122,3.07518707060229e-05,0.9308256913033017,0.037784127043527974
348,0.02825411908267411,0.013443659727218156,4.032195805189885e-05,0.9329041629674791,0.025357736264576696
349,0.05420428625636084,0.01680754124242883,6.024692939662174e-05,0.9047016476060962,0.024226277965717666
350,0.04261661582332267,0.026475124417853622,3.276879913787314e-05,0.9087054609451354,0.02217003001455042
351,0.056023220059790935,0.021594401304094846,8.030470122995925e-05,0.8942349568305556,0.028067117104328562
352,0.03416555804624296,0.02059126649078344,3.006846971120712e-05,0.93036773810746,0.01484536888580237
353,0.03889489542899464,0.015385990418589207,2.235569387789391e-05,0.9185042969441521,0.027192461514386066
354,0.04127649409087612,0.022557643406857796,2.7193294222548335e-05,0.9216007098424194,0.014537959365624133
355,0.05543648895486693,0.034919430348849305,4.6452376873017015e-05,0.8847856812182029,0.024811947101207918
356,0.07427355114659341,0.03518844662852448,4.855663053806832e-05,0.8422088376670278,0.04828060792731618
357,0.13322915708129848,0.07923210588831399,9.20674222169136e-05,0.7619254642885287,0.025521205319641915
358,0.13995793625812297,0.08120948051385546,0.00017661833472403608,0.7530725334829326,0.025583431410364878
359,0.08511637494057783,0.1001342847176308,0.00011572926773515547,0.8022022764149334,0.012431334659122927
360,0.056401612243860214,0.12375236213626868,0.00026349888994286303,0.780154972057156,0.03942755467277235
361,0.07638537172561694,0.19463768712315133,0.0002702554403226584,0.6875609835669613,0.041145702143947846
362,0.048201186146502345,0.34339749132232283,0.00027891223082286703,0.5984257400324446,0.009696670267907211
363,0.04921743842956965,0.3753882118929157,0.0003578836023628549,0.5613625214165354,0.013673944658616289
364,0.10814205389619418,0.15558754030052893,0.0003644134378700303,0.6944975880859006,0.041408404279506254
365,0.11360960875529721,0.12439329009779873,0.0003078094299194897,0.5805337630365802,0.18115552868040424
366,0.044173694957097644,0.041766887567004404,0.00011546652387559542,0.10331897446725107,0.8106249764847712
367,0.1143726023626653,0.02256617211573291,0.00010574525158328194,0.04659470806716484,0.8163607722028536
368,0.06908099439034698,0.018459095660035837,0.00010113701652278847,0.03394469896746684,0.8784140739656277
369,0.0024561053526952208,0.0019938739245749793,1.3415884684398738e-05,0.0015504787223608188,0.9939861261156846
370,0.0007066058222727792,0.0005361901592550662,5.485059809472145e-05,0.0003434326594484064,0.998358920760929
371,0.0044373765177821095,0.0011259610522755278,1.401187913010086e-05,0.00020625842710628967,0.9942163921237059
372,0.0008802289661047887,0.0009262686764678428,7.619695872782144e-05,0.00011181087203953337,0.9980054945266599
373,0.000624012498928018,0.0008454996467581604,0.00013424490161372769,0.00011158612686206175,0.998284656825838
