epoch,N1,N2,N3,R,W
0,0.0018798140537441786,0.0008928215015796503,9.129035701044299e-05,2.614408207766613e-05,0.997109930005588
1,0.008764986048358432,0.0008641754939574608,4.114173508832398e-06,0.0004945771471825104,0.9898721471369928
2,0.0002987396505869929,8.928960065921318e-05,3.0774375527459225e-09,1.6346198624022664e-05,0.9995956214726923
3,0.009341224417064491,0.000734100722386061,1.343653005401499e-05,0.0002756578968765715,0.9896355804336189
4,0.008575042937996763,0.0004400968268619781,4.112838401015168e-05,9.52205359953734e-05,0.9908485113151358
5,0.006929964623243644,0.0007063520558529181,5.1926154671501054e-05,0.00026579507350018254,0.9920459620927317
6,0.0004905649639741242,0.00010291878607535534,1.790419503509596e-05,1.643875530349526e-05,0.999372173299612
7,0.005717195209290218,0.0008434431077281457,8.743300095185304e-06,0.00048442690279864355,0.9929461914800879
8,0.012789905027732227,0.0034308398221659844,2.9216551063535836e-05,0.0006993365943839628,0.9830507020046544
9,0.024161628189701464,0.015227477911162938,0.00041877944306930264,0.0006265207029437565,0.9595655937531226
10,0.003972498003273598,0.003316888062985746,0.0007510941752227032,0.0005648551967771171,0.9913946645617409
11,0.004410121257700986,0.0015037996336023955,1.7491584490144458e-05,0.00015586341083133562,0.9939127241133752
12,0.02473814918032066,0.002720196609324039,1.3351963264381093e-05,0.001264470844135316,0.9712638314029555
13,0.012982202087194928,0.000961204992137264,1.744962389687165e-05,0.00011495182895084214,0.9859241914678201
14,0.17802217809114299,0.031283437602273916,0.00015494510455514726,0.003085376163510311,0.7874540630385176
15,0.6438183656336134,0.228659345581868,0.0009858587116517656,0.011063479251486671,0.11547295082138015
16,0.6705215922839619,0.06692778993077862,0.0001291479172768358,0.01512933955775409,0.24729213031022854
17,0.4268113808645339,0.429149847701636,0.00014813649517345098,0.047568258760428445,0.09632237617822827
18,0.0653413691357014,0.9131995352830675,0.0027698503775903946,0.0035873686229609355,0.015101876580679992
19,0.08202774380406216,0.7964327111376215,0.06251024259386524,0.009080625569617043,0.04994867689483403
20,0.07382211466642054,0.8857976573107847,0.004506128490362264,0.017142042551949895,0.018732056980482532
21,0.025916080072202217,0.8818186247147491,0.0646816451105252,0.0023491322375831397,0.025234517864940353
22,0.02258684040743499,0.9077854864959589,0.056620875137009245,0.0013701962744545606,0.01163660168514226
23,0.012208774173743019,0.957623654612535,0.02045122433576711,0.0006035467880432967,0.0091128000899115
24,0.029151102824187227,0.9400164152153699,0.01386885097451293,0.0008712205765467454,0.01609241040938308
25,0.23996786731309303,0.7005838667187876,0.0019457690965392603,0.004420440251555411,0.0530820566200246
26,0.027800491240256728,0.8651732436991855,0.09725638738255227,0.0002472318488845551,0.009522645829120874
27,0.022664538371236304,0.7994508232537468,0.16803311966936715,0.000465878498580175,0.009385640207069576
28,0.016814526659274225,0.8933541253075272,0.08023677300619445,0.0012205984819926503,0.008373976545011416
29,0.006370785235246229,0.5706013578265503,0.41062529122039165,0.0012181399228155083,0.011184425794996306
30,0.01275003041835896,0.8172794289593087,0.15118326301673277,0.0034741186053745313,0.015313159000224986
31,0.024596607997394278,0.7532713959983202,0.1821000461737241,0.003711753639991207,0.03632019619057025
32,0.036353096357656794,0.9308027318715976,0.009936283303400737,0.004038809567035915,0.018869078900308773
33,0.19318503713896382,0.07955150853183397,0.00014527090232387333,0.0762840029119512,0.6508341805149271
34,0.18365620352288542,0.7664824594290501,0.0019773252809932146,0.029612990450167145,0.018271021316904043
35,0.18504145014235782,0.7864765647744371,0.0012204656782764639,0.0040323745071270635,0.02322914489780169
36,0.1797505098473767,0.8036551651320633,0.002432382316095763,0.001932884952603896,0.012229057751860345
37,0.2767438781416886,0.6562260133978483,0.0006695593691584625,0.04214147133061116,0.024219077760693705
38,0.1113345443307502,0.8764207649659392,0.0007979734832357682,0.002877046956323742,0.008569670263750903
39,0.030170993255093675,0.9098762053596657,0.05286204732414366,0.0012148506095370918,0.0058759034515598035
40,0.01969566537545824,0.7907137956809447,0.18330987113319616,0.0008932492066297595,0.005387418603771251
41,0.005641468607976459,0.481995595247493,0.5094687997412978,0.0003098425612957438,0.002584293841937014
42,0.006627507056617404,0.7683718391831382,0.21975961737789365,0.0004709935516518674,0.0047700428306988625
43,0.003276150608245281,0.5389889973857074,0.4548342515114375,0.00014821385366453558,0.002752386640945305
44,0.0050351878433185235,0.36654044002362957,0.6253498579885812,0.00013747710353712587,0.0029370370409333942
45,0.002127784270527537,0.2650573725289177,0.7312089655360537,7.660212333159871e-05,0.0015292755411692273
46,0.0010307119326996507,0.11578906320817191,0.8819986271973408,5.2331649258781745e-05,0.0011292660125289304
47,0.0019255612520554552,0.1926628256977024,0.8022839091278665,7.012722469316571e-05,0.0030575766976825448
48,0.004475917188160996,0.46706910127358586,0.5218714916240776,0.00024084073367171532,0.006342649180503758
49,0.0009004357294263176,0.12327116131596409,0.8732689189442419,5.861270777320594e-05,0.002500871302594629
50,0.002297960612440914,0.1817531903524808,0.8095604327405785,0.00023742874625121618,0.006150987548248496
51,0.0035105562293101366,0.21972719517054595,0.7705563553857454,0.0002525001368184613,0.005953393077580106
52,0.006335981872262126,0.20778452221232718,0.7597055444804741,0.0005905446889392867,0.025583406745997343
53,0.004830524672829653,0.1222906711966176,0.8505274430647136,0.0009007490139047781,0.0214506120519344
54,0.007212208973302168,0.17343192322504894,0.7729966215200635,0.00042979829690108576,0.045929447984684166
55,0.0036076775743338957,0.005341591821654438,0.00036855891767057614,0.0004897765989927477,0.9901923950873484
56,0.04194817502372386,0.025500529291886558,0.0001508831286187695,0.0009042855628669003,0.931496126992904
57,0.11233199565833484,0.04277397709039741,0.00021362360095479344,0.0005983880133304628,0.8440820156369826
58,0.34353190941797324,0.4413859132162169,0.00017105130832710807,0.000693852667458338,0.21421727339002444
59,0.5669795263578475,0.3860502455511087,0.00020645025103764526,0.0015444504626950359,0.04521932737731114
60,0.4697914768361464,0.42301635696457185,0.0008315398165191391,0.00667050130755001,0.09969012507521242
61,0.16784920099733258,0.7933716793852357,0.002559333718859991,0.004226725581181048,0.03199306031739096
62,0.15491395015004442,0.8087087930414234,0.0015210395704789038,0.014449384665066812,0.020406832572986526
63,0.027501309106890352,0.9422111823563138,0.020285202919411285,0.0022948208035162123,0.00770748481386823
64,0.033134341200987384,0.9433843865922579,0.0146137612829405,0.0018412990846524704,0.007026211839161712
65,0.02542865658528916,0.8754390663004722,0.0929006294116309,0.0013083529017139733,0.004923294800893748
66,0.011735715538879386,0.9298119479996607,0.05467669450571205,0.0007328460401874001,0.0030427959155602457
67,0.005287599037975601,0.8016718326524128,0.19038012893977171,0.0002888567685285462,0.002371582601311244
68,0.006475659256631256,0.6560636101350092,0.33412448218920077,0.0001967325562913784,0.0031395158628673213
69,0.0017727379656991584,0.26482988782265376,0.7319077574698978,7.662624725561406e-05,0.0014129904944935768
70,0.0026154965575990795,0.4147824495557036,0.579831719555869,0.0001471983589633574,0.0026231359718650294
71,0.0008348599526756084,0.21412850927954472,0.7834406393272556,5.7231523649635394e-05,0.001538759916874217
72,0.0010262193568075578,0.16578498276742998,0.8317387102867864,6.365736515617799e-05,0.0013864302238200319
73,0.0010070200999801407,0.14909242097954048,0.8483792890470263,9.448851074649147e-05,0.0014267813627064493
74,0.0013444954112077315,0.14806874572122458,0.8479832160589331,0.00019509603332747388,0.0024084467753070315
75,0.0034098824285099505,0.18763699691931507,0.7945008991354281,0.0005707729830106536,0.013881448533736332
76,0.0041624326141077046,0.13309853790503348,0.8388101931013152,0.0006444509264453076,0.023284385453098324
77,0.003023154035997467,0.11890909213439567,0.7628875093936898,0.00027911331163947415,0.11490113112427754
78,0.008484558834501537,0.17501625312036748,0.1350532826549471,0.0009193466843765762,0.6805265587058074
79,0.0008880267816731669,0.0023647155932765345,0.00012878603226122362,8.017958664425613e-05,0.9965382920061449
80,0.0003297344585282729,0.00015368814939070456,3.149210500684229e-05,1.6587631502387074e-05,0.9994684976555717
81,0.001372992116838886,0.0005121105171948127,1.0357084047597074e-05,9.906961184717298e-06,0.9980946333207341
82,0.006008618590239827,0.00021372342547670378,8.239954889235366e-06,1.266505504112026e-05,0.9937567529743531
83,0.0008164006697168071,0.0007260706365038939,5.4977322475268404e-05,1.0886203468025017e-05,0.998391665167836
84,0.008802508720046297,0.0002599673694366662,1.5745431599263063e-08,9.80436239751155e-06,0.9909277038026879
85,0.005929361789490672,0.00047904258083600386,1.8598317003313868e-08,1.6283830690391727e-05,0.993575293200666
86,0.004528653416227525,0.0004971337716302944,7.505462350179869e-06,1.5853101461534133e-05,0.9949508542483305
87,0.003710260161868327,0.0003040416145449132,6.019904525177124e-06,1.2723781074665959e-05,0.995966954537987
88,0.003841648743690577,0.0004113608388817988,6.107770391786721e-06,1.0206403883680339e-05,0.9957306762431521
89,0.017152632775409377,0.002273477735187818,4.100469518114553e-05,0.00010785554374318327,0.9804250292504784
90,0.02362216258169282,0.0025946752188779057,0.00044514340352002735,0.00029278285455635206,0.9730452359413528
91,0.3558984943268726,0.004298656713081917,3.5752386592182656e-05,0.0008562893611758554,0.6389108072122774
92,0.29049206248257997,0.029481001262381592,2.2587554778610928e-05,0.004483840278904286,0.6755205084213555
93,0.47555938432804795,0.12128235378795853,4.755484951085087e-05,0.01077796324785249,0.39233274378663024
94,0.2866721679364228,0.3204722636884506,0.0002457571489726555,0.014012089458356072,0.3785977217677978
95,0.14827440255636848,0.45978407305453334,0.0005833512824756753,0.014910353695139641,0.3764478194114829
96,0.08215436269546163,0.7249317132538652,0.0009274796607848078,0.0062232502724632105,0.1857631941174252
97,0.026072926374215714,0.9554512552099828,0.0032185894405137375,0.0030110844495571114,0.012246144525730708
98,0.06624903672653722,0.8846867207840604,0.0220655481143422,0.009828611877562841,0.017170082497497217
99,0.048626093413243934,0.917481533623143,0.009405242878247858,0.006039040282491603,0.018448089802873605
100,0.06881012878724592,0.9012611762978099,0.0092912884860957,0.009453899223121693,0.011183507205726636
101,0.034032103587681606,0.9450880264020459,0.010467024967693084,0.0038009156745930062,0.006611929367986323
102,0.037438262548963014,0.9379218423376103,0.019018347469338105,0.002185026121436845,0.0034365215226519045
103,0.032146781623747324,0.9210721697827874,0.03931445607937249,0.00336598392157457,0.004100608592518244
104,0.025612689879228788,0.956288582645731,0.012602704520581114,0.0018679159674509116,0.003628106987007947
105,0.01072014067319725,0.8458860552205777,0.14011519216499652,0.0011178226783510072,0.002160789262877423
106,0.03712500892274422,0.9156319009418543,0.040313713113993295,0.0027960499792852845,0.004133327042123059
107,0.004669033492713504,0.7192636948380259,0.2735976719889785,0.0007679761482379875,0.0017016235320441429
108,0.003979653716069045,0.7529218923186665,0.24055755203566828,0.0004940915397212321,0.0020468103898750025
109,0.0037202445996683373,0.6401965773925267,0.3539933977040196,0.0003285834162203916,0.001761196887565014
110,0.001949656598493217,0.671203366636407,0.32523648826395546,0.0002641906910561104,0.0013462978100883202
111,0.003044889120162905,0.7020600358788605,0.2932073164236967,0.00045224471836871676,0.00123551385891104
112,0.003920826698234342,0.4322674362209958,0.5616432108581835,0.0003460153786438149,0.0018225108439425372
113,0.002071698200194467,0.34437807515231517,0.6518371637754965,0.00032291686894213425,0.0013901460030516758
114,0.002175691316300254,0.3954309841969023,0.600225806041952,0.0004672224024204418,0.0017002960424248935
115,0.004331348110979712,0.3063338728962995,0.6867925855949639,0.0004453739907593717,0.0020968194069974884
116,0.004604128333957207,0.484360174801398,0.5078878313283856,0.0005807756503925204,0.002567089885866638
117,0.002657612727750523,0.4171845965477245,0.5764378789364116,0.0003979658632562692,0.00332194592485702
118,0.0012805276026505148,0.5893610594628333,0.40718842903812136,0.00020317862731847,0.001966805269076291
119,0.002213918902223667,0.3536711728128492,0.6415343077670042,0.00015162470930301695,0.0024289758086197956
120,0.0007396152163181998,0.21880647641270098,0.779171757344846,7.515184519752957e-05,0.0012069991809372908
121,0.0029755434968599223,0.2319218237422259,0.7631994073984263,0.00013667573851483506,0.0017665496239731055
122,0.0009351000664616049,0.1803559796805255,0.8169285477853169,8.468737301272934e-05,0.0016956850946832824
123,0.0012839588908845354,0.09716826467433497,0.9004456262815872,7.906495290896373e-05,0.0010230852002843984
124,0.0016394158844033077,0.08943235465125597,0.9071401955285566,0.00011415645703393612,0.0016738774787502266
125,0.0008238574256488236,0.04872303836892462,0.9494155662258001,3.793876977423357e-05,0.0009995992098522138
126,0.0018704655218745143,0.1820037391812747,0.8132828309148006,0.00018876484906802635,0.002654199532982058
127,0.0008245101726628733,0.034426197376141755,0.9641143866674291,5.1505707659405666e-05,0.0005834000761067823
128,0.00048405654981513154,0.03751356767418077,0.9611628630098074,6.351983688137758e-05,0.0007759929293153226
129,0.0015124909220520747,0.06399366317122462,0.932681403189833,0.0001530068065734929,0.001659435910316821
130,0.0010429141402431448,0.050228180127492035,0.9472906740301841,5.055371081837944e-05,0.0013876779912621459
131,0.0015170344190788717,0.06955612831357638,0.9271946294819289,0.00013313433889165907,0.0015990734465242235
132,0.0016561172817111198,0.05950459480017138,0.9368702945524363,9.682366931026057e-05,0.0018721696963707648
133,0.0014580143281338492,0.11626350234301505,0.8800658200670687,9.456244618118429e-05,0.0021181008156012284
134,0.0007877454793921242,0.03064630470880931,0.9678545475979409,5.327334711201684e-05,0.0006581288667456684
135,0.001251434900800495,0.04071858986613423,0.9562176051552778,9.266747314733132e-05,0.0017197026046401305
136,0.0009187640745464988,0.039814653575630785,0.9583249238823609,4.5412453137246806e-05,0.0008962460143247152
137,0.0008417289180370157,0.028442634127694242,0.9701053800371229,5.75266562215322e-05,0.0005527302609244359
138,0.0002989091447184767,0.03148659137277096,0.9674497310133209,3.166820190016113e-05,0.000733100267289472
139,0.0007620031914389244,0.02927229423683743,0.9685865632717868,0.00012989678237601137,0.0012492425175608037
140,0.0006059849238913323,0.03878441078568447,0.9593093056631832,9.561268416015133e-05,0.0012046859430807936
141,0.0005956483666764757,0.04042912308042844,0.9576428973000977,5.218300484207568e-05,0.001280148247955345
142,0.0007263800400065951,0.03571883138390977,0.9624089934602188,2.8386152721145462e-05,0.0011174089631436962
143,0.00042466997803851066,0.020687642846976845,0.9781293133484761,5.597017059983023e-05,0.0007024036559085542
144,0.0007942758074256019,0.052743312102627414,0.9453813026191343,6.525014660333921e-05,0.0010158593242092719
145,0.0008838377096581619,0.06774106855676858,0.9298227529208803,5.924460169500901e-05,0.001493096210997917
146,0.0008654228790189767,0.037311172330886336,0.9597232483161209,8.393272863013566e-05,0.002016223745343798
147,0.0006002731704368859,0.03727994260320751,0.9615120250018108,3.754722848131832e-05,0.0005702119960634294
148,0.0008476485438795765,0.032671623013295216,0.9657626597397164,7.662741740266557e-05,0.0006414412857062948
149,0.00039318262972722767,0.028563216760072962,0.9705400057613169,4.6457283481133186e-05,0.00045713756540163104
150,0.0005906352831868166,0.038301413525790085,0.9600773945481558,7.90792659347257e-05,0.0009514773769324997
151,0.0009540223179133884,0.06159442979729253,0.9362546011170584,5.8985398839958156e-05,0.001137961368895762
152,0.0014610488449446819,0.1292423705639915,0.867827083578791,0.00011497316472447213,0.0013545238475482784
153,0.0020871582318031474,0.10977771947764764,0.8861675744167826,0.00011935977959783761,0.0018481880941689083
154,0.0005642489923977082,0.036723444047403145,0.9619644969420332,0.00011023476433668645,0.0006375752538293331
155,0.0013431597227946553,0.05440951978267729,0.9429960499507828,0.00011008616263630605,0.001141184381108976
156,0.0031598682343852483,0.07582929057578658,0.9195006074197628,0.00020325510849654912,0.0013069786615688636
157,0.0020596698330127825,0.1105264618818275,0.8851725384786412,0.00011776880671212394,0.002123560999806462
158,0.0014755459092902047,0.07913112275379743,0.9177514719346082,6.913213841859991e-05,0.0015727272638857439
159,0.0006839064105966869,0.07712928074601524,0.9213294554998527,5.15326639188315e-05,0.000805824679616452
160,0.0020682101801337283,0.09908432237441465,0.8971855683720915,0.00011542997223032183,0.0015464691011298688
161,0.0007718625739903614,0.06271469708292313,0.9356117088717681,5.384668061439336e-05,0.0008478847907040409
162,0.0029140970471049884,0.07104221607132537,0.9246302352258458,0.0001588059752414145,0.0012546456804822376
163,0.006342598000677925,0.10378495752675679,0.8833790821760603,0.000521479035040545,0.005971883261464257
164,0.003057595981748896,0.06838181267344448,0.9238395135749092,0.0006648675841207883,0.004056210185776474
165,0.0026756936555961995,0.04448638116024712,0.9494705114368877,0.0009011896106932323,0.0024662241365756557
166,0.004957351073010094,0.06068993015669261,0.9216124881644198,0.0026019783300603792,0.010138252275817258
167,0.005158144308355536,0.06539595127354567,0.9025280308525908,0.006137836664432864,0.020780036901075022
168,0.0067081508213960965,0.02532533614467701,0.01855774265402162,0.0024660289048231312,0.9469427414750822
169,0.00576889283052135,0.004446525231677039,0.0024973585732972208,0.003593413892263087,0.9836938094722413
170,0.015003067010791902,0.0058144899278380685,0.0019865222194804214,0.0025780934949157755,0.9746178273469739
171,0.062105928682272236,0.010798461697921743,0.00020067019559879347,0.004100408861689221,0.9227945305625181
172,0.19442186546308138,0.032733253693386866,7.111846923206823e-05,0.0045669216323603965,0.7682068407419392
173,0.7640331673766497,0.20196886343684592,0.00036379982931733257,0.0076813979457037865,0.02595277141148346
174,0.37087700468457047,0.5715815453852127,0.0031607952233253674,0.010774323781771525,0.04360633092511995
175,0.30030911967246116,0.532883882790424,0.0010698888231208642,0.11204602347461277,0.053691085239381243
176,0.03609929056380807,0.9187464423782314,0.02528560671987162,0.010553251857042367,0.00931540848104647
177,0.0374403840331023,0.8995547531617757,0.003928236665985196,0.05062291744397685,0.008453708695159795
178,0.045280372135776244,0.3861468708403105,0.0008333952027144585,0.5580775115519331,0.009661850269265745
179,0.034149575226673654,0.401163618744486,0.0006769024382568269,0.5523341498009618,0.011675753789621724
180,0.018359751492164327,0.21814028136858174,0.000321078811809512,0.7593845337119625,0.003794354615482101
181,0.025557267980711444,0.2038672666287903,9.67378117008872e-05,0.7658941226381869,0.0045846049406103526
182,0.04001563794427829,0.12679688001865175,0.00015278559456603322,0.8167605833889791,0.016274113053524858
183,0.008133757489410007,0.0843614474614859,4.7218972805519e-05,0.9053395928873661,0.002117983188932455
184,0.019070245479432736,0.10653539354886507,8.315429901720847e-05,0.8702199512491542,0.004091255423530776
185,0.014391877657111281,0.021269897121170406,2.2908642273060723e-05,0.9604311881961688,0.003884128383276302
186,0.017943893521446118,0.06739149103925987,3.292319524139917e-05,0.9108117323493689,0.0038199598946836695
187,0.02436644071011351,0.16979048796680266,0.00012413784808822939,0.8008351508991651,0.004883782575830474
188,0.017245345832582044,0.044475038022652166,3.079324867753199e-05,0.9340527000776068,0.004196122818481543
189,0.020253321869192334,0.035758190678188244,2.249970492877994e-05,0.9369229175097229,0.007043070237967752
190,0.02957396360441683,0.0334376987735023,3.2228880572967954e-05,0.9315990768734447,0.005357031868063124
191,0.1196593529187844,0.24395534707129296,7.848886223157292e-05,0.5805507114175131,0.05575609973017781
192,0.1400327873042378,0.19442588623853094,9.67333876249346e-05,0.597076842832332,0.0683677502372744
193,0.09208236000075291,0.13739899487109405,0.00013427011340033608,0.75938636590747,0.010998009107282773
194,0.07363981473928866,0.1166636808889002,7.150641391453194e-05,0.7989166305283162,0.010708367429580437
195,0.05289572225276179,0.14419911081089032,3.9419867032294935e-05,0.7913129833003986,0.011552763768917085
196,0.060763734323533714,0.210952004957932,0.00010404949338486415,0.7206789512129402,0.007501260012208998
197,0.05654030026316133,0.2880837030884667,0.0002789060730472454,0.6482327076925717,0.006864382882752993
198,0.060645112154122625,0.14885168601048437,0.00011887442520736847,0.7834808943348842,0.006903433075301547
199,0.05005191851346499,0.12524743252623796,0.00011722123415361198,0.8193548481476026,0.0052285795785409345
200,0.05591821077234088,0.11617391966488019,9.89846345142499e-05,0.8141459982564757,0.013662886671788896
201,0.11130453900822605,0.19264935259299368,0.0025685721987988115,0.30714331863641325,0.38633421756356817
202,0.07857772375104363,0.10928588384008668,0.00010251901390444694,0.7997074251409958,0.012326448253969379
203,0.06782761619516608,0.1927933035819396,0.0001702293096613985,0.7301591126590317,0.00904973825420117
204,0.04886223777377714,0.20648109734086081,0.0002750235864823475,0.736396985172409,0.007984656126470788
205,0.02562929645584215,0.11326507045049043,4.772921937096411e-05,0.8575182895985458,0.0035396142757507325
206,0.033287238787423276,0.05947299501270589,3.681080583787036e-05,0.8973058042492004,0.009897151144832665
207,0.02734459282004603,0.12872495122432617,4.47288845442817e-05,0.8392682001817172,0.004617526889366235
208,0.02092784060674304,0.021087456222332112,1.6273282174215737e-05,0.9535643614367497,0.004404068452000941
209,0.026214176899847667,0.02748169458173496,2.5127579060847925e-05,0.9401459525630579,0.006133048376298516
210,0.017896867707948436,0.023068999876890196,2.1626979452547258e-05,0.9530217072371795,0.005990798198529398
211,0.02768190958167082,0.032628708229446426,2.8983373958889158e-05,0.935774775653828,0.003885623161095703
212,0.023178461144244017,0.018095737198918837,2.0595365016979785e-05,0.9533438107680509,0.005361395523769257
213,0.026760206612510887,0.023338024693758744,2.4018495351902298e-05,0.9386850084476103,0.011192741750768145
214,0.02731417643318525,0.04698471596549056,2.59017708222136e-05,0.914947804855408,0.010727400975093974
215,0.027007996631829335,0.03238293508637011,4.005808706789237e-05,0.9302584350902566,0.010310575104476045
216,0.029279825290409064,0.01794750163789635,2.9239734965484014e-05,0.9400765756274618,0.012666857709267098
217,0.03221507105074364,0.11818570137335202,0.00011996743872150327,0.8405697614490822,0.008909498688100446
218,0.04192014899143778,0.031519198120478466,5.747556032002791e-05,0.9094348798014688,0.017068297526294945
219,0.05323576095745058,0.06967434013400894,8.147484056568975e-05,0.8228836492847149,0.054124774783259784
220,0.04195636106989748,0.1750729912417386,0.00013320821881423805,0.7717870367639271,0.011050402705622587
221,0.07035704616629913,0.03384470084592485,5.878004549329251e-05,0.8778644832983833,0.017874989643899455
222,0.08227608160936335,0.1604539934275759,0.00012952449896714606,0.7469106737680437,0.010229726696050025
223,0.06409712287866234,0.2026312873903063,0.00015895060266378526,0.7268551815448432,0.006257457583524376
224,0.06132782462065094,0.14566507433257403,0.00010787989368397006,0.7882224362230348,0.0046767849300563226
225,0.04301492410992081,0.32628070387236674,0.00011496196142546618,0.6265616837352739,0.004027726321013087
226,0.05433504062522383,0.6282538824345396,0.00014875741941315792,0.31034253495865594,0.006919784562167518
227,0.09256510494475362,0.2781031011960334,0.00018629454849762272,0.6240315147573615,0.005113984553353851
228,0.15898613560884378,0.33151220011299637,0.0012132266252285983,0.2525061752052196,0.2557822624477117
229,0.3447249129874134,0.21831894333794644,8.130797951924962e-05,0.4224126655107094,0.014462170184411536
230,0.1467807798189376,0.7621126595871819,0.0006021514889517714,0.0829147089101018,0.007589700194826937
231,0.27886491936123087,0.6862554193622421,0.0006886071228809738,0.028297081037722462,0.0058939731159235245
232,0.12228454984883874,0.7858850381874973,0.0014545310016172098,0.08663838321549328,0.003737497746553509
233,0.058450460868938944,0.8973218016480968,0.0016204506120871473,0.03648992415000522,0.0061173627208718755
234,0.053517885224442,0.9188734624396981,0.0020548613960812098,0.02158426461171235,0.003969526328066366
235,0.025249251794684634,0.9468847776285302,0.013612057677856124,0.009878200594688377,0.004375712304240739
236,0.010778422012150271,0.9718045223279991,0.011369262923176197,0.004206283709882541,0.0018415090267917174
237,0.01026042337586276,0.9504535929494923,0.030547276795854415,0.006082990930995757,0.0026557159477947332
238,0.005698736465806005,0.9446729144240805,0.042961510436742914,0.003881807755156104,0.0027850309182145356
239,0.014413092526898394,0.9554354480276736,0.019913186284811497,0.006271996141473336,0.003966277019143083
240,0.012970483440127937,0.8512015301830461,0.12400921550883631,0.0073460872845742785,0.004472683583415357
241,0.24639272976401025,0.4574506515359712,0.007848838287925871,0.007979376435594722,0.2803284039764979
242,0.2823410836403266,0.7005612865685809,0.0024146924253966922,0.0038560491661893993,0.01082688819950654
243,0.13867299670785774,0.8388260706352425,0.007717624776806613,0.002738470503214272,0.012044837376878942
244,0.31677977985659583,0.6542867819657422,0.0031126177044729078,0.011485033036438233,0.014335787436750694
245,0.029512638836253012,0.9480148982799556,0.00601181695416191,0.0100284251610367,0.006432220768592668
246,0.0380420132782073,0.9198124747110374,0.010178949249344123,0.013020611234008666,0.018945951527402503
247,0.05898663667024831,0.8972749476092592,0.007890077400208568,0.017806523930857365,0.018041814389426734
248,0.041302126176221615,0.8977616473052709,0.00692157287241057,0.006115055512163521,0.04789959813393344
249,0.038131035538082815,0.9266514048339615,0.012510617036721707,0.0060521535799384595,0.0166547890112953
250,0.060229720637930376,0.6548695737180797,0.01251338468444088,0.0031821648629862627,0.2692051560965628
251,0.19428630207114778,0.6776846934942881,0.0010541334893692886,0.024738213155701197,0.10223665778949376
252,0.15664070628146903,0.25375221734302467,0.01034890679477134,0.013895297500984002,0.565362872079751
253,0.43786975355615504,0.48574325891292164,0.001323827331056962,0.016781374146727826,0.0582817860531386
254,0.1451798532580936,0.6090519740288055,0.006675502563435677,0.01128327052880066,0.2278093996208645
255,0.1905730050341565,0.46325682153523295,0.004740397620466047,0.03230867994378468,0.30912109586635983
256,0.2578415424671465,0.39556147479809134,0.0003086138353289035,0.0473082515763152,0.29898011732311797
257,0.43050530783310925,0.34268299458156265,0.0012645280326655886,0.04058881182378455,0.18495835772887792
258,0.08810314949819795,0.8412611896678104,0.004620390622248627,0.010297263609068982,0.055718006602673883
259,0.1604886364854959,0.6608553627546798,0.001928499395184647,0.024176670023995046,0.1525508313406447
260,0.23470492789511835,0.6308620422608662,0.0027156937806054825,0.03614228071542514,0.09557505534798487
261,0.05460778797144539,0.9223224432883242,0.0015874478400796875,0.003299944112717292,0.018182376787433622
262,0.17197118374697332,0.6233130960558211,0.0036489702343283975,0.020376035512189375,0.1806907144506879
263,0.046547154831208304,0.8969941551890908,0.010701329563595095,0.006345873319650433,0.03941148709645536
264,0.09456225203389133,0.7686085886118673,0.09991519122343685,0.005662486319267604,0.031251481811536835
265,0.028301907273986772,0.008710819417965445,0.003873757872299711,0.003978832485535004,0.955134682950213
266,0.012280853367679262,0.0075863420436828605,0.0011938414339015958,0.001797990011768913,0.9771409731429673
267,0.06713725407203615,0.03746358344911347,0.0013636397073194522,0.001884066504969205,0.8921514562665617
268,0.002300800338564297,0.005330485904224433,0.00012410756070335238,0.0009434974269316251,0.9913011087695762
269,0.001673493640131115,0.0041632448442768975,0.00011725759427645696,0.0010735625898203496,0.9929724413314952
270,0.001992638720344175,0.011167166666252502,0.00020753272519587405,0.00042970173447873716,0.9862029601537287
271,0.005268602867329174,0.0026708190120489903,4.8318513980862815e-05,0.00016034771414320144,0.9918519118924978
272,0.06736485026079478,0.01157089851810549,0.0009306630467975272,0.001513994357941184,0.9186195938163609
273,0.05943031736292918,0.001988239107868364,1.909543993250893e-05,0.0036311267839081616,0.9349312213053618
274,0.4983883654744064,0.00833005659009609,5.778153990647467e-05,0.007796590748805228,0.48542720564678576
275,0.6203590973177847,0.06293202111224558,0.0001127352841415527,0.07462815475730321,0.24196799152852494
276,0.6891335830104381,0.20041221026686654,0.00019263677772154064,0.024173187180343676,0.08608838276463003
277,0.21483615665774072,0.3448481206509218,0.00018691039908874692,0.14387249167249477,0.2962563206197539
278,0.10549891959948243,0.7538347112528108,0.002411849105086859,0.08389421919289677,0.054360300849723014
279,0.08648063703480884,0.8205698152413651,0.0021128745618754657,0.040196910955506794,0.050639762206443804
280,0.01104320506408586,0.03992831918488115,0.015057512221490318,0.0114934537731129,0.9224775097564298
281,0.01645791550504278,0.039285185877784484,0.006491543123736472,0.004351128828664809,0.9334142266647715
282,0.011287488984316078,0.011246953553421925,0.008496700923791385,0.00463191828659614,0.9643369382518745
283,0.010998174795077566,0.01804519238676878,0.005125931639390381,0.0030990236858558814,0.9627316774929074
284,0.008563065820857455,0.013042391703043093,0.002187607018935335,0.0021588485774059617,0.9740480868797582
285,0.0050545926700407175,0.0052644276868152335,0.00090298452848254,0.0015530619288792538,0.9872249331857823
286,0.04890203365907486,0.008700020736288224,0.0003854736936511969,0.00166532519119152,0.9403471467197941
287,0.31130984252086197,0.02986587293889785,0.002619449767880411,0.005388056947095961,0.6508167778252638
288,0.45173193563844155,0.03135881053607284,0.003073756814035169,0.004374075395859079,0.5094614216155914
289,0.2688843512000397,0.07915172799470696,0.0015006728253187391,0.008389559492702469,0.642073688487232
290,0.20146294150496066,0.05511095318195489,0.001428482643136826,0.014281395932593503,0.727716226737354
291,0.5939387576648198,0.178346225262253,0.007065870978457007,0.02163234124434507,0.199016804850125
292,0.4276535247250184,0.4551335738448723,0.008221560741853677,0.0355809975609831,0.07341034312727257
293,0.4096993154706728,0.5113926078646834,0.004563558157960899,0.03010391305234581,0.044240605454337126
294,0.06643788663921901,0.8063865353834995,0.07599263728718483,0.039074274729108426,0.01210866596098808
295,0.011356808322179559,0.9559902658941467,0.012902687486932017,0.017249891048559982,0.002500347248181788
296,0.047648430331691215,0.9069840797906611,0.004782161920092753,0.03247119716202122,0.008114130795533709
297,0.07389457346088536,0.8164830336011356,0.00983730248113532,0.092995619549729,0.006789470907114691
298,0.04085192069606588,0.9063061243258146,0.003073351447884828,0.0466388020122312,0.003129801518003316
299,0.012558451093188826,0.95310883208845,0.0196428266690945,0.011806143768504765,0.0028837463807622307
300,0.04777722700768739,0.9207189548282689,0.004213829397781543,0.02312643633870381,0.004163552427558269
301,0.007009570887424986,0.9037997356747023,0.08330863106451182,0.0034512218357020145,0.002430840537658915
302,0.010253074568769107,0.9414070913676096,0.035256473211088754,0.00711995468640449,0.005963406166127842
303,0.010669364566694527,0.867362038864437,0.1053369910436836,0.012187157370042372,0.004444448155142446
304,0.044599722534281655,0.7445239978086374,0.1428535098947297,0.04796804228245168,0.02005472747989951
305,0.01732395797510384,0.7592385324974655,0.19953301700426196,0.016481656624579875,0.007422835898588981
306,0.028654272647282625,0.06203566138268985,0.010888229579603429,0.01034328157736967,0.8880785548130545
307,0.6828137391845851,0.1884448806871905,0.001703001978621458,0.018341347295885133,0.10869703085371776
308,0.7286986337583106,0.24958686694347257,0.0010265000361436246,0.005730546609240032,0.01495745265283328
309,0.35750616060508966,0.6248120807496054,0.005158648581281194,0.0017500263153325962,0.01077308374869116
310,0.07520623732182448,0.8916142440556982,0.009106071761364168,0.014791804460337916,0.00928164240077524
311,0.07015362738347572,0.8868955688042627,0.01747126737045743,0.021266684049051625,0.004212852392752387
312,0.023526738106056756,0.9181647616249995,0.049745476471851784,0.005770377593739843,0.002792646203352025
313,0.025681609463955205,0.8251925101140268,0.1405070667210774,0.0047591269815440455,0.0038596867193966137
314,0.010991587706553466,0.7491529976572165,0.23347645910978093,0.00190371592401319,0.004475239602435625
315,0.012614754757450969,0.8320896814787243,0.1497532904532907,0.0028097561521543135,0.002732517158379667
316,0.007227743177825213,0.6696201910431284,0.3160810978923652,0.0017145912901544284,0.005356376596526785
317,0.017812118475092936,0.7812384773789879,0.19183923201717695,0.002886162651429514,0.006224009477312734
318,0.004125079791907995,0.360165311374934,0.630777224075388,0.001333718651957384,0.0035986661058125917
319,0.010556820706764475,0.7812321358081682,0.20258283197320473,0.00275799636597788,0.0028702151458846734
320,0.0033939763350834787,0.6303243882497148,0.3635968194849262,0.0010240412733079883,0.0016607746569676093
321,0.0019422627837376479,0.5170267682093459,0.4787084627799302,0.0006018961896520332,0.0017206100373343377
322,0.0023369820294994047,0.3461609470168121,0.6491254950056183,0.0008299035259346897,0.0015466724221354666
323,0.0020208176730401226,0.5014888168369839,0.49398834435005623,0.0006003185670453265,0.001901702572874489
324,0.002366494388049362,0.43819743412430046,0.5576313719683883,0.0005386942136166754,0.0012660053056451847
325,0.0020180248461117304,0.3709519517981273,0.625301516516407,0.0005257106246477179,0.0012027962147062744
326,0.0021761827180417042,0.4237432180642783,0.5719383986639364,0.0005591842071993327,0.0015830163465443954
327,0.0005407345575841349,0.2019039614651665,0.796605522105357,0.00020162364709178294,0.0007481582248005298
328,0.00046235653424561246,0.18868661926991992,0.810125362971146,0.00014279966342162036,0.0005828615612669469
329,0.000368752574784924,0.11784955081000084,0.881109558277319,0.00013052820886576334,0.0005416101290297223
330,0.000961324039761987,0.17016730928007304,0.8275990401228052,0.00026299889325779306,0.0010093276641020216
331,0.0024682782205009764,0.3700624141053255,0.6251176568807025,0.0005140435328502723,0.001837607260620892
332,0.0005179169450279915,0.12954775750895833,0.8691121609192416,0.00013441254945088007,0.000687752077321297
333,0.002202093120255121,0.12623957965873936,0.8683687741333967,0.0013209467201698423,0.0018686063674387876
334,0.000695003831067276,0.12672590236654074,0.8715352525228557,0.00022810939309736222,0.0008157318864390013
335,0.0013573001534274388,0.19965314816824853,0.7969173476769267,0.0005423223467194299,0.0015298816546779374
336,0.0028834175510124155,0.22184147328341938,0.7718853018894528,0.0015723675315644375,0.0018174397445509009
337,0.0011084324428258508,0.11510346465118514,0.8826441389033209,0.0003843044163542974,0.0007596595863139293
338,0.0014913030682747622,0.11233464634435619,0.884880453093883,0.0004360287225778812,0.0008575687709083467
339,0.0006286883798907886,0.0637010941526871,0.9343990533337346,0.0004941802696788498,0.0007769838640087678
340,0.0007299449845894711,0.054608808973024635,0.943239234195324,0.0007425214271704774,0.0006794904198915182
341,0.0018463674926605274,0.07374101272166399,0.9217927275892717,0.0015384182040785413,0.0010814739923252616
342,0.0013052454176106841,0.04861459134851022,0.946130979401413,0.002071183005323723,0.0018780008271423645
343,0.0016845108047393567,0.08571172339648396,0.9092397768927283,0.0018547300298893364,0.0015092588761590987
344,0.002106055681085226,0.07105294317261011,0.9241703482799408,0.001092210130166916,0.001578442736197213
345,0.003719516570053618,0.09568022987442915,0.8936401996456149,0.0041313920019434396,0.0028286619079589495
346,0.0009149931391434404,0.04901195826333366,0.9488386476473937,0.00034582118223539703,0.0008885797678939188
347,0.0004286395640488752,0.11986057762771116,0.8785382017422393,0.00042193850996597994,0.0007506425560345969
348,0.0009140115850267856,0.06475942155528429,0.9323321773693,0.0007458283542479214,0.0012485611361411665
349,0.0003085361926919336,0.027097688599207134,0.9717934598451096,0.00043575071922533965,0.0003645646437661694
350,0.00038434227043238127,0.038542509513259805,0.9603638881195746,0.00017342030911240858,0.0005358397876208659
351,0.0003862458550388323,0.036296635387331286,0.9624154080393621,0.0003701838394420403,0.0005315268788258733
352,0.0013495877174030137,0.048325620912172955,0.9488956103881004,0.0007063263905915202,0.0007228545917322315
353,0.0006059216179347884,0.033161357286209905,0.9649896004414785,0.0006655313096195608,0.0005775893447570363
354,0.0006215286642810589,0.03788191922444979,0.9604678461629954,0.000496499632844306,0.0005322063154292849
355,0.0010039377341712135,0.0521152281298127,0.9454603642975755,0.0006153860821869245,0.000805083756253631
356,0.0006021153217822276,0.0566861242355337,0.9414102070758268,0.0004380507101055825,0.0008635026567518178
357,0.0005996393011903882,0.053774700501950524,0.9441793006315538,0.000775368762231984,0.0006709908030734378
358,0.0010133872034301516,0.07546300122520588,0.9218828767231286,0.0004596903056749989,0.0011810445425604298
359,0.0010200616704644774,0.048494834494977164,0.948605250436801,0.0011079920507967907,0.0007718613469605615
360,0.0009693777840238185,0.04851734614744369,0.9488856016724911,0.0009665620134119519,0.0006611123826294245
361,0.00025534095727581917,0.023377582455491704,0.9757365972250356,0.0003159122721341205,0.0003145670900625745
362,0.00026124848612643176,0.02564346090796181,0.973333360687778,0.0003010112579155326,0.0004609186602183496
363,0.0011868917604378694,0.03346538503075768,0.9628307935773581,0.0012395676933027488,0.001277361938143513
364,0.00034575537798299744,0.029437820052324044,0.9694401904754121,0.00017147488882669038,0.0006047592054540852
365,0.00038143779644664647,0.028360117222677984,0.9704707091010983,0.0001817749676074894,0.0006059609121697217
366,0.00028267144638282574,0.03079013038420312,0.9682666159135924,9.87120407849508e-05,0.0005618702150366073
367,0.000661790762317987,0.05802530013980831,0.9403708541701442,0.00015997567293329096,0.0007820792547960989
368,0.0018131281936610926,0.08438275630679995,0.9117544718315769,0.0007172018007106682,0.001332441867251375
369,0.0009501609765355432,0.031857942363293715,0.9658119332785936,0.0006385477403515692,0.0007414156412254857
370,0.0005628343189430848,0.03460337003215064,0.9637912991453712,0.00018262553895930016,0.0008598709645758173
371,0.00021836535890346474,0.015609882005669514,0.9836798876276788,0.00017186087352996732,0.00032000413421820684
372,0.0007615079354564288,0.04513655741152827,0.9522993707725801,0.00047374682952621105,0.0013288170509089055
