epoch,N1,N2,N3,R,W
0,0.02648044003276866,0.009137512396174975,0.00041924468149636806,0.0015670101877059439,0.9623957927018539
1,0.0018053310371688315,0.0027453682454956956,0.0008437681458387551,8.371805937207445e-05,0.9945218145121247
2,0.01819643031063692,0.009152742025140544,0.0004121185518841733,0.00114976278053312,0.9710889463318052
3,0.0036528567597188923,0.0017773566923824924,0.00019518242977075651,0.00019030852098793146,0.99418429559714
4,0.00066020902777246,0.0022278316650100934,0.0002990435181710726,2.7165976195935236e-05,0.9967857498128504
5,0.002477364285892902,0.00284393640181358,0.00010744891762996716,0.000125440679055922,0.9944458097156076
6,0.0025651720233327868,0.002119123363326122,0.00027232765721515296,0.0001362931408019969,0.9949070838153239
7,0.0001941304257541146,7.122003465584183e-05,4.148394910602839e-06,6.913855625085054e-05,0.9996613625884286
8,0.0013030599871067213,0.00021373315161710434,3.831099932782169e-06,0.0005778503147216459,0.9979015254466217
9,0.0019435918292051147,0.0010596458126486356,0.00010586913673647993,0.00044219741377376424,0.996448695807636
10,0.0025086768743705955,0.00043422366310642575,4.6834370572956805e-06,0.0006113702091924613,0.9964410458162731
11,0.0011097939349098236,0.00018403372844409143,1.6527796138525083e-06,0.0004491219463239534,0.9982553976107084
12,0.035978208002241205,0.003593132425976502,6.030372154811194e-06,0.003941010412902856,0.9564816187867246
13,0.011282824678608699,0.0011388718566624771,1.8071930349399412e-06,0.001741788861670825,0.9858347074100231
14,0.047699803159336196,0.0035486899100820096,1.654643236059711e-06,0.004528974000671771,0.944220878286674
15,0.08710018239055382,0.020716902347200247,4.55038257052311e-06,0.016122966027830324,0.876055398851845
16,0.20266701277170807,0.0924683003977224,9.915940632191106e-06,0.06346157759951797,0.6413931932904194
17,0.1692978331572032,0.036775582407774746,8.054253622058167e-06,0.06508595038423633,0.7288325797971636
18,0.23288416507966056,0.34641893349578906,8.584564723124102e-05,0.042262062228745366,0.37834899354857365
19,0.18313832371196673,0.476817332202862,4.6175346382148513e-05,0.016953301564392103,0.32304486717439707
20,0.061555153425802214,0.3801832353351605,0.0005955753497559928,0.0032114325420218065,0.5544546033472595
21,0.08041836036020435,0.351793355933719,0.00018488955723187085,0.002799290817208027,0.5648041033316367
22,0.08605992276902111,0.7052729387201713,0.00022714524737374347,0.007551841010489693,0.20088815225294424
23,0.1267542818716291,0.6038205881515781,0.0006839198326202482,0.02098318298598315,0.2477580271581894
24,0.04758908599089655,0.8887657242136568,0.001446034886518299,0.0030833697185116524,0.059115785190416555
25,0.045676723588043415,0.08536524975654945,6.794743180447005e-05,0.006269027567344555,0.8626210516562581
26,0.21507186589643199,0.5425095914461106,0.0003160117469572656,0.06224035019525997,0.1798621807152401
27,0.28162700837387306,0.2655290281724001,0.0005218428824715568,0.07603072857899429,0.3762913919922609
28,0.4933269694213243,0.2797150686090561,0.0007284492643724923,0.052141909432764165,0.17408760327248304
29,0.15520919942343295,0.8021384599526225,0.001429735949666369,0.01580817771378256,0.025414426960495812
30,0.400976184847843,0.46829360962892,0.0011314843358351979,0.04094344198710011,0.08865527920030165
31,0.21492253129012218,0.6452756366333137,0.0074140142749690935,0.006489864112368074,0.12589795368922682
32,0.31204056136627945,0.5026009167224957,0.004284212485434168,0.002391830904163297,0.1786824785216274
33,0.030720715615912587,0.9068366211954433,0.05533713940410198,0.0006668849978032676,0.006438638786739041
34,0.053603006538349506,0.7910354044674662,0.07359756316627789,0.0009675527241144938,0.08079647310379176
35,0.04523182768110585,0.8433943852526147,0.046807453071861765,0.0007851406902610804,0.0637811933041566
36,0.021556871567590362,0.8013275486774659,0.15034352689331731,0.0009186229409722292,0.025853429920654116
37,0.06714155335299864,0.6706719925834256,0.10964844743305417,0.0008817055695172498,0.15165630106100425
38,0.06255876684573562,0.8206347552792344,0.06499857489149531,0.0011214293091335247,0.050686473674401294
39,0.03453625532150887,0.8603077897447413,0.06519555501905436,0.0005298595488274693,0.039430540365867774
40,0.023002456621462213,0.8718142965472562,0.07239551068455852,0.000491095618339178,0.032296640528384005
41,0.015564052522914455,0.6173691917899606,0.32858894059373656,0.00021970674383097396,0.03825810834955742
42,0.010685975249132573,0.6870266973894489,0.2782395056359186,0.0002478932557162322,0.02379992846978366
43,0.0025620277762612447,0.406720324808727,0.5676317883605531,8.588881688673546e-05,0.022999970237572085
44,0.0014920587447154253,0.3322276420700237,0.6556352973775016,9.644870855563757e-05,0.010548553099203786
45,0.0037993496129410825,0.42719874848078176,0.5577468373389316,0.0006231980674923395,0.01063186649985313
46,0.0003625786475183911,0.1240239353593526,0.8719877560472602,3.099648290775626e-05,0.0035947334629609215
47,0.0002884249993709164,0.10816401346705512,0.8890288955935872,2.313532705807207e-05,0.002495530612928554
48,0.0019276305253867084,0.20213157931873968,0.7759702909454799,4.78684215081909e-05,0.01992263078888549
49,0.0001427299307140886,0.032954202634164806,0.9633280628716981,1.0553115273665725e-05,0.0035644514481494123
50,0.004554433649353653,0.20629876348867446,0.6608805985350971,2.5854720344161944e-05,0.12824034960653075
51,0.0007983758414774989,0.06602569496333593,0.9214639111575891,1.393295344078473e-05,0.011698085084156748
52,0.0031649678580509643,0.22699076188286876,0.7376379400928672,4.593966616104342e-05,0.03216039050005201
53,0.0009201389279541454,0.12276281537160565,0.8527179683182223,2.0129598654493958e-05,0.02357894778356344
54,0.00016299646384062484,0.03805779796251067,0.9539840936461291,7.1276973296546645e-06,0.007787984230190127
55,0.0017946273214121467,0.10467791917326404,0.8667432336745786,3.65499289955206e-05,0.026747669901749614
56,0.0005982227268980015,0.11705610722218454,0.8728662896065723,1.7298343793639952e-05,0.009462082100551454
57,0.001060102850200453,0.07779084310564997,0.901901090497734,1.7848241465687197e-05,0.019230115304949936
58,0.001567069084427121,0.06715829252531287,0.909319236697126,1.602381712887787e-05,0.021939377876005188
59,0.0003679867138050418,0.04615857494260512,0.9456454163650027,1.0618067636614412e-05,0.007817403910950515
60,0.0008095981900656197,0.05924585814947452,0.9215204590221278,1.85400723432247e-05,0.018405544565988835
61,0.0005594269495630163,0.050006835919347854,0.9413910869208949,1.4705235789932468e-05,0.008027944974404271
62,0.0011937849606577797,0.07870717795198859,0.9098761080787373,1.8936678533402133e-05,0.01020399233008303
63,0.00031398097438310464,0.02111567424898683,0.9729025069640179,7.014587545835582e-06,0.005660823225066597
64,0.008507182559253593,0.17810084487352607,0.7806222840769378,7.222736407547533e-05,0.032697461126207035
65,0.000537573173728376,0.03789121166269993,0.9491313796952742,2.7648194612737682e-05,0.012412187273684799
66,0.0005809322969172829,0.024413693284348094,0.962780197892763,1.0834806780712575e-05,0.012214341719190648
67,0.00324618874177481,0.10998588999552725,0.8449661914201844,4.0563133971348905e-05,0.04176116670854226
68,0.0017303702091056184,0.08145331149252133,0.9043320866363909,2.157013146807186e-05,0.012462661530514228
69,0.0018696076676519003,0.043140824536636355,0.9446854832790055,2.3573422877379167e-05,0.010280511093829056
70,0.0007865294331243771,0.06968313345579764,0.9152702062180994,2.7325452345688274e-05,0.014232805440632813
71,0.0041123610713196,0.09555137619458932,0.8708210680311282,4.721263881985988e-05,0.029467982064142875
72,0.0038457702327415848,0.18038565058467218,0.7746582101976592,0.00010431969325833743,0.04100604929166883
73,0.0014910449970992007,0.06009098536377548,0.9291708758274811,5.698424472192651e-05,0.009190109566922363
74,0.0018356225353663663,0.03492249800786056,0.9555908985954826,0.00015679325953771918,0.007494187601752455
75,0.0032318027870413273,0.12873872002862996,0.8421587476543286,0.0008252415147389783,0.025045488015260898
76,0.0017036358782902851,0.06263791738405378,0.9118381640243683,0.0004945603194663335,0.023325722393821254
77,0.003751141457406007,0.22860739648313033,0.7165287356031376,0.0010521941850057403,0.05006053227132041
78,0.015574238474429408,0.017492105984195132,0.0018800971535024632,0.002285439150601494,0.9627681192372716
79,0.054579951606343914,0.0147377874554816,0.00016946196358555695,0.0043278224706873375,0.9261849765039016
80,0.014433668274371066,0.009693831404056823,0.00012111150589416217,0.0010415474347319565,0.9747098413809461
81,0.08640105373568882,0.04361463402606031,0.00012611107125675997,0.0013584201782477357,0.8684997809887465
82,0.15242488284178565,0.039807774105418726,0.00021932238490390818,0.0025228094944642902,0.8050252111734274
83,0.2871664431742263,0.16477345193333814,0.00037040388387300836,0.003880491938293795,0.5438092090702688
84,0.2070256169145862,0.20454534000284538,0.0007292655244097561,0.006440053962842874,0.5812597235953159
85,0.13371743478798231,0.2874107415290984,0.0004850477399754432,0.004683776490472663,0.5737029994524712
86,0.2094932970715983,0.6812351963118092,0.0005661100495981034,0.017264385784824508,0.09144101078216997
87,0.055750914686173714,0.7788062892408181,0.003053392599958073,0.002101655421510836,0.16028774805153914
88,0.13991391667652986,0.6285684623888638,0.008358958639984818,0.002320804042266466,0.22083785825235497
89,0.10013431535827214,0.7930712340320547,0.0037090314267747143,0.002105793563668719,0.10097962561922975
90,0.1608454706660577,0.7892647596116169,0.0018458104447051117,0.002949257030988423,0.04509470224663179
91,0.04002546768047093,0.9091321018230456,0.015495125242031539,0.0012165308961057735,0.03413077435834618
92,0.07029573325710066,0.8687975098148467,0.003009875748886953,0.0029180055720798566,0.054978875607085975
93,0.07727605955331546,0.7774409218840215,0.0020719109800075752,0.004898342187761002,0.1383127653948944
94,0.06921606898195708,0.7645727358813319,0.007408088319446235,0.0024810306811080163,0.1563220761361565
95,0.14476553655358426,0.6785003556006202,0.00999003381107812,0.003183040859451141,0.16356103317526619
96,0.25575533242731285,0.3083814393175217,0.008270465995058734,0.004421162149986566,0.4231716001101201
97,0.11905498575132127,0.5198922645844155,0.009849401590399265,0.002192627980303038,0.3490107200935609
98,0.1730133184679096,0.4700853528896143,0.004803426597131041,0.002198444584318878,0.34989945746102613
99,0.2704960060744654,0.33055822301545174,0.01579856416114447,0.005466428868241607,0.37768077788069676
100,0.1664783063630336,0.5311810261393526,0.009122262096538623,0.003511932481790894,0.2897064729192843
101,0.0835273840147615,0.15234419807405444,0.009300599201946683,0.0023434316346844296,0.7524843870745529
102,0.14476253721766225,0.5221078632531029,0.017030441100419555,0.003244973294014381,0.31285418513480096
103,0.04794832520477464,0.7787588578370183,0.13472074684615404,0.002418080178960416,0.03615398993309273
104,0.19471764690559284,0.35509363317200976,0.018966308277042643,0.004722252251905388,0.42650015939344926
105,0.2233345157058229,0.36818684285237374,0.00842182468462587,0.0033761279039663406,0.3966806888532111
106,0.12042314429310003,0.6516075730671925,0.050666883391374415,0.0038852166487996207,0.17341718259953331
107,0.12244084725755265,0.7587288414281204,0.069486562319141,0.003134938176757458,0.04620881081842829
108,0.2115947227932106,0.4487982612986612,0.013267293058242962,0.006080055394850106,0.32025966745503515
109,0.15127437262395796,0.5161640409381532,0.013408889485947142,0.005330674909261774,0.31382202204268006
110,0.1937660697372555,0.6520051892325112,0.022632719724026543,0.005569080480132113,0.12602694082607457
111,0.21522597392953371,0.6606293153215235,0.016546614577159065,0.0070384760665371075,0.10055962010524665
112,0.170987456155514,0.6248810710993977,0.021242634129866222,0.006005962751202091,0.17688287586402007
113,0.13617413613882964,0.6656459222898735,0.02540820606967813,0.004403453061165333,0.16836828244045332
114,0.11754474830339308,0.6188319126435764,0.1162584715365447,0.00800031662831311,0.13936455088817262
115,0.17944371449805802,0.40993529907751075,0.022213884046112426,0.004973938137114854,0.383433164241204
116,0.21569458532080313,0.6432180422405122,0.02218408600176095,0.005264267156555958,0.1136390192803679
117,0.13938683899408894,0.721757962512514,0.007328498527654952,0.007285825777955249,0.12424087418778695
118,0.2534322662468879,0.4115387192855094,0.04320040429573006,0.00796382041547892,0.2838647897563936
119,0.16628011664611253,0.4197299007144301,0.009295776935405056,0.004207779051788813,0.40048642665226347
120,0.13590247831713195,0.4073021206095903,0.048667585493496854,0.005387228420434137,0.4027405871593468
121,0.09086338104035521,0.1951868618248983,0.012933380340041543,0.004825800900408062,0.6961905758942969
122,0.1664536762314156,0.20196286099840394,0.006049985188476215,0.004355261718505273,0.621178215863199
123,0.2758889378271669,0.3621433287369462,0.016801609253625685,0.010067548585401919,0.3350985755968594
124,0.28724853998001826,0.44196960083603776,0.016072317813726252,0.010041762286888838,0.24466777908332885
125,0.3022069348495221,0.5364736236038038,0.028607452880467146,0.006764961510834423,0.1259470271553726
126,0.19183494723093214,0.6758923386837018,0.01271994326139348,0.007691594703670322,0.11186117612030227
127,0.12791909039341492,0.48174179461434746,0.02005083938224332,0.00731822154886881,0.3629700540611256
128,0.15091882684541597,0.4450763797598654,0.01803041921427123,0.006423926227219372,0.379550447953228
129,0.08960093033022852,0.30190717957449714,0.05231038860642957,0.00615278596026189,0.5500287155285828
130,0.11847453691694974,0.327708832511552,0.004106104521529678,0.004556489612366189,0.5451540364376024
131,0.37042575590244076,0.4139947572843832,0.018312823318241096,0.006534199268457797,0.19073246422647713
132,0.17054252707466683,0.6930963625684745,0.02462477846889819,0.004349528951771025,0.1073868029361895
133,0.10684035583925923,0.6805606534490454,0.016657513949097175,0.006132875911552414,0.18980860085104573
134,0.16080149113018538,0.5339951634352462,0.016860237978836075,0.0079666169136257,0.2803764905421066
135,0.2140910186009406,0.44972953836482576,0.01652626255619346,0.006317925076158351,0.3133352554018817
136,0.281201847252262,0.4988460776967545,0.007265389164314944,0.010842712091602147,0.20184397379506644
137,0.1923857028436981,0.5565406192837715,0.005922854533329505,0.014059955795386056,0.2310908675438148
138,0.1878545641275129,0.5082930395433088,0.023955209435184234,0.017354108266128435,0.2625430786278656
139,0.09300163770612628,0.20645883921770472,0.008598257558594963,0.009288954518459671,0.6826523109991143
140,0.049863443029431194,0.14598598401048501,0.004909388219871701,0.0046772646070078645,0.7945639201332042
141,0.2190359251756011,0.371140610433933,0.02073384938365606,0.01863272656006515,0.3704568884467447
142,0.0014527959786067124,0.004976699840548705,0.0013057918817122173,0.0004951301166683107,0.991769582182464
143,0.01445630529641159,0.005395540312318564,0.00032887995985664286,0.0034125828730735695,0.9764066915583396
144,0.04387667523727828,0.005772693998006439,0.0005751272106607346,0.003528274444162012,0.9462472291098926
145,0.41232029823379845,0.040701984026291896,0.0019817161018841198,0.0065729517519406665,0.5384230498860849
146,0.2977159130235556,0.04250882113518422,0.0003910262053179099,0.0678186078438072,0.5915656317921351
147,0.050310273245961025,0.010079755208183305,0.0007354777710474662,0.020198825594897298,0.918675668179911
148,0.03334100381877949,0.011157666197722953,0.00025080955827331565,0.025145795893932368,0.9301047245312919
149,0.5567146617964976,0.21726297976625994,0.0010556117752810587,0.0753985445377281,0.14956820212423313
150,0.03427538240809484,0.012240591538305923,0.0004785436447828958,0.00821738602502438,0.9447880963837919
151,0.1374992621913245,0.020146455966075626,0.000885758066614287,0.005394600097991769,0.8360739236779939
152,0.5224946926479609,0.13603052975945001,0.005248764073359457,0.007579505100109094,0.3286465084191207
153,0.17249831751008718,0.41882805586065763,0.02254689524347202,0.023969342832808826,0.36215738855297414
154,0.2411331709637107,0.6209197015988357,0.03964187531732549,0.011291513783023245,0.08701373833710473
155,0.22005246385259294,0.5380710368677492,0.02375196499178641,0.01992573434542935,0.19819879994244216
156,0.14083143368814313,0.4805092964046599,0.05213720134349523,0.04740411843434218,0.27911795012935947
157,0.04751095485615378,0.315023627579267,0.18858640418542458,0.019628526185633207,0.4292504871935216
158,0.1280877975269657,0.459087386098504,0.05718062665843933,0.01796980945976828,0.3376743802563226
159,0.09930337087091136,0.07435138644294066,0.01344746208302881,0.013244965478466337,0.7996528151246529
160,0.03287345491141319,0.012740794537343328,0.0004601414550395816,0.007854767503673372,0.9460708415925304
161,0.0009721593291267934,0.0007456913916448131,0.00023488851952249527,0.0005585351055874837,0.9974887256541185
162,0.0011676253054923947,0.0010698877909190165,7.945221428575087e-05,0.0004251992477717812,0.997257835441531
163,0.003310373452951194,0.0005621638962292165,1.050498493367795e-05,0.0006839923597466926,0.9954329653061392
164,0.0038417150416577106,0.0004478356249712903,6.3500382721588594e-06,0.001622500779806047,0.9940815985152929
165,0.02323287152059004,0.006737146598593405,7.22448523192354e-05,0.003199349100935755,0.9667583879275615
166,0.006442969995911955,0.0073488010306275485,0.0013448891007712298,0.00299837600778511,0.9818649638649042
167,0.011942625095488794,0.012435012859977255,0.0007503808086310852,0.002106068284522156,0.9727659129513807
168,0.00670642010285741,0.014251238854185973,0.00017995709131626354,0.004051050672425681,0.9748113332792147
169,0.05155524081965336,0.03633447395716132,0.001238638373490513,0.003544032857633895,0.9073276139920609
170,0.00699704119812892,0.013203772061532929,0.0001696667577339869,0.0026425911498945904,0.9769869288327095
171,0.05828637081317212,0.03516373564506726,0.0008871039662067491,0.01369016003721731,0.8919726295383366
172,0.30912895321218553,0.05734649648140206,0.0004619129525320534,0.048188462794177746,0.5848741745597026
173,0.06499072482416025,0.035007683211556395,0.002981761001964394,0.005490129819223391,0.8915297011430955
174,0.23966632099157023,0.09882429304067804,0.0009169783936742224,0.07110731949320447,0.589485088080873
175,0.24356948830852496,0.099838172196902,0.0012671878512320138,0.1130995298036887,0.5422256218396523
176,0.008914162543354056,0.008100387084425852,0.0003279687482352955,0.002650640190687452,0.9800068414332973
177,0.08555968489930224,0.20896729182792106,0.0037559294315367238,0.044792836481781256,0.6569242573594588
178,0.12930505852086732,0.14407699704787374,0.007209113891590571,0.0614622874260685,0.6579465431135999
179,0.029457816853196366,0.19239998887895923,0.007850841253009609,0.04829571645187894,0.7219956365629558
180,0.01130461311636294,0.012370751616264586,7.675940395541727e-05,0.050680202973208605,0.9255676728902085
181,0.03190424416334713,0.015143981730420123,4.166206969145744e-05,0.03705279636218336,0.9158573156743579
182,0.003823065492934637,0.01930727344902011,0.0014710448195794836,0.003298844382978507,0.9720997718554872
183,0.0037726234967503983,0.006721593637850696,0.0006498980585739817,0.000991908561634234,0.9878639762451906
184,0.018461325851466547,0.012240843280479887,0.00011143306870415756,0.0025518079717766072,0.9666345898275728
185,0.09701584835325787,0.01815527212317656,0.00013743881941693267,0.003097512173758636,0.88159392853039
186,0.020395708262449297,0.010875616779933603,0.00020986037405490107,0.002895067346418221,0.965623747237144
187,0.41096620550874396,0.08616895791310346,0.00042087900361037565,0.013969992781461885,0.48847396479308014
188,0.15431699562102674,0.4246925218071225,0.006294366985900524,0.021932548424414357,0.3927635671615359
189,0.29605486026726474,0.11647257703573795,0.0014903135130092473,0.03730959643340221,0.5486726527505857
190,0.2135741105991019,0.41809601522863876,0.000545078501590294,0.09808961295520423,0.2696951827154647
191,0.15855104949791865,0.6954980111276544,0.004445384750309094,0.02888020640076049,0.11262534822335733
192,0.16565473512635742,0.7072009598532897,0.023455792935941,0.01675921654331218,0.08692929554109984
193,0.10457236897916251,0.8255263400304168,0.008851448053059824,0.025221681063573042,0.0358281618737879
194,0.03708360008822686,0.8562979891881111,0.046968364528342896,0.016222585353085805,0.0434274608422335
195,0.1279923279177189,0.7785698521767829,0.0037153828768847316,0.018412948989921536,0.07130948803869189
196,0.0707694499121153,0.8198599667927565,0.018965650076244376,0.015754779566163384,0.07465015365272042
197,0.13803025997191362,0.7605719610336376,0.01215914587230739,0.02084575190382345,0.068392881218318
198,0.32986859088527454,0.5487017035668442,0.00253596494923848,0.023649165687977456,0.09524457491066521
199,0.03312140453419712,0.908116987639862,0.03708439323731768,0.004434725165686938,0.017242489422936245
200,0.15435768731205193,0.3536177501897697,0.014855103053922606,0.013797513301358783,0.46337194614289695
201,0.12736833194958952,0.7796964602855555,0.018343430786589655,0.014401516120117749,0.06019026085814767
202,0.0796468712352251,0.8543405402223134,0.006488728825083717,0.00828387112444044,0.05123998859293744
203,0.08079575721949546,0.8536282769894659,0.019167601714531066,0.011394917472868658,0.03501344660363903
204,0.08463447257594024,0.31775245879732167,0.033731723002965265,0.012625940702721909,0.551255404921051
205,0.41478588296462476,0.17999992913697463,0.004643694717529386,0.026454288900078345,0.37411620428079284
206,0.0386665311812816,0.7676605129451203,0.07361824764762244,0.015605558990082573,0.10444914923589309
207,0.1653873966767479,0.11261149130619044,0.0067652641097181105,0.0201061457533189,0.6951297021540247
208,0.36353832456940083,0.26857028617152123,0.0006706098069141428,0.19947538356959726,0.16774539588256657
209,0.1810098159648064,0.21135842870956337,0.0009202604333388886,0.47040722956455194,0.1363042653277394
210,0.2365197338344703,0.1674146669751944,0.0027120841692507363,0.15842479578121801,0.43492871923986665
211,0.2586604596405729,0.30159663527380454,0.005645390514682097,0.3056741570147848,0.1284233575561558
212,0.17039203228511318,0.2354306111229982,0.004257944932650072,0.26552843050927805,0.3243909811499605
213,0.15493577223312385,0.1660172557652466,0.006310240991816863,0.551245741203386,0.12149098980642657
214,0.09592786137293212,0.07765556219419714,0.0036443235681520173,0.5283258991191049,0.29444635374561384
215,0.1809709932741254,0.126855439344217,0.002190121433389189,0.5514650909532315,0.1385183549950369
216,0.18661705609633583,0.11190259077900121,0.0019026397437502658,0.45308343835219855,0.24649427502871402
217,0.18147536393269964,0.23514647746628078,0.004331819660390163,0.5202753518656461,0.05877098707498337
218,0.19802995269616822,0.2644596386412554,0.006062533852338998,0.3216000305596852,0.2098478442505522
219,0.112226096099545,0.43763545366488327,0.025222763474443865,0.34556373049471734,0.07935195626641062
220,0.06311635513654873,0.41477428001467775,0.002693915252135077,0.49760366982302057,0.021811779773617954
221,0.09297689770032776,0.516139078951298,0.004729660448129306,0.2863585893744572,0.09979577352578779
222,0.07329756779019593,0.36479143988066864,0.005899067867205371,0.4502132060745199,0.10579871838741006
223,0.10523684629139005,0.45800747957312476,0.010324428740155678,0.3200641426559208,0.10636710273940886
224,0.1632108772605152,0.376153785977631,0.005759684912317733,0.23142179569688295,0.22345385615265304
225,0.0876575666802646,0.5371906196696771,0.027058168710905606,0.3067741552474422,0.04131948969171046
226,0.1322012971877971,0.2964871562046884,0.0067275204227646756,0.3325578714068282,0.23202615477792168
227,0.09206132888820243,0.5788280516602563,0.009524807223205116,0.26183464665157097,0.05775116557676522
228,0.08325748963596454,0.2884074977026821,0.0029179431710917576,0.6025170743324907,0.022899995157770903
229,0.07200887877510102,0.37363595498999463,0.008320764725089854,0.4633973402635268,0.0826370612462878
230,0.08801584805881105,0.2547883149231478,0.0020293025151837613,0.6143313940650034,0.04083514043785414
231,0.0838969746696672,0.047393454087132164,0.0012436641498899724,0.23580991963084938,0.6316559874624613
232,0.030836044228116685,0.025666995286623452,0.001961571314741634,0.1331227433732033,0.808412645797315
233,0.21513506710723243,0.12153571387807324,0.0026296768555514652,0.49293654904777784,0.1677629931113651
234,0.20229285452018936,0.09020916373231026,0.0003388464662455901,0.5649886520655049,0.14217048321575002
235,0.15831882505593955,0.04788682008365031,0.0006102369641566587,0.7634706488357098,0.029713469060543556
236,0.16717536825134252,0.15567130975492585,0.0016982270006024194,0.629385553311013,0.04606954168211623
237,0.1030476280937433,0.30038704453521875,0.001872963176780514,0.5262695324676545,0.06842283172660305
238,0.10403222943281301,0.3632617711433163,0.007812859117924722,0.4273391903128642,0.09755394999308167
239,0.08135806351783534,0.31564137322770025,0.003487013250060215,0.5578873388735046,0.04162621113089959
240,0.07142138182683165,0.529679722558325,0.0024537638767591755,0.37897139239985295,0.017473739338231292
241,0.1017861458917767,0.4434801647871803,0.005318195816018145,0.415956767206328,0.03345872629869693
242,0.09419464103422336,0.5222601427654338,0.018922886139606753,0.27909082900531457,0.08553150105542145
243,0.14155586061032258,0.23426011489058737,0.0023225052429152408,0.24077935439853387,0.38108216485764096
244,0.210219091739642,0.41356062950928624,0.01010585533560251,0.2335415789456949,0.1325728444697744
245,0.20395297983697555,0.20752082065456495,0.01215849955640382,0.37170180635657807,0.20466589359547757
246,0.1200385026774907,0.32599174512385065,0.001424407338852786,0.5118497363998392,0.04069560845996655
247,0.08893350932115542,0.11175791110700455,0.0010556709368717413,0.7256401915357741,0.07261271709919427
248,0.08484907269343664,0.042482799033278895,0.00143895853688458,0.40740022810073157,0.46382894163566846
249,0.03958401554183703,0.04343027910827944,0.0011411531248321821,0.7381386911896793,0.17770586103537198
250,0.047901882015258974,0.01935522048433302,0.00011478311031720565,0.7632043069970461,0.16942380739304458
251,0.16365336846377748,0.03265944408768836,0.00042402705652621096,0.6645137434800281,0.13874941691197984
252,0.19589224738499333,0.05344808511472858,0.0008758105355599368,0.5921409464756203,0.15764291048909782
253,0.08271035724289702,0.026442160202792313,0.00038619067092014194,0.8354867356456349,0.05497455623775547
254,0.04811898374983283,0.02831903240722982,0.00041448032405819407,0.8648973891379483,0.05825011438093071
255,0.027144054003879387,0.01952872811750702,0.0001908793443787442,0.9370985519257592,0.01603778660847563
256,0.04201896372320812,0.02051892626234909,0.0004784289858564504,0.8975365627936984,0.039447118234888084
257,0.027664588769210324,0.021964672282950022,0.00024053327857568357,0.9401636607207341,0.00996654494852976
258,0.06118367131355202,0.04422389073688919,0.001141471633155596,0.8511852868468365,0.04226567946956673
259,0.01360637559608881,0.03258148346851293,0.0012442251526975472,0.9191238230614535,0.03344409272124734
260,0.012285260670728552,0.023140810682483633,0.00040675720619797937,0.9560148079588086,0.00815236348178146
261,0.011233659083587814,0.013764767210393896,0.00016111866358284262,0.9693283320404693,0.005512123001966228
262,0.02544479949898724,0.024388718918426994,0.00017729619651017737,0.9309016953680491,0.01908749001802637
263,0.04041591615315018,0.0616903537170189,0.0001529564746154952,0.8813758991011228,0.01636487455409272
264,0.041139117132343854,0.05929652093306831,0.00023195213181648365,0.8838616111315364,0.015470798671235022
265,0.1063697381926922,0.25025659889979346,0.0018640906966733586,0.6017783138383088,0.03973125837253218
266,0.136442766069187,0.14000234416373517,0.0006605238083764023,0.6824751464932428,0.04041921946545849
267,0.12830086758095238,0.4726916954088268,0.003960497867172515,0.329064292253142,0.0659826468899063
268,0.10127969989978389,0.5197025102301813,0.005075996127690196,0.33180570157435707,0.0421360921679876
269,0.1183338963863073,0.5463370478203189,0.00937766037709243,0.28575251335914764,0.040198882057133664
270,0.18303660296609695,0.7256326084897876,0.017320694851456958,0.02875501085242154,0.045255082840237
271,0.15051670379814022,0.7708438097817859,0.006764944639858999,0.024384831073336378,0.04748971070687839
272,0.40381312290724275,0.5165451309978446,0.009848010221062194,0.01055946397048409,0.059234271903366414
273,0.2914635253936821,0.6757313349334921,0.008076470783193799,0.00661038954375139,0.018118279345880478
274,0.08457319546034946,0.8861209035899474,0.019385259320697228,0.0020505603760943634,0.00787008125291137
275,0.01591925291021801,0.954653279525397,0.02042596300955834,0.0004319035139041461,0.008569601040922567
276,0.022758181519822226,0.8797529991663741,0.08001892104152075,0.0008126741995213581,0.016657224072761656
277,0.03354075917521325,0.9323713044661814,0.022137073180748455,0.0007703764829926805,0.011180486694864267
278,0.008344747197003925,0.8270997381749667,0.15045329774384206,0.00043805852459166016,0.013664158359595707
279,0.02031960650423307,0.8511607100137807,0.11898629966075555,0.000652367236332206,0.008881016584898576
280,0.003776724346777959,0.6265392150978646,0.3645545570691792,0.0003502517256910799,0.004779251760487044
281,0.0009074548607431906,0.31627370977675573,0.6809881393418198,9.129646165917663e-05,0.0017393995590219988
282,0.006289822791379684,0.5841983275174253,0.40006552885720525,0.0010526991204112286,0.0083936217135786
283,0.005072051554533299,0.3896995198525056,0.5991512638236408,0.0013324135634007138,0.004744751205919547
284,0.006047339283345511,0.6019045135985671,0.38453930323465013,0.001626221082609159,0.005882622800828096
285,0.006497274226115075,0.5217108075456971,0.45267454750646846,0.0031553004228885148,0.01596207029883085
286,0.0037578114522436334,0.32264076682272247,0.6639259426839689,0.0019698261611051393,0.0077056528799598085
287,0.005147327002673236,0.014882798616537008,0.0021037524254441144,0.0026733726592079363,0.9751927492961376
288,0.08860437297968683,0.0508128395159856,0.0002505298986367149,0.021493378307218137,0.8388388792984728
289,0.24068069344609785,0.05619116627213014,0.0001223758415499746,0.019153635212080862,0.6838521292281411
290,0.5948600785470041,0.03889709131975883,0.00014036427434984907,0.018157244636072142,0.34794522122281507
291,0.5390056966302335,0.12098399657708099,0.0001592458549442986,0.055566480037870486,0.28428458089987074
292,0.2716766700352717,0.22570405105932206,0.00018607673623328506,0.2070536966829679,0.295379505486205
293,0.19809483993889318,0.15198239955181722,0.00014172657276071646,0.4109292608386441,0.23885177309788472
294,0.0075066912042549404,0.02720974034068145,0.00021026913567150603,0.0290088636597799,0.9360644356596122
295,0.23555196894243596,0.1211446516611922,9.366078842868293e-05,0.3139405959411412,0.3292691226668019
296,0.1745531565696314,0.19013388502246084,0.0001512445159131619,0.2179869513850874,0.4171747625069071
297,0.17444311471945273,0.07574647486505867,7.55091986275439e-05,0.15097584419463336,0.5987590570222276
298,0.19443647482731047,0.2727441590987563,0.00012591053795236914,0.22627627251176177,0.306417183024219
299,0.16361712926827587,0.4735712819964416,0.0003223629362088794,0.1515504301839682,0.21093879561510548
300,0.10100640299452077,0.5459215240757183,0.0005363884455879434,0.09658650549617781,0.2559491789879952
301,0.05397115130773752,0.8023943790171291,0.0003756838059913674,0.12170184894647258,0.02155693692266949
302,0.07560106156339304,0.7413926229057411,0.000985460455009947,0.09633888840756735,0.08568196666828838
303,0.03891373953373894,0.8700351068881723,0.0018594588933178668,0.046463885075408766,0.042727809609362156
304,0.07510441375783868,0.826645540692625,0.0021406025978217384,0.056921796791254094,0.03918764616046052
305,0.021137344078981827,0.9610269273806595,0.0007056000270460664,0.0077572358945623195,0.009372892618750378
306,0.025088914305299737,0.9469222269830566,0.004472084585870436,0.016635156470765557,0.00688161765500771
307,0.02268871319315865,0.9496972839363091,0.004184940899865367,0.014026780706777906,0.009402281263888947
308,0.056398907884738184,0.8334755634982228,0.0013112952745038423,0.06904088711530156,0.03977334622723336
309,0.05957300058678172,0.8380849764663042,0.0026718325174938376,0.07109840501660161,0.028571785412818608
310,0.029892299237551923,0.743024333985024,0.002156904301333097,0.031969932562883586,0.19295652991320733
311,0.005139196680883278,0.01720818532158214,0.0014609906003492888,0.005713881644631938,0.9704777457525533
312,0.034569746987457246,0.07222931891393328,0.002649938265254059,0.04281659845509823,0.8477343973782572
313,0.3098499384676929,0.1165965923349282,0.002620548608311712,0.06320603646513842,0.5077268841239287
314,0.2196660115892086,0.12208621277369014,0.0005003273884766844,0.08153697569090626,0.5762104725577184
315,0.2395152066085152,0.21036395707772876,0.00027630447881321575,0.34350594973675075,0.20633858209819206
316,0.1335811669053715,0.180694061823601,0.0005972144627020205,0.2040717900645172,0.4810557667438083
317,0.0968427523795617,0.40379543577099564,0.008489690257864285,0.13355336600277962,0.35731875558879894
318,0.2251400019957443,0.47596694471576456,0.0005819994859778811,0.23398733592979637,0.0643237178727169
319,0.09090987686597099,0.36394898915924245,0.013594729578490316,0.14683550099630074,0.3847109033999954
320,0.15911469879174692,0.5781188571390622,0.005450035908748861,0.0763601435391458,0.18095626462129613
321,0.14092908300053567,0.3537946601464201,0.00232898958932195,0.04213431711101018,0.46081295015271206
322,0.037623206343483144,0.6209152000832345,0.0062578884909304956,0.006356405747729116,0.3288472993346228
323,0.11822308893755272,0.8067504948663623,0.0008171879732998832,0.011834120859885248,0.06237510736289968
324,0.10805825942288688,0.8023855314848088,0.007706353597204887,0.005139464356371777,0.07671039113872753
325,0.09208506131343588,0.8486887658590452,0.011458534295881471,0.007873105004326548,0.03989453352731098
326,0.15641828205456257,0.7820105394834613,0.006944646807018626,0.008394668902992373,0.04623186275196519
327,0.05315508624978161,0.7790140249889373,0.016982117459984247,0.0017990603782342672,0.14904971092306235
328,0.12958583745544416,0.6721793322807155,0.020232695032795053,0.0024492932201512193,0.17555284201089402
329,0.1435107127845651,0.8247326739994261,0.0065265882657993875,0.0030085504688544856,0.0222214744813549
330,0.025587556501095204,0.9425979518271462,0.022791801146971765,0.0009910351417412608,0.008031655383045573
331,0.0796817474939857,0.8657366388918869,0.03227518787864737,0.0014151533115569189,0.020891272423923166
332,0.06511090227212873,0.8437900007562797,0.006575691317449095,0.0020137017470645275,0.08250970390707792
333,0.022713242698390344,0.9556775144171578,0.012502353666402148,0.0008959751296599725,0.00821091408838971
334,0.022038119112123913,0.9142636296785485,0.04574440872415683,0.0011222726158390875,0.016831569869331733
335,0.04619031112229748,0.9184821470633181,0.006921435620544413,0.0015917905099368903,0.02681431568390313
336,0.05108060988899987,0.8985495231286592,0.02797694196168122,0.0025062757391123044,0.019886649281547354
337,0.020049383685478164,0.9410360684275157,0.033860046912958054,0.0009137242564114603,0.00414077671763668
338,0.11314569501951877,0.8005452523183217,0.013692695585287351,0.004021947987656871,0.06859440908921528
339,0.055607560443094804,0.8875656499256523,0.017154785257844595,0.0015702099018279733,0.038101794471580304
340,0.010516810629077474,0.9449612197456015,0.03696653928064795,0.0009202485832763538,0.00663518176139674
341,0.23637719544590483,0.6236887575514688,0.00411903215403721,0.006740543874147709,0.12907447097444158
342,0.11989588062926496,0.7983513877269921,0.01307491549173879,0.004013384470390418,0.06466443168161386
343,0.026847483409216867,0.9538921935612987,0.011112553004239535,0.0011030980534307837,0.007044671971814048
344,0.08312511960730318,0.8898251372097287,0.006666445873211149,0.002154205068419494,0.018229092241337567
345,0.03174678490489512,0.9518585007399303,0.009309318801629883,0.001521102194408483,0.005564293359135963
346,0.03286789493146023,0.946544592445969,0.012179541867867627,0.002881025308362279,0.005526945446340904
347,0.009879838119806469,0.9032442789315343,0.08117185705040265,0.00224824153119737,0.0034557843670592063
348,0.03844463883852368,0.893952922368012,0.041422721029332345,0.003959173637351785,0.022220544126780123
349,0.02414147068042826,0.8513754955189904,0.09490774879614487,0.001453529768059253,0.028121755236377357
350,0.027508307999469326,0.9379928071549029,0.013758930656537462,0.0026638275518786605,0.018076126637211642
351,0.025763002030785232,0.340314799559558,0.041108388841442224,0.001560656467543912,0.5912531531006705
352,0.3172253663770436,0.44646519831163467,0.003675708638805219,0.004367600274636238,0.22826612639788013
353,0.07657770284627949,0.8545751729329855,0.026836433866183583,0.0020578962316777057,0.03995279412287388
354,0.07048244544386216,0.8952522451639708,0.023914125550251155,0.0009864121300696502,0.009364771711846366
355,0.06407992464424482,0.9044963923509852,0.013276052004365005,0.003206180505571641,0.014941450494833294
356,0.033892434911964,0.951762392061175,0.0038284980989540685,0.0035176557944049942,0.0069990191335019885
357,0.04007813093617255,0.9428261066018634,0.002339651431977236,0.004602929252698362,0.010153181777288276
358,0.06439494611197372,0.848466497978889,0.005902637189953063,0.017194171174110887,0.06404174754507333
359,0.024902878003884656,0.9219666456949468,0.02983497451275134,0.005048516906287441,0.018246984882129887
360,0.07051438897771677,0.8869337415300135,0.009838611218466197,0.007784073785549078,0.024929184488254603
361,0.07762330527942232,0.8479726756774879,0.008724677876798205,0.008195736021895208,0.057483605144396537
362,0.15987619840345188,0.7169888374484199,0.007187196266665425,0.03157432589742691,0.08437344198403567
363,0.07274120179873599,0.8615288230778931,0.012113176740765135,0.012822323634892087,0.04079447474771387
364,0.11607776696006647,0.7900134901998468,0.018927688214111026,0.019513575834460065,0.055467478791515784
365,0.23021087223091002,0.5539082618542693,0.006069200958611708,0.03675921257752232,0.17305245237868655
366,0.04343554668840161,0.9175435744671859,0.010023550716098005,0.013925334983766354,0.015071993144548072
367,0.10832022711057941,0.7849184170399645,0.0189395398858315,0.0456284817488022,0.04219333421482238
368,0.11354763660902771,0.40794619973393553,0.00936917060033295,0.041286876370468246,0.42785011668623557
369,0.0491025523460888,0.8974899158979471,0.009196735972363156,0.030238191876734422,0.013972603906866735
370,0.17175117173319746,0.6600451996129394,0.0087723110335256,0.05344486637043743,0.10598645124990001
371,0.04381933751342642,0.11787061632916492,0.0033761122705059416,0.01849414709335411,0.8164397867935487
372,0.14107562914002716,0.4668937915014191,0.006490248294493373,0.06979205928194039,0.3157482717821199
373,0.11111512351387842,0.7770017429638777,0.006523764270071978,0.03244035504124964,0.07291901421092242
374,0.08313224162071775,0.8408983917041547,0.003203534080838477,0.019669447805823484,0.053096384788465525
375,0.096679858013889,0.838615344712335,0.0033402395314660483,0.035213561039691185,0.02615099670261884
376,0.09240017448276118,0.7331064327446583,0.002399591484860551,0.060044462470607275,0.11204933881711267
377,0.01398123298977583,0.9542504403623364,0.003256583211154911,0.009836331775598658,0.018675411661134116
378,0.1464509051026078,0.5376961126847472,0.000783863117345723,0.15632350097038814,0.15874561812491125
379,0.03274808122941393,0.9010876299731191,0.0043856957747624385,0.008240750039032829,0.05353784298367153
