epoch,N1,N2,N3,R,W
0,0.017558110530593883,0.0012350144152442008,1.1400579264763317e-05,0.0019981780251221784,0.979197296449775
1,0.06015568134630434,0.008692185298577631,6.793950393655771e-05,0.012805818188261169,0.9182783756629203
2,0.05181520612237209,0.018637694817213016,4.311074776744185e-05,0.017834937697392816,0.9116690506152546
3,0.058054927766330026,0.018159528608225,5.348160931154093e-05,0.02437044578430393,0.8993616162318294
4,0.045558314203550984,0.007851229129574533,1.838301938813899e-05,0.016043206824533477,0.9305288668229528
5,0.05878556648712705,0.020257224142112853,3.8647948157114594e-05,0.006589943645286831,0.9143286177773162
6,0.06978530153608674,0.06449761333775172,4.577098113480772e-05,0.004829767886675507,0.8608415462583512
7,0.03896905595284229,0.029095691122087795,3.706104833282675e-05,0.002198114053741985,0.9297000778229951
8,0.14224579005414822,0.11909685216946109,9.460727658393293e-05,0.0043342878601079085,0.7342284626396989
9,0.16507951146637442,0.5128481268022419,0.00017037766813694498,0.021186940648188053,0.3007150434150587
10,0.2530514267219681,0.5788972307443092,0.00033911087035673004,0.04478560062738362,0.12292663103598235
11,0.24273710939096507,0.5891962828301472,0.0007229101277606116,0.06727913755823203,0.10006456009289491
12,0.06970040815364141,0.8766171540771898,0.000672731971455912,0.03076588747144511,0.02224381832626792
13,0.10713716352997373,0.8271218674082231,0.0015055706391088896,0.02144632335926466,0.0427890750634296
14,0.0477590341551023,0.9283885738192417,0.0012781955170273272,0.012487880174394337,0.010086316334234284
15,0.02037989127528049,0.9533130760912082,0.01158485371629987,0.004432885725880235,0.0102892931913312
16,0.03938645424719467,0.9301948316342571,0.005245003564984439,0.01079557860518936,0.014378131948374388
17,0.01773295970471106,0.955229938746287,0.007803008661164528,0.006181280153233769,0.013052812734603606
18,0.0466765666146174,0.9170400267312723,0.009982858630045001,0.005466761468345817,0.020833786555719457
19,0.023600073312564415,0.9338765926885997,0.02937532168884948,0.0009988990955356089,0.012149113214450903
20,0.01584767299340004,0.8040445944193837,0.15474674379294312,0.001172739058660261,0.024188249735612833
21,0.03485842200665691,0.9052369425966676,0.02731356727842299,0.0005785636112445046,0.03201250450700807
22,0.06991358689847037,0.7095324113285577,0.0907419120946081,0.0005792329484766462,0.1292328567298872
23,0.015415984842227018,0.8444474903661139,0.11561510765298036,0.00022553656915351385,0.02429588056952544
24,0.009161197816796052,0.37502830299880785,0.5823153492219507,0.00011645614950362214,0.033378693812941784
25,0.008437877734244795,0.621561522871932,0.3489748547998319,0.00030218260074604743,0.020723561993245293
26,0.005252112515687143,0.7369319376104205,0.2224175380149588,0.00017396176014678044,0.03522445009878659
27,0.003985923110029992,0.7290602382313659,0.2500723807089803,0.00016019362565347726,0.016721264323970315
28,0.003909414703190447,0.5193056988242069,0.4546475975129244,8.394000961852566e-05,0.022053348950059847
29,0.0024779015280012883,0.3270669111593612,0.6613442758871306,9.714911655240713e-05,0.009013762308954544
30,0.007669280612557678,0.7998855257472475,0.16834549087019032,0.0002823856669327449,0.023817317103071573
31,0.002432053154413366,0.3705623993099494,0.6162295318237871,8.017920083049643e-05,0.010695836511019643
32,0.0016238294061642132,0.12529585908338323,0.8646985079453943,5.07653462937635e-05,0.00833103821876457
33,0.002420888227884954,0.2741337822921986,0.7087107078832272,8.295452233514206e-05,0.014651667074354073
34,0.0021811809182180355,0.21302688448835497,0.7710584042509564,8.581682046237264e-05,0.013647713522008267
35,0.0047746879354848195,0.8440607261204899,0.13456357911482997,0.0002460829389592481,0.016354923890235927
36,0.002557691422616058,0.5096530320994359,0.4748584554200332,7.501233274061758e-05,0.012855808725174165
37,0.004503722173644472,0.8282050814057701,0.15740021167472362,0.00012126855360107775,0.009769716192260625
38,0.004830245974048678,0.5668313248249344,0.41359024152433294,9.426731074482019e-05,0.014653920365939122
39,0.0021780199865633607,0.2689907076184507,0.7216210241353013,8.412130831448808e-05,0.007126126951370206
40,0.004478241476286159,0.780671314500451,0.20399118804571695,0.000191961447159786,0.010667294530385979
41,0.005411149772015873,0.8489731226778913,0.12753425631504606,0.00015379422304346536,0.01792767701200314
42,0.0019435510180454475,0.26270402192678205,0.7249786612384213,7.731613824257195e-05,0.010296449678508714
43,0.004361780059789585,0.6898268703009415,0.29451169837585384,7.937525959626138e-05,0.011220276003818983
44,0.003419069897386088,0.26588036109492635,0.7242516641014258,0.00010065483855765902,0.006348250067704164
45,0.003007975356436134,0.33755911707793346,0.6490654462367523,7.49011587467374e-05,0.010292560170131287
46,0.002507211526846632,0.2978610935683818,0.689204424775352,7.583558698934965e-05,0.010351434542430217
47,0.0025363907261608466,0.36952001445238947,0.6186722971907587,6.839738647808553e-05,0.009202900244212978
48,0.0013160470151034947,0.13855408845687148,0.849436630856564,4.199916798241023e-05,0.010651234503478702
49,0.002146434321209618,0.20598993009570993,0.782131851267221,5.112887202835083e-05,0.00968065544383133
50,0.0025133575433647953,0.2187383259576547,0.7571865142698962,5.607221117294869e-05,0.02150573001791134
51,0.002153370377122968,0.290612540999023,0.6925315942462598,4.984159613227453e-05,0.014652652781462024
52,0.00216288397237803,0.11253345977524103,0.8683697201583666,3.486777576370913e-05,0.01689906831825059
53,0.0031031113375206147,0.2845893566338404,0.6835121953474992,8.061774062524305e-05,0.028714718940514746
54,0.0014720795245427112,0.15439225072747245,0.8327875745278159,5.3188318930353996e-05,0.011294906901238511
55,0.004173921431362341,0.4502979959201076,0.5151864964239994,0.00014896705934724317,0.030192619165183322
56,0.0020861181768434866,0.15134324660680903,0.8253649764980756,6.925015126530985e-05,0.021136408567006677
57,0.002667432113283062,0.1888190425265912,0.7915130281847016,6.44702512355799e-05,0.01693602692418872
58,0.003923814104881228,0.2743604225047755,0.51563768324137,0.0001280131006137349,0.20595006704835953
59,0.0035040408937902683,0.5170080108830146,0.4469283841265706,0.00012420615384489556,0.032435357942779644
60,0.0022351646650202654,0.17521339997589286,0.8024631005167998,8.365262455176537e-05,0.020004682217735197
61,0.004393873747160408,0.23019842432084506,0.7436530719575082,0.00014186267508752967,0.021612767299398917
62,0.005140825475808783,0.7197181226150616,0.24905119741833312,0.00017869542360177883,0.02591115906719497
63,0.004132189083334042,0.2482915566471551,0.7277183987249938,7.316366522933207e-05,0.019784691879287684
64,0.0036626882666658074,0.3387660600038258,0.6471156294438092,9.536558346585954e-05,0.010360256702233337
65,0.004020347994954744,0.7381436522583144,0.24366397262931147,9.160136654086364e-05,0.014080425750878652
66,0.0017868811989470114,0.4220861988551312,0.5537243491043684,6.362172377893747e-05,0.022338949117774367
67,0.005322356100396839,0.4380418147347054,0.5261227286744169,0.00014911467006959882,0.030363985820411343
68,0.054462875379597674,0.199362684521453,0.2686995943248155,0.0002540155048084863,0.47722083026932527
69,0.007641678600672187,0.35553564928274456,0.6023470255408079,0.000145581007832391,0.03433006556794293
70,0.013304170322101416,0.6227734806369345,0.31181561161093047,0.00018493363550427269,0.05192180379452931
71,0.006695305206900269,0.31965460980108434,0.6497216262855706,0.00023345462044262674,0.02369500408600234
72,0.0010558692631226986,0.22152218249650943,0.7627626716013703,0.00010909398509176232,0.01455018265390582
73,0.0017282956497153424,0.22023951371615072,0.7705209432449971,7.957253904177964e-05,0.0074316748500950205
74,0.023457375531990676,0.897159581070696,0.04550641596116048,0.0004224987638459589,0.03345412867230694
75,0.0037839599092575568,0.8480881945566359,0.13888116661110217,0.00016099138469266802,0.009085687538311698
76,0.005050165589807842,0.518071217103882,0.47062171791681245,0.0001620092010617675,0.006094890188435947
77,0.004156898972164898,0.7610006315528672,0.22782642965337577,0.00017335115830996356,0.0068426886632821406
78,0.006506452747883504,0.8346045632165465,0.1534443968940903,0.0004986972863933035,0.004945889855086605
79,0.005994857377859628,0.7564239256009583,0.22523773145097414,0.0006943437257093073,0.011649141844498551
80,0.002912621032531314,0.47434362433490884,0.5146952607645424,0.00046292627216769307,0.007585567595849819
81,0.001375681879468366,0.23589377511789397,0.7578334877634857,0.000357323920993565,0.0045397313181583954
82,0.004717784848341283,0.42095968565590053,0.559483721802648,0.0013076937133071063,0.013531113979803154
83,0.0060245317146313876,0.3093579066626308,0.6728716646177629,0.0021442087281560024,0.009601688276818803
84,0.08791455815974811,0.8349744536184331,0.013659110271043787,0.04278340812447485,0.02066846982630009
85,0.27759778642920846,0.6602426337345625,0.0038895406154738315,0.02478776834392208,0.03348227087683308
86,0.1589803899645413,0.7933566308169193,0.01678347880259611,0.01139580894639292,0.019483691469550323
87,0.12312641039998816,0.8473579438080967,0.003019900158862746,0.01225760211649284,0.014238143516559354
88,0.3008575097425494,0.6354286803467032,0.0025788402339066625,0.03243926175438114,0.02869570792245959
89,0.038573776746549646,0.9357798898441174,0.006804906937649328,0.008925796507597027,0.009915629964086686
90,0.03986290699579294,0.9023885580200597,0.026326790027717314,0.007858693036973308,0.023563051919456856
91,0.11227775036151255,0.8203106312340296,0.006876491666430879,0.024691207911210152,0.03584391882681689
92,0.0296511140437692,0.9355905447404524,0.006132535942865392,0.019205617623871546,0.009420187649041555
93,0.02677859554924175,0.8469322773953575,0.08632848497824196,0.006902501512112365,0.033058140565046294
94,0.026325516240708228,0.8600879914140727,0.07938479759435217,0.012750626383992802,0.02145106836687395
95,0.07250618183282155,0.7547240297415435,0.015004118904237746,0.030058011033379548,0.12770765848801768
96,0.1962141961430704,0.6580537739765127,0.004736931559818313,0.09387334477968282,0.04712175354091585
97,0.06649560230140127,0.8649894132096316,0.01706886580425515,0.02137928780228946,0.030066830882422704
98,0.25809350737364767,0.6504416760602395,0.0015836068827840672,0.06492152743695082,0.024959682246377946
99,0.18787907474761298,0.760419988003906,0.003280909589971856,0.02226134968872811,0.026158677969781205
100,0.14025185126684814,0.7866259446407037,0.03122165468913315,0.015866698161150317,0.026033851242164854
101,0.11319224849764101,0.8404643411836787,0.003913971520215825,0.03069146180774552,0.011737976990718922
102,0.060419839731969086,0.8848135734734849,0.028213722146502876,0.015187773307841506,0.011365091340201553
103,0.02747889082218809,0.8624053827144212,0.09136289862119325,0.013599643077455943,0.005153184764741601
104,0.01754698936892894,0.8876523172415992,0.07647115334451864,0.011356554450878143,0.0069729855940749794
105,0.03416053235905392,0.8626446408737826,0.07055534211464135,0.01793003530031079,0.014709449352211494
106,0.23947582528105607,0.632825229698022,0.0018236956875028014,0.09461052872459148,0.03126472060882768
107,0.10339043054018364,0.8047197446719009,0.005973725212446807,0.07339696407699127,0.012519135498477411
108,0.01459787331183772,0.9629669077763096,0.012693156752192673,0.006076134526290068,0.0036659276333700524
109,0.040607277626581076,0.8432482737505363,0.09165495204197936,0.00972456046266343,0.014764936118239702
110,0.04632303347082542,0.9224675712413952,0.01074892455276244,0.009219930080192281,0.011240540654824556
111,0.02320746691094291,0.8927788503130174,0.07348872484380256,0.004230243973967491,0.006294713958269659
112,0.061613259527611805,0.8560533790821682,0.05071015925347986,0.01310663085443063,0.018516571282309494
113,0.017650807498590722,0.9000249870449192,0.07185412844292843,0.004413538257329312,0.006056538756232225
114,0.016551657580420407,0.9419727502627444,0.033212384186411,0.002204458758089179,0.006058749212334989
115,0.01113449820399425,0.8834760344044635,0.09714942646857569,0.0020520288282628208,0.006188012094703477
116,0.011664993924481655,0.9087382938023456,0.06755718694505339,0.004483262724835681,0.007556262603283507
117,0.009961604935268188,0.8340514804536341,0.14526303144406053,0.0027525653568263907,0.00797131781021079
118,0.015874433070500266,0.7006514783543673,0.24258186887699057,0.0016261526336774938,0.03926606706446452
119,0.013709950639652189,0.9046555991425409,0.07239234545052271,0.0027445172032766825,0.006497587564007456
120,0.006848065118352532,0.8749953788454677,0.10715694378748186,0.0012000960493408555,0.009799516199357115
121,0.01853134888819567,0.9393070778076062,0.03502127521020608,0.0021169110608623603,0.005023387033129765
122,0.005266886575572942,0.5315835948628386,0.45666735141955395,0.0004556981583623253,0.006026468983672188
123,0.0062656760998375605,0.8642444694605332,0.12251604021223658,0.000527554889579012,0.006446259337813675
124,0.009939004317316796,0.6714002332000866,0.3119431865877844,0.0017361406746634299,0.004981435220148781
125,0.004170440696441383,0.372137518974605,0.6187852283385684,0.0008697742909353103,0.004037037699449825
126,0.03632439488963525,0.8158373949358645,0.13535644051271606,0.004488561053625035,0.007993208608159115
127,0.008777703666100511,0.7201494832428699,0.2625876876773535,0.0012893661342561569,0.00719575927941981
128,0.06359482664681917,0.9152580664514538,0.012977470593082309,0.004136647295553534,0.004032989013091209
129,0.0028934733721308844,0.8850834374829005,0.10797126496454511,0.0005741960241683732,0.0034776281562552257
130,0.005086720262399483,0.4536580427407399,0.5369682788881687,0.0010362271006776446,0.0032507310080142947
131,0.009756477781696844,0.9012243558121977,0.07808805672289043,0.0035754199513695697,0.007355689731845496
132,0.004922290956271019,0.7181413040739366,0.2661946037733907,0.005672483842113674,0.005069317354288065
133,0.01591447861829874,0.8190757474393975,0.12162366250598665,0.015890389008078667,0.027495722428238438
134,0.0345996101438061,0.9122932746618565,0.02404098791270925,0.02019230466805132,0.008873822613576917
135,0.09527862636942863,0.8460786021053242,0.022106312217525837,0.018717946979565424,0.017818512328155987
136,0.3203783479153629,0.536281212856993,0.0015726890755466663,0.035241933815455415,0.10652581633664189
137,0.11413675028777194,0.8159340389184723,0.003584133785458045,0.05096929685729348,0.015375780151004206
138,0.14440578370659682,0.8133141955961869,0.0034060459037181866,0.026265950130569128,0.012608024662928798
139,0.17775484161159116,0.7104952298521842,0.005605512815928849,0.09033292897282244,0.015811486747473492
140,0.13337767431213188,0.7307426758037512,0.0017434153654137799,0.12529281614447843,0.008843418374224777
141,0.0673209174339398,0.8702284096580045,0.013104784100906078,0.037322242551412456,0.012023646255736906
142,0.02877788727463837,0.939330667315058,0.00370147334506872,0.02130468474413429,0.0068852873211009075
143,0.06847077130124288,0.7766282431210144,0.009645000264035924,0.07059525710595474,0.07466072820775188
144,0.022757743870091086,0.940626130050904,0.014613501815873835,0.015226580509789386,0.006776043753341824
145,0.0999624444020983,0.6321220721769087,0.0059686564542688015,0.06861600543506584,0.1933308215316582
146,0.0009947006507069014,0.00208675454142525,0.0009862928113677847,0.00018387369538896698,0.9957483783011111
147,0.01264548745223875,0.0035331565314950233,0.00010253651475615935,0.0035172767707260873,0.9802015427307841
148,0.0929205584338841,0.014301250337918665,0.00015017368224027437,0.006180019965186075,0.8864479975807709
149,0.04616509067327952,0.0024085353319429756,0.0001223309262012536,0.0036878763671399496,0.9476161667014362
150,0.34324835866423525,0.07152759285517284,0.000160886892609333,0.03656837819324967,0.5484947833947328
151,0.5126307299156834,0.03411444602084571,4.593842139872074e-05,0.27416519765597164,0.17904368798610057
152,0.28271431727003404,0.12133676276927652,0.00013792469350186085,0.38238953043812607,0.2134214648290615
153,0.16264986253937871,0.10374528800742569,0.00016202048991342666,0.5990811350292914,0.1343616939339908
154,0.31630113925092246,0.12021983014570826,0.000290761240974479,0.4602357598239504,0.10295250953844441
155,0.21857013110512005,0.2562317014639097,0.00030892090879106266,0.4061271668252333,0.11876207969694604
156,0.10946578665453481,0.4150987229300103,0.0013549162474652886,0.2771169529269874,0.19696362124100214
157,0.07441439257043742,0.08237473310533722,5.6465930782874673e-05,0.6362062071347975,0.2069482012586449
158,0.0613951718918558,0.37116925393139955,0.0002758247352504709,0.3591909028042912,0.20796884663720314
159,0.08147543803762593,0.1773943415354882,0.00028745001180822,0.5139262858794983,0.22691648453557953
160,0.07852676852423209,0.061185635517757624,6.799959249311537e-05,0.4141701251252316,0.4460494712402857
161,0.05544543007325157,0.041680075008287645,3.275377728586334e-05,0.1497973784372687,0.7530443627039062
162,0.07630457023653947,0.020331062772427383,9.8133440949019e-05,0.12433656898776536,0.7789296645623187
163,0.21752414542614135,0.033754577615381046,5.119329200115322e-05,0.5034645088249207,0.24520557484155567
164,0.20133652197695193,0.05597215670435195,0.00013580213433584616,0.5862822788134567,0.15627324037090343
165,0.07428172977091985,0.23644811377711317,0.0012672666113782885,0.529123297815658,0.15887959202493063
166,0.03206221038997221,0.06667805681155861,0.00024467832296168525,0.7596784801514996,0.14133657432400784
167,0.02401556869771087,0.02337129423582372,9.587032525686497e-05,0.3320289102797214,0.6204883564614871
168,0.08651402384062643,0.011859443876262265,9.193845295380302e-05,0.14548799684197644,0.7560465969881811
169,0.33451567916284825,0.02926205931828689,3.2055110464562604e-05,0.36831834721705936,0.2678718591913409
170,0.47685285238417296,0.045103521369907584,4.7283694547180336e-05,0.4056502832855752,0.07234605926579711
171,0.3353502660433154,0.3392322022798988,0.0005641328650002481,0.25711404221276296,0.06773935659902258
172,0.26258145715171444,0.1748222735460396,0.00027196339403113786,0.41901709453802605,0.14330721137018876
173,0.1606405134469293,0.3937081865933988,0.00022062481938592044,0.35896665212590184,0.08646402301438419
174,0.16866817237852208,0.25732660262793033,0.0002711770528554956,0.4690907685435142,0.10464327939717777
175,0.14726091563547095,0.38180172631135006,0.0005445346564932352,0.43263674236240346,0.03775608103428228
176,0.1463120909672453,0.6017187730747409,0.0007460754496246448,0.22925614629390495,0.021966914214484226
177,0.1351025480161174,0.33914256120867975,0.00041461337720980867,0.5040344616423582,0.021305815755634873
178,0.1489921585276355,0.11204048154579169,0.0007798383324291848,0.4671914105598001,0.2709961110343436
179,0.3144047935912714,0.09041066893319492,0.00013934756321251342,0.45881706046001763,0.13622812945230353
180,0.14285809210796663,0.5074784354335262,0.0009561076037857471,0.2850253571286981,0.06368200772602328
181,0.03164228750400132,0.021909881480309316,0.00012584719565844285,0.0811659142348054,0.8651560695852256
182,0.16300079494782155,0.07269575357283481,0.0001438753328166183,0.12553283626985048,0.6386267398766766
183,0.1662773330981785,0.07993111970667771,0.0004752434834017048,0.23101294486724602,0.5223033588444961
184,0.43864346139826,0.22302830728148315,0.00018797107547823832,0.2604922389132384,0.07764802133154018
185,0.2537459897394247,0.050709311373000034,0.00022291313548265088,0.22670061467644906,0.46862117107564366
186,0.2879039104040746,0.1492376780692028,0.00036226106930022035,0.4810482125701396,0.0814479378872826
187,0.3420786154097097,0.2990458267692213,0.0003908944258976669,0.29282154663011,0.0656631167650613
188,0.19384290364328124,0.1156242724006761,0.00036178964664461367,0.2297053773762636,0.4604656569331344
189,0.10689117553139307,0.0718269657235009,0.00016904101310939395,0.026816342302244528,0.794296475429752
190,0.008894594677809294,0.004782866500876612,0.0003024578967746272,0.00038467208078360064,0.985635408843756
191,0.039104008103565936,0.009518449237452679,0.00045223497579343155,0.000619156798963481,0.9503061508842244
192,0.030604888651441585,0.0027382969359250357,1.949309763219811e-05,0.00015204817933955913,0.9664852731356616
193,0.02896695553603097,0.0019567814203584727,9.263959574948149e-05,0.0011837975747630474,0.9677998258730981
194,0.001799199247285309,0.005006743559785697,9.35621451881601e-05,0.00021039370579454763,0.9928901013419464
195,0.0022491826082243313,0.0033389041422450714,1.0136687568794249e-05,0.00019536517307809984,0.9942064113888838
196,0.003082873713347115,0.003997290277375031,2.4483611467664523e-05,0.00024078261154807435,0.992654569786262
197,0.0036771942678522213,0.002907061678578918,1.9468553116251017e-05,0.00021057007649731384,0.9931857054239552
198,0.031051097093662616,0.0058766798804225475,8.162286933990296e-11,0.0017232814973384106,0.9613489414469535
199,0.1107702807622048,0.008924295832699347,0.0011306404995514501,0.00884557478190602,0.8703292081236383
200,0.0619373305140034,0.0023323173690497443,6.781269420606742e-05,0.003504907564254461,0.9321576318584862
201,0.0657840939075104,0.00362559838788656,9.48891608134302e-05,0.016937211366130557,0.913558207177659
202,0.17676619128148777,0.010241769501509042,0.00011417176251176272,0.019918904263020197,0.7929589631914713
203,0.017156519952044195,0.042608609955524575,0.003508984398331454,0.0030404090510861973,0.9336854766430135
204,0.003355150742794467,0.0009514743132413231,0.0001498804557973803,0.0017533071563681833,0.9937901873317986
205,0.006346536207860004,0.0008374304428248187,7.536070323485388e-06,0.0035033714994637867,0.9893051257795278
206,0.0054612535946609655,0.0003502489753474723,5.15550674790449e-06,0.0038435785697776867,0.990339763353466
207,0.009158915316678654,0.0005933991275713278,5.641182385241252e-06,0.002088221622519715,0.9881538227508451
208,0.0006698651261260709,0.0001754357564774174,1.0928323797779123e-06,0.0011533768508514082,0.9980002294341652
209,0.010459844896750836,0.00093645424444296,1.1039360313233877e-05,0.002623166471086659,0.9859694950274064
210,0.013584150118172381,0.0005490465581559093,6.98542036619991e-06,0.005305314105545831,0.9805545037977598
211,0.004853561546644284,0.00045484486956410294,3.870611055062649e-06,0.00980193494402758,0.984885788028709
212,0.002825680904899674,0.0003649195975009097,2.1268262649272225e-06,0.014596987015815828,0.9822102856555186
213,0.00701422014348899,0.0011118221400823862,2.5316009119372147e-05,0.008576598686427577,0.9832720430208816
214,0.012346885848755405,0.001255792520957757,8.110414049650138e-06,0.026779073261364937,0.9596101379548722
215,0.005296192390516401,0.0008730289730941877,2.7633107820061277e-06,0.029783286318883495,0.964044729006724
216,0.003214738739938143,0.0003899620283817833,2.7152570552038828e-06,0.019549396134952917,0.976843187839672
217,0.013634786123289706,0.0008508082921252388,1.9700082810797473e-05,0.024446235481518582,0.9610484700202556
218,0.009341081423394477,0.0010158634250205323,2.7482304796176395e-05,0.012267733977079004,0.9773478388697098
219,0.01769817486652091,0.0013789863669298262,3.939709363484227e-05,0.014437068010151221,0.9664463736627632
220,0.04037020741676638,0.001938310160489914,1.7184419837350256e-05,0.01276706852829534,0.9449072294746111
221,0.07463867457959354,0.004398521072358444,7.277752017696217e-05,0.06593163264538057,0.8549583941824904
222,0.08378414221557018,0.010160324519325827,9.974515464363457e-05,0.08570870274201174,0.8202470853684487
223,0.15301631291089285,0.028502967587914905,0.0002162905922602324,0.1835358311146558,0.6347285977942763
224,0.08012923698133323,0.009472016665209458,0.0001707047349961537,0.19212801545724648,0.7181000261612146
225,0.11213044240100588,0.05633462079392905,0.00014721542934847072,0.24339489905939982,0.5879928223163168
226,0.19200760503244269,0.057985814599852706,0.00019350381743807858,0.4535383535596604,0.2962747229906062
227,0.15496269972640928,0.0733967429980858,0.0002205666341566776,0.5288936651783148,0.24252632546303346
228,0.02377636319788535,0.008222105403449954,6.214101659071204e-05,0.2341737019459194,0.7337656884361545
229,0.08134313957909524,0.0105209797829112,0.0001115891782958874,0.44595179682659075,0.46207249463310707
230,0.13696878918015656,0.023346165007536893,0.00010066278216971328,0.5247926933491187,0.31479168968101806
231,0.12844566036113564,0.016323141589531142,9.696447274210673e-05,0.6648506552058921,0.1902835783706989
232,0.08481563200738972,0.04698779662375086,0.0001793307742563556,0.7124285911361511,0.1555886494584519
233,0.07326546107666614,0.04671923565504411,9.127938190172016e-05,0.7991719569415452,0.08075206694484295
234,0.19286778461123483,0.0324268231049189,8.237063320016175e-05,0.5806571701439198,0.1939658515067263
235,0.1715222390522948,0.04492582580525304,3.966365070815002e-05,0.7562207307972959,0.027291540694448172
236,0.18400796104470393,0.08674299366617169,0.00019367126605521903,0.676826048949311,0.05222932507375818
237,0.12411711628953548,0.12242349994202996,0.00016452496370854196,0.7280338974138559,0.02526096139086999
238,0.04123918368141047,0.06813571725486883,0.0001464096968804116,0.8859701314626728,0.0045085579041674335
239,0.026398124104509743,0.0435016913949673,0.00018755092598609594,0.9049454045650673,0.024967229009469512
240,0.09132895821484133,0.14654274383691426,0.0006537582878619258,0.6748071848611712,0.08666735479921127
241,0.08430001203895479,0.06115053727629532,0.00040069539907953077,0.6830376882200688,0.17111106706560147
242,0.10013862726673993,0.02457696079730978,6.199337979330403e-05,0.8073918521445487,0.06783056641160833
243,0.08399575534500386,0.04196646966744312,6.386184410553068e-05,0.822695810524751,0.05127810261869624
244,0.14352373065686216,0.05925262648907014,0.00017652887918085116,0.6579707801651117,0.13907633380977516
245,0.0857075912277888,0.03903756523373915,0.00023087078587810263,0.8347210066516825,0.04030296610091155
246,0.05692842691626484,0.0697453133733005,0.0003362450278480106,0.7631384483857692,0.10985156629681757
247,0.04676307300076033,0.06574441678283487,0.00010959578099363434,0.7943034399513019,0.09307947448410925
248,0.057896347427262816,0.051788329408517346,0.00014963408019219422,0.8099715982189227,0.08019409086510498
249,0.0563930306382662,0.07429657138111637,0.00022819167442986136,0.8393326508371094,0.02974955546907827
250,0.06728266273009617,0.0859462242262153,0.0003131465759254797,0.7464983863511072,0.09995958011665575
251,0.08496308969298183,0.0373630301817908,0.0001965047394513043,0.7411402849058901,0.13633709047988601
252,0.10028723575538596,0.038411203380985845,0.00022348969807207617,0.728361860365682,0.13271621079987406
253,0.10833857540831764,0.035109320872136696,0.00015220427921983017,0.6936014914300295,0.16279840801029655
254,0.08694577314554505,0.027774816455284745,6.62157084295055e-05,0.8246755382221872,0.060537656468553525
255,0.07430429468575352,0.008509264072209938,3.071686787971123e-05,0.3249811961739991,0.5921745282001577
256,0.15656731117759656,0.02128002348034621,8.530601349910008e-05,0.662615219125767,0.1594521402027911
257,0.10933109298054026,0.023228710664228592,6.211753414366905e-05,0.8067672066336719,0.0606108721874156
258,0.14139986410414251,0.025170769045921648,7.764418173716887e-05,0.7045009289350531,0.1288507937331455
259,0.05497891432444545,0.03839183191189247,7.072056500077551e-05,0.8564015177894683,0.050157015409193116
260,0.05942205732971027,0.043643328519908424,0.0001379198226116472,0.7994445177833371,0.09735217654443251
261,0.04831894022324057,0.02469167802159823,0.00023452166536693276,0.8043508350950289,0.1224040249947653
262,0.03544261324228358,0.021893208160903854,0.00011806650463209367,0.9283617632583616,0.014184348833818868
263,0.04937210374065273,0.026724569201819072,0.0002509358218094962,0.8967628172278626,0.0268895740078561
264,0.05581903834148384,0.02328455467821135,0.0001460178271165729,0.8971925954630674,0.023557793690120905
265,0.0362279592097135,0.009863609405342132,0.00012413026465779044,0.9446290531519265,0.009155247968360083
266,0.016260603364299412,0.013754318772115812,0.00016712401218594184,0.9600924124663665,0.009725541385032158
267,0.015321340910407995,0.009160267178702088,9.819921531121596e-05,0.9633432307484204,0.012076961947158293
268,0.019893402574372436,0.0103999109969554,5.058664870070542e-05,0.942284965378096,0.027371134401875392
269,0.04768524779645789,0.01235719430708667,8.37198833570716e-05,0.42455295976429974,0.5153208782487986
270,0.10042446938427152,0.026333045980718468,0.00011028622354846088,0.43073848253407765,0.44239371587738385
271,0.21708348081214107,0.030360818543855455,8.711475416757373e-05,0.5549297141465958,0.19753887174324022
272,0.19516693970398677,0.02595370960394529,0.00010320154806094688,0.5254689278804175,0.25330722126358934
273,0.0950940536477256,0.04087764972092144,0.0001748354596211335,0.6734194587330466,0.19043400243868527
274,0.032333298548222505,0.0052201849361937025,8.69018386232128e-05,0.08183526319863642,0.8805243514783242
275,0.05811794450529935,0.01353665565417836,2.327716283537463e-05,0.765889314341067,0.16243280833661985
276,0.1192230472415614,0.06420837908462416,3.291328720666522e-05,0.6127557201241225,0.20377994026248533
277,0.134594067869154,0.019381749898557003,9.74779502856382e-05,0.3986585748815927,0.4472681294004107
278,0.09635740548794886,0.042197566632887366,3.9351925819887554e-05,0.7735573797970078,0.08784829615633605
279,0.07430797387466775,0.04182315429215878,3.916691295191514e-05,0.7282520369893151,0.15557766793090647
280,0.0756654570628515,0.049703333683116274,0.00015747961686089215,0.225106451160924,0.6493672784762473
281,0.13193594798318273,0.08148544917590488,6.25016812858154e-05,0.4981837081883803,0.2883323929712463
282,0.05525018875512759,0.014954652720343244,2.127472216018547e-05,0.043554623189622325,0.8862192606127467
283,0.14318488561369816,0.01960157384695625,4.886945102332316e-05,0.042480719050012376,0.7946839520383099
284,0.0037635565196907903,0.001648590298719824,1.500948050950683e-05,0.005705424093578238,0.9888674196075017
285,0.0070184675736797465,0.004543422016687447,0.0004598443421304242,0.005762975241485142,0.9822152908260173
286,0.003537849787346702,0.0014799362457166743,7.686290949796728e-05,0.002141168216472774,0.9927641828409659
287,0.01374339054613361,0.0009659871112661039,3.399712904663199e-05,0.01564520849955814,0.9696114167139955
288,0.0020396331786258592,0.00052076196390278,5.246657690467896e-06,0.002704768843297306,0.9947295893564837
289,0.002455355844721913,0.0008170459473270963,4.074803572184718e-06,0.004607668569280628,0.9921158548350981
290,0.0037432065404315483,0.0010236010986493934,1.0090823758632365e-05,0.006505777343349318,0.988717324193811
291,0.0074562222037932325,0.002209129416660901,1.7512130064066218e-05,0.015617031903698982,0.9747001043457827
292,0.023185171783135537,0.0019900519631380923,5.985913793317704e-06,0.01011826048984935,0.9647005298500837
293,0.08866721643585629,0.009279218756026577,2.8344392021873464e-05,0.038249789739232744,0.8637754306768626
294,0.17479422820649368,0.014875826418770477,8.932177905365276e-05,0.1280546622087442,0.6821859613869379
295,0.05775775921708348,0.0060802766851784235,2.328269870096886e-05,0.07501112562772275,0.8611275557713145
296,0.1394540092736239,0.02635893407944999,8.894711193546375e-05,0.13724477353199857,0.696853336002992
297,0.1534479331854928,0.038035236085354626,0.0002519298200117566,0.09285660583359241,0.7154082950755485
298,0.45492911056680185,0.02739778075809333,8.776725479682305e-05,0.27908923469872493,0.238496106721583
299,0.28219691745695746,0.07752829048464549,0.00020183637703973333,0.41965168312708057,0.22042127255427682
300,0.25159067368141086,0.164972004566294,0.0002766344803541213,0.5053186156003331,0.0778420716716079
301,0.22920920316663365,0.14347327416172653,0.0003876685097811874,0.5946716746597441,0.0322581795021144
302,0.09350088411355639,0.16480199399505935,0.000440930243472126,0.7126681331982311,0.02858805844968109
303,0.17742881280397224,0.1815483158227944,0.00154171704218857,0.620163487530427,0.019317666800617594
304,0.03027984993515035,0.42032884805291404,0.0016286496061546833,0.5422366087707139,0.005526043635067022
305,0.08792777726340772,0.27156387348347216,0.0009931046677642524,0.6111492681329795,0.028365976452376207
306,0.0826316514308993,0.343646083389397,0.00016586751467942523,0.5543139293418247,0.01924246832319966
307,0.26505049589031365,0.2613549872257354,0.000659840659694277,0.43851144593524977,0.034423230289006956
308,0.2169184640376957,0.1390140356453811,0.00013487223468589771,0.5598787122121087,0.0840539158701285
309,0.2102486553822325,0.16358913957447352,0.0002267781091995307,0.5971646776992934,0.028770749234801003
310,0.3290968214415076,0.28317696927978864,0.0009478085971662709,0.36280570087360364,0.02397269980793388
311,0.17506000061421828,0.6616155446290884,0.004932973127731566,0.13917937245795933,0.019212109171002283
312,0.05480150761780557,0.7446714776738004,0.007573512468642723,0.19032678018324378,0.0026267220565075644
313,0.05387787968712835,0.636089246829206,0.004401587681617761,0.303089343407797,0.002541942394250818
314,0.05253459881725945,0.7872561627335002,0.02195278297078441,0.12454792370136772,0.013708531777088069
315,0.028513039097367843,0.8913838129832756,0.0019440736316821323,0.0749239876823873,0.003235086605287217
316,0.018739739436304893,0.9297016179780719,0.005296807141962087,0.044893173618198265,0.0013686618254627
317,0.011579680326230943,0.9412700848273776,0.008472553137370997,0.037377812290648696,0.0012998694183717233
318,0.08914720453712394,0.7882014146762574,0.002957589981945552,0.08575696605439666,0.03393682475027652
319,0.3768101450941623,0.41894411769217127,0.0007098276584908302,0.11145583595035813,0.09208007360481756
320,0.16705497282707849,0.7702382456989714,0.0010196138067860773,0.05668483354099648,0.005002334126167534
321,0.12874236336343106,0.8369851669753475,0.003549750113455885,0.02618408453607438,0.004538635011691354
322,0.07700361670457587,0.8736531207999483,0.010711067287804929,0.03569264764432714,0.002939547563343787
323,0.014837620545307198,0.9070376794707322,0.014260211476717362,0.06092775001620715,0.002936738491036271
324,0.009017469392339116,0.9068788517852999,0.024170410096419844,0.055645630452722694,0.004287638273218419
325,0.23183642014696912,0.37760641974580605,0.0004723565941461599,0.33066788882300996,0.05941691469006867
326,0.060584402602768594,0.7536083651182187,0.006341870749172475,0.1737923395491576,0.005673021980682574
327,0.030142750301905847,0.8873628453548662,0.00956415167875113,0.07024410376040849,0.0026861489040682484
328,0.2891501444074386,0.09715559008103379,0.0001741533824654405,0.11915869077969606,0.4943614213493661
329,0.3472175134250836,0.483308194408503,0.0009589051166044997,0.1462931125027138,0.022222274547095154
330,0.32038045194884296,0.6306691204118895,0.0022859118819838213,0.031963418160384845,0.01470109759689877
331,0.06247602741758911,0.9047719929740459,0.015645863875157505,0.015104748107513636,0.002001367625693656
332,0.010034370548186811,0.9549259114607265,0.023669684168848477,0.009765801869683146,0.001604231952554978
333,0.024769708149079597,0.953459252396908,0.0064650444185954175,0.012629451531800517,0.0026765435036165326
334,0.002489159552923565,0.7656010652190801,0.22711292698910568,0.003322261218070394,0.0014745870208204333
335,0.0032342465702604618,0.8315274453857837,0.1623695452196909,0.0016252315487099644,0.0012435312755549534
336,0.0033368704686500537,0.5115980871344827,0.4804475792819131,0.0007472621922873882,0.003870200922666612
337,0.016551468202475966,0.8406790699482933,0.13435417209577452,0.0013831445231423977,0.00703214523031369
338,0.006998765524473951,0.7839114529825902,0.2053108060478273,0.0014285219087657936,0.002350453536342592
339,0.005617233853587959,0.8223538551208681,0.1691588016721313,0.0010635299800648662,0.001806579373347822
340,0.004544486049096976,0.7700076080756115,0.22119745607356023,0.0006519409155421632,0.0035985088861891063
341,0.0029107275503727427,0.6910351581175074,0.30363546254740365,0.0004578966225982273,0.001960755162118165
342,0.002123335014201195,0.5241940081622998,0.4701090026826291,0.00021446076522164414,0.003359193375648259
343,0.00583145026647773,0.777494634527572,0.21130514953227275,0.0005144697467443742,0.004854295926933087
344,0.0052353608621187086,0.6059305962974323,0.3856948440294941,0.0002672100198907947,0.002871988791063881
345,0.0022891523952264996,0.1996585803363623,0.7962963896841093,0.0002215934729740375,0.0015342841113276469
346,0.0010672084593336898,0.1249841823853521,0.8719367039208348,0.00016411894461982528,0.0018477862898597362
347,0.0009611233032412285,0.1613043961899157,0.8355208352003358,0.00014887896626121787,0.0020647663402461767
348,0.001417837127381901,0.13053858509188307,0.8657954454985464,0.00018129490269054815,0.0020668373794981857
349,0.0010404875978428248,0.07698383715829028,0.9202794410562731,0.0002384697546139045,0.0014577644329798283
350,0.0013908587367769884,0.17281983444701635,0.8235766802925903,0.0004255997786480358,0.0017870267449683589
351,0.001361133324228744,0.20543414559965445,0.790227418941943,0.0004918750122764116,0.0024854271218971826
352,0.006082511577006804,0.23458769691106543,0.7554184027890585,0.0007474349014140657,0.003163953821455244
353,0.013317517831009913,0.345534703144839,0.6329914584292742,0.001744320546521005,0.006412000048355971
354,0.01448778156089673,0.42670624112083383,0.5493891239637908,0.0006024277718610675,0.008814425582617474
355,0.006681979613417494,0.13922342463586737,0.8484783910836585,0.0006200393702384501,0.004996165296818145
356,0.0014540465905925337,0.12379133276500633,0.8722934432888119,0.0002872254209343397,0.002173951934654807
357,0.001004693319672334,0.14018063457846905,0.8540829826145918,0.00033456749263712524,0.004397121994629747
358,0.006486791315630714,0.28055344711080393,0.6990111290402145,0.0013080118285307954,0.01264062070482003
359,0.0028903459329286535,0.18351486001932577,0.8090374493336777,0.0003031554415486613,0.004254189272519307
360,0.00508109722719708,0.14591706608077198,0.8444525358250574,0.00041681089325142415,0.0041324899737221615
361,0.0019000616338780238,0.06391533732922773,0.9313745777076318,0.0003582079490525267,0.00245181538020998
362,0.025918870865046267,0.2175515021991561,0.7450239590987224,0.0018929418397454058,0.009612725997329914
363,0.039943989644593045,0.3152107292753872,0.6276605330375036,0.0020547953355599916,0.01512995270695629
364,0.01923263708442476,0.21416495666205582,0.7496996464754553,0.0010561683873427314,0.015846591390721407
365,0.048256843989939305,0.4733598962756731,0.37883394020195554,0.010316725553702017,0.08923259397872994
366,0.020684764151783084,0.2758442975985738,0.6852232092224777,0.0011024323232635982,0.017145296703901886
367,0.02256224515786948,0.31152783010752333,0.6421328434618647,0.004762484894306167,0.019014596378436308
368,0.01326677198818211,0.13906904463538663,0.8330851345523894,0.002066582929657703,0.012512465894384301
369,0.015157210805733968,0.25951056647470916,0.6964276760409231,0.001940830908675265,0.026963715769958506
370,0.005932635740196707,0.09127949646616876,0.8921725299990901,0.000757536303495246,0.009857801491049253
371,0.015346034329469344,0.22689564320641317,0.7459582336258714,0.0016244366532475192,0.010175652184998425
372,0.019363008366947067,0.259332506919872,0.7052964564770623,0.0018292591133650569,0.01417876912275358
373,0.00575620280810368,0.14035511697133665,0.8474182231053261,0.0010658925477245544,0.005404564567509092
374,0.05347948143424221,0.3883937667704726,0.5313969861167371,0.0030025986970063845,0.023727166981541703
375,0.012493647633956542,0.2718125096551651,0.7051780249836347,0.001779064431896675,0.00873675329534681
376,0.0752334012846229,0.4047367347544465,0.4593345377471303,0.007875539254285586,0.0528197869595148
