epoch,N1,N2,N3,R,W
0,0.11424028543014404,0.014076770859867633,3.446067736047985e-62,0.06926930438860382,0.8024136393213845
1,0.05156654228858863,0.0012704710410586851,2.4254175057838083e-05,0.018852144112795295,0.9282865883824996
2,0.03668318777648798,0.0023451998660586203,1.8873401276263046e-05,0.016186043083058394,0.9447666958731187
3,0.06020876084404587,0.0019327437203098354,1.2954817114439011e-05,0.026462099488244153,0.9113834411302858
4,0.10628718903757804,0.0014647246509002891,1.5442779206617448e-05,0.017041245816659098,0.8751913977156559
5,0.25648211064829934,0.015722955433437016,2.776042141883197e-05,0.028874002964886458,0.6988931705319584
6,0.024145906131965697,0.006058293163368643,5.187069544642884e-05,0.0019085345421884813,0.9678353954670307
7,0.09584805532585335,0.02786920188534221,7.081346684402983e-05,0.014378860370765356,0.8618330689511949
8,0.028131310379617216,0.03200118637322242,0.0009246652977871714,0.006732916618390824,0.9322099213309823
9,0.08101190211400212,0.03358021065455032,0.00017953082452883836,0.024041878539889237,0.8611864778670295
10,0.07410182581813794,0.01976883810815193,6.003880551114697e-05,0.08837014885153738,0.8176991484166616
11,0.0629761680668882,0.008373754154222835,3.808673363582581e-05,0.03092880098852283,0.8976831900567304
12,0.11097259343167408,0.005039021009084769,2.9358774898632083e-05,0.01868159703818321,0.8652774297461594
13,0.5184249592297381,0.014107000764729205,3.117116652271343e-05,0.011608766008128154,0.4558281028308818
14,0.42068779581286725,0.02167942941619471,4.407917336826867e-05,0.020187054542672885,0.5374016410548969
15,0.225897590367012,0.0773797629949113,0.00012612617267392925,0.04135614448711304,0.6552403759782897
16,0.24812251958282783,0.09279260849034457,0.00037695738680450913,0.013929383062690646,0.6447785314773324
17,0.2619269421766554,0.07719396818594594,0.00018982258987023526,0.02574678695281909,0.6349424800947094
18,0.014204671601430368,0.0062424718931235945,0.0003621210499289058,0.0010334599045167415,0.9781572755510004
19,0.1528348355383672,0.22448854300908558,0.006042237219598742,0.004052413312785564,0.612581970920163
20,0.07104130942443974,0.14618656494621735,0.004708691847259856,0.002554688780779,0.775508745001304
21,0.16768948326029604,0.2817221571946181,0.009172780536780348,0.00704667273467181,0.5343689062736336
22,0.06927808437722659,0.4438638731852268,0.005567624054793709,0.004196315672776516,0.47709410270997643
23,0.0841756622973333,0.5918899166463996,0.05342842830131321,0.002609296164827473,0.2678966965901265
24,0.005424179004531498,0.006150418543495568,0.001190753662437044,0.000529782513484334,0.9867048662760515
25,0.1977933536214587,0.2270433654920414,0.012383532744624622,0.0037349591150402585,0.5590447890268351
26,0.04659724822625678,0.2543384465343616,0.16835525824978384,0.0013578454852141665,0.5293512015043836
27,0.26717090458888987,0.282157683967497,0.007212038096571429,0.004806152928607584,0.43865322041843413
28,0.07671726658155548,0.7209116844097391,0.05840980663831196,0.000838278784436385,0.14312296358595705
29,0.09903469262718512,0.662356486454764,0.08274204365918147,0.001029180591860911,0.15483759666700864
30,0.09148042291875375,0.8147826507145555,0.039014115808891456,0.0009152709051526724,0.05380753965264662
31,0.08446107776127691,0.7045323672187903,0.09706488179982346,0.0007057482206115093,0.11323592499949771
32,0.06895053464671583,0.887319872004098,0.016781053301456746,0.000506273418923586,0.026442266628805826
33,0.06183871829990994,0.8470345882299714,0.056692739383217054,0.0007737652143779276,0.03366018887252393
34,0.05063302922788596,0.8965115524894699,0.03060622698416891,0.00034265711074303384,0.021906534187732012
35,0.03165385987263795,0.8585136668288021,0.07711318278245705,0.000371212741336144,0.032348077774766816
36,0.05861835274858478,0.8254599448667086,0.055136634014923615,0.0008910568042677961,0.05989401156551515
37,0.041876957736873166,0.895772932532857,0.03978817868120183,0.0004047805270523172,0.022157150522015872
38,0.027015908472934582,0.8559192204216676,0.09472373308977443,0.00017181978191737945,0.022169318233706044
39,0.07372673152014489,0.8974791071572751,0.012095661929171192,0.0014831518071905545,0.015215347586218307
40,0.04828129659804571,0.8868916899669532,0.04442067511228905,0.0008059201499089869,0.019600418172803034
41,0.025062746521497686,0.5971285282757852,0.36498895846066975,0.0013111654903499178,0.011508601251697271
42,0.10269456906599035,0.8407446731390003,0.00833337685619805,0.0013549139311044187,0.04687246700770691
43,0.5224589874482034,0.3518773790083141,0.0026480751487890208,0.0037273099033794024,0.11928824849131402
44,0.09768037281741578,0.8234240380557465,0.03472768295365467,0.0006299329392810247,0.04353797323390202
45,0.04576627684855599,0.9178040975981481,0.01886333369177189,0.00014913875079299832,0.017417153110731234
46,0.15366845227197104,0.8081440566635423,0.006537366485453111,0.0005351529713943089,0.0311149716076393
47,0.04073166394964675,0.8875424801976574,0.042010701265434804,0.00021912486916859106,0.029496029718092665
48,0.09309432963960719,0.8713467407900116,0.005111744503384006,0.0007710961762850841,0.029676088890712066
49,0.04807205661760402,0.624196536997999,0.16620468176393,0.00048394773184341305,0.16104277688862356
50,0.11890509325136558,0.0639693309077323,0.002563334468222575,0.0010696629180136218,0.8134925784546658
51,0.23422899544053352,0.5687792626446507,0.013120143129882834,0.001506393712472651,0.1823652050724604
52,0.1204745700715627,0.6969082297934345,0.04720347766382627,0.001443794345632811,0.13396992812554387
53,0.19526909269237033,0.5434772813237031,0.01378286122898643,0.0029526678489919835,0.24451809690594814
54,0.0577867020092585,0.5554819862124877,0.016176224900193253,0.0013538543140390136,0.3692012325640216
55,0.21158070314483546,0.38407732463901395,0.053403223402637215,0.002785197242255064,0.34815355157125827
56,0.5464383279130478,0.20224357425136852,0.00022878964520642311,0.006216763852861575,0.2448725443375157
57,0.14611218856773273,0.5905305388237186,0.01212744187462209,0.004557241979487441,0.246672588754439
58,0.0381064173471854,0.019855029205851797,2.7356817196203627e-05,0.004713853755072992,0.9372973428746936
59,0.2765473115099492,0.35641539045926895,0.00034209575029697505,0.06247118118412532,0.3042240210963597
60,0.4655342622773743,0.13997045980451578,0.00012471308328022444,0.18159402579651973,0.21277653903830998
61,0.052861354137487285,0.007500573095710092,1.3748095599214271e-05,0.01326694089744534,0.9263573837737581
62,0.5101892601683858,0.03190952736283413,6.0278415555078115e-05,0.06820636381806598,0.3896345702351591
63,0.5682259803498789,0.10138499770879908,0.0003725623410187133,0.07626990774965575,0.25374655185064754
64,0.34348348302057424,0.013377756084033804,2.4898164352273843e-05,0.034923111880617023,0.6081907508504226
65,0.2835566382401482,0.16250949935251502,0.00033115189344267435,0.01628266004766274,0.5373200504662313
66,0.23325787775713533,0.6374010599620842,0.004826326406804146,0.017179087885700606,0.1073356479882758
67,0.3255521170282454,0.5481152186575086,0.001547592712170219,0.019185353894258617,0.1055997177078173
68,0.06928688223075259,0.8067414980071304,0.04124625238998772,0.015221590058888556,0.06750377731324086
69,0.23472068042179461,0.5926322022782812,0.01034423506097355,0.03211900785805004,0.1301838743809006
70,0.28123270801273575,0.41289753038295735,0.0030953195027924787,0.03381315160958363,0.26896129049193096
71,0.14160305239053342,0.7603198840349618,0.017290272342937774,0.0021688956631920136,0.07861789556837506
72,0.18813807470809038,0.7481715209765666,0.029993621480003795,0.0009177960818497446,0.03277898675348958
73,0.040627839187149364,0.8956368054865949,0.049747618259389344,0.000830400149738342,0.01315733691712797
74,0.11171717035232508,0.7524430819699687,0.034248479697548524,0.002507518192022003,0.0990837497881358
75,0.03205360129928658,0.7511511434793618,0.2017709527820625,0.000504579091142617,0.01451972334814645
76,0.023278572263508646,0.8757748370930332,0.0782371090285684,0.0010220977787937671,0.021687383836095885
77,0.055222848699631136,0.7057714612871657,0.21273119715976635,0.001529820501354994,0.024744672352082022
78,0.03615424857570094,0.8546949447107075,0.08277976561607882,0.0012831635524185978,0.025087877545094135
79,0.02008233379889433,0.7135241351005072,0.2531577300827175,0.000513244580301066,0.012722556437579744
80,0.016999390611809197,0.8311263063489306,0.142094607833817,0.000452790925611907,0.009326904279831317
81,0.014527747993375145,0.6295490170728414,0.33437983040072755,0.0003824584758751022,0.021160946057180784
82,0.03611705696425323,0.8564007719210273,0.09205613083359984,0.0007408441410870974,0.014685196140032471
83,0.009396515544033422,0.556656221287984,0.42814378383977036,0.0002833406208417184,0.005520138707370629
84,0.015094107659262909,0.6028004283080137,0.370442120016045,0.0003032157551054086,0.011360128261573054
85,0.02363419810964656,0.8637522831869338,0.10414784948465443,0.0005963961987530505,0.007869273020012108
86,0.019814843870085714,0.70278863685625,0.2535461980484069,0.0004971408601902215,0.023353180365067085
87,0.01450513134384659,0.7869722889426526,0.1904597133190386,0.00024474319819920993,0.007818123196263122
88,0.2867366245194996,0.4473888144244416,0.13665260520634037,0.0009479106711784298,0.12827404517853996
89,0.029925456454886878,0.7606896366254485,0.17743561375889796,0.0009539918972200104,0.03099530126354665
90,0.07499725283439183,0.8010294793636784,0.08543485207563303,0.0018446162923970073,0.036693799433899846
91,0.03816938730233201,0.7947714378144646,0.13696628760640833,0.00064600991918393,0.0294468773576111
92,0.021039062530382933,0.6058344342674228,0.3570474972073543,0.0006905912169858085,0.015388414777854183
93,0.008988181185334477,0.4734727526430532,0.49431049191193815,0.00029389063571024654,0.022934683623963864
94,0.009166493183572249,0.36981746311304065,0.6083342469730382,0.0003566330470439758,0.012325163683304946
95,0.00811895073286849,0.35996481181189477,0.622850337761014,0.0002661743309269991,0.00879972536329581
96,0.010194834596861704,0.22995274073204358,0.753377909332902,0.0002638073127229483,0.00621070802546972
97,0.0042283837065155245,0.2491230030131842,0.7398432302786571,0.0002945841195353693,0.006510798882107693
98,0.009623618035664552,0.2159151472288069,0.7565037669171607,0.0004196069505718262,0.017537860867796122
99,0.003724725857069336,0.18623257348365524,0.8064359842161146,0.0003193025898898168,0.0032874138532709273
100,0.005613350650756199,0.1691730718489554,0.8197469507807589,0.0005064382033076674,0.004960188516222001
101,0.01787208358095857,0.36119835648854115,0.6111624752036527,0.001139203335981453,0.008627881390865977
102,0.009536583638851197,0.2946591333264028,0.681679052722978,0.0008131392588493109,0.013312091052918555
103,0.01637976240616983,0.6382386532049453,0.32988325115096445,0.0014851027877506606,0.014013230450169714
104,0.18709104041734526,0.427844551881571,0.2873526749003467,0.0031190840049851606,0.09459264879575185
105,0.07084349280582443,0.1504382184203644,0.184117764614965,0.0008460331037203974,0.5937544910551259
106,0.02382515653836737,0.0810095515891288,0.2179806422847382,0.0010634103990475692,0.676121239188718
107,0.05919113100219313,0.07798132206818997,0.13045925619665166,0.0009784581362569378,0.7313898325967082
108,0.042416448149007815,0.18287786494680183,0.22376738084055378,0.0007601715247694347,0.5501781345388672
109,0.07536837175216814,0.30434368984324167,0.36411848160538607,0.0008601614169626917,0.2553092953822415
110,0.17311431015566395,0.0951050261666943,0.08072408606496685,0.0006329274874692027,0.6504236501252056
111,0.22806818993445604,0.14922021291868065,0.22247692705984579,0.0004334710042576669,0.3998011990827598
112,0.0165042663116138,0.22706688748258555,0.6557503969050043,0.0004999515065715572,0.10017849779422489
113,0.00700718918319037,0.13123511883828926,0.7776146051204689,0.00022368669989848095,0.08391940015815305
114,0.27965175523513075,0.12546576643745755,0.14628241393693298,0.0017702227599099734,0.4468298416305687
115,0.008819513042811583,0.2511703379960664,0.6681907911816167,0.0007243439072188841,0.07109501387228626
116,0.04034879642564201,0.43806046050378306,0.2633868814770762,0.002634769073899707,0.25556909251959914
117,0.041265796521921465,0.46607562539922415,0.41853118596368033,0.002122036111736806,0.0720053560034371
118,0.05406127374435645,0.5599808828045004,0.32596017145974965,0.0027691899993102674,0.05722848199208322
119,0.018221789801642616,0.25211959828034647,0.7209220651930102,0.0009533509425418726,0.007783195782458898
120,0.012707629034882552,0.2348006290419241,0.7438437470902124,0.0009676927533566074,0.007680302079624324
121,0.014112323388567027,0.39823412764782445,0.5756433806607877,0.0017382827411517475,0.010271885561669013
122,0.006841019027852357,0.16612197607971324,0.8178223123784111,0.0009944027183679163,0.008220289795655476
123,0.1866113131567467,0.48414730478518375,0.14745891564818522,0.023950447573544035,0.15783201883634018
124,0.2829770818930029,0.29658530298937724,0.004835697657755809,0.030981290137068098,0.3846206273227959
125,0.3329420001939522,0.4224144858078573,0.010076099747684423,0.03199141038775738,0.20257600386274874
126,0.18659032387715957,0.604392385603772,0.0642888677522489,0.016501537622714117,0.12822688514410552
127,0.12775149912070097,0.6213811381605631,0.0485023101129999,0.023278358862291255,0.17908669374344482
128,0.0003448240055853181,0.0013747166966565619,0.002283600842741444,0.00010798518562224368,0.9958888732693943
129,0.0005809808623633311,0.00046845650839960005,5.620063665314525e-05,0.00018768149489698478,0.998706680497687
130,0.0005187691031004994,0.0004222203516094644,0.00024128164641647407,0.00015233436908434833,0.9986653945297891
131,0.005961150749845232,0.000984829880976052,4.024226540035873e-05,0.0007954667273191323,0.9922183103764592
132,0.0060872097506313805,0.0014220743957627014,2.3130473534674516e-05,0.0011978056267122105,0.9912697797533591
133,0.0070147626075184955,0.0018094107878499361,1.48381011343407e-05,0.0022225308177332426,0.9889384576857639
134,0.034126605956772735,0.0018603659486377156,1.5095677116578683e-05,0.005425784169314654,0.9585721482481583
135,0.14208977592948788,0.0023019930536699,1.1044814975640856e-05,0.0054909607564547274,0.8501062254454118
136,0.07039244038566556,0.0034027783986567382,1.986259320470086e-05,0.0050940989405469615,0.9210908196819262
137,0.37120126419739924,0.008691621236626052,2.1699652624983904e-05,0.04893706428104803,0.5711483506323017
138,0.012373876373410576,0.0026305001972905234,1.4120197559446469e-05,0.00550467915957675,0.9794768240721627
139,0.10815794958824791,0.0039611121150575175,7.81564207265249e-06,0.014913943748710707,0.8729591789059112
140,0.10771188067303854,0.01813828904052717,3.3294166175371786e-05,0.007530101845907756,0.8665864342743511
141,0.11658406704773228,0.01745578976057152,1.5842568244753486e-05,0.005073629200510597,0.8608706714229409
142,0.1022507941281752,0.007040321179169689,1.920536681513469e-05,0.0038165397312310955,0.8868731395946088
143,0.04274831813058,0.006220150371395682,1.738082630943921e-05,0.0033638245776407803,0.9476503260940742
144,0.10753534493774464,0.008381424536151493,3.0968328126502314e-05,0.009921027054603362,0.874131235143374
145,0.0017593001969352555,0.0010741776715316581,0.0003249428615219819,0.00016905412612573737,0.9966725251438855
146,0.000717284322066022,0.000641139512319152,0.0003160354649915799,4.039407892998352e-05,0.9982851466216933
147,0.0017958197997835228,0.0014553564205312466,7.906495599432346e-06,0.00022418984369137096,0.9965167274403944
148,0.0006625563928919808,0.0006557196064025039,0.0003533315923653338,0.0001564156620657721,0.9981719767462743
149,0.0021758566262251194,0.0008446674807520781,9.583424042216743e-06,0.0002491011570688857,0.9967207913119116
150,0.010375208140575245,0.0013381771025590965,9.788994770645764e-06,0.00101351312565097,0.9872633126364442
151,0.035310804929264854,0.003925332485022288,2.3352309259008172e-05,0.0014365856552759743,0.9593039246211779
152,0.01554996162033486,0.0011484804973280866,5.6190055799790565e-06,0.0017476930778987558,0.9815482457988584
153,0.03974335216943207,0.001673728480556323,8.549651070825148e-06,0.006079272970734155,0.9524950967282065
154,0.07683703871164056,0.003665254487985921,1.3428703042413248e-05,0.02138489618070887,0.8980993819166222
155,0.00923114757476893,0.000638237644318892,4.629002078164908e-06,0.003255613641900359,0.9868703721369337
156,0.00746766402007758,0.0009878519533205864,5.214724360247651e-06,0.004590312807690593,0.986948956494551
157,0.00533460998736875,0.0004078604160771284,3.2745442797405892e-06,0.00455029053191537,0.9897039645203591
158,0.07085490071984712,0.0010404786497316427,6.492788640650601e-06,0.011336508808207873,0.9167616190335727
159,0.02788164730537764,0.0005574494004504029,5.391048645254945e-06,0.011690491026670288,0.9598650212188564
160,0.02377509756825503,0.0011688059265192645,6.078020923939196e-06,0.006941879647352219,0.9681081388369496
161,0.012901368053371496,0.000983674259644821,4.9077103887126796e-06,0.008853392003341856,0.977256657973253
162,0.01072414888290067,0.000658206260144312,5.255885770241042e-06,0.004949509151960433,0.9836628798192243
163,0.12302459056597681,0.0036388307372228115,2.2947440352218355e-05,0.02979652038860659,0.8435171108678415
164,0.012225824922920096,0.0008593080400069409,4.720755761131093e-06,0.005866813556513833,0.9810433327247979
165,0.09153995124803019,0.003930017092400507,1.3184756924943904e-05,0.025946306037827157,0.8785705408648171
166,0.02061245965296214,0.0029752231470020086,1.1623097954149736e-05,0.010976496684137534,0.9654241974179442
167,0.3677361129872059,0.012428285346106354,7.609742853228451e-05,0.06124643473594854,0.5585130695022069
168,0.028551696600259153,0.0022264045862860917,9.739999667561855e-06,0.017198139091067786,0.9520140197227195
169,0.3341838354286478,0.011711805786668257,6.770005735762155e-05,0.1537991122258194,0.5002375465015069
170,0.39893714796972896,0.021971171944484176,0.00011559024852459015,0.2867492966973095,0.29222679313995287
171,0.33048471079113145,0.029341136847157393,8.267456700700968e-05,0.3204134857437874,0.31967799205091674
172,0.08278481369809708,0.012467210621886849,2.3538696515540062e-05,0.29746643457848093,0.6072580024050196
173,0.26772940259807854,0.029368501067958453,0.0001282129332460301,0.5011438609345175,0.20163002246619946
174,0.1934748696734958,0.07037407122168207,0.00016474356645648463,0.4916893811339792,0.2442969344043865
175,0.011234303561110033,0.010736520776274726,0.0001663031365917937,0.028660634069872428,0.949202238456151
176,0.023451559721680382,0.003504251263552582,1.2109905731294419e-05,0.06518919601250049,0.9078428830965352
177,0.2688072652154503,0.012482961450658712,5.324307837165943e-05,0.1433946493102224,0.575261880945297
178,0.0028061858975157597,0.0006899052034632637,3.2770510432201006e-06,0.008052562931981519,0.9884480689159962
179,0.08375583473491087,0.003968712032427916,1.9497941058705957e-05,0.04280644990346823,0.8694495053881343
180,0.06435660036028477,0.0023103847879913804,2.645869101894225e-05,0.03630574810163898,0.8970008080590658
181,0.008670305903447053,0.0007535997758432152,6.116184717312545e-06,0.00997070787516665,0.9805992702608257
182,0.0344642358838893,0.0024718232377023415,1.0352815504896905e-05,0.022170664036796132,0.9408829240261073
183,0.46578954513304077,0.009488235282558675,7.352314192233843e-05,0.05632151895555113,0.46832717748692704
184,0.6510032461236674,0.021142624907007832,8.046142557156292e-05,0.12647981813227252,0.20129384941148062
185,0.4113033586248014,0.03696911372776168,8.675722234676885e-05,0.3769220036639202,0.17471876676117007
186,0.18727723065825552,0.023009604183826773,4.248341445535626e-05,0.4650670719206093,0.324603609822853
187,0.30604019947428823,0.09801406076559806,0.0004517005230909662,0.47897718810575357,0.11651685113126914
188,0.276424927456597,0.0840518702789511,0.0007938839380663945,0.4301194962478086,0.2086098220785768
189,0.21445021679020612,0.16420088770959898,0.0016234688311941854,0.49463340802210887,0.12509201864689182
190,0.08546169108728557,0.36562304384096267,0.0039218179434254465,0.49392919435117927,0.05106425277714716
191,0.08091298757301633,0.46814393122050346,0.006454416676695948,0.3841742785430755,0.06031438598670874
192,0.08571032963504686,0.1279485255934967,0.0002692312880605752,0.5403107640981479,0.24576114938524785
193,0.020831406118213568,0.008950266632780207,2.8219364577307395e-05,0.04662902425935715,0.9235610836250718
194,0.2071413864681627,0.02070253723213957,0.00012972870527386631,0.13642606906251165,0.6356002785319121
195,0.0051152745804680854,0.0006528977932293275,4.728172459020104e-06,0.021470372093365848,0.9727567273604776
196,0.007897958822811451,0.00063153074387773,3.483365070090298e-06,0.005330806413395658,0.9861362206548451
197,0.020409070939250856,0.0016565190018118386,6.5779034065414065e-06,0.01847296553532765,0.9594548666202031
198,0.0015925007378323748,0.00019353739846821787,1.2646274018980914e-06,0.002570362520472558,0.995642334715825
199,0.0023106420609031258,0.0006766120754632715,4.589158346351317e-06,0.004793421588927646,0.9922147351163596
200,0.14971345833440147,0.008264114758063127,6.898599901933223e-05,0.030358343830596865,0.8115950970779192
201,0.008561440342919972,0.002870896202302265,8.659556413406121e-06,0.006981484612122555,0.9815775192862418
202,0.008952301971559018,0.002261862601483768,8.680169429493159e-06,0.01174822132174797,0.9770289339357797
203,0.007424791480872781,0.0023199028400260986,1.0862019976847154e-05,0.007274095128202342,0.9829703485309219
204,0.003825329315653988,0.0013962309174117044,6.389053167890943e-06,0.004395557461223137,0.9903764932525433
205,0.025564164747947777,0.0017772259219907655,8.318105750868883e-06,0.008322247449181419,0.9643280437751293
206,0.005320648020226368,0.000632998160094101,2.626200850316463e-06,0.00267907116696034,0.9913646564518689
207,0.004545426833213965,0.0014172764977110981,4.387392768181032e-06,0.0012279726947291704,0.9928049365815776
208,0.0023947218944468324,0.0011739175865020561,4.22403255092896e-06,0.001407433206965632,0.9950197032795346
209,0.0013094833044296637,0.0005835819175946884,5.561093140189147e-06,0.001493740203567513,0.996607633481268
210,0.003099487704711664,0.0007490074899983528,2.8641404280556598e-05,0.002129742914622666,0.9939931204863867
211,0.030808106298037482,0.0007835859340867653,3.684373748296938e-05,0.004453365635156411,0.9639180983952362
212,0.13748145810966653,0.0044956863120299735,0.0006804538302291724,0.002179511628732615,0.8551628901193418
213,0.0013236913956777524,0.0033674983864811995,7.365755190715443e-05,0.00028644528028877225,0.994948707385645
214,0.0002512745055181395,0.0005486171775407052,1.5531141121789677e-05,0.0001215249522224193,0.9990630522235969
215,0.0007308986302263081,0.0029978586845576835,8.93480347138263e-08,0.00034688008406534137,0.9959242732531158
216,0.0013733809632639786,0.0030494724823308924,2.8299336473820863e-05,0.0004989967423920149,0.9950498504755393
217,0.000957339465566567,0.0024042810839871418,0.00018960203673692845,0.00045275881667869786,0.9959960185970306
218,0.0010104544289140042,0.006646227987202766,0.003614985292141582,0.0008697872369873405,0.9878585450547542
219,0.0008291640951574667,0.00415690081098929,0.00296570603514452,0.0009615412003286477,0.99108668785838
220,0.017033660398414613,0.007620688390481912,0.032594160176751305,0.0034772829252085915,0.9392742081091436
221,0.013769149814842157,0.007976582745547106,0.014603893986208821,0.0014194000621118908,0.9622309733912899
222,0.007497215771608858,0.0006987204738111719,3.0509151071515293e-08,0.0013449728873613784,0.9904590603580675
223,0.0031712281199140204,0.00034579141605848446,7.446414476863386e-05,0.000141235511516504,0.9962672808077424
224,0.01019166344276345,0.00040872640135137243,6.332438040541595e-06,8.55838416397699e-05,0.9893076938762048
225,0.0024254223761281954,0.0006050717560091639,3.1520430883480006e-06,0.000359355619925861,0.9966069982048484
226,0.0009010064566497939,0.00024152360335490838,1.1016589287028604e-06,4.5366960833334756e-05,0.9988110013202334
227,0.0028709690709786176,0.00021033014890402144,1.7052219791031421e-06,0.00033701813865933994,0.996579977419479
228,0.002236589480758603,0.00014645535103568436,2.095130516313721e-06,0.0006413790190560382,0.9969734810186334
229,0.0036692568112346867,0.0003734985051558644,5.014055526453959e-06,0.0012704057512676877,0.9946818248768153
230,0.006762039797616535,0.000978798553974018,1.2435099594500768e-05,0.0022286306212576986,0.9900180959275572
231,0.007527350760634132,0.0007982930253367437,4.931368631265087e-06,0.004938077864732127,0.9867313469806658
232,0.010032960305817282,0.0024496018527806872,8.772591997518132e-06,0.00512626996158432,0.9823823952878202
233,0.0064851706715965225,0.0015490779346452872,5.564602941499047e-06,0.007269918467214985,0.9846902683236017
234,0.004561273486183313,0.0011484623200949042,5.663461628333169e-06,0.00456962840235918,0.9897149723297343
235,0.0057143167548516696,0.000336095242724879,1.9113971538797957e-05,0.0030117122903071396,0.9909187617405775
236,0.0029133447391464923,0.00016664461616117037,2.6281453461053085e-06,0.003061227690685769,0.9938561548086605
237,0.0008851796908357444,5.3927221607593327e-05,3.125520743679349e-06,0.0015521104259674594,0.9975056571408456
238,0.006748958120160234,0.00037042692318634273,4.972246816557023e-06,0.004639819589045101,0.9882358231207916
239,0.003960982825070138,0.00027709860827412213,2.4512618729293352e-06,0.0025805852533152497,0.9931788820514674
240,0.0289691479132709,0.0006969698171414041,4.62884464155863e-06,0.007588445415445611,0.9627408080095006
241,0.011403910745397712,0.0006385669146385881,3.1830636196994073e-06,0.0032092973955238522,0.98474504188082
242,0.025995318558164247,0.0015456204904622944,5.850977805141083e-06,0.014689655948730519,0.9577635540248377
243,0.030735420671845468,0.0017986768109705205,7.302699117871409e-06,0.013683372119806378,0.9537752276982597
244,0.00251935337857533,0.000519338606484114,8.70068774431502e-06,0.007131575401048382,0.9898210319261478
245,0.010592878313973259,0.0008217246534279047,1.1094688821172365e-05,0.021125251348899865,0.9674490509948778
246,0.01127442859118284,0.0006275501743179709,2.5116915293243926e-06,0.025728266009064353,0.9623672435339056
247,0.04813161017724769,0.0014256569797125986,7.322999932480012e-06,0.05729636502758514,0.893139044815522
248,0.01080066795264025,0.000602503519008788,5.4249197320051e-06,0.04117483562517977,0.9474165679834391
249,0.08033902439671235,0.0030989557189118537,2.814329963106788e-05,0.06421330493708566,0.852320571647659
250,0.023429717573900784,0.0013621532416194181,1.2328916211227112e-05,0.06494909843963526,0.9102467018286332
251,0.11398329624720376,0.0056568095170377915,9.494043500749546e-05,0.1397170922657694,0.7405478615349815
252,0.10754779589242085,0.007092228178740907,8.488634900335749e-05,0.18247878486836927,0.7027963047114657
253,0.013035918469278271,0.003152193497461627,2.506916879105085e-05,0.08150555791421578,0.9022812609502534
254,0.23664557381384427,0.013309892587332601,0.0001812494402323264,0.37849686284281037,0.3713664213157804
255,0.20605833466917675,0.022260643369831197,0.00022158203758055377,0.46058037805595403,0.3108790618674575
256,0.20566352103484292,0.0233835372154523,0.00021646967170021753,0.41234925739892675,0.35838721467907786
257,0.09989812912549653,0.03455246851730628,0.00018337168233954746,0.7479174636179444,0.11744856705691308
258,0.09995939349891599,0.03409682846765253,0.00016284437820375015,0.739454452319174,0.12632648133605387
259,0.008729035423991217,0.0028658172151835213,2.13109201923605e-05,0.21998568530815063,0.7683981511324823
260,0.1350980622711357,0.008734821191994173,4.340451818081667e-05,0.4703015338652199,0.3858221781534694
261,0.20987643898379754,0.006197124437311526,4.1479263952696194e-05,0.33018092184326087,0.4537040354716773
262,0.20889404021907607,0.02736003087885883,6.567612204768961e-05,0.5640105500253334,0.199669702754684
263,0.2524516206607464,0.058596229032400166,0.00019220273510521098,0.5293038133794278,0.15945613419232046
264,0.2240701787175454,0.015932794240791803,7.724579039791289e-05,0.6466231644177658,0.11329661683349905
265,0.25196368385202844,0.1520975760637242,0.0012490617201284001,0.5022053250066747,0.0924843533574443
266,0.1521776565974561,0.05933252015911758,0.0007210794315979258,0.7075286385593206,0.08024010525250774
267,0.14500580232710686,0.19698886500889548,0.0024150606912736977,0.596036225545633,0.059554046427091
268,0.114886836833978,0.27506519302970966,0.004477111866506469,0.5223357251745758,0.08323513309522995
269,0.13258891120938998,0.19994922127131712,0.0015926966789073771,0.639295272013237,0.02657389882714864
270,0.07094032303015248,0.6818746278000736,0.07427455994004906,0.04003158958153979,0.13287889964818508
271,0.08227748143044436,0.8109697424961773,0.022605355049993215,0.03303008743119387,0.05111733359219124
272,0.03238482763331971,0.9008499705139805,0.03735285488481231,0.014006511881609632,0.01540583508627772
273,0.1056239254775939,0.8165983505156069,0.012106783555609024,0.04026105703839971,0.025409883412790567
274,0.18241239566784212,0.74264265822665,0.013313853824093674,0.038707185747570164,0.022923906533843946
275,0.043634327192510765,0.8838952152378025,0.050941091227889576,0.01120714848633802,0.010322217855459092
276,0.1115199154675064,0.8478312390357068,0.014592431845671052,0.011773431891701967,0.01428298175941353
277,0.05149738211310451,0.9063034466282592,0.027584428876756332,0.00471571367058854,0.009899028711291438
278,0.07332980665584056,0.8721619068177399,0.026707000082031168,0.004318327223453238,0.023482959220935132
279,0.037269276925843156,0.9266789076024098,0.0276291243683696,0.0012778422282212877,0.007144848875156214
280,0.13545575909888682,0.8411573875938044,0.00910336153811534,0.002923039032353619,0.011360452736839624
281,0.06612023748384152,0.8574136144105902,0.05915164400036246,0.0018710484866901753,0.015443455618515758
282,0.11091522903326935,0.8622126008373495,0.012279320695751272,0.002682544405131879,0.011910305028498245
283,0.01746209997716144,0.9139561448159613,0.05759940659364646,0.0008671229181210295,0.010115225695109639
284,0.04598991617589503,0.8948390167450396,0.047981114713546345,0.0016574000266310522,0.009532552338887971
285,0.03164257421273192,0.8790185907854183,0.07916530131011779,0.0018280681236963092,0.008345465568035441
286,0.01491511683597096,0.7243006715931262,0.2522882276982861,0.003028484638136016,0.005467499234480654
287,0.04918868861517494,0.9059164736560146,0.028303003744158964,0.003530224993051106,0.013061608991600413
288,0.014805988211905619,0.8084361983745058,0.16488365280690898,0.0015833314640975578,0.010290829142581955
289,0.03287408983268213,0.917430047763352,0.025114037056309338,0.0027657825244852947,0.021816042823171046
290,0.007028920507595024,0.6870311274616185,0.29751494470548556,0.002456114350637136,0.005968892974663658
291,0.10646189943324451,0.8311280468535046,0.0059451554618375245,0.04095740114207452,0.015507497109338816
292,0.09376590648056161,0.8749444063735379,0.002794099982555989,0.01617273524987333,0.012322851913471197
293,0.05053864185826195,0.9125209822990894,0.008903534589307056,0.011510450894322552,0.016526390359019077
294,0.08318705834405223,0.8675463586838612,0.016886967791333866,0.019789391310043366,0.012590223870709271
295,0.39530088480734116,0.25858708588818513,0.0010667530299533527,0.2572550148713582,0.08779026140316226
296,0.24267376230793702,0.3381478412017886,0.0010846886088799166,0.39144562435609104,0.026648083525303453
297,0.1230673958192911,0.11746934036338867,0.0023036993817788245,0.7430917775214517,0.01406778691408966
298,0.08959424071759631,0.06467381853778524,0.0014830820133339049,0.8334339179174467,0.010814940813837836
299,0.05004443181524136,0.05571277764641982,0.0013352563869290365,0.8854560224125908,0.00745151173881895
300,0.04544757351872241,0.17769827108201786,0.0075390115567057145,0.740560057081329,0.028755086761225044
301,0.01540284570715605,0.02798812593180484,0.002991279422014547,0.9372181860204604,0.016399562918564228
302,0.024284555992744823,0.020336816345840815,0.0023628240444746214,0.9420953956731871,0.010920407943752786
303,0.01722559851619696,0.018755735700648556,0.0013610151436410365,0.9551683015019611,0.007489349137552256
304,0.030780496082735413,0.014486422023252373,0.0005780864334404008,0.9079306164735694,0.04622437898700234
305,0.02860964438194196,0.031065657367485528,0.0016625680235407285,0.925868445290657,0.012793684936374596
306,0.042035512799825536,0.024999420771476252,0.0005079894565393585,0.9249580321399598,0.007499044832199152
307,0.06349584415138462,0.016983343534191137,0.0003820975697655511,0.9073132808477702,0.011825433896888369
308,0.03313149471540839,0.010234285978491367,0.00037306070770762073,0.9429935880949168,0.013267570503475679
309,0.0784636058508725,0.041148173027558604,0.0010173367727435672,0.47055626630870306,0.4088146180401222
310,0.25116039832771303,0.012965629147831923,0.00014852714829514737,0.4291602262827688,0.306565219093391
311,0.4443182340420019,0.07807637886380873,0.0006097533388805268,0.3623563728671113,0.11463926088819754
312,0.28140674110770086,0.04097466062462783,0.000514252609991936,0.32781639618935826,0.3492879494683212
313,0.2919579477257952,0.021624026285252222,0.00017467987270121965,0.36228748808726857,0.32395585802898275
314,0.1738944977085259,0.06316081423685808,0.0013856377167723696,0.7327491584336283,0.028809891904215436
315,0.10903750676173357,0.036140257397032985,0.0008268454874031245,0.8413778416964033,0.01261754865742695
316,0.09602470249529305,0.039438075998239445,0.0018689958292311725,0.84704967034565,0.015618555331586315
317,0.054977398448381135,0.03833469068542113,0.0007442390519244619,0.8649010090496451,0.041042662764628056
318,0.07782228803554339,0.014859546060445811,0.00024066638774579484,0.8541949466065166,0.05288255290974831
319,0.09849648587267029,0.03245346522502525,0.00047901640229099394,0.8518362123100214,0.01673482018999203
320,0.061746973448910086,0.03568768214027003,0.0008280099101206266,0.862189897066491,0.03954743743420817
321,0.13555323217756393,0.02866063928827269,0.0009149686304986975,0.8035347028662243,0.0313364570374403
322,0.07903255652116388,0.048893263452050445,0.0019443432518404158,0.8501622069837227,0.019967629791222723
323,0.11700933937852828,0.03214722700923028,0.00021840135395224887,0.8353857406912867,0.015239291567002492
324,0.041533645415924546,0.06268044051153572,0.0013365714836104173,0.8763601594415488,0.018089183147380592
325,0.013112683660877793,0.013275010086098658,0.00021386774742720234,0.9681440854189072,0.005254353086689208
326,0.026917942676324226,0.016923336995363514,0.000409200463464796,0.9338435382278242,0.021905981637023314
327,0.08021559794696626,0.15508921749986204,0.000917487031484733,0.6465282801133724,0.11724941740831463
328,0.025590581510425994,0.021162397781131364,3.248535532111498e-05,0.34692778787929973,0.6062867474738218
329,0.15904509774554412,0.020332520286966662,2.8922132883896946e-05,0.25821746921303274,0.5623759906215725
330,0.21964633621370488,0.019325641937044627,1.8913121249830438e-05,0.11429244324230045,0.6467166654857002
331,0.25888924633613963,0.006354706496316201,1.4898189343270272e-05,0.02983229034279914,0.7049088586354018
332,0.18571833589605552,0.03904456295115587,0.00018372250587532084,0.03548957546872213,0.7395638031781913
333,0.01042326146618869,0.006253469627659594,0.0005021721898064462,0.005289298905521619,0.9775317978108236
334,0.0027419260842935006,0.001811465389089755,1.3753932226183631e-05,0.00333996150835059,0.9920928930860399
335,0.014997803520801276,0.0020323365627686655,2.1551784183816404e-05,0.006113944301514681,0.9768343638307314
336,0.07025030781031594,0.002018609305581358,1.7697927025056925e-05,0.009133293501932795,0.9185800914551449
337,0.09150952084207521,0.003657153502192373,8.53964903765535e-06,0.016821458121423865,0.8880033278852709
338,0.08295366128176755,0.00416534430462443,1.3126598403064562e-05,0.01855855297946142,0.8943093148357435
339,0.0129768037305591,0.0026465089524882615,2.8959862983539276e-05,0.009396963351999198,0.97495076410197
340,0.02092384063366255,0.002456537836309833,9.997600987493328e-06,0.025546562856050416,0.9510630610729897
341,0.06685760949308872,0.0028267091102918813,8.449345993641842e-06,0.02570863823864762,0.9045985938119782
342,0.09096398626636111,0.004308613304205534,1.4443277008778072e-05,0.030177046390058974,0.8745359107623656
343,0.2552162583541756,0.018339711506474114,3.738148534569765e-05,0.10240966082998211,0.6239969878240225
344,0.2573726784972504,0.009868767839890925,4.224585345630843e-05,0.1465972925982486,0.5861190152111537
345,0.43647802501915467,0.013572797236357624,7.109595179660445e-05,0.27646930544331855,0.27340877634937255
346,0.29861861580112536,0.017739379311019467,3.389800763909241e-05,0.5961091362829918,0.08749897059722439
347,0.4137655246493322,0.031152758498942945,0.00011885745459398774,0.2774181774169178,0.2775446819802131
348,0.04130450419852246,0.006546350943034251,7.60081470985641e-05,0.050447603240889476,0.9016255334704553
349,0.373617391863326,0.019842390250350946,0.00028384022277259263,0.18458162357571314,0.42167475408783733
350,0.27629082691694284,0.017122183882110786,0.00017051272200356018,0.08509762713465512,0.6213188493442877
351,0.6198380325003123,0.01899542009940649,0.0002007420008799974,0.10818299699446954,0.2527828084049316
352,0.6953191577868075,0.04988821112425949,0.00024067954150257156,0.1588037744901963,0.09574817705723393
353,0.5858011565034057,0.0954817303026587,0.0002756925765504557,0.19769214031736404,0.12074928030002124
354,0.011885490540492587,0.007632042007690857,0.001455557319377917,0.03738846776672514,0.9416384423657134
355,0.0458126157864679,0.009076252117927395,6.589905626355957e-05,0.02987310492670264,0.9151721281126386
356,0.12644956847561448,0.015020473478256061,6.183901662419494e-05,0.01725572282414355,0.8412123962053617
357,0.5710290117266972,0.05732614075322007,0.00011798873173159252,0.04193883099859075,0.3295880277897605
358,0.7767832425168725,0.09460018640688868,0.00010165972706884984,0.08016489748950521,0.0483500138596647
359,0.5621251254152873,0.3205518927086828,0.003082642686289361,0.08634151526177693,0.02789882392796379
360,0.22140334609265327,0.40986535165720767,0.011188334270640499,0.2194503199575991,0.13809264802189927
361,0.15044782654529304,0.4800987366485562,0.0037254461726856677,0.3388142873963661,0.02691370323709901
362,0.07815600418679322,0.18609836067503743,0.010425986593382987,0.7067623463937938,0.01855730215099252
363,0.1994376882943365,0.3294444846679211,0.0016571108599378627,0.4175312734785563,0.051929442699248166
364,0.21748879820270925,0.33065672591781514,0.004180801134371147,0.42562425284210476,0.022049421902999702
365,0.17032478368925097,0.712441070062101,0.0033517456864702293,0.09970311045186209,0.014179290110315757
366,0.10166668350352483,0.8166939591719979,0.006111702179551311,0.06303561138540309,0.01249204375952277
367,0.05346596321208062,0.8803307875450551,0.02128007888131756,0.037399055177384954,0.007524115184161785
368,0.11495734090505098,0.8363250726071658,0.007044417021109692,0.029857114302515763,0.011816055164157662
369,0.03945606184504982,0.8971035873084209,0.04500574709524207,0.010478608931817478,0.007955994819469684
370,0.049701010087900975,0.900250304457752,0.019649966677587897,0.016263198870410174,0.014135519906348974
371,0.0652204696592933,0.9147626091185072,0.004971342615171256,0.00867712303718106,0.006368455569847239
372,0.09501192263635828,0.84695865594513,0.027394143857487636,0.020096716269756423,0.010538561291267663
373,0.05014106853790583,0.9215060610406386,0.016578428026273427,0.0050022205722937835,0.006772221822888313
374,0.025910905352545765,0.9462864208769781,0.019886238521889674,0.004806540808068222,0.003109894440518083
375,0.02338354623925693,0.9587279901007904,0.010337907275889293,0.005080689983150354,0.0024698664009131835
