epoch,N1,N2,N3,R,W
0,0.1591201653499461,0.011458600667605305,0.000179930985446566,0.5255878222241498,0.3036534807728523
1,0.1443015412306098,0.01060439222346019,6.145591358161711e-05,0.10810804039211916,0.7369245702402293
2,0.06543923045182999,0.02028979117316664,0.00014507736507709672,0.3002514236555294,0.6138744773543968
3,0.05298089857980352,0.023914992690920164,0.0003577067390366946,0.05295646971446693,0.8697899322757726
4,0.1413225472166361,0.049852628284670755,0.0004548642162102057,0.2719959527190061,0.5363740075634769
5,0.1033840101964816,0.028981160798674983,0.0005249532377712169,0.24161682061528722,0.6254930551517851
6,0.13292771845777435,0.04745102341904826,0.000433293175659916,0.24933581683457515,0.5698521481129423
7,0.18854143646240637,0.07477091400161351,0.001300979279805143,0.04850010238405695,0.686886567872118
8,0.31458519621447767,0.27431789019409375,0.003037099062761407,0.019071169798845284,0.38898864472982186
9,0.142306719042046,0.05900312644282788,0.0010847723874038485,0.010215888998431165,0.7873894931292911
10,0.25268010757558224,0.2454242198945466,0.003204080188312015,0.005578516003180242,0.493113076338379
11,0.17623921520291172,0.5721137031186609,0.0033311753261210195,0.007138775050442088,0.2411771313018643
12,0.2301454075972023,0.4772537013779914,0.010054898288852464,0.010008359228138575,0.2725376335078151
13,0.3099890538697673,0.3892299317584668,0.009953061607026279,0.005460052891233028,0.2853678998735066
14,0.27774503484735985,0.23550263164934493,0.0029900447565985575,0.009050874023488214,0.4747114147232084
15,0.19174123758185416,0.11285380712130179,0.003559266901388545,0.008533063442443922,0.6833126249530117
16,0.20014294080360345,0.6783158287862717,0.005555440633984287,0.0033012956481521054,0.11268449412798857
17,0.3853688207234545,0.33743408748531006,0.006814549177272676,0.0037576375146020037,0.2666249050993607
18,0.22911104249244105,0.39369080031464376,0.004648558291792903,0.01728613132925398,0.35526346757186833
19,0.19851794689530078,0.2027969362512714,0.0024680069962315656,0.0026354438860580684,0.5935816659711382
20,0.2835647539176644,0.5835074160851377,0.01066164437329408,0.0029776339526337895,0.11928855167127028
21,0.1694878730567174,0.3466438062239811,0.01013162212171986,0.003473993729437694,0.47026270486814387
22,0.3943927121231607,0.41278679072963864,0.006286339176176657,0.006633256241628364,0.1799009017293957
23,0.16075621985442398,0.22614635948796494,0.0019145050368157047,0.001864505087406942,0.6093184105333884
24,0.07504943865559133,0.21305766200218906,0.006397571346629041,0.0023528975922938993,0.7031424304032966
25,0.014951102078116776,0.007422166208739194,0.00012855060686754283,0.0013257579681802678,0.9761724231380962
26,0.03794380375945102,0.011493852242294697,0.00025864957419629024,0.000949461918817348,0.9493542325052406
27,0.031101900035289315,0.008573597737032488,9.888261778272315e-05,0.0007453512310216454,0.9594802683788738
28,0.13308938151842112,0.0803264169155201,0.000349200532032891,0.0030791156811192685,0.7831558853529066
29,0.2395324866416801,0.2283222932947899,0.0006240521340561657,0.007141790287438844,0.524379377642035
30,0.061615124092258694,0.03564260869213941,0.0003107785530229649,0.00952265987203571,0.8929088287905433
31,0.0989548657143221,0.1313247985398155,0.0012350418811637926,0.02329711508609764,0.7451881787786009
32,0.05436917863587525,0.31392119802333474,0.0070754801531043654,0.002553330699350901,0.6220808124883348
33,0.12470809410150514,0.5504720007469613,0.0040410791263124106,0.012074030616870292,0.3087047954083509
34,0.11201735474495635,0.34937771274111723,0.0028221446513420406,0.011888351035681045,0.5238944368269034
35,0.08040921186971656,0.8390499413485104,0.007140281104494225,0.0025674159384407934,0.0708331497388383
36,0.04467147170369231,0.8743137492117025,0.020145574891240928,0.001871650554142696,0.05899755363922165
37,0.08153790519617184,0.748541921070884,0.022980767427418555,0.001647899012844983,0.1452915072926806
38,0.10861288786656856,0.7564428923393484,0.02855965958932963,0.0011276760711273937,0.10525688413362609
39,0.2679689962000242,0.6629845931285924,0.018060811604190184,0.0009326250631619121,0.050052974004031324
40,0.13464983445096318,0.7799083990652413,0.03815330756279451,0.000855362953563495,0.0464330959674376
41,0.21224431639467028,0.6911135181671381,0.021188401210882533,0.002239074209215726,0.0732146900180934
42,0.10607404329279473,0.743828608217463,0.08408821798557566,0.0005873326501807066,0.0654217978539861
43,0.0608035819064981,0.8545631059234139,0.04620608184002144,0.0005624201553524024,0.03786481017471403
44,0.08531359346069006,0.8175021010328013,0.0681160344815021,0.000923091740723096,0.028145179284283325
45,0.10973756523074989,0.790018200307054,0.06904258436489967,0.0015823959733043372,0.029619254123992068
46,0.06251301771434722,0.833398539972579,0.08424322672688353,0.0005431249872359043,0.01930209059895448
47,0.0260842966175051,0.8343845952081561,0.09740330707673282,0.0005137942764139246,0.04161400682119187
48,0.0416204191636515,0.7775948918312772,0.13692192262227554,0.0010873245468855227,0.04277544183591038
49,0.03643905342308539,0.7724663358624396,0.15809279600079726,0.000921231893106499,0.03208058282057129
50,0.041026164429821134,0.856686611136572,0.07933066629323139,0.001301992138948834,0.021654566001426578
51,0.027332421383264246,0.9139526413830074,0.03909480322908995,0.0006302642650799173,0.01898986973955845
52,0.011594840932086783,0.8224222999599048,0.15203834809617756,0.000330756503975945,0.013613754507854986
53,0.029193708872221842,0.801026787191908,0.1399507401318751,0.0007335868251412617,0.029095176978853714
54,0.008154509074746068,0.6986199834967906,0.2617103763991882,0.00031118851119301815,0.031203942518082128
55,0.009434264026807386,0.8208439882050381,0.15274233735111586,0.000507248727226215,0.016472161689812283
56,0.006333482441222386,0.6013382927522062,0.3706354703092657,0.00020524876169215054,0.02148750573561367
57,0.06167604993036579,0.8281477388924635,0.05507294058596572,0.0023031488830977456,0.052800121708107266
58,0.01411307210329682,0.7295656928000703,0.17199514596448973,0.0004510148661552333,0.08387507426598793
59,0.15651405377800212,0.5729530669956945,0.01966656520144281,0.0024705432107895507,0.2483957708140711
60,0.021016463944596327,0.5439303303880105,0.05364046083553009,0.0009003361713594823,0.38051240866050345
61,0.04628104050679953,0.03782009227012013,0.0018992608490071344,0.0008994008268492301,0.9131002055472239
62,0.010000160587109121,0.0033486656129581636,4.205993586429257e-05,0.00010266463143703615,0.9865064492326313
63,0.03472524744060494,0.022825750245371642,0.0003259812946864685,0.00018581397359188916,0.941937207045745
64,0.0814234507793833,0.02636958696365845,0.00022562076609317945,0.0008030098851148109,0.8911783316057503
65,0.16708400730878636,0.10410164845828421,0.0009591565201632762,0.0011549681025726324,0.7267002196101935
66,0.10844905212095779,0.23256099195326116,0.005510790646102885,0.0016222757282046054,0.6518568895514736
67,0.09041775746362711,0.06958399644899313,0.00043737349251680974,0.011141781124384936,0.828419091470478
68,0.1289741681851941,0.1352124383744927,0.0007368138969067828,0.012403718454036572,0.7226728610893697
69,0.08652491700088183,0.7553121162112839,0.002004121041251678,0.0070098201154534905,0.14914902563112903
70,0.18232360380305276,0.6941544021655208,0.003098698525648791,0.01707670220874717,0.1033465932970304
71,0.11396661075570809,0.5574289678032058,0.002316216863190357,0.014333682929330852,0.3119545216485648
72,0.14919453929413581,0.287346953629466,0.0017240927792000656,0.004522123748094582,0.5572122905491035
73,0.13372492121612864,0.03702460414830202,0.0007909124303810175,0.0022725242985220328,0.8261870379066663
74,0.4456030743494832,0.10181971805653066,0.0004205633963491019,0.004167524795103841,0.4479891194025332
75,0.3334759598260986,0.44053464093695044,0.002954853731261802,0.0022576085170799834,0.2207769369886092
76,0.21162530254866604,0.18437273205392327,0.0009642148393789986,0.008637896110644963,0.5943998544473866
77,0.07829533213804594,0.8819215695556444,0.0023914102256027536,0.0017536572036887575,0.0356380308770182
78,0.036567799707571645,0.8903005032326502,0.033281232733606045,0.0010364770174285678,0.03881398730874365
79,0.05939412556512565,0.7588763711357297,0.05010580022927241,0.0013947457767589377,0.13022895729311332
80,0.15961939839010966,0.7654012302140433,0.024536402180640158,0.0027420603817667195,0.047700908833440185
81,0.04251581488451031,0.8626654008943507,0.07243668183913288,0.0024822710854565952,0.019899831296549497
82,0.01995576845421611,0.8720033054198316,0.07666966492333582,0.0007391801855640932,0.03063208101705246
83,0.01793316248799278,0.8531604087871019,0.1146881243568611,0.0005807465341947924,0.013637557833849486
84,0.030468070294283167,0.7514453919000031,0.17909178857185545,0.0011024676176016846,0.037892281616256476
85,0.024284653620286225,0.8482513935755015,0.1094291549930852,0.0006560533861903032,0.017378744424936518
86,0.032141647987399644,0.7489015802237668,0.2042907969414636,0.0005438623032137016,0.014122112544156363
87,0.02862566036163446,0.8133272304948788,0.1294224374641745,0.000544489392644374,0.028080182286667997
88,0.02421447177956128,0.8246038771683579,0.12068207376259919,0.0019499002576961564,0.0285496770317854
89,0.02275979000220593,0.8066344608947279,0.15457804879152456,0.000948998147502038,0.015078702164039594
90,0.025081507847529796,0.6947809061596425,0.2660343238337503,0.0010232483117013874,0.013080013847375994
91,0.03283894643267776,0.793366243750156,0.1491839467479011,0.004253429374872211,0.020357433694392944
92,0.015091408545518447,0.7726844758376766,0.19428354049870727,0.0006326132087249564,0.017307961909372796
93,0.015597863200048008,0.7120174133263819,0.2502165468698496,0.0006771326890336781,0.021491043914687067
94,0.05214784757571062,0.7149751865884031,0.20221194741421333,0.002489637212691544,0.028175381208981533
95,0.00966438142225117,0.46660964271931554,0.5144436501373171,0.00021464151168251857,0.009067684209433564
96,0.02285736021549933,0.7883817389439637,0.17542043005714503,0.0006649029652814577,0.012675567818110339
97,0.009888153511377461,0.697535238743188,0.27395664082377064,0.0004496170292625295,0.01817034989240115
98,0.007958369453462236,0.5242306517424496,0.45296712983921816,0.00012730125459583743,0.014716547710274152
99,0.019566267565259157,0.7064506786520524,0.24825582017513664,0.00023267683893738494,0.02549455676861449
100,0.008260999522170248,0.6800788052576705,0.29912153381772094,0.00022031035829471937,0.012318351044143578
101,0.0030535192667457034,0.6667293662358443,0.31529257429694457,0.0010093370503569932,0.013915203150108304
102,0.006582090525603119,0.5201058488313853,0.4329082591075179,0.0010337075785182895,0.03937009395697536
103,0.013402671149652786,0.2795916097610915,0.6944157816567137,0.0013406954057880482,0.011249242026753918
104,0.014582859962392388,0.5178820729170039,0.42778107323143133,0.0013119347342408895,0.03844205915493146
105,0.0166349672882344,0.7686172730104948,0.20209279758918294,0.0009413942914947944,0.011713567820592928
106,0.019812392863986207,0.6832158910954733,0.28091994979198065,0.0012688087309996742,0.014782957517559972
107,0.01815740067388511,0.8542949886687298,0.11121528791669451,0.0014922649828703358,0.014840057757820239
108,0.004809335962723551,0.4849656405819914,0.5011770919221183,0.000360864536966138,0.008687066996200634
109,0.019508176107643573,0.4792334792521172,0.48919786728324377,0.001303516894147732,0.010756960462847966
110,0.0072240355136393205,0.5040937308571679,0.48264951309388066,0.0007522778522121482,0.005280442683100142
111,0.005365917494489031,0.7193775698168451,0.2676870618821493,0.0007057525560741591,0.0068636982504422525
112,0.021743652125578376,0.6491989760430901,0.30971798619505725,0.0018111702295769585,0.017528215406697464
113,0.009788698362313105,0.6964017708324529,0.281765561836766,0.0009106816599186987,0.011133287308549372
114,0.005341409346715931,0.6554773181820334,0.329899234150804,0.0006430655033283666,0.008638972817118496
115,0.0033252750311496566,0.5188538840574018,0.47134778329450583,0.0001853902926610445,0.006287667324281674
116,0.002133055903650056,0.4698274110699078,0.5089147638205965,0.0007198621069905108,0.01840490709885507
117,0.06008463424767466,0.37110290961742987,0.5315144626871073,0.0023944067234590856,0.034903586724329014
118,0.010811641313580502,0.6707797587684305,0.30240381206431144,0.0011954003482580154,0.014809387505419462
119,0.017933866530790717,0.7427547286569259,0.20522621504861724,0.0013819178408687083,0.032703271922797164
120,0.021970220249560732,0.5676850752319613,0.3948172417910654,0.0007174137090447703,0.014810049018367757
121,0.009562569440765044,0.6411923719010846,0.33738744209198795,0.0011244447361263424,0.01073317183003605
122,0.00982695609444705,0.6816437429679902,0.2960241917601096,0.0018106610729789262,0.010694448104474306
123,0.005779581786742312,0.4229923415105921,0.5603784624183263,0.000757706238156595,0.010091908046182655
124,0.003413675287505594,0.4713806316548034,0.5160718500629339,0.0008974247823338622,0.008236418212423385
125,0.0070382863759265715,0.4490075194127625,0.5347187619448713,0.0008487106769607972,0.008386721589478762
126,0.015494190621799105,0.7325378020484881,0.2388208589507124,0.0012848411891346336,0.011862307189865648
127,0.01562714512910636,0.6644562671611892,0.3060761197367566,0.001108076690659543,0.012732391282288416
128,0.0053188034517751585,0.5299983316671761,0.45869493195930944,0.0009232784971151882,0.005064654424624017
129,0.0036438480607618945,0.47498079436198726,0.5146953132287616,0.0006764319392969376,0.006003612409192248
130,0.010204946125257864,0.6117001838285632,0.354948529100307,0.0012802829430158516,0.021866058002856063
131,0.009014361786367657,0.6280961276695491,0.3440560641747358,0.0011606293918260179,0.01767281697752134
132,0.008559354861537225,0.7471343610820522,0.226050557307386,0.0030277818341258216,0.015227944914898574
133,0.00412860462135189,0.6056796374784228,0.34375927152560565,0.0018773338127762683,0.0445551525618433
134,0.007437041976952273,0.008264723267635605,0.004315345379242955,0.000883085070414507,0.9790998043057546
135,0.012284274679636373,0.006890772499728337,0.003628057159954048,0.0003743399260062803,0.976822555734675
136,0.09681902403625978,0.0224762345479018,0.00044370987485960726,0.005123352765292398,0.8751376787756864
137,0.05876738926362796,0.0032310270128823836,4.981161486553507e-05,0.00033028672635145294,0.9376214853822727
138,0.015432258632599963,0.0026799505357398214,0.00011682109357123523,9.949433200252632e-05,0.9816714754060863
139,0.0007007876186702461,0.0006305821643542481,0.005431697775665195,0.0001135561628802503,0.9931233762784301
140,0.04426509485936445,0.010246147188203223,0.0004081222303715584,0.0007579224344776287,0.9443227132875831
141,0.056450082706727356,0.010419975176447556,0.0003879359218101029,0.005406459654481405,0.9273355465405335
142,0.046430239086980234,0.02826907484117493,0.0018653235980949337,0.008140969165009665,0.9152943933087402
143,0.04490489226560488,0.03676382153278266,0.0010009062699348728,0.13500444450867757,0.7823259354230001
144,0.04539003557351898,0.10133956064131087,0.0024183959227661203,0.08242079593463804,0.7684312119277659
145,0.10957829598568915,0.18360740471105413,0.0015357700791656724,0.18151334045382356,0.5237651887702675
146,0.03285386886251731,0.011964788666664424,0.00020126153684552279,0.019555892076072383,0.9354241888579005
147,0.12531883197585147,0.05759925453681701,0.0007983745435085706,0.08763643802768767,0.7286471009161354
148,0.17932563956991143,0.01670414554307683,0.00042583574900473796,0.12000124238334657,0.6835431367546604
149,0.2015794463559075,0.06494557133074506,0.0012035124493030664,0.274323945816192,0.45794752404785244
150,0.0994642712830571,0.08558530113753644,0.0011594739172922882,0.09958869298509047,0.7142022606770237
151,0.07644292966202257,0.031037828428414505,0.0005554824815615617,0.05648394803154322,0.8354798113964581
152,0.008542440400736989,0.005781548416995732,0.007105343185724828,0.0011056717936301507,0.9774649962029122
153,0.06581474340969053,0.09275668446719659,0.0011092723587647838,0.007723602477976128,0.8325956972863721
154,0.032836829726744995,0.02741745569556331,0.0004732385620605208,0.004515874351945914,0.9347566016636853
155,0.17859026706591788,0.1367554202440973,0.0010868429140923424,0.015242019690210403,0.668325450085682
156,0.20266422946155327,0.32716325620651027,0.00208025715846978,0.023962984638468833,0.44412927253499784
157,0.24503985278886772,0.33153068158279597,0.0020024037768105094,0.025706603508388867,0.39572045834313685
158,0.26849356567160776,0.5766091733002147,0.001904651677861726,0.02208133519549957,0.13091127415481635
159,0.2284430038887467,0.6944964384881707,0.0018725839121337534,0.00803139476668319,0.06715657894426552
160,0.18254551115507134,0.7000289200238055,0.002372382049104288,0.009838843745055162,0.10521434302696371
161,0.1396452805500651,0.8164356495486813,0.008701720328992453,0.009928549249315964,0.025288800322945094
162,0.17197041927735363,0.780480674910375,0.00958558528103754,0.010218213946805832,0.027745106584427935
163,0.06264069978805692,0.9087490316786663,0.009891027266696854,0.0070993020874854035,0.011619939179094676
164,0.03804970944420845,0.9229508775368896,0.013742894870048695,0.003722520593068951,0.021533997555784216
165,0.03700653771848693,0.9343641241263685,0.0156060028978218,0.004248505792556686,0.008774829464766147
166,0.019028971473030985,0.9331748369823205,0.037747347729036956,0.0026054735004328628,0.007443370315178736
167,0.010549654432639267,0.9341728962755238,0.046684514109572965,0.0018168924872452952,0.0067760426950188085
168,0.18636229742415342,0.7580910651503524,0.01640442145850569,0.013362928836910138,0.025779287130078397
169,0.01590398388377334,0.9445102326838817,0.029640342206213033,0.0017345854081394082,0.008210855817992463
170,0.03588074265955121,0.9175935324360717,0.02183653189300049,0.001069621582413717,0.023619571428962847
171,0.018155599680315652,0.9311982106401061,0.04150065725031868,0.0007814723519512462,0.008364060077308309
172,0.012019951669608443,0.8281147010326315,0.14896762425357166,0.001885060012659448,0.009012663031528778
173,0.07342666004065353,0.8337550277375662,0.04430084661919174,0.008954101517943841,0.039563364084644774
174,0.06570340940072676,0.8669841248424648,0.04351982376515968,0.002992820537864459,0.02079982145378421
175,0.027149769513022545,0.8996035912946058,0.05985745019061989,0.0019769276993777535,0.011412261302373964
176,0.01731345990573375,0.9045727508222166,0.057713246149525124,0.001848574312658613,0.01855196880986606
177,0.021415584301642757,0.8800217153785183,0.0669925999598353,0.005428565758264958,0.02614153460173866
178,0.04996101628382334,0.8684257344170767,0.025595827973143748,0.0021442602148956267,0.05387316111106068
179,0.031035596571574633,0.021366153920848088,0.0008730399350915058,0.000767975046497409,0.9459572345259883
180,0.16657977485345257,0.5792452386228629,0.012443232279181732,0.00717280553456791,0.23455894870993485
181,0.1923001858019116,0.5528584628313497,0.005617469903226601,0.002924926916035046,0.246298954547477
182,0.2940214929061575,0.566912628067819,0.017368542719514928,0.003879292179899678,0.1178180441266091
183,0.032293576930195494,0.20113947489673076,0.013696200157926209,0.0014276158502529003,0.7514431321648947
184,0.14991773969256642,0.2658084328866998,0.0022617055485971297,0.004919431981490768,0.5770926898906459
185,0.6247022034183103,0.2235177837758977,0.002465649464731209,0.039884180056138904,0.10943018328492178
186,0.1801774077456146,0.7547126039709533,0.003744408711049402,0.007425312604330269,0.05394026696805224
187,0.16102731620005728,0.7952438798940559,0.0013247489645195525,0.008053633320800191,0.034350421620567145
188,0.03396256312376021,0.9326403569335829,0.013702927680974376,0.002980781075646198,0.0167133711860364
189,0.1071831758555709,0.8260256060690763,0.008157434217858625,0.008473054398150276,0.050160729459343835
190,0.04544757318168366,0.9349630768512708,0.006982505350829464,0.004190295990373056,0.008416548625842974
191,0.32110462453452326,0.5118857505215124,0.004558933891507307,0.014087508678935635,0.14836318237352142
192,0.06183955433444805,0.9118655759957008,0.0033532458475699282,0.0024732484205928517,0.02046837540168834
193,0.38824238746799544,0.4946007995750535,0.0035186264855162513,0.0047843081261360896,0.10885387834529883
194,0.6729036227474278,0.22928335333257674,0.01429610433276177,0.004972305361257225,0.07854461422597647
195,0.370791552476832,0.5253482359007068,0.008391579104097394,0.008546976858131087,0.08692165566023284
196,0.3987422112954874,0.5382902216821046,0.004537200202441966,0.01044688421937466,0.04798348260059125
197,0.09295216338470079,0.8469669145063425,0.015809180156680386,0.0014838219778685756,0.04278791997440751
198,0.031945513970047426,0.9416184881667846,0.020165116285862792,0.001053378037385833,0.005217503539919225
199,0.015173802951030341,0.9218415987738428,0.049931666443475874,0.0009026734661321226,0.012150258365518975
200,0.009593726843081232,0.8921137614155594,0.07276773734705241,0.0011899289176562895,0.024334845476650754
201,0.05915387571635712,0.8704961152959386,0.03677642504052403,0.00597374781877329,0.027599836128406958
202,0.13799000649646126,0.7766840852903202,0.024193821526269168,0.009755624639212533,0.05137646204773696
203,0.05754287056970882,0.9134354284632668,0.01575198963394664,0.003367420681914633,0.00990229065116324
204,0.009393819624767577,0.9365580492570695,0.04251773725219828,0.0009124456076809117,0.010617948258283492
205,0.03485258404261572,0.9367604775702475,0.020461085962844648,0.001508721400611931,0.0064171310236799915
206,0.010184316264886889,0.9203984239042521,0.06019332689146076,0.0016771539864717556,0.007546778952928418
207,0.013114670458338001,0.9074043816735521,0.06493203354023482,0.0016762869992633489,0.012872627328611644
208,0.005998400233618414,0.9346533077207592,0.04941796690968375,0.002613678895007415,0.007316646240931169
209,0.00852314656499793,0.9109984939399106,0.06796259066112455,0.002905387159128907,0.009610381674838183
210,0.007396918729889639,0.7854116871505117,0.18748920034145178,0.0037473988159022974,0.015954794962244823
211,0.0113571764895454,0.9142654683832093,0.05547839962013043,0.010418999492627522,0.008479956014487018
212,0.009737394962891223,0.8343563527200515,0.13766095484130958,0.011172772224291593,0.007072525251456227
213,0.03938291162033764,0.47165586299082507,0.20678560683108485,0.01805391890129829,0.26412169965645416
214,0.13585172304984583,0.44935512707810493,0.009658687359785069,0.143397604714434,0.2617368577978301
215,0.008776930504551101,0.041099891858035524,0.005943096179030535,0.004153985645801236,0.9400260958125817
216,0.004991075562804204,0.02639985056614474,0.0007846746844845296,0.0010905526193038366,0.9667338465672627
217,0.07404831122661376,0.09289859303314837,0.0012466177300272977,0.026124372608771335,0.8056821054014391
218,0.07735734614397063,0.07309213309459767,0.0009642964281334883,0.00841423678113232,0.8401719875521658
219,0.1941473906670944,0.07493924568000845,0.0006716180778583388,0.007938780264119403,0.7223029653109194
220,0.28085223207576404,0.1720715622716298,0.00047245341155662435,0.018828251253139135,0.5277755009879104
221,0.12349686131261166,0.08034648151372353,0.0005318713006266081,0.01599355439213205,0.7796312314809062
222,0.006986400675591621,0.015054404066947016,0.0035988054761579833,0.0010886888973498515,0.9732717008839534
223,0.02069469643619988,0.08994061705598923,0.003061937485230718,0.013456340661251717,0.8728464083613284
224,0.0615319517932814,0.01281754758106082,0.00021616990381370085,0.059259938032330844,0.8661743926895132
225,0.013645175883594658,0.04763646498615223,0.004295293106700295,0.018008681012999204,0.9164143850105537
226,0.04424395367167079,0.06807624582797356,0.0008829638940033162,0.05557848590295778,0.8312183507033946
227,0.004845599864192106,0.018872140381134467,0.0005238488863217045,0.004057500682692244,0.9717009101856594
228,0.019452065627277904,0.006593683516896333,0.0003630015091184786,0.011167914893731775,0.9624233344529756
229,0.07631030003602791,0.016397198518460856,0.00034057371886874913,0.011128497191563695,0.8958234305350787
230,0.019726672283732774,0.02298729169865319,0.00025270757812395,0.003016666598758261,0.9540166618407319
231,0.002562013853425618,0.003623353120132229,0.0002773957531835466,0.00015985335412832216,0.9933773839191302
232,0.023341611322045624,0.004710340224956075,6.052602465004174e-05,0.0027382070273297985,0.9691493154010185
233,0.33087520834805645,0.04759982680838008,0.01217532385830139,0.0005636541655057087,0.6087859868197565
234,0.003434482566638867,0.0061837949563573694,0.0006875279234024698,0.0016028559446508578,0.9880913386089505
235,0.0073410621666586216,0.0686218755870881,0.0014825585429914198,0.017346031741241007,0.9052084719620208
236,0.0012426603292228766,0.02823176808876225,0.004961807251830053,0.002804190899137782,0.962759573431047
237,0.0027013993580438313,0.01147536184177366,0.0002938286053242767,0.0018957108315311218,0.9836336993633272
238,0.0030910281695258135,0.006898819762878531,0.00020894255112988497,0.0010082511247128678,0.9887929583917529
239,0.0041474833343779875,0.005626138419038312,0.00018813117713217237,0.0014841098627082529,0.9885541372067432
240,0.002340450728240842,0.00581115019284983,8.635606983947957e-05,0.0006386597224021729,0.9911233832866677
241,0.0017154170445950623,0.004425272162320279,7.03471430520538e-05,0.0004709326454211667,0.9933180310046114
242,0.0014026026656907963,0.0038614990395701107,4.481159764829504e-05,0.00024063005826951384,0.9944504566388213
243,0.01508030027074626,0.0106864966577646,6.068828122556039e-06,0.0009913628890797649,0.9732357713542867
244,0.07203296449808556,0.012602623203468754,0.0005434295836713333,0.0035165486372380015,0.9113044340775364
245,0.10374968161228022,0.010363775172316115,0.0005862050105245527,0.0035148664131871713,0.881785471791692
246,0.14203148717156439,0.012947006927366613,7.567861279757499e-05,0.0021638466372493528,0.842781980651022
247,0.04915694274697247,0.017172216924234616,4.5581237665881844e-05,0.02088822608905561,0.9127370330020715
248,0.1685204432444231,0.03834330046789851,6.684264534917816e-05,0.04083067533171483,0.7522387383106143
249,0.11355944023231833,0.05157521614400723,0.0004743318393480011,0.09827982486270175,0.7361111869216248
250,0.017211088001479614,0.07356956414863887,0.0017772369057580304,0.018683880817636795,0.8887582301264867
251,0.009795649191237831,0.019701605454983097,0.00020774767772152488,0.015954614744471764,0.9543403829315857
252,0.01179542936374322,0.01826744159857836,0.00043715248133023755,0.015125895269497567,0.9543740812868505
253,0.009912865242330045,0.01857948733425138,0.0003518841222686528,0.01544236349887056,0.9557133998022793
254,0.19951855752412004,0.10419927200418028,0.0022952278408118775,0.043076177039202454,0.6509107655916855
255,0.047375034390158687,0.038681819621118135,0.0008382097649570192,0.018584941710329254,0.8945199945134369
256,0.018533073675433238,0.020549824035154707,0.00046955353263385325,0.06545413132308926,0.894993417433689
257,0.040283953543050845,0.03972406741600241,0.0006410445031244892,0.12482588900231305,0.7945250455355093
258,0.042726408709148775,0.035022383901559935,0.0002216826794615122,0.1206911607145999,0.8013383639952298
259,0.05143637155727777,0.03495196299479303,0.00020457734640138889,0.1321738665477105,0.7812332215538174
260,0.10845571566518,0.06642923904510507,0.0002485232810008777,0.22426174340186156,0.6006047786068526
261,0.08221241509638445,0.06819356621559801,0.00019808186538646937,0.5337005337911116,0.3156954030315194
262,0.09415323596072704,0.07315846048348165,0.0002349190634901747,0.34253998045541734,0.4899134040368838
263,0.03456516814944048,0.08417146104289325,0.00039120805017509795,0.5194672000861391,0.3614049626713521
264,0.06248718832102849,0.09412084414031796,0.0003700784301742908,0.4341527874746793,0.4088691016337999
265,0.028937431090369295,0.0974096454776527,0.00034184599479465547,0.4788548615057996,0.39445621593138375
266,0.06219011768176891,0.14324821479810265,0.0008075233694129231,0.5372480368363789,0.2565061073143366
267,0.07927986731472675,0.10646142808656457,0.00043651580306179366,0.5538400319331336,0.2599821568625133
268,0.1837509389862491,0.0900188967797223,0.00013171109949708113,0.34619416694109645,0.3799042861934351
269,0.12118101547910061,0.1854195989935291,6.859107027304789e-05,0.5956224547504874,0.09770833970660982
270,0.0833999606518727,0.04431665473547404,5.877701028468601e-05,0.7949626276933098,0.07726197990905871
271,0.03566733141939726,0.027317593174153016,2.5758105682507067e-05,0.9068710333434556,0.03011828395731141
272,0.04407754482837224,0.055268518464449225,5.723520335135498e-05,0.8737883216482906,0.026808379855536687
273,0.04058031617278109,0.03977718904455643,2.0907663854672624e-05,0.9036523415382445,0.015969245580563368
274,0.06369593726960897,0.038783289461060536,7.788303762947271e-05,0.8774844544103751,0.019958435821326042
275,0.051246429129774396,0.12384076044444844,9.027396513668e-05,0.7853074419427788,0.03951509451786154
276,0.05717086034374416,0.027474937668792075,2.6958676225455343e-05,0.8676522997230439,0.04767494358819449
277,0.0462352299507244,0.19562606382093464,0.00047269959804178334,0.656739229377826,0.10092677725247326
278,0.09035381729603251,0.05036407718551032,0.00037876675797120674,0.6449544273102038,0.21394891145028208
279,0.08612274961648984,0.18515283518181405,0.0005124592965940047,0.43710298597856684,0.2911089699265353
280,0.09166354143024041,0.05701236922845894,0.0004928867243888796,0.5846058914843212,0.2662253111325907
281,0.024442877065157916,0.06682381249814853,0.0020388415881088754,0.05913584163987268,0.847558627208712
282,0.05188920100458578,0.018423983362472765,0.0007559970774170473,0.10165090677153431,0.8272799117839902
283,0.1373235561860056,0.026475763946690826,0.0008789669670271329,0.09341923351854899,0.7419024793817275
284,0.12011049424354901,0.02689984983686392,0.00038704149149988384,0.03237678491694476,0.8202258295111423
285,0.1608722340772096,0.325198814888082,0.0004402627700422695,0.05847688871892127,0.45501179954574483
286,0.18511894543520407,0.09761787169202162,0.0007546856228891379,0.0738182114539038,0.6426902857959814
287,0.15386911887039262,0.09607745568954161,0.0007100034266130182,0.13841348194269093,0.6109299400707617
288,0.1169682258445861,0.05144914461182369,0.00017280846800639358,0.20620105959835755,0.6252087614772263
289,0.3330257041808777,0.04533039206836556,0.0005594609470996158,0.23677039925014082,0.38431404355351634
290,0.39647070053520406,0.1655225806440779,0.00010927907725235577,0.3097300851299132,0.12816735461355253
291,0.19036414972633364,0.13484052399859245,6.984665502277478e-05,0.5857856899708702,0.08893978964918095
292,0.15667012914734127,0.039253442969469636,0.0001352843309930418,0.6177321176797553,0.18620902587244073
293,0.08657695861542868,0.10646125580105173,3.2311541126650266e-05,0.6507825052042311,0.15614696883816193
294,0.09411803083633498,0.2395002216554153,7.705071473175378e-05,0.5593046477485355,0.10700004904498248
295,0.08279244960106173,0.09052754380510532,4.3385698889096036e-05,0.7767309467475952,0.04990567414734875
296,0.09283170697701068,0.11346579217001067,0.0003293479206678784,0.5124845535378256,0.2808885993944852
297,0.21897523187969828,0.05391953729338167,0.0003570109577282379,0.292415756054439,0.4343324638147528
298,0.1611360427076765,0.032525341094903695,9.718867066503987e-05,0.3989124703707696,0.4073289571559851
299,0.23912644025825752,0.16141675065748304,0.00010790183330581852,0.4465015050423735,0.15284740220858006
300,0.22442284099927834,0.12050462612795822,0.00024695882328941193,0.27791725314476357,0.3769083209047105
301,0.11146946894646385,0.10714863319926475,0.00023474811120157842,0.572382128231077,0.20876502151199275
302,0.19774496956388873,0.20508929346655141,0.0002570186576270524,0.28659253337406,0.31031618493787283
303,0.15910070257396464,0.3330118117101498,0.00014408537349077679,0.20888933005827562,0.2988540702841192
304,0.1598462148605051,0.3581346968416212,0.00011531686248770673,0.36686666442314464,0.11503710701224147
305,0.14202797357433727,0.2449560508803675,0.0002855491087104588,0.13154187720506305,0.4811885492315218
306,0.12426840353270026,0.7535806857528068,0.00016224977246509056,0.0699799799021096,0.05200868103991839
307,0.2585444485483976,0.45472264065720913,0.0003161964637085076,0.08191917834449021,0.2044975359861946
308,0.1156091949786022,0.7667813399961496,0.00024239905118947325,0.03912823161194325,0.0782388343621154
309,0.1125913735753382,0.5846268313761609,0.000637918664596384,0.16929461030648638,0.13284926607741815
310,0.10100219305774794,0.672720871319602,0.0007610741486159737,0.10795311738918273,0.11756274408485139
311,0.13798088549020615,0.5795761341464761,0.000509236561935656,0.17967160937656346,0.10226213442481857
312,0.08575863755242835,0.8128709000912621,0.004082334003933749,0.03916309772508494,0.058125030627291
313,0.08031896705233223,0.6615590677273187,0.002808950514922121,0.03315156569567255,0.22216144900975435
314,0.0957072753342243,0.732336881044465,0.0028174343280221153,0.04073872617532231,0.12839968311796635
315,0.07150091717240681,0.5566340625763688,0.0030687515724300988,0.008784283873195069,0.36001198480559915
316,0.08342258357230214,0.7575923151424498,0.009379576132185593,0.013175124767956053,0.13643040038510632
317,0.06435249617602216,0.8628427224829816,0.004262951317596137,0.009769195875986233,0.058772634147413946
318,0.11314140775024087,0.8298589887600035,0.002243782349914022,0.02779823858965102,0.02695758255019049
319,0.07000833369915421,0.8854908700120543,0.003405092815404748,0.008561533955768717,0.03253416951761816
320,0.048738280333207595,0.91043426553704,0.008921262531273996,0.005943136051094536,0.02596305554738401
321,0.05341885583150946,0.8703416456951529,0.008994019828014066,0.004629904517091117,0.06261557412823258
322,0.07670332931874398,0.7458029196755871,0.02177001267203169,0.010624238032555309,0.1450995003010819
323,0.03228991225095357,0.8830032643068161,0.048304526057087356,0.007997777271627612,0.02840452011351546
324,0.17204137465484207,0.7232332766679311,0.008227483377522727,0.028803624264343543,0.06769424103536058
325,0.20369577104210046,0.6784508163134495,0.010389186853123102,0.034648799955983745,0.07281542583534323
326,0.014577950832590055,0.9664467188209681,0.013214091569120507,0.0019670556945629958,0.003794183082758374
327,0.015911771236112062,0.9565974075104552,0.017081169234175294,0.0030890237935650012,0.007320628225692519
328,0.041389576875887193,0.9366234964529743,0.008829398019114502,0.004751891308741927,0.008405637343282008
329,0.0261059212016863,0.832534664531368,0.044996109181551995,0.005948168523608452,0.09041513656178532
330,0.05234050710736959,0.8577147965099897,0.034217215786596825,0.012817232039869172,0.04291024855617467
331,0.09938631492727935,0.836385468778106,0.02430996892881099,0.013745567789337838,0.026172679576465768
332,0.011984877814695661,0.9180573785182131,0.050082482721529875,0.005487386740620382,0.014387874204940813
333,0.026899797324037092,0.8835649839086751,0.03800849131943544,0.01178483328511898,0.039741894162733285
334,0.04822707162231104,0.6687371505442772,0.042987200592431524,0.009460948037139644,0.23058762920384054
335,0.36013114220292836,0.45822892436414325,0.007793845926906352,0.06676378382254178,0.10708230368348026
336,0.1867437975327366,0.543952620677518,0.00673805580680516,0.015618815535047573,0.24694671044789276
337,0.1185392866997748,0.6491535461517298,0.008298395765589616,0.012102014583443503,0.21190675679946233
338,0.0440842276197277,0.8718123200242319,0.01228297291597973,0.008498636093169505,0.06332184334689125
339,0.09601481966983264,0.51280735449654,0.009243944182087068,0.029235399927748942,0.3526984817237912
340,0.04304486847560347,0.7136679077633692,0.01979037085383073,0.04508052630641116,0.17841632660078527
341,0.020734470248330805,0.28478891953763635,0.027261599733876707,0.004247152592674538,0.6629678578874816
342,0.001867658755316195,0.010041734820890911,0.002181078481980829,0.0007443767574532755,0.9851651511843587
343,0.012514746516493687,0.025369638164947812,0.001292054361777526,0.0014577455547590812,0.9593658154020218
344,0.009393683430231628,0.03206669359031853,0.0004733319365800231,0.0009999537740276031,0.9570663372688422
345,0.10227998380957211,0.03603085856116741,0.00039076448418370966,0.004154112114385427,0.8571442810306914
346,0.23295091636583382,0.06997703490978321,0.00045029429378374934,0.03997434770614975,0.6566474067244495
347,0.14208218491295582,0.043411672598623614,0.0002619499661910027,0.02157349655702742,0.7926706959652022
348,0.25715237235884697,0.15052809418267363,0.0011652318664746903,0.22393151804652603,0.36722278354547866
349,0.2774488141654024,0.060193767993313906,0.00014710215060071671,0.5038024925310223,0.15840782315966068
350,0.2599127748682127,0.13858365014542595,0.0003910449800438344,0.511012665650306,0.09009986435601153
351,0.21186441338085066,0.1139813637043422,0.00023352875050671587,0.49648914447519343,0.1774315496891071
352,0.16573599436978828,0.26607750168460975,0.0001604355081363367,0.5264114085271082,0.04161465991035742
353,0.03784481426839495,0.8009575016083504,0.0008502399246640384,0.14860942738704697,0.011738016811543496
354,0.18975699221183667,0.29042353798303683,0.0011235516686312881,0.26706940742680124,0.2516265107096939
355,0.04010691398673912,0.8524875881458661,0.00045595713419538175,0.06832949797398664,0.03862004275921276
356,0.18036158879379882,0.5260224682323854,0.0006068795315967579,0.13067191196213684,0.16233715148008204
357,0.033918242484729334,0.921752627532859,0.0006438896695638212,0.031073987660388363,0.012611252652459385
358,0.06857070708794653,0.7846564951485391,0.0010166260540865402,0.10540893184216724,0.04034723986726066
359,0.07286417151805208,0.8738468111593809,0.0017035256248074371,0.034632255823393285,0.016953235874366222
360,0.023635498054066385,0.9409180674011032,0.004494527157108274,0.025158703895610195,0.005793203492111751
361,0.12090926498665032,0.7414648417292228,0.006462201164188645,0.05558255779798616,0.07558113432195193
362,0.09637110108697727,0.8127393036521047,0.005650694222710857,0.031061463886012008,0.05417743715219529
363,0.1732312494948133,0.6918192701818171,0.0032786135334465917,0.10010790043127406,0.031562966358648935
364,0.09157344607624825,0.8614598022627374,0.0012667246763211494,0.036057364921973506,0.009642662062719546
365,0.07231812443446767,0.8854342686726951,0.004529879296302128,0.022396134423841346,0.015321593172693779
366,0.023240317158340906,0.9203025417627801,0.023406437513562653,0.01358003398013619,0.019470669585180452
367,0.15961036021825123,0.6851761237788128,0.0033333453976909086,0.12034088540699968,0.03153928519824536
368,0.025434737156521163,0.9121533423777405,0.014900468057872198,0.023355488648624034,0.02415596375924224
369,0.3140969320392929,0.4266315674299693,0.004319338462672672,0.17750806691334117,0.07744409515472382
370,0.03757557749284584,0.927357563127018,0.006822742285254829,0.015547620736846892,0.012696496358034402
371,0.05567445192279655,0.9026667839142832,0.00752203022278007,0.0183790691942393,0.015757664745900842
372,0.3431852357183289,0.44800089361720996,0.0017175857668789152,0.12907573441544387,0.07802055048213842
373,0.11371648618759775,0.7852867951728036,0.0037258769965878365,0.03320916243506339,0.06406167920794734
374,0.08269983464393861,0.8705990801429602,0.0015913610147782911,0.017698352524594375,0.02741137167372839
375,0.06147976084339333,0.9060843917664938,0.004104855716730284,0.013440508731592925,0.014890482941789882
376,0.049463757580491305,0.9223201759391707,0.005059345003226085,0.009033892925569848,0.01412282855154222
377,0.021884421421473232,0.945660748954791,0.01204975367645211,0.006174158123664412,0.014230917823619115
378,0.018814477502964957,0.9422334348339543,0.013662097177224374,0.013092513567137226,0.012197476918718893
