epoch,N1,N2,N3,R,W
0,0.000560124890142993,9.130640140050516e-05,3.300387577353326e-06,3.850746267241117e-05,0.9993067608582067
1,0.000794184438802285,0.00011327642867924414,1.7163279879390724e-06,2.391498228416681e-05,0.9990669078222463
2,0.0016200439110179347,0.00021438954878922134,2.0117122717425937e-06,3.464431008139675e-05,0.9981289105178396
3,0.0005469665538466455,0.00022441369409802693,3.1624800012533137e-06,0.000889026431578719,0.9983364308404754
4,0.0006828593955344782,0.001528364423711929,1.0122443784052196e-06,0.0007517309009856694,0.9970360330353895
5,0.0009568005849539886,0.00030481737960025724,3.984603411670651e-06,4.78308101487063e-05,0.9986865666218855
6,0.0033746598841889164,0.0007971682608546906,1.1909745493913204e-05,7.559602581560455e-05,0.9957406660836469
7,0.0018654976020801488,0.0010543883173644005,3.374083870592537e-05,0.0002608674236469482,0.9967855058182026
8,0.003407889247900236,0.002210853342386459,4.875801853965418e-05,0.00029781729336046095,0.9940346820978131
9,0.016424822052560826,0.0029010757734032546,4.851164600168573e-05,0.0002747399238402836,0.980350850604194
10,0.022996144479477707,0.0036177729264543134,4.211245180887413e-05,0.0002990296446584763,0.9730449404976007
11,0.0014081211934147573,0.0008775033564963061,8.464398091922888e-06,0.00015072197777478582,0.9975551890742222
12,0.005594629957031292,0.001683881317699145,4.545203740970976e-05,0.0002797464640068489,0.9923962902238531
13,0.014209785774201556,0.004234407490851946,4.279919288478249e-05,0.00031053410734443565,0.9812024734347172
14,0.01811639347490557,0.0031206880748730647,9.591080865807921e-05,0.00034333073151984154,0.9783236769100434
15,0.001098822088856801,0.001748381658807278,5.324374423611617e-05,0.00013690407472223708,0.9969626484333775
16,0.0031984322058287652,0.001930742446640443,2.8229730929475342e-05,0.00020915630506943217,0.9946334393115318
17,0.005247257271652509,0.0035451049416620195,2.3578565993925315e-05,0.0004214954630440969,0.9907625637576475
18,0.018791843254608455,0.015231977038441234,0.00029099933770239,0.0014001094190523007,0.9642850709501957
19,0.0008925755128505163,0.00047897657260023306,2.2718318910397278e-05,0.00013323858277994408,0.998472491012859
20,0.003160974083346944,0.001127858432060049,4.076340349748463e-06,0.00020532093067897897,0.9955017702135643
21,0.007279657049080145,0.002836477086945979,2.3852955915407063e-05,0.0002483623364326618,0.9896116505716258
22,0.011541464420736431,0.0027365442954779087,4.860275698011648e-05,0.0002066425909812621,0.9854667459358242
23,0.05706326154493528,0.010754655806421444,3.872528125303892e-05,0.0004232476907061229,0.9317201096766842
24,0.032423416048990086,0.02742591336741256,0.00013774867734836187,0.0016224418738806743,0.9383904800323682
25,0.03693758095561252,0.009807374928685891,7.03737745066341e-05,0.0005703906814929614,0.9526142796597021
26,0.1481197792366587,0.10397510032927618,0.0006559871509973204,0.0056141963655458775,0.7416349369175219
27,0.015480040530432426,0.004781202982689954,3.0169775576405794e-05,0.0018209539530755616,0.9778876327582258
28,0.21055233374337365,0.03656160823901717,0.0001377281921196486,0.0012934176321064128,0.7514549121933831
29,0.17100594054503038,0.06852135438611186,0.0003041740046966954,0.002574813469775807,0.7575937175943852
30,0.2498351920926343,0.07356533356282806,0.00021348161124779767,0.0013034587691938908,0.675082533964096
31,0.03884560791330168,0.16453607772953438,0.0019849407755373936,0.0023846776184797288,0.7922486959631468
32,0.01626009825578726,0.009328719805417189,8.740092983373254e-05,0.0009069731460088302,0.9734168078629529
33,0.06411969054838129,0.38263504797686854,0.0008251742643529457,0.00908361911414432,0.5433364680962528
34,0.001974110804568317,0.0038803535390562103,4.9183636638097234e-05,0.0010816137812929899,0.9930147382384443
35,0.000962592020909895,0.0006452209766477943,1.3419651898058518e-05,0.0003449811339604241,0.9980337862165839
36,0.006303585808265409,0.0014700178905299663,2.4143778729525497e-05,0.00037868392740021814,0.9918235685950748
37,0.023573650759998354,0.01315137367749512,5.865778158985963e-05,0.0005317768931062927,0.9626845408878103
38,0.0627411575497401,0.03352354172290122,6.458862596057343e-05,0.0003997851299754342,0.9032709269714225
39,0.07544065151912974,0.07679425794194458,0.0004046770571751435,0.0013353679468190687,0.8460250455349314
40,0.09018982223866422,0.2370675375883938,0.0010288733452560512,0.002932893645072198,0.6687808731826137
41,0.054191612744988696,0.026125767301325903,0.00013317699043089944,0.0011046113458659868,0.9184448316173885
42,0.05042666084368347,0.7120393049866457,0.003549875684184923,0.0017435244173233486,0.23224063406816242
43,0.03957855868888358,0.07247175709791723,0.0005412662580238251,0.0010443378311980338,0.8863640801239774
44,0.11437404463696313,0.44715279279223885,0.0010896186390130038,0.0018259316438590028,0.43555761228792594
45,0.01099760342142357,0.017803408926858718,0.0003955270531599655,0.00023030541592401676,0.9705731551826338
46,0.14515829122900914,0.6228667658955621,0.0018582904726087855,0.0020863500506645015,0.22803030235215557
47,0.010854572701750713,0.020211863654537907,0.0002113973316968498,0.00028101188745667847,0.9684411544245578
48,0.03544908356915453,0.021780984635557776,0.00039096808836608333,0.00038919587475549726,0.941989767832166
49,0.22207362067036218,0.21363794230913238,0.0008602321264105483,0.005083491982343044,0.5583447129117518
50,0.3570516348239161,0.2884519244433425,0.0021048407334399704,0.003537209827592222,0.3488543901717092
51,0.3046012584347698,0.5735307359655576,0.0008223280108656581,0.007153897755156467,0.11389177983365047
52,0.025961066172421724,0.8873155217835392,0.015053126296774735,0.0011719663110309154,0.07049831943623351
53,0.00941120616088498,0.024900911547101227,0.0030436593277472714,0.0002759521846502241,0.9623682707796163
54,0.10735004775099402,0.016775252486643452,4.767218156929949e-05,0.0016957089803945479,0.8741313186003986
55,0.13014360670000896,0.1173872383968478,0.00016123234671427218,0.0032972163356293142,0.7490107062207997
56,0.21797482760792505,0.02507222417487723,4.137139753430008e-05,0.0008129943423693423,0.7560985824772941
57,0.27445854166457917,0.2637400261448478,0.00025580489104875566,0.015066778733505317,0.44647884856601894
58,0.1289704038042488,0.13870093041765932,0.0003049371822080227,0.007667185681573825,0.7243565429143101
59,0.01435597546524934,0.0058737468618714345,2.2568797316429237e-05,0.001433319878935591,0.9783143889966273
60,0.04083589459740718,0.05578911243776322,0.0003519479704648269,0.0022593775622721172,0.9007636674320927
61,0.03913454405063628,0.007770141970497267,2.0161931288111215e-05,0.0005632709612834254,0.9525118810862948
62,0.07334209417236692,0.005484898893090098,1.122031922663409e-05,0.000531358804644965,0.9206304278106714
63,0.01759623150150833,0.019743515071649412,8.493594810876279e-05,0.00032210913188451666,0.962253208346849
64,0.046199983905505206,0.007061519770102081,1.711083397234496e-05,0.00021372230981673703,0.9465076631806038
65,0.26842729509340457,0.16657624289581857,0.0002734734364980491,0.00449428129316571,0.5602287072811131
66,0.047631473305699126,0.07422762084111646,0.00038723111818027257,0.0005265598570169853,0.8772271148779871
67,0.2381462083338463,0.22155984100945314,0.0009196077729632002,0.0009125874610703532,0.5384617554226669
68,0.21789492107541908,0.5818571057612673,0.004339764413136061,0.004739006426367624,0.19116920232380985
69,0.421578989716381,0.47299836527292227,0.001626617118703888,0.004192416172767553,0.09960361171922524
70,0.10386209827516733,0.8718806280233845,0.0034692319743654517,0.001550005948325122,0.019238035778757465
71,0.0603645015489168,0.9190054951833235,0.005939522115086885,0.0015813222349834776,0.013109158917689176
72,0.044257089430454866,0.9328383037955458,0.0029757793208556333,0.0009750518408549225,0.018953775612288788
73,0.05529902231030661,0.8920551000654655,0.01590811561189702,0.0029265331532468786,0.033811228859083824
74,0.08851584598068557,0.8365433854297254,0.011289747173898149,0.005088050688498118,0.05856297072719267
75,0.10602118420495941,0.8328151465635241,0.026157699383051673,0.0026122373719085715,0.032393732476556296
76,0.06344999311841867,0.8308841527121293,0.05336372823133494,0.0017891730512401296,0.05051295288687673
77,0.14288028513420817,0.6802432794709674,0.012933577456898321,0.00649899398316831,0.15744386395475773
78,0.03013307354364697,0.011773577914089685,0.0003126087327186389,0.001096442999646657,0.9566842968098981
79,0.1793176383934018,0.1657306679116261,0.00028428761524196435,0.005929540406261687,0.6487378656734685
80,0.06743223295178087,0.8598630956854866,0.0013888228578182347,0.0010149227558925724,0.07030092574902172
81,0.010315890633162211,0.009537831846890468,0.00034651362528744667,0.00012347688330876377,0.979676287011351
82,0.25802085216233644,0.1238063832262934,0.00023347587779421825,0.00490529192609045,0.6130339968074854
83,0.04808514176225979,0.05975219711551202,0.005706442573229359,0.0009387132539949585,0.885517505295004
84,0.021527610177149957,0.004188274172700636,0.0001707027754680092,0.0003721462973747737,0.9737412665773066
85,0.07230219198943613,0.0776200973372337,0.001862297998459129,0.0029388958748411504,0.8452765168000299
86,0.012786643451794092,0.00366585138604302,0.0001850850832892334,0.0003036491622710987,0.9830587709166024
87,0.05345749690034924,0.020717196415581358,0.00015381812925310758,0.000888585819534706,0.9247829027352815
88,0.009977294888286723,0.0067657289629059125,0.000506332192619618,0.0002786414209230983,0.9824720025352647
89,0.017960790338208216,0.003584166625034901,4.8851274376586986e-05,0.00011685998859895636,0.9782893317737814
90,0.22626970630567328,0.10426536444091326,0.000490943243625803,0.0010366226332392163,0.6679373633765485
91,0.6687268976877603,0.10354289144271586,0.00019844925832501552,0.0013135735371906157,0.2262181880740082
92,0.7193036518542415,0.1536972143085707,0.00017200872815629215,0.002603060467905561,0.12422406464112586
93,0.13334106961896505,0.8197441027957636,0.0021551415035385674,0.0035371527970538973,0.04122253328467884
94,0.496670101222898,0.39641946930862726,0.00034555805981225805,0.023114910243425452,0.08344996116523694
95,0.04702467988078281,0.941271702351249,0.0007809654499291497,0.005344914289178662,0.005577738028860345
96,0.17200787320755187,0.7941789047913815,0.0018829933312468888,0.00619997527009698,0.02573025339972266
97,0.19251020402117963,0.7854748347816263,0.0017361902759496597,0.007843593170124875,0.012435177751119712
98,0.08024452011494239,0.901281213226993,0.003883220642441732,0.0042448294944701604,0.010346216521152526
99,0.07733956696875634,0.9074548440781676,0.002505662170230873,0.0053589616873980835,0.007340965095447172
100,0.08016388971443338,0.9010512605084908,0.011481607178656273,0.0009121622883178365,0.006391080310101861
101,0.06691264985599504,0.9092115119569516,0.010962198734254549,0.0015226357032776814,0.01139100374952099
102,0.011823041626619362,0.9780016607912334,0.005386971422270163,0.0005724076863854518,0.004215918473491471
103,0.009860804858602948,0.9098433652969647,0.07319862431139745,0.0008596870816371085,0.006237518451397865
104,0.022411694269326148,0.9263507081530293,0.042472288072067016,0.0021922632977665517,0.006573046207810747
105,0.06058129848670205,0.8920267017402826,0.010988615752361115,0.015639190334259454,0.020764193686394802
106,0.08945649472704932,0.8259589209190509,0.06448998676865754,0.006534390736189963,0.013560206849052313
107,0.07675543908590915,0.07647318610011819,0.0022145352854154995,0.004926325283323598,0.8396305142452336
108,0.28672380543025106,0.5629486374044623,0.0020194886009362086,0.0113414478679741,0.13696662069637633
109,0.1329210926415532,0.1804298536750283,0.020213009305678924,0.0025674743989077234,0.6638685699788319
110,0.6719374288446107,0.1226389012667128,0.00030069006123673616,0.0032042797067603408,0.20191870012067936
111,0.19363357337721276,0.7516624078044285,0.0008445673072228011,0.008287806249085617,0.04557164526205031
112,0.14369634896010303,0.38715886873803046,0.003901838426095453,0.009866019822396902,0.45537692405337415
113,0.31026494308045216,0.37262713538108794,0.0010285780575076415,0.023283764915638362,0.2927955785653138
114,0.12407435874365713,0.7394626615718489,0.003948576639171803,0.01014823869819145,0.12236616434713056
115,0.13389812201437157,0.29312458971267585,0.0004942031305995259,0.01080393538258393,0.5616791497597692
116,0.1685040793672107,0.6443606642702829,0.0033883470254475537,0.025555913849485298,0.15819099548757348
117,0.0017394543672481359,0.009930680467409444,0.0038015981597266557,0.000670318964019565,0.9838579480415963
118,0.005921077212631119,0.0012988544150308167,1.7926206511413256e-05,0.0004901458131736817,0.992271996352653
119,0.004460582670263353,0.0008485525186362596,6.899808573402459e-06,0.0004192411979640825,0.994264723804563
120,0.014646213536247465,0.005223817760847289,3.676406989922446e-05,0.0003101403899420411,0.9797830642430639
121,0.19892907847665653,0.05726020602523555,0.00024726283538917043,0.0021702713367766483,0.7413931813259421
122,0.07138131508510234,0.03383549704648117,0.00018568131081016177,0.0015679264855781249,0.8930295800720283
123,0.28141943434684524,0.41023284663624393,0.0023247853241358148,0.013200203787013918,0.29282272990576114
124,0.19657887356189577,0.4397904980400919,0.001894584217741124,0.009015926440314617,0.3527201177399566
125,0.36756788655264866,0.49139996040252043,0.000967329009388119,0.029170544007705298,0.11089428002773745
126,0.043109849939903584,0.9347943511489185,0.0032387384582416457,0.004654827054569805,0.014202233398366326
127,0.09998760466595848,0.8390965055741115,0.026584931892468338,0.005098852223480279,0.02923210564398121
128,0.24389946922336386,0.6775370814901674,0.005780358332610252,0.01515424242234786,0.0576288485315104
129,0.04606191696768792,0.9155317312786975,0.028009923103174267,0.002489155172661934,0.007907273477778289
130,0.06553876114191735,0.8880856370963552,0.022721607558514153,0.0019497601537890375,0.021704234049424117
131,0.1306752394924179,0.8189134758579346,0.00794101125102745,0.015542186506943384,0.02692808689167671
132,0.039729919703616064,0.9214689912152152,0.028485545999651814,0.004074019307051534,0.006241523774465251
133,0.12373626948335528,0.730986924273916,0.018442917380024525,0.021180910237422,0.10565297862528227
134,0.04336338070115509,0.93745143504355,0.010438821090083341,0.00151343754737954,0.007232925617832087
135,0.10265547427713032,0.8622625454516576,0.01258915345986581,0.004762022578089199,0.017730804233257107
136,0.04483256876621956,0.8948393664677132,0.040695569115116216,0.001176983324118389,0.018455512326832544
137,0.029009752342175642,0.950109037258601,0.011306783007744278,0.0025654402466289794,0.007008987144850128
138,0.1879466711797451,0.780800735597652,0.014148616407569595,0.0037830217788246186,0.013320955036208715
139,0.024031278575178894,0.9623870048296507,0.011112782694035058,0.0003524983970813948,0.002116435504053975
140,0.010319111145544464,0.9738797738097115,0.012931222914585908,0.0003308770803209902,0.0025390150498374865
141,0.059603763207482556,0.874786327248148,0.05833444542187175,0.0008252844797430718,0.0064501796427546935
142,0.15197625591226493,0.810955631733842,0.02097424992500568,0.006625396740885462,0.009468465688001927
143,0.00885165532205641,0.8903657285619757,0.0956236644704157,0.0002798943468320249,0.004879057298719953
144,0.1046540962924641,0.848533430100908,0.02708243120748278,0.0013252775755229229,0.018404764823622168
145,0.02193706241130267,0.9185695951595365,0.0513215970544371,0.0005136824359924219,0.007658062938731143
146,0.03703096701395686,0.9135841917096412,0.04028616776497772,0.00042573876624647116,0.008672934745177711
147,0.04664383786097176,0.8994796557038787,0.037537845877625695,0.0007715801635332402,0.015567080393990336
148,0.050051236058299316,0.9190971503354264,0.023976580210708618,0.0017642695463201674,0.0051107638492456225
149,0.03878524746107922,0.9324952115963555,0.023853761952335677,0.0011442433550095832,0.003721535635220091
150,0.10137708184458465,0.8639870509942499,0.014838525934274817,0.006445227917592179,0.013352113309298273
151,0.16060412915279793,0.5943028088601698,0.15677078841207445,0.013162054373993147,0.07516021920096462
152,0.22425965482520477,0.6606725965248728,0.003455303245334951,0.03918590340322557,0.07242654200136214
153,0.08923796841992378,0.8084952808592173,0.02050743873573913,0.011992992509012835,0.06976631947610694
154,0.2692665167343845,0.5139039801069976,0.008872661491850975,0.12100051325779235,0.08695632840897469
155,0.22952231059566366,0.4920894386702505,0.003978180036646676,0.18565501853552469,0.0887550521619143
156,0.18106042254894508,0.3414821747564579,0.001740527955305901,0.2618895771759818,0.21382729756330926
157,0.11026890338797231,0.6742386269693517,0.0018047952377664427,0.09688798796441675,0.11679968644049288
158,0.28049108334211414,0.2479441172163458,0.00026339878035994434,0.3404768981155945,0.13082450254558572
159,0.18628571813561323,0.05917574484215439,9.760334085594253e-05,0.23543297687612671,0.5190079568052498
160,0.24140094358594327,0.13610193132299356,6.887591525393816e-05,0.10517759997278447,0.5172506492030248
161,0.21535995876286917,0.2845014370236055,0.00019217955433988883,0.15120703441769495,0.34873939024149053
162,0.23976982523193777,0.21909626493097803,0.00016895682960760538,0.08987513242541328,0.4510898205820633
163,0.2373260273187488,0.13401998715024074,7.185682795523327e-05,0.48777779586843845,0.14080433283461685
164,0.09460426954013025,0.1607335595045338,6.222179177551886e-05,0.13809142417861098,0.6065085249849496
165,0.06241277423985948,0.029366590867927422,4.8712749897335326e-05,0.20533659024521497,0.7028353318971008
166,0.16120344784220697,0.07678794708505736,1.7198563533581978e-05,0.3917199859243661,0.3702714205848361
167,0.09924755421031796,0.14249926338889102,7.108618720158765e-05,0.16039072942782445,0.597791366785765
168,0.26362623279759945,0.029137086892166843,1.5020589993205014e-05,0.46967377085340545,0.23754788886683495
169,0.12560628331731027,0.041639513014811856,6.070717572261317e-05,0.2436238881972957,0.5890696082948595
170,0.12774683144772778,0.014570727726610918,1.926086666315924e-05,0.49560689647495293,0.3620562834840452
171,0.1299610399819751,0.046848475744605315,4.44052593685857e-05,0.649412632206519,0.1737334468075321
172,0.07958498373629333,0.009890366979863011,1.971310416964246e-05,0.7002057305592432,0.21029920562043083
173,0.053641947672990443,0.009062469856031492,1.8283802241507665e-05,0.7696423325561697,0.1676349661125668
174,0.016231676981522575,0.004441649217587215,9.69701342114611e-06,0.14799572095844263,0.8313212558290265
175,0.07175805100925108,0.019001509531912462,6.251762738893558e-06,0.5440518365985543,0.36518235109754316
176,0.1450697782254313,0.018227493259877336,2.9840599105281958e-05,0.5395647838819767,0.29710810403360943
177,0.1404332364808685,0.006233294077334848,9.561010440574837e-06,0.624462912159784,0.22886099627157214
178,0.02250140937767622,0.006270024643168977,9.522247304930393e-06,0.13961021307493673,0.831608830656913
179,0.12203811256592902,0.009488564160361212,5.572988716445616e-06,0.42898958615800925,0.43947816412698415
180,0.17907045463987842,0.012597639254555808,7.928717907208215e-06,0.6191015125420556,0.18922246484560304
181,0.05530132373711365,0.011998509821007608,8.861903178994925e-06,0.5827381804657903,0.34995312407290946
182,0.13726701404722008,0.0110990695111457,7.404990976443687e-06,0.3656945734344687,0.4859319380161891
183,0.032619601838526316,0.006328916444520094,1.4337086680031056e-05,0.22311676459726035,0.7379203800330131
184,0.03900892775763832,0.006923907896807549,1.7367505320005784e-05,0.5787945497127517,0.37525524712748237
185,0.1204282886664121,0.00619130006398661,5.414729655412409e-06,0.6616848814298717,0.21169011511007424
186,0.09053672684363497,0.006205943594791138,3.953976266813663e-06,0.5025419127209596,0.40071146286434756
187,0.05711359649289994,0.012589804033633972,1.8572457456984668e-05,0.5690950401256779,0.36118298689033124
188,0.1497771920427907,0.016996951881548792,1.5458865186194118e-05,0.2824730752945879,0.5507373219158864
189,0.2770580105381683,0.014962299599063573,2.5576698729162546e-05,0.25854896587777626,0.44940514728626274
190,0.15976294697194296,0.020387848446361736,0.0002338816218040114,0.46184466022947124,0.3577706627304201
191,0.0902122911219619,0.04108175629560457,2.4640539374644108e-05,0.21884230803352972,0.6498390040095292
192,0.21495463541813117,0.03964335486950204,2.7871515180787416e-05,0.4754666781356843,0.26990746006150174
193,0.08194753162342625,0.017129577800419057,1.6972947969985932e-05,0.3915315690161298,0.5093743486120549
194,0.17871041193686335,0.012242309725852692,3.995258973265731e-05,0.36770120040374416,0.44130612534380703
195,0.0792211991901218,0.009412048310688552,1.6686152602312218e-05,0.557730692924773,0.3536193734218145
196,0.08747922426322652,0.01676042206104303,0.000256060129216543,0.6542126042716102,0.2412916892749038
197,0.047836115029901635,0.02728499548591165,5.3665236278986674e-05,0.7017918046573323,0.2230334195905754
198,0.1056295249922653,0.0162843122345514,2.5053708284699587e-05,0.7273496628698869,0.1507114461950117
199,0.0379968231668431,0.01729775685930708,5.287959848337934e-05,0.663139563875732,0.28151297649963436
200,0.17517132665838014,0.018495512308660797,1.537373837804041e-05,0.4363273685924618,0.3699904187021193
201,0.22258376270126545,0.007784196414417177,7.982108627418103e-06,0.33038876507959,0.4392352936961
202,0.09416354590559504,0.026179448535694694,5.041026262339269e-06,0.1466443030948782,0.7330076614375697
203,0.1106137029514557,0.0237341100616473,7.060545499250976e-06,0.2879385024178392,0.5777066240235585
204,0.24640609168770167,0.030517849605067024,0.0003523938638860454,0.5059114085743603,0.21681225626898493
205,0.23101060955997346,0.020737477576273006,8.76720306289514e-06,0.4564727663310722,0.2917703793296185
206,0.2590969650359812,0.06557484319078936,4.436491745537035e-05,0.5492692868967403,0.1260145399590339
207,0.13722154486513355,0.056084995915121685,5.414832796463776e-05,0.5007278072575652,0.305911503634215
208,0.08409583918009667,0.03579908043125541,1.7023016659208422e-05,0.6258297111134722,0.25425834625851657
209,0.19234452449890463,0.01844888706828145,3.684569857482244e-05,0.4948410400553429,0.29432870267889627
210,0.27549333642784335,0.0733298994104363,4.803700500217209e-05,0.49405158744011984,0.15707713971659817
211,0.06701000765403387,0.016265797188007865,7.663863716814891e-05,0.20580302314843557,0.7108445333723545
212,0.25943900910961415,0.024104267916374798,1.9950110376238928e-05,0.3254531396440995,0.39098363321953533
213,0.158555982910121,0.017959739060259623,1.778935078503635e-05,0.498011037442258,0.32545545123657643
214,0.05633157591253239,0.02307628844661766,5.431131250367961e-05,0.17592446643993354,0.7446133578884127
215,0.2738405652835356,0.04251488432468852,1.925353966243308e-05,0.49680383250419263,0.18682146434792074
216,0.1848776109511304,0.07584649247076168,4.1022595818760914e-05,0.6566973383885334,0.08253753559375569
217,0.0875787395055711,0.07257872168250007,2.2397829051193577e-05,0.6817617342018717,0.15805840678100602
218,0.05381497903274301,0.03946334184296318,2.5710700261078754e-05,0.7107134319501609,0.19598253647387187
219,0.08936317708845354,0.044148498240304014,2.2879889119301956e-05,0.7229858810082973,0.1434795637738258
220,0.06928197547582333,0.026298808452573232,1.7721790396283937e-05,0.8151780171249503,0.08922347715625706
221,0.056628621808686774,0.01756712408507808,2.1225085256904585e-05,0.660497652247223,0.2652853767737552
222,0.07518528444441851,0.056929688352445065,1.5154462545153207e-05,0.6932559514350145,0.17461392130557676
223,0.08666841202787366,0.037869116049503014,2.1237014380395048e-05,0.726123940462067,0.14931729444617595
224,0.0711955265873486,0.03573143669126641,2.116711771446689e-05,0.7997708608010136,0.09328100880265697
225,0.05300096643807742,0.05467473481053193,1.9640361690861443e-05,0.822270996989683,0.07003366140001674
226,0.07653659949924459,0.03563435231501992,1.9389554460586012e-05,0.7523038190651181,0.13550583956615692
227,0.06616367072686088,0.039289653206319254,3.324666985457122e-05,0.8455684530431137,0.048944976353851734
228,0.1373188904851886,0.03784037158943828,5.232826256303081e-05,0.5324888241395315,0.2922995855232785
229,0.17174785010452967,0.03276662471835805,8.317522818921534e-05,0.24096303557872428,0.5544393143701989
230,0.48295318266236376,0.058777776071812546,6.24225479684799e-05,0.34719551970548085,0.11101109901237435
231,0.42480494608780106,0.18985294749746742,0.00013865417018170823,0.22546339742499957,0.15974005481955014
232,0.18826780969578,0.20216825427000581,8.56239039299714e-05,0.5582858321113204,0.05119248001896381
233,0.06545533694598424,0.20423222546368539,0.0003514154221231052,0.6952334118955953,0.03472761027261195
234,0.15252913329051343,0.09776265424972767,0.0002469239274918932,0.5885316211903768,0.16092966734189015
235,0.06652214357614618,0.4470942903516541,0.00034087552277909424,0.4744362302174719,0.011606460331948846
236,0.15882456546476115,0.14713761414458976,0.00021604636735828123,0.6071846117167394,0.08663716230655129
237,0.3742845084633709,0.29159607393513964,6.955859380633197e-05,0.2547426614229872,0.07930719758469601
238,0.12236925478138236,0.5413117178976146,0.0005933750584652785,0.2958371005214236,0.03988855174111428
239,0.3437742574120181,0.3518521686990451,0.00014364816336587792,0.211921364723105,0.09230856100246597
240,0.19091148957759316,0.46478511122102517,0.0001424413411863235,0.23501620855972166,0.10914474930047356
241,0.24129280132301176,0.26327197674009156,0.0001719157972167425,0.22292022569274061,0.27234308044693933
242,0.124007215351378,0.6777861316790667,0.0004143054265693744,0.15382668382786227,0.043965663715123816
243,0.09431881115872742,0.6987382578582566,0.001348656818505378,0.17871056551063105,0.026883708653879467
244,0.27142733737005503,0.1963930721665556,0.00018797982478761102,0.1803772521486609,0.3516143584899408
245,0.23789117932470544,0.2164538817662141,0.0009665737014857749,0.4402523935139343,0.10443597169366037
246,0.2090140497333315,0.11335131662051501,0.000421265707271848,0.2300043404974705,0.44720902744141106
247,0.31326288610647424,0.38431216180706007,0.0008495936751973553,0.18440845418582655,0.11716690422544172
248,0.2388989309417327,0.46405349989006894,0.00036704472262768075,0.2622554204165252,0.034425104029045465
249,0.0423673818018126,0.8879710332799565,0.0015143638044889608,0.05545310136321333,0.01269411975052848
250,0.1458281907318864,0.7471256971291375,0.004906907981943088,0.07935570380708519,0.02278350034994788
251,0.0302974770337813,0.9232475851965919,0.0022037445145025912,0.03779036319155617,0.00646083006356808
252,0.17101768120405078,0.719143042797824,0.002072054004276473,0.09657808802011467,0.011189133973734043
253,0.10975497969977531,0.8218371412929139,0.0017391152156055387,0.059638457105405274,0.007030306686299998
254,0.23017051439147407,0.6763018473350659,0.001140161910938257,0.07376440144776336,0.018623074914758606
255,0.23478586733415616,0.6970688559742617,0.0009294586042286151,0.045478141936646455,0.02173767615070714
256,0.03545626068599905,0.951623188353411,0.004086027415270758,0.0045564423054020526,0.00427808123991712
257,0.2117963866601045,0.7510160824997223,0.001135977280734701,0.018865522683120875,0.017186030876317458
258,0.1481900224722287,0.8121851084510253,0.0009021694425108884,0.02364542768324151,0.015077271950993582
259,0.14634346998070402,0.8247072570784085,0.001088934168490304,0.01416110160973527,0.013699237162661861
260,0.23969024128911598,0.736487782311535,0.0011407693369859437,0.012438683449061707,0.010242523613301465
261,0.04043773701139767,0.9502811211536067,0.001525107032666725,0.004112313107972881,0.0036437216943559564
262,0.20515604272262158,0.6830477038611137,0.006657632127622639,0.007141838306733658,0.09799678298190849
263,0.16530325511973926,0.7985207708294498,0.0012612703723253148,0.010772992969648698,0.02414171070883689
264,0.019591910170435052,0.9737493928134516,0.002976377383737009,0.001598235252894655,0.0020840843794817827
265,0.08339687699053212,0.902196779364478,0.0023249311896391444,0.005727292126444256,0.006354120328906476
266,0.020644156983962717,0.9666616408916301,0.009439558730438651,0.0008399209020967227,0.0024147224918718963
267,0.005473866869946514,0.9520393581384488,0.039458050000544,0.0004577960167559885,0.0025709289743046327
268,0.12189934037864754,0.8238515732806265,0.036953574483828217,0.005223370544326924,0.012072141312570785
269,0.021850988420771832,0.9450469762855483,0.02963657617253752,0.001389061732623134,0.002076397388519297
270,0.035822061019069394,0.9203094759220766,0.03730430018951411,0.0025036595333419597,0.004060503335997796
271,0.03372402835797647,0.9066257362472925,0.054630674881237115,0.002025904388091973,0.0029936561254020476
272,0.032047220684400836,0.9410326836215692,0.023995501472642428,0.0007564374255337095,0.0021681567958539336
273,0.010742399427329788,0.9219633879560911,0.06564899237505722,0.0002817673697178473,0.001363452871804028
274,0.022727407530609735,0.9413188667536619,0.03378886911401945,0.0006123925785092377,0.0015524640231996461
275,0.009781558168683898,0.9417191821786534,0.04716805875412441,0.00026035184058874274,0.0010708490579494335
276,0.006609914616997855,0.9461417272461288,0.04615162546160469,0.00031257576372446236,0.0007841569115444633
277,0.005004309700417826,0.9225923067991584,0.07069289206654165,0.00047552672406376314,0.00123496470981827
278,0.011040659437019465,0.9258125382597266,0.05996295241630736,0.0012164754113545126,0.001967374475591864
279,0.0036517840302624296,0.7363119272344749,0.2580553220237654,0.0006175310667038722,0.0013634356447933334
280,0.020013985313107868,0.923780947144346,0.052253136777363804,0.0017704198770148978,0.0021815108881675775
281,0.026057380040427965,0.9226621717366327,0.048296919563750026,0.001618595522182079,0.0013649331370071763
282,0.004079315028008985,0.8689437462416577,0.1249946135502096,0.0004269324542409225,0.0015553927258827958
283,0.004889756936821448,0.8501012886510548,0.1431902637099802,0.000517343540049448,0.0013013471620942215
284,0.02205659561684817,0.9227905528518242,0.05077811209741635,0.002253222864686389,0.0021215165692247354
285,0.016220951406251547,0.9071957533701606,0.0705239322626162,0.002952122270149167,0.003107240690822679
286,0.0677553336935127,0.838726935780098,0.06111114544908375,0.012646992975419966,0.019759592101885624
287,0.0736084128425685,0.8959061462850341,0.013390551128587655,0.009140483318101127,0.007954406425708587
288,0.03244572295546065,0.9025664490906874,0.052203499323005886,0.007290931832887055,0.00549339679795902
289,0.1075003856622557,0.18119792826196907,0.026042454159471935,0.01182849810104833,0.673430733815255
290,0.04562239239960951,0.05976229778547724,0.0006328638504037796,0.005870191378387523,0.888112254586122
291,0.08355119294737894,0.07267956011052122,0.0005053139587106881,0.024732945826618676,0.8185309871567704
292,0.0389568939507851,0.04183934030345059,0.0001634923265171157,0.01177841772191473,0.9072618556973325
293,0.13717565782313929,0.0485831704003622,7.844825159019358e-05,0.01587439866004544,0.7982883248648629
294,0.2833844492719183,0.13129374241975397,0.002342548774037365,0.05777996249097539,0.5251992970433149
295,0.03973527428530651,0.044231604157692714,0.0011169662509584084,0.012605381595977802,0.9023107737100645
296,0.039957803851618665,0.05472360854110434,0.001605690114451704,0.013534042860007145,0.8901788546328181
297,0.08878812103767093,0.04275660017829474,0.0005693950348688692,0.012537567939583643,0.8553483158095819
298,0.21469420113902843,0.06878199281935055,0.0015263949486620458,0.021080163194905577,0.6939172478980534
299,0.07838911193607379,0.08532617344400081,0.00921707650368759,0.012582415423394666,0.8144852226928431
300,0.07994186503400325,0.028191634459143463,0.0005449132845015832,0.013348557074182043,0.8779730301481696
301,0.31330975327624705,0.2550851944228594,0.0011207587606420087,0.03450972442297593,0.3959745691172757
302,0.5685214048632875,0.13542888657797397,0.0003009200011595783,0.050162928918902325,0.2455858596386766
303,0.3263167460919032,0.2998329299537037,0.00043127596494255545,0.08825054844666436,0.2851684995427863
304,0.5852528042038341,0.1208972432480618,7.500825003257473e-05,0.20071727517968704,0.09305766911838458
305,0.32344490829796524,0.27453540757587025,0.0001438117615256945,0.38414696342223414,0.01772890894240471
306,0.12844975458817467,0.3077432693567218,0.00032214323673834133,0.5317791396175742,0.031705693200791064
307,0.14590099189833047,0.12909761667775982,0.000257198752254594,0.6756354321006972,0.04910876057095794
308,0.13601524754001879,0.17237512502526015,0.00026950693726009856,0.6621552616309554,0.029184858866505556
309,0.1538431632184745,0.3149218184715336,0.0008091038746585253,0.4755532436275198,0.05487267080781354
310,0.18973258925404107,0.4588111921688978,0.0007708076281450168,0.3127945333106935,0.03789087763822273
311,0.26341732650211497,0.3425240681315711,0.0005473478192258409,0.3632583679682139,0.030252889578874086
312,0.25063097842245297,0.4477665671031301,0.0007631928123610291,0.2785409337546319,0.022298327907423948
313,0.4710257816701124,0.35470548586600664,0.0006961900198381243,0.13833012835763478,0.035242414086408186
314,0.18796923371419075,0.754114274201834,0.000303460951915931,0.048888216449900095,0.008724814682159398
315,0.24366569497964363,0.6645684993763874,0.0018242199138376889,0.05647562831459339,0.033465957415537914
316,0.08569634408939769,0.8839320478242108,0.0020436635024683857,0.021143700057468785,0.0071842445264544245
317,0.1078409758182966,0.7358568827550458,0.0014582096278957003,0.09877656196042896,0.056067369838332916
318,0.2293433159212494,0.6359267674089776,0.002059507382208537,0.10231395966729662,0.030356449620267935
319,0.08892760146618509,0.8734487504903379,0.003467529614599556,0.028620894536480212,0.005535223892397351
320,0.08155033565541057,0.8840789108073057,0.0024566429599102513,0.02541830175511394,0.006495808822259282
321,0.03890047439899568,0.9401561082682846,0.005904823482090048,0.00906359556428416,0.005974998286345349
322,0.13666316014129942,0.8190658986882017,0.003966886949736712,0.029405766416572988,0.01089828780418928
323,0.14776661540903116,0.8280978854713515,0.004688450317595867,0.015502001609065494,0.003945047192956015
324,0.0950202203224334,0.8670909787385658,0.005304057357198546,0.025975620226022837,0.006609123355779314
325,0.062207530964032115,0.9195092960627572,0.006691740004320267,0.0038063510328869526,0.007785081936003591
326,0.03727611591474125,0.9492212034377984,0.005681892426948219,0.0040376779569093624,0.003783110263602778
327,0.04994591273993331,0.9314092765450325,0.0019815626173127474,0.011775300899642212,0.004887947198079191
328,0.1535948915908441,0.8195580496122326,0.004485910392325089,0.013059981169618306,0.009301167234980139
329,0.1904710130145125,0.7551070186505323,0.0028681902864961194,0.026200332179831705,0.02535344586862738
330,0.03025561808827965,0.9450102639638649,0.013104125660818717,0.0048355980645616945,0.0067943942224747665
331,0.17627015482642924,0.5592426993214573,0.006510705206504638,0.010281914375630804,0.2476945262699778
332,0.46507443116828306,0.10497801315108954,0.0023542749450652404,0.009073302490825214,0.4185199782447369
333,0.278171237314587,0.5285376383095804,0.0022851891821225995,0.0187123733544586,0.17229356183925146
334,0.2710062124262966,0.6550097719908939,0.0016475010052641752,0.012417513599888767,0.05991900097765672
335,0.38665157192556376,0.39266873329505325,0.0016510478368719202,0.10660409781565075,0.11242454912686052
336,0.05281639744380961,0.1234526448789123,0.0025109771554872404,0.006231100420072688,0.8149888801017181
337,0.19609809851727225,0.17134359520581263,0.012187606679858461,0.05083118636275139,0.5695395132343053
338,0.03756679862949658,0.13547387694433746,0.03825924598638117,0.004879106557186189,0.7838209718825986
339,0.03880391917569431,0.011052315239950218,0.006716652841768577,0.00642650206491053,0.9370006106776764
340,0.015730197563923364,0.008625940962317214,0.0013859918608100704,0.003424821410933655,0.9708330482020158
341,0.04461889235945323,0.025056868378864987,0.0025265429524009317,0.006829133938348619,0.9209685623709322
342,0.13582262993277006,0.015643172433247487,0.0009549784830002495,0.013127875656166,0.8344513434948161
343,0.030916039417019255,0.025051849550655935,0.0030007307079008725,0.027175647577668122,0.9138557327467557
344,0.20913451833516705,0.12989096025532756,0.0006021386759802767,0.05533335176573166,0.6050390309677934
345,0.02923926257843737,0.06753958302715848,0.007239789659240715,0.03220321316415749,0.863778151571006
346,0.06231356770926831,0.12828726552021202,0.00020348049663930224,0.028460582972995557,0.7807351033008848
347,0.1266320060796833,0.05318033592372265,7.013899711892864e-05,0.02731418143346497,0.7928033375660102
348,0.06757586104113483,0.04513729401078142,5.23295806086484e-05,0.01262396480136707,0.874610550566108
349,0.3647738104260369,0.23892118388804678,0.00018608483868254135,0.027676960735500578,0.36844196011173314
350,0.5423479126827094,0.32403381240801665,0.00012037348259829129,0.025009987517873457,0.10848791390880219
351,0.3198718188836557,0.40905224935274237,0.00023344095706306683,0.10296807130821911,0.16787441949831985
352,0.21400145192239403,0.4648592913927762,0.006006035749836553,0.09945399626101666,0.2156792246739765
353,0.17030403670141073,0.4405284871372572,0.008538855248670886,0.07988664425394269,0.3007419766587186
354,0.221437443554181,0.42718928411579116,0.0035150529368701217,0.1618977020696347,0.185960517323523
355,0.16799249000975222,0.12706163137916304,0.00020459434609918447,0.1396925804332812,0.5650487038317045
356,0.2329708425576298,0.4545566359499828,0.00033827236356092835,0.26582191178184883,0.04631233734697782
357,0.19628334081545987,0.32991697256119623,0.00042205394402965656,0.41858433875925116,0.054793293920063095
358,0.3086259270574877,0.2544509163458288,0.0003911064212639066,0.36019501144256394,0.0763370387328558
359,0.25849210431035474,0.2134362882272473,0.0007557351106200282,0.456090062069524,0.07122581028225376
360,0.28401946653614374,0.20208524356889995,0.000731630883993884,0.4731165985062814,0.04004706050468087
361,0.26630068487067127,0.3271502432315855,0.0013405922056818117,0.3361954727689655,0.06901300692309591
362,0.09523040129509461,0.7577645637445318,0.0019511238381115402,0.12632274486916395,0.01873116625309797
363,0.1342733055537702,0.5102979526777154,0.002577397805601237,0.3220704240648136,0.03078091989809958
364,0.21880883154483313,0.47013468393917524,0.0013096634110004103,0.25089200819104707,0.058854812913944225
365,0.09331905641725458,0.8243589129406594,0.003556804268977464,0.055270746831959754,0.0234944795411488
366,0.2770649564229738,0.5669122656029394,0.0013626678260308322,0.10909459759215366,0.04556551255590249
367,0.12302315090469894,0.7112364832601138,0.01262902835808283,0.09791769779102448,0.05519363968607998
368,0.2842630334056147,0.43411864942320855,0.000746104356305602,0.18131154822110065,0.09956066459377051
369,0.2557330658287635,0.6490613889666292,0.0005471985494589793,0.07972538763037977,0.014932959024768554
370,0.223397782563193,0.6865336032802606,0.0010943365081571186,0.062217029855487715,0.026757247792901614
371,0.15295545342881398,0.7589094698836094,0.001100258056245987,0.05315645278911085,0.03387836584221981
372,0.1294579506883286,0.7843482787456529,0.0012070141615001255,0.06524198804612123,0.0197447683583972
373,0.18356871843239989,0.5293241166283866,0.0020392050804022336,0.22585910519995553,0.059208854658855704
374,0.2529800986191818,0.5432104257162296,0.00047743124600771697,0.13190328822661324,0.07142875619196756
375,0.09003409086293829,0.8027469883202912,0.002920342282861669,0.08283080574384001,0.021467772790068708
376,0.28730197564892884,0.3841136655218568,0.0004489587692329081,0.07162127240389095,0.2565141276560904
