epoch,N1,N2,N3,R,W
0,0.0003278415502865819,9.80859602225619e-05,7.824483618896374e-06,1.2921522336935981e-05,0.999553326483535
1,0.00019648970887420965,8.410915864546707e-05,1.3649123674950775e-06,3.570862048890167e-05,0.999682327599624
2,0.0012353869913241395,0.0001156069579552695,2.062652342612031e-05,4.4577854790835225e-05,0.9985838016725036
3,0.002425877466024602,0.00035687864377797514,2.276082785218261e-05,0.00024582852865030015,0.9969486545336949
4,0.011179622629808799,0.0007035602130618597,3.580823667360847e-06,0.0004945294637552554,0.9876187068697068
5,0.06724222876789318,0.01467160068288272,3.2488330348299935e-05,0.0007364240799377717,0.9173172581389379
6,0.06136706602448679,0.23508905446345818,1.866200605515963e-05,0.0021732224366297886,0.7013519950693701
7,0.18253070713713085,0.006238569565675566,0.00023646213164993474,0.002512169408557637,0.808482091756986
8,0.10874263575748558,0.1754465146096773,4.414750210483912e-05,0.0038308694827487826,0.7119358326479834
9,0.17114996104470998,0.3639403812727457,6.359899314833951e-05,0.009766393562400583,0.4550796651269956
10,0.14129477864754839,0.42835354912938783,0.00018869056702949845,0.003227645776073037,0.4269353358799613
11,0.055514903969145976,0.16816060211013542,0.0002994903354593307,0.0054531063730771535,0.7705718972121821
12,0.1002223972980855,0.3298693766870706,0.00014134059189262923,0.006356198067631312,0.56341068735532
13,0.06831304133803928,0.11007552815446786,0.0005678645655276636,0.0019835665519954983,0.8190599993899698
14,0.024723528049966605,0.11697232102051214,0.0012938226772182396,0.0007395861887100559,0.8562707420635929
15,0.04610274242131958,0.05892505295230312,6.652874923874674e-05,0.0017799132553839385,0.8931257626217546
16,0.009754009473676908,0.20538265943437461,0.0016137541066207116,0.000643419513289296,0.7826061574720385
17,0.009891573783522274,0.17315200022775704,0.000685319924453196,0.000548647534703727,0.8157224585295638
18,0.02369482860095465,0.4624781313665487,0.000618573466325534,0.0012634507607931196,0.511945015805378
19,0.012632971260001126,0.4657045913991188,0.00856988786906475,0.001651922332177865,0.5114406271396374
20,0.006195118866008747,0.887311108792594,0.005011869904427649,0.0004809033464300979,0.10100099909053951
21,0.003935452813362364,0.7298704495855571,0.0016252951676341534,0.00023032366794845772,0.26433847876549804
22,0.024097224046906337,0.8805217697271578,0.0005710660249094641,0.0006080483615855799,0.09420189183944079
23,0.015668760518429484,0.9195082835082461,0.001303513733614526,0.0004629762858185495,0.06305646595389133
24,0.005441788609457869,0.9662621533684222,0.00354621334308952,0.0001346769839839048,0.02461516769504645
25,0.04581501426545458,0.8563186801366596,0.02732411474749798,0.00042342139985704824,0.07011876945053057
26,0.021383842308328606,0.9269375558047456,0.02081925873085304,0.00018259756835584402,0.03067674558771706
27,0.014005230480212997,0.9324841607701825,0.031250234235829524,0.00019067544664472716,0.02206969906713022
28,0.022626955039750617,0.8635528763055131,0.08298770493460238,0.00025790495744817786,0.03057455876268554
29,0.02689089755765226,0.9224620378442558,0.03501665029785804,0.00013006567962246045,0.015500348620611325
30,0.022203643966584773,0.8536092220249053,0.1123482004345788,9.295965430605105e-05,0.011745973919625152
31,0.016112061292403425,0.8150870943402585,0.1388658837599606,0.00012949186606951528,0.02980546874130787
32,0.009370649881312292,0.6064447097358147,0.37218712454445396,0.00018013790621000713,0.011817377932208984
33,0.005101609001913388,0.5846430463766811,0.39501833038660716,0.00015951686985426575,0.015077497364944074
34,0.004343852566474314,0.5694748281698095,0.41519544716378987,0.00015809936910499552,0.010827772730821276
35,0.004661791441678449,0.4665896686411776,0.519679035055886,0.00018035548455336398,0.00888914937670451
36,0.0024727561839620934,0.3890859589584485,0.5998603634525217,0.00020401328118546894,0.008376908123882188
37,0.002503189683120541,0.31727227101198135,0.6716815943371073,0.00023817050188790773,0.008304774465902864
38,0.0038864566358755887,0.3844153735246235,0.6027190437930666,0.00022290030908499474,0.008756225737349277
39,0.0024173671364543367,0.23888294436609583,0.7486899234211447,0.0002147959829654922,0.009794969093339585
40,0.002750213692156229,0.23344381547635903,0.7478588110521369,0.00041178492070977784,0.015535374858638033
41,0.04023185800298457,0.29508643428358483,0.1205752119447814,0.0019842705957768604,0.5421222251728725
42,0.10509244802993559,0.4205929744836893,0.25642208814087664,0.0017563025180429323,0.21613618682745567
43,0.27982315219191517,0.3439510490549306,0.048391159853002734,0.0010856637106380724,0.32674897518951346
44,0.18812386340004958,0.5991381359380854,0.16874845406019134,0.0002562238756751947,0.043733322725998496
45,0.043068194908873085,0.8071240654685808,0.11886885205147621,0.0002215713295487899,0.03071731624152089
46,0.0346995772216786,0.7160462652085462,0.22889606519437405,0.00025730640187142536,0.020100785973529656
47,0.011941530652403724,0.6329650703039345,0.3506979307277951,0.00015200063022416765,0.0042434676856427395
48,0.0036093487191051674,0.42909160329615875,0.5628992964848457,9.002820888606009e-05,0.004309723291004283
49,0.0012701088778342725,0.30394127161955575,0.6930388285427512,4.531617449589045e-05,0.001704474785362815
50,0.0007231986151899593,0.18596292314689866,0.8118528581196514,2.5809772543976774e-05,0.0014352103457159777
51,0.0002440449481469988,0.07306932185627636,0.9257150635874667,1.05977039661922e-05,0.0009609719041439048
52,0.00026522401572575375,0.06948505443238792,0.9292133917957122,8.903218735082634e-06,0.0010274265374390433
53,0.0005204381904905456,0.053175782203967334,0.9454550830898422,9.060097913942695e-06,0.0008396364177860167
54,0.00017449881239311397,0.011658678413789057,0.9876197573384984,6.202080981827356e-06,0.0005408633543375798
55,0.00014594273771524336,0.012987702848972662,0.986452908157514,3.582323045642278e-06,0.00040986393275241546
56,2.933311653743255e-05,0.0038884992860496936,0.9959139205261893,1.3116998472848289e-06,0.000166935371376239
57,3.1038045026333624e-05,0.004039445384095646,0.9957386254316288,9.516644004095876e-07,0.00018993947484905116
58,3.374143910575194e-05,0.0042094180448491204,0.9955244868690369,1.9498056482967585e-06,0.00023040384135993946
59,2.071940716239276e-05,0.0024025133369169416,0.9972764844961448,1.4359771497831124e-06,0.0002988467826262566
60,1.158712711225017e-05,0.0013421027363550325,0.99856210101569,5.016648771528693e-07,8.370745596535407e-05
61,9.721838298754426e-06,0.0013711296617425067,0.9984766330086794,5.864263280723966e-07,0.0001419290649512292
62,1.658104706846608e-05,0.0029944457199670986,0.9968392761220874,1.1821625528727857e-06,0.0001485149483241646
63,1.0311944704853238e-05,0.0019074057243721673,0.9979575090250764,1.1186057272558187e-06,0.00012365470011946377
64,8.065098573415423e-06,0.0008337848698250531,0.999049516182399,8.751773911778517e-07,0.00010775867181134605
65,8.227520990609875e-06,0.0009552523721585094,0.9989219920672566,1.0891271287639018e-06,0.00011343891246550922
66,1.2007120157177814e-05,0.0017704504490886493,0.9980734008138786,1.2531907978458345e-06,0.000142888426077847
67,8.182031148933897e-06,0.0007418395083696356,0.9991202374301908,7.971108511295495e-07,0.00012894391943946504
68,7.270350391233076e-06,0.0004989806528522705,0.9993993008961212,7.216442918158844e-07,9.372645634372545e-05
69,5.211535517014528e-06,0.0005470569165967581,0.9993775298604458,3.9736535212890724e-07,6.980432208827442e-05
70,1.0139000875674107e-05,0.0006666289177445949,0.999189198153434,7.085216805502225e-07,0.00013332540626535935
71,6.20120160648796e-06,0.0006087816955555194,0.9992554155218926,1.0331595804158487e-06,0.0001285684213647999
72,6.52159782930362e-06,0.00040735262314069956,0.9994634843848083,7.143667292388405e-07,0.0001219270274923284
73,1.0928556331622354e-05,0.0005500775965886945,0.9992164257095506,5.084273851552317e-07,0.00022205971014406582
74,7.1836027729982305e-06,0.0003600213377868553,0.9995319906309706,4.691811685197715e-07,0.0001003352473012469
75,1.0496756687267428e-05,0.0004888018327638664,0.9993735555117698,4.0969847161515803e-07,0.0001267362003074197
76,9.899934968847418e-06,0.0004684275533868797,0.9993483568328357,8.634694204939125e-07,0.00017245220938785414
77,1.6086573935901522e-05,0.0011234966744704496,0.998529461783721,8.936720572134441e-07,0.00033006129581526235
78,7.916397425585402e-06,0.0006993756256387288,0.9990834700921956,6.59638145157728e-07,0.0002085782465949957
79,7.376444087488821e-06,0.0005507758645499814,0.9993009052715057,5.737068136775336e-07,0.00014036871304309845
80,9.089976142906009e-06,0.0006310761886755733,0.9992271095142644,3.9174946719377686e-07,0.0001323325714497021
81,1.5597159671837208e-05,0.0008254452185633857,0.9989998534767006,5.208045617592804e-07,0.00015858334050216106
82,2.9789314301115623e-05,0.0013122289725416177,0.9984339148066071,6.982929799957834e-07,0.00022336861357003407
83,1.9504098942555075e-05,0.0010055738043702434,0.998761217361061,1.0838747252223347e-06,0.00021262086090093665
84,1.7175771915330664e-05,0.0006440629341594122,0.9991097729660354,5.475324476397834e-07,0.0002284407954420754
85,1.6104473947198206e-05,0.0007296479707186951,0.9990236558171179,6.062967935459098e-07,0.0002299854414227798
86,1.5740269147464148e-05,0.0007255339185977034,0.9990920976763487,4.922447937270373e-07,0.00016613589111240493
87,1.0108670201851443e-05,0.0006262315261585699,0.9992248964775158,4.0382051996673416e-07,0.00013835950560375115
88,3.024115408182375e-05,0.0014293663485835306,0.9979793466772445,1.5308097962723674e-06,0.0005595150102938358
89,1.0317859917809407e-05,0.0006215916499957673,0.9990844201776977,1.045114342121752e-06,0.0002826251980464553
90,1.0269740782231688e-05,0.0006622712880189114,0.9990998756842127,6.723600999760462e-07,0.00022691092688618942
91,1.6641218367752183e-05,0.0009925632409941373,0.9985816675989082,5.731701422576612e-07,0.00040855477158747045
92,2.129724948593921e-05,0.0005320562316564476,0.9991534482389185,5.917533434440849e-07,0.0002926065265955411
93,1.2440073233386563e-05,0.0005661895673047958,0.9992675543583756,2.794401295240287e-07,0.0001535365609567088
94,1.1299811052201219e-05,0.00036976554185826023,0.9995232328842594,4.0336930125983095e-07,9.529839352901698e-05
95,1.9579089606060758e-05,0.0006909219589332187,0.9990024875397334,2.2132528905078946e-06,0.0002847981588369204
96,8.48213230990916e-06,0.00039602841803901853,0.999484651939664,6.053131648350017e-07,0.00011023219682219192
97,1.0658105506952772e-05,0.0009174523770475449,0.9988673814667873,3.1082692848622714e-06,0.00020139978137305415
98,5.70292078696606e-05,0.00377006086197369,0.9950490084265662,2.6925015166416578e-05,0.001096976488424149
99,2.180509470805302e-05,0.0023570961853231114,0.9973183347193049,8.414569294696856e-06,0.0002943494313692967
100,2.8125385954735473e-05,0.00441459237090935,0.9952584651077829,3.1583226848814403e-06,0.000295658812668335
101,2.1933457282652806e-05,0.001977892771932406,0.9977279727337616,3.976770411586194e-06,0.00026822426661174853
102,1.6525502057886643e-05,0.001622048892968014,0.9982538624467808,2.3547349817401355e-06,0.00010520842321148822
103,3.54568668110029e-05,0.004581416459229517,0.9951798991324031,7.777536282359629e-06,0.00019545000527404144
104,4.156283548037189e-05,0.003766602993043349,0.9959565184220149,6.458270652550129e-06,0.00022885747880867333
105,1.0882215267379822e-05,0.0014000394273343225,0.9984711077656879,2.9793501699846057e-06,0.00011499124154040622
106,1.4009567639444793e-05,0.0009354763245761298,0.9989231783644429,3.5400895852489193e-06,0.0001237956537561844
107,1.774791212990606e-05,0.000648123148757343,0.9991335852781164,2.7982807706208983e-06,0.00019774538022577728
108,1.6510106963011778e-05,0.0014764211765139169,0.9983171315149337,8.183352680973348e-06,0.0001817538489083031
109,2.2203155888855106e-05,0.001840385356428073,0.9979561890789908,4.192257127682615e-06,0.00017703015156448392
110,2.7518310390072924e-05,0.0014401760366705562,0.9982400171236984,3.1051552693505253e-06,0.00028918337397182165
111,2.0398345296283693e-05,0.0014333954213047177,0.9983806214432658,3.320528170495011e-06,0.00016226426196276047
112,1.6445496255151338e-05,0.0010272857488685865,0.998813654581757,3.980643572439071e-06,0.00013863352954675447
113,2.9236763081377582e-05,0.0019116110874924188,0.9977931036257759,1.082504825161947e-05,0.00025522347539873655
114,1.9108264894202e-05,0.000928535279999784,0.998679742308128,1.3282351747457114e-05,0.0003593317952304548
115,5.655403756117527e-05,0.0028381358940962422,0.9962619782291554,3.2054543708335816e-05,0.0008112772954788318
116,8.908114939661887e-05,0.004323694221018154,0.994491280796168,7.370264041185514e-05,0.0010222411930053076
117,0.0003862823101348326,0.007426014856419139,0.9900392695018557,6.567300675046517e-05,0.0020827603248398828
118,0.00016881169008838053,0.01572890128097552,0.9832987748049952,2.510038952368956e-05,0.0007784118344170656
119,0.00038725576297954004,0.03508590403558397,0.9627807471174814,1.902948322180887e-05,0.0017270636007332607
120,0.00018462168045069126,0.04016598502700601,0.958720864468615,1.8919921623520203e-05,0.0009096089023046892
121,9.079560613719625e-05,0.039262864621076955,0.9602367461079134,6.7579496352000555e-06,0.00040283571523717194
122,0.00017095618292036944,0.02765118073336053,0.9717709519431666,7.550240876474405e-06,0.00039936089967591983
123,5.160689151845891e-05,0.009924839687203564,0.9898021861694731,6.322388066953067e-06,0.00021504486373792505
124,3.216788503850551e-05,0.006263335626268847,0.9935885307289342,3.1706621968559205e-06,0.00011279509756161433
125,4.972392756046172e-05,0.007109926581881328,0.9925803407731929,4.541510885254987e-06,0.0002554672064801041
126,3.8749908174759826e-05,0.004358369112979656,0.9954356456281681,3.6071984869855285e-06,0.00016362815219037985
127,2.9197011935471964e-05,0.003722805348447406,0.996036377151373,5.907074234303789e-06,0.00020571341400970025
128,2.741424790017552e-05,0.004810962540219852,0.9949956922514948,5.5601415570334e-06,0.00016037081882817203
129,2.4798191175029338e-05,0.001890022348786984,0.9979204534960463,1.9620047708800183e-06,0.00016276395922074836
130,1.1585039267886894e-05,0.0006375648840777738,0.9992378254631105,1.0457028642222725e-06,0.00011197891067963403
131,1.9325096617993088e-05,0.0019912217966245207,0.9978335649499951,2.3016176280105203e-06,0.00015358653913453987
132,1.1511771451386718e-05,0.0006038383988563153,0.9992980887063837,1.2271327455157007e-06,8.53339905631462e-05
133,1.9873167226005203e-05,0.001325773661723178,0.9983469031505741,2.1522431346242314e-06,0.00030529777734235346
134,1.8876467864544524e-05,0.0014444703448353465,0.9982282686808595,7.150105786383429e-06,0.00030123440065430595
135,1.5879273534997145e-05,0.001954412047803694,0.9977266891102524,6.500352719022027e-06,0.0002965192156899111
136,1.2966851544137283e-05,0.0011336252038785352,0.9986391493483833,2.7924157164869067e-06,0.00021146618047736282
137,1.0562096085966562e-05,0.0008107629985692161,0.9990249612309727,1.7605884948151105e-06,0.0001519530858774446
138,2.170454817608566e-05,0.0023743122042044935,0.997344547970705,1.9402347608174727e-06,0.0002574950421535967
139,1.293450413172988e-05,0.0012350196022492695,0.9985678099130052,2.2383054236978934e-06,0.00018199767519007322
140,1.66019237025113e-05,0.0011310386420469915,0.9986829919768097,2.1658899630285116e-06,0.0001672015674778837
141,2.201169774001053e-05,0.001597719722652941,0.9981488240714821,3.7384653876460394e-06,0.00022770604273717065
142,2.639845039899812e-05,0.0019223552925028385,0.9977887653722868,2.726782469258031e-06,0.0002597541023423425
143,3.4552529201937084e-05,0.0028025530212083304,0.9968485537296854,3.0103037851010395e-06,0.00031133041611937714
144,2.2610334481691773e-05,0.0028776244884043383,0.9968332037516471,4.811838996845145e-06,0.0002617495864700743
145,2.8536679218773726e-05,0.0024387842644256873,0.997017820666835,7.5128205836447015e-06,0.0005073455689370907
146,2.6954193690496838e-05,0.002997679106574421,0.9965883073161096,1.033293633379864e-05,0.0003767264472918012
147,4.184249001942123e-05,0.005862208447649957,0.9935239219503424,3.927114071822673e-05,0.0005327559712698855
148,0.00033065424145175453,0.015043471443015733,0.9818382028513295,0.00019210709432363366,0.002595564369879348
149,0.000978129759110042,0.04027467999619029,0.9521019314327495,0.00031171206442535287,0.006333546747524853
150,0.008108052737686795,0.12187871387095602,0.8578352765146922,0.0005628812588532441,0.011615075617811704
151,0.013077367363012097,0.240795368444639,0.6959238921005827,0.0019917597536814754,0.0482116123380847
152,0.02886644895261291,0.22796094937602124,0.6880685075227672,0.003896507809479786,0.05120758633911894
153,0.04051437950733543,0.36728667334110393,0.5492211061887888,0.004850826354998826,0.038127014607773
154,0.12453357420329936,0.35291049874332103,0.3939630793960573,0.020830857791603073,0.10776198986571921
155,0.10056311124872716,0.5140823657593916,0.24289728582499992,0.02491242234397984,0.11754481482290144
156,0.07731077370450018,0.6152166997525041,0.2151140127921945,0.015122034389256788,0.07723647936154424
157,0.07730462048866794,0.6054466922454754,0.07914976928101244,0.01663122578441584,0.22146769220042842
158,0.1314356571878606,0.4728393400330916,0.07519903689928208,0.10888970541236404,0.21163626046740172
159,0.07755306461490882,0.6373657825793672,0.08359693188357589,0.06047456045191892,0.14100966047022914
160,0.04953708282255112,0.770888509048419,0.054256732876672466,0.03580591905678116,0.08951175619557622
161,0.061549549137322586,0.74846885118431,0.006893128830238099,0.0698136308105287,0.11327484003760081
162,0.02744976283105484,0.8647265954415443,0.01674240797325647,0.029176711407421656,0.061904522346722855
163,0.08485890824595309,0.7091563648752555,0.015138442896932228,0.09818848802299124,0.09265779595886797
164,0.10313301922391141,0.7640853278507019,0.012357244024162533,0.04087288635194122,0.07955152254928291
165,0.06489092464713667,0.6579877371991751,0.030826998204289323,0.07145912439268017,0.17483521555671858
166,0.043913963133488165,0.8055257854683541,0.0175446547122907,0.060626895936985836,0.07238870074888129
167,0.10512029914251839,0.7551156793177383,0.06427466640337076,0.03972301242645839,0.03576634270991433
168,0.06856899671968762,0.6549326764052502,0.058339678440353,0.07236577067992139,0.14579287775478766
169,0.07407566603060682,0.620905356920943,0.04066072396812022,0.1569786105716576,0.10737964250867231
170,0.07936180603072064,0.6908459224512591,0.035381985359648274,0.05445094097070118,0.13995934518767075
171,0.1888944103051334,0.5426701508567617,0.08121956706950142,0.032788863269062,0.1544270084995414
172,0.13732992907852207,0.6401659769125311,0.032491966718051636,0.07040179334879197,0.11961033394210319
173,0.05467346029791901,0.7030829402342024,0.1101022475168139,0.043226748235783284,0.08891460371528141
174,0.04483576334621142,0.5667157529284659,0.24406436052603914,0.008040647220696646,0.13634347597858693
175,0.09062811227258478,0.7403768193560979,0.05274130569329267,0.03951250068416977,0.0767412619938549
176,0.06447305354640014,0.8577141981281188,0.016873220603708338,0.03342336358535217,0.027516164136420603
177,0.07597399843092222,0.8259944423830375,0.05066837134543948,0.012668048685924464,0.034695139154676334
178,0.03537729835998539,0.9205370214562262,0.02392012198249904,0.009774390711530247,0.010391167489759193
179,0.01850418860622048,0.9374949558578323,0.020085771885606885,0.012229930898944846,0.011685152751395634
180,0.028730321313490743,0.8820662852778035,0.056756928240156566,0.02061681920448579,0.011829645964063483
181,0.008817285190915437,0.9523080767842943,0.023307235495224284,0.010370638871350344,0.005196763658215566
182,0.07132858478114718,0.8643241238301144,0.011556540162099237,0.03173005034823024,0.021060700878408885
183,0.05428271350868634,0.8964806252857388,0.032445691595276015,0.005478408586746185,0.011312561023552704
184,0.1869096198275399,0.737203800206217,0.009557886548204053,0.02178020356360605,0.044548489854433014
185,0.024216387158672626,0.9022327868321006,0.06260068653182821,0.002030471384991028,0.008919668092407398
186,0.034680305025113656,0.876859235769037,0.042578430260934295,0.0026352272664552237,0.043246801678459845
187,0.02539147592296882,0.9389465872717954,0.02328306310152952,0.001444279929068907,0.010934593774637269
188,0.010493555600136909,0.8820532159393843,0.08903103143778263,0.0009486999395453082,0.017473497083150845
189,0.016376332495577947,0.7444595032810897,0.2003092445956711,0.0022028496331998066,0.03665206999446147
190,0.007674650534886694,0.8793480660398548,0.09491125673110193,0.0005232451833788989,0.017542781510777525
191,0.007048041773463739,0.7971929995330834,0.18497484234150285,0.0007648387012946977,0.010019277650655299
192,0.0024533794989045265,0.6830255049105503,0.3085024733290436,0.00042677569008026095,0.005591866571421288
193,0.004461867852135371,0.7113180274869536,0.2773610937606276,0.0005210819190264586,0.0063379289812568506
194,0.005253847812828581,0.665151307677913,0.3226185294325817,0.0007537540505426799,0.0062225610261341414
195,0.03351711007678473,0.8133066914004694,0.12253797009979708,0.011902851802606886,0.018735376620341918
196,0.030022740313127898,0.6175456531396756,0.2618859109712145,0.014560849812881077,0.07598484576310094
197,0.03963146422083463,0.7338762296896398,0.1851611221334412,0.00890262222116545,0.03242856173491905
198,0.03641764294566202,0.7208229287447081,0.22580296420798063,0.00820888673576664,0.00874757736588267
199,0.02106557996540294,0.8576054672629644,0.09965100660622356,0.007801541218344724,0.013876404947064316
200,0.01240885819201252,0.8545340960343649,0.12633769725351535,0.002891461143350809,0.003827887376756194
201,0.011367188149431233,0.7669122587400933,0.2134365670099806,0.0029665628401011387,0.005317423260393683
202,0.1005869969077269,0.6482408810858977,0.17744575380130778,0.022189240042680445,0.051537128162387195
203,0.1576698104784975,0.7714175725615233,0.028546286214254434,0.016131189773313754,0.02623514097241115
204,0.008003306397913296,0.4131861553777348,0.5717454136104497,0.0016899167475689445,0.005375207866333312
205,0.05147686844338768,0.8944988797101713,0.03895731970696041,0.006473103863870784,0.008593828275609608
206,0.04133402481463282,0.8722160082340923,0.07425807912935795,0.004605881534220334,0.007586006287696657
207,0.011691867131856788,0.8740841482469717,0.10402884398698531,0.0025811474117621103,0.007613993222424234
208,0.024861006594554858,0.7862907204007427,0.175780352197934,0.005109531257930012,0.00795838954883853
209,0.008537929094802648,0.7405863886420377,0.24501682502747396,0.0019175563172335501,0.003941300918452026
210,0.005779916493941207,0.5907229868353615,0.39527213356668434,0.0014377201903122492,0.006787242913700815
211,0.002679831081901774,0.5960037853219219,0.39927284993675927,0.00047512548587295587,0.001568408173544155
212,0.002404912892837433,0.5203934979178532,0.47348966057178565,0.0002809453870716006,0.00343098323045211
213,0.0025026762198900785,0.41008084278701046,0.5837920125369813,0.0002852887202047519,0.0033391797359133765
214,0.002380302641601718,0.212226569334929,0.7831391235780903,0.00020340294693155207,0.002050601498447312
215,0.001307697143278113,0.18911594857007266,0.8048044932695629,0.00023877755518510248,0.004533083461901135
216,0.0037874092135633157,0.2464822785221335,0.7434095686033815,0.0006851504527211384,0.005635593208200714
217,0.004076902520796743,0.20447132173602073,0.783708662614542,0.0007952295439853963,0.00694788358465506
218,0.0006993551635725612,0.06969825232627462,0.9283554476297629,0.0001573496776693418,0.00108959520272062
219,0.0008644441633587091,0.03920224749256297,0.958225764465526,0.0003440274795905722,0.001363516398961709
220,0.008993551147098565,0.6018780122611141,0.38196006074774197,0.001540556830686006,0.005627819013359344
221,0.004658875490242066,0.30244970871745175,0.6848543988373108,0.0006610198473410323,0.007375997107654416
222,0.004657178859263738,0.34455060249359387,0.6476168659416713,0.0013145618894361856,0.0018607908160348738
223,0.00818999525538311,0.3311803904210081,0.6564336237004218,0.002107637599822899,0.0020883530233640596
224,0.012829268080980833,0.5105781929058121,0.45845065472185115,0.0011782774045927319,0.016963606886763336
225,0.0032091088962144876,0.22708021451707286,0.7669458435278577,0.00035533939163638357,0.0024094936672184796
226,0.008503629782812343,0.42724394620274636,0.559234571368975,0.0006758649458465201,0.004341987699619691
227,0.004252528169898367,0.4218731524136697,0.5712157516863179,0.000608423606093386,0.002050144124020757
228,0.0038545042227366346,0.2932401314960882,0.6992103692094727,0.0004238797557271805,0.00327111531597537
229,0.003999866471318432,0.5433938309445673,0.45004541635171014,0.0006120836268136695,0.0019488026055905607
230,0.002451873180844433,0.4236065458818583,0.5708089625733415,0.0005265939042566064,0.0026060244596990585
231,0.002593480697827007,0.3416391268635729,0.6535345708029021,0.0005229262650893234,0.0017098953706087025
232,0.0027712111295604366,0.3412289026239159,0.6499076121591587,0.0009338784368090426,0.005158395650555893
233,0.007433501355619252,0.4815624012589783,0.5051135548075967,0.0012792251256753073,0.004611317452130383
234,0.004429807303487771,0.4939994490625626,0.49350977391785206,0.001742356244801863,0.006318613471295515
235,0.009933030583890964,0.6626681414216953,0.3202491039448299,0.001795540943801141,0.005354183105782642
236,0.0059360717793780875,0.5486288134278173,0.4423726435121672,0.0009478557678241597,0.002114615512813172
237,0.008359818327501108,0.6321129824547692,0.35366691167205677,0.0008903050456204363,0.004969982500052528
238,0.019302467704286598,0.8561956563187252,0.1145614153290391,0.004896034652998052,0.005044425994951097
239,0.006847083491782136,0.6631003247595474,0.32378142341248534,0.0036603460104584888,0.002610822325726724
240,0.001897620465693466,0.3110868063480959,0.6848770533951518,0.0008282470910974943,0.0013102726999613978
241,0.004180187804438679,0.3767617445479065,0.614920794168315,0.001708778150922198,0.0024284953284176335
242,0.0013899716390498127,0.16742819017607136,0.8302865673009318,0.00013685798553204193,0.0007584128984149825
243,0.00037020289364814884,0.09674210674231296,0.9021300168783368,6.763605437005342e-05,0.0006900374313321845
244,0.0004969153944679873,0.07667188429862691,0.9222916434768844,6.171989767967413e-05,0.00047783693234104474
245,0.0006477237322951462,0.09003299350763118,0.9083113813800877,4.4514076099127706e-05,0.0009633873038869648
246,0.00034769114046267644,0.0733625621798129,0.9256125791059346,3.351428826828778e-05,0.0006436532855216498
247,0.0004346848358243925,0.10735130706836873,0.8913144628711669,5.520174169404706e-05,0.0008443434829459893
248,0.00024498050906434943,0.10190876696556492,0.8968343007060104,7.084040104984801e-05,0.0009411114183101531
249,0.0006603086175284108,0.20335620818724287,0.794773052502389,5.1491002382166234e-05,0.0011589396904575007
250,0.0002991040899418298,0.15710607663118545,0.8407964411117921,4.888727205548152e-05,0.0017494908950250964
251,0.0004200893708091174,0.10383057597957078,0.8947605546207736,6.248263992511454e-05,0.0009262973889214734
252,0.001177606043999401,0.18418893363676883,0.8124731420557291,0.000214475051162024,0.00194584321234065
253,0.0003513317338924934,0.09387686382375403,0.9049494360849917,8.154668292861508e-05,0.0007408216744331084
254,0.0004702038819737834,0.09974191995114082,0.8989001126955697,0.00011566475183464219,0.0007720987194810103
255,0.0003331552265594237,0.06600973906840685,0.9329007636669682,0.00011880431824802355,0.0006375377198176113
256,0.00010061582865796798,0.02514318803761923,0.9744604101524138,3.863960317614789e-05,0.00025714637813269864
257,0.00024053096604596214,0.03633058475869012,0.9624654430562406,0.00020232280717339866,0.0007611184118497516
258,0.0001155746081547604,0.014269214508417316,0.9850177548056765,9.478626002114284e-05,0.0005026698177301962
259,0.00020934387172619925,0.03515694884396602,0.9638462448661689,0.0002673539736541173,0.0005201084444846005
260,0.00017653291517836644,0.035365205429836406,0.9635780496575146,8.369130683411115e-05,0.0007965206906365125
261,9.731881229902876e-05,0.043354002408812625,0.9560469896786802,5.0771077509203414e-05,0.00045091802269900936
262,7.189192844353122e-05,0.03297891070797472,0.966537011655173,7.09658631347495e-05,0.0003412198452739852
263,0.0001837310787168939,0.06626258818820488,0.9327769484791328,8.19643305217586e-05,0.0006947679234235761
264,0.00014091289009730647,0.05014176115129776,0.9487871529181888,0.00022285503475640012,0.0007073180056597037
265,0.0003695727795029581,0.08224128235635973,0.9161251156591679,0.0003677689856881823,0.0008962602192811786
266,7.281587842825856e-05,0.03787395994260589,0.9615720347993812,5.439779995216562e-05,0.0004267915796322022
267,0.00023665632068130136,0.03603037872095338,0.9628755698127937,7.271012891679572e-05,0.000784685016654915
268,5.2401887591595405e-05,0.007913776905423593,0.9916355308669915,0.00010496194107921442,0.0002933283989142374
269,9.51227355187549e-05,0.014400007023856779,0.9848891331659396,0.00016679756603464173,0.0004489395086503603
270,6.021933170768097e-05,0.012251739560213365,0.9871944888280672,9.501330148224071e-05,0.00039853897852964624
271,4.4445753509275644e-05,0.00842365262468923,0.991276510231428,5.9249464620038537e-05,0.000196141925753491
272,7.577813238081424e-05,0.008040500818109758,0.9912528140017925,0.00016826894405495008,0.00046263810366202956
273,2.5317119419872854e-05,0.003260262801610291,0.9962734333364027,0.00015942555301242048,0.00028156118955487743
274,9.915025010566385e-05,0.011135948875815921,0.9880489360479978,0.00011863236324811228,0.0005973324628323958
275,0.00017365434249730333,0.019998522436548042,0.9778870857808672,0.0004966168676434465,0.0014441205724439856
276,0.000191085329995924,0.019560899557218434,0.9792076117658967,0.00015628640027705591,0.0008841169466119943
277,0.007277531703435641,0.08435317611066877,0.7837420333495801,0.002285678397703822,0.12234158043861178
278,0.0019454620247310863,0.11229786719033652,0.8801152201901569,0.000402970995675297,0.0052384795991003655
279,0.06812143881702762,0.5096368082588629,0.4050464716403906,0.0031538159088704758,0.014041465374848303
280,0.017422395360726154,0.6151190591434025,0.3627121229049872,0.0010677393264353454,0.0036786832644488125
281,0.009507940165363446,0.23519538336613383,0.7369095679319223,0.0041231526446928015,0.014263955891887793
282,0.014082455664467572,0.47018721747504266,0.5098184370558593,0.0026996492053898533,0.0032122405992405763
283,0.006068820734495348,0.3903342251786299,0.5903835433099379,0.004507026348088159,0.008706384428848597
284,0.012127213420410532,0.5685697260870647,0.39221749441971665,0.012007926905246234,0.015077639167561947
285,0.06120401396661556,0.6542972565155687,0.13184279067828958,0.022256096312105848,0.13039984252742026
286,0.25079293449352796,0.5512855915823444,0.021724813047852468,0.03538868143950798,0.14080797943676723
287,0.5012644056079758,0.4565690988490645,0.018023661303978613,0.00515217954145232,0.018990654697528763
288,0.22552337650506485,0.6622026410641813,0.09968862934251496,0.002337532733458913,0.010247820354780082
289,0.1351767435448633,0.7519128532602697,0.09387304658174947,0.011014499278546218,0.008022857334571296
290,0.033505191003570675,0.7682195226359738,0.17553613500526677,0.01704801190149785,0.005691139453691097
291,0.008757631712089927,0.673227882581216,0.3034127572580649,0.007920083913658565,0.006681644534970569
292,0.037713145048140974,0.7514027705075728,0.1853459377585419,0.017438191380747304,0.008099955304997068
293,0.012673733947677792,0.7497845709924845,0.22700110900121104,0.007746959622671535,0.0027936264359551296
294,0.0687077216555009,0.8510515357848376,0.04342072468547167,0.01376742892026305,0.023052588953926773
295,0.010555180504725668,0.851822387739811,0.13075137433991427,0.004765139612010981,0.0021059178035382634
296,0.018007746753951833,0.7745029123593012,0.1973061841405979,0.006910231964473874,0.0032729247816751226
297,0.04550198465407004,0.8694038874395693,0.0572784781687388,0.01119811101721572,0.01661753872040613
298,0.034849050362962534,0.8521129983303535,0.1015595155710718,0.006149701752620425,0.005328733982991683
299,0.0134227539301596,0.8175722451229228,0.15134057688651126,0.012510241141324315,0.005154182919081861
300,0.01063136975790035,0.8297866609268257,0.14428087559118288,0.007664816347017144,0.007636277377073956
301,0.011615602495111016,0.8477968455443309,0.11670438937762184,0.01809644777724387,0.0057867148056925345
302,0.01075103273790188,0.92710463890253,0.027030274395197923,0.027821330455404816,0.007292723508965427
303,0.004738766965073609,0.9325093814450294,0.03288194758713361,0.018555829091115344,0.011314074911648214
304,0.021001090516283273,0.8687929664040965,0.015126061404263178,0.061746689610999335,0.033333192064357704
305,0.04650641591769873,0.7631927632561297,0.04255081328721311,0.10102144178175397,0.04672856575720444
306,0.010531550916982005,0.01099159327887617,0.0002802631719164199,0.018347381455692927,0.9598492111765323
307,0.009061202075743338,0.015846677783088646,0.00027782506003689363,0.004384489375423575,0.9704298057057075
308,0.02727788800048318,0.009299892181341269,2.184562172626286e-05,0.010958746948588985,0.9524416272478604
309,0.04829413663838147,0.0300149958424343,5.7466101525172345e-05,0.005666810771557315,0.9159665906461016
310,0.08559321075637115,0.009976056816727133,0.00013128528394250216,0.007887532212068673,0.8964119149308906
311,0.4563906569613235,0.08793254305995585,0.008401676140277703,0.02960117753569077,0.41767394630275223
312,0.2671367365838275,0.40587847205025385,0.021232138816815713,0.03385366717756858,0.2718989853715343
313,0.2577829419748384,0.2241570266445246,0.005620263073298586,0.1167975876994128,0.39564218060792566
314,0.283991364861069,0.24714142492928884,0.019964138420465172,0.2969680056507894,0.15193506613838767
315,0.2129870046078514,0.4279448376751902,0.046440123073505916,0.29696568103161913,0.015662353611833265
316,0.07428083298193919,0.5752633992277374,0.04934062834352682,0.28400280921490206,0.01711233023189448
317,0.04459058755709202,0.6349767217713693,0.10549716700973358,0.20790809788976586,0.0070274257720391465
318,0.01643053289446389,0.7146670198253359,0.08498909857745501,0.17889082275591703,0.005022525946828242
319,0.03553775913261809,0.700924395610434,0.04186874708422387,0.20014171367041902,0.02152738450230507
320,0.10831061549023105,0.18170624883973674,0.0028916091807216974,0.6378925016662526,0.06919902482305801
321,0.11735046143612297,0.6464887200569902,0.024165731347805284,0.12490373291079816,0.08709135424828347
322,0.19346312841646418,0.6909425069541743,0.01864858054272606,0.0803630791021462,0.016582704984489383
323,0.20893047096891015,0.7183632493041285,0.0035719460357447165,0.05524086180061969,0.013893471890597081
324,0.06592043505879995,0.7864730266676301,0.0905681411743852,0.05065595934055688,0.006382437758627744
325,0.037979397888996964,0.8471112370565803,0.027879770454179848,0.05425745184446061,0.032772142755782316
326,0.02685116959668326,0.8607654232373392,0.06810877065891098,0.033685035356774536,0.010589601150292206
327,0.009309461810421525,0.919192572385645,0.04955770315994675,0.012794846813972626,0.009145415830014046
328,0.02225852543669402,0.9001962335110165,0.04958131889495387,0.016952503332411512,0.01101141882492416
329,0.043038504308180736,0.7532684086555793,0.05454791260267971,0.0760657528006467,0.07307942163291346
330,0.06742085812339717,0.13835254113961795,0.008849150673491036,0.11458383380216425,0.6707936162613296
331,0.16277869026033964,0.14470559459587407,0.002680622197107895,0.14908905425916633,0.5407460386875121
332,0.08543389294738996,0.009393619707681647,2.272157512947647e-05,0.014586653186270466,0.8905631125835285
333,0.7553569882921175,0.03450754326500428,0.00012181716231909251,0.019314885562732278,0.19069876571782682
334,0.5411642897821564,0.09389361361456963,0.005062809916767571,0.02643844960985573,0.33344083707665056
335,0.18423778833544224,0.6514789230840522,0.015277562729821325,0.014553740535452818,0.13445198531523123
336,0.022810699345719037,0.9004804665876561,0.023435559661200304,0.022270893628198483,0.031002380777226005
337,0.033400755259615986,0.8225293544463842,0.06389576448647091,0.0549888090526751,0.02518531675485377
338,0.09387585276352352,0.654669126273661,0.0037016571045705906,0.15484727864765438,0.09290608521059053
339,0.030791873348381172,0.8453712463627083,0.06487559766454351,0.04756217491088786,0.011399107713478955
340,0.04778314117632652,0.7746983068977411,0.07164655254486603,0.07590435858123736,0.029967640799829113
341,0.042512819069632925,0.7747124668711162,0.10868185696631898,0.06335061132363226,0.010742245769299774
342,0.06639572254675502,0.7567488142482396,0.025316181898427142,0.06331182097487158,0.0882274603317065
343,0.048523243754783896,0.8241480337390582,0.041844384047677846,0.05229100253314074,0.03319333592533945
344,0.05026769192969601,0.7973109172904083,0.01517500684268891,0.09432166939111805,0.04292471454608894
345,0.1794812959504417,0.5711067078525028,0.004025600290960902,0.1641058337078547,0.08128056219823983
346,0.039938420091724436,0.8316087853337287,0.015205275943784017,0.09280652563369499,0.020440992997067697
347,0.07500345041024163,0.6403063465681724,0.016025717450065643,0.15026171054698448,0.1184027750245357
348,0.039791785712449956,0.6351050280340715,0.0032210703084450576,0.21143255562079244,0.11044956032424097
349,0.025998327946670754,0.7530963210345829,0.004229300394174452,0.11437326252948814,0.10230278809508363
350,0.012515985004952315,0.0061169460632192795,1.5051976512513783e-05,0.027422146230602476,0.9539298707247134
351,0.2035862952840853,0.03951443318702102,4.677649824533166e-05,0.05880068610795931,0.698051808922689
352,0.5470563209618101,0.07586088920812893,0.0002907624082729382,0.059949767564852374,0.31684225985693565
353,0.3955042027419253,0.2695854894020366,0.005614105915301692,0.04079631100247361,0.2884998909382628
354,0.33716727007692615,0.39348152758670196,0.008781150938729072,0.07095110794925912,0.18961894344838362
355,0.2604023948978003,0.5965189070555366,0.010542451055746188,0.07997096315756447,0.05256528383335253
356,0.06000786413415123,0.8451345058755654,0.022919970121277323,0.059885669979404386,0.012051989889601773
357,0.06281642263487372,0.7982303281472884,0.0442625482483479,0.07557740157694769,0.01911329939254206
358,0.02896113040080253,0.804619741960992,0.1373038200548837,0.023647176703511994,0.005468130879809803
359,0.014586428202368348,0.6559480823052218,0.3010011007601206,0.017094159470707318,0.011370229261581953
360,0.05069507410461747,0.8825658883682167,0.02984845689574202,0.021406113798067457,0.015484466833356485
361,0.026789671637037472,0.7600852143102642,0.15579204605796976,0.03922669707357214,0.01810637092115627
362,0.055513307097350376,0.8038029114727827,0.08810452189605689,0.03834153752390829,0.014237722009901565
363,0.029813293018248553,0.8604318884967919,0.08958251440352452,0.014874584134253603,0.0052977199471813076
364,0.05053871118214737,0.7970101023398769,0.11363507819301416,0.027300038921704288,0.011516069363257482
365,0.020740739789714357,0.8675346764830274,0.08886842192643662,0.016379383987459993,0.006476777813361648
366,0.010394616421907015,0.8221583390727533,0.14499811880902883,0.019930622735357832,0.00251830296095293
367,0.013197554207968426,0.8887728609622624,0.07456969566863747,0.01933465613132513,0.004125233029806564
368,0.007463311335706541,0.9172289990135813,0.047557967821367925,0.02532833845333595,0.0024213833760083174
369,0.014598674053904677,0.951129956578035,0.003391311862941283,0.02822487591736722,0.002655181587751966
370,0.01416784918146719,0.9357254159720193,0.022782374788150633,0.016219882614639552,0.011104477443723233
371,0.027737179777272927,0.9158161358862833,0.024167382288373652,0.02293116558501736,0.009348136463052655
