epoch,N1,N2,N3,R,W
0,0.004810805402771566,0.0009692678361977539,1.286112923077389e-05,0.0001512418155865504,0.9940558238162133
1,6.675342084079756e-05,1.4480337429748563e-05,1.528982245718211e-05,6.927092613765342e-07,0.999902783710011
2,4.299211952085552e-05,2.9111425209926832e-05,2.5737304262955035e-05,5.329220133432812e-06,0.9998968299308728
3,0.00040355705363528585,0.00031600602891755094,1.4333507693989003e-05,8.928287966424522e-05,0.9991768205300888
4,0.00026811118312379106,0.00024043804101218935,1.7959658380266159e-06,3.0474195393305763e-05,0.9994591806146326
5,0.0001222588372847554,9.071798868882797e-05,1.5953346269063145e-06,4.086309482302284e-05,0.9997445647445765
6,0.011074441087096345,0.0006385574601681217,4.39439830526328e-06,0.0004098873706660359,0.9878727196837642
7,0.007942277673691931,0.0006692107668134287,1.1203851358483251e-05,0.00029125657145911987,0.991086051136677
8,0.0008333479010661051,0.00036360860100315406,8.341808933700844e-06,7.751472837652896e-05,0.9987171869606205
9,0.0014565080357408758,0.000334284118757504,7.087339818881577e-06,6.900149862061009e-05,0.9981331190070621
10,0.02544625000365662,0.001993710758332074,5.372461968887751e-05,0.0005782679804566377,0.9719280466378658
11,0.03394014311015232,0.004678420103154346,0.00013678178290434275,0.0007458147751651321,0.9604988402286239
12,0.10422472505882431,0.07499891482961948,0.00018498955028152885,0.004378606040834503,0.8162127645204402
13,0.28933581875433195,0.28883727277097737,0.0008242886916466524,0.01857231189898411,0.4024303078840598
14,0.045576342495188854,0.015045972781367434,0.010870012395748587,0.005979105692097975,0.9225285666355971
15,0.028694191494518937,0.0579240942378497,7.68371052992838e-05,0.0013225215297757976,0.9119823556325563
16,0.12944936807148832,0.1356525491685905,5.807230975985709e-05,0.010729599571325977,0.7241104108788353
17,0.1593335662965413,0.23138563966412207,0.00013622286636425022,0.023681044606386585,0.5854635265665858
18,0.11886721124192727,0.1262034652252715,3.832297097389648e-05,0.00806082784521206,0.7468301727166152
19,0.17302211890605054,0.6286347455524337,0.00046624909796856047,0.03790130680474883,0.15997557963879838
20,0.17520242651555024,0.5292167232647944,0.0002016666189401847,0.07133140744590499,0.22404777615481017
21,0.11210846655039203,0.7240245185678076,0.00018885862455315762,0.05047955566321571,0.11319860059403138
22,0.10703741068627286,0.7337045529255899,0.0002846212866160335,0.08366958701878434,0.07530382808273678
23,0.05853235779801547,0.872168210720221,0.0010217816330428584,0.03366398322894059,0.034613666619780034
24,0.12244182589610673,0.4710691866331928,0.00016021047949969897,0.06967469454842715,0.33665408244277367
25,0.10916328475526009,0.7178086528394764,0.000333872299907529,0.10642571305592435,0.06626847704943167
26,0.020832300849266818,0.03789197234016602,2.1265597016792367e-05,0.008381591070392706,0.9328728701431576
27,0.29749448572597403,0.3673598751889604,0.0001483539880581022,0.019689418309102705,0.3153078667879046
28,0.2486575865603636,0.19036757618876213,6.291916564519045e-05,0.014859598919965787,0.5460523191652633
29,0.15338844811293081,0.7764129592178667,0.0005019460479574541,0.0039595648759528845,0.06573708174529216
30,0.19001441666400928,0.7385643058509764,0.0002194706466939392,0.022893801037921553,0.04830800580039876
31,0.16132614384043598,0.6537245367034329,0.00015935871062537147,0.02857863871229971,0.15621132203320595
32,0.06459438111295361,0.8782767765399826,0.00023708536522432693,0.03482661716379424,0.022065139818045424
33,0.14913676345278942,0.626055234344406,0.00011502657002041381,0.07616726678700578,0.14852570884577845
34,0.033916687643677064,0.9394370682845068,0.0004165152784758487,0.015058347284349575,0.011171381508990712
35,0.18027740427995678,0.5158730333907373,7.729485658833276e-05,0.03801713855084164,0.26575512892187597
36,0.08699069668440372,0.8631774269100773,0.0004297082508732107,0.016371704323901237,0.033030463830744664
37,0.21628269832443206,0.4379054220944513,0.00010461672775042807,0.24088996444410188,0.10481729840926415
38,0.015548713283352876,0.9761424362757775,0.0005053972305814431,0.0032260309161794543,0.004577422294108712
39,0.26802947386105724,0.4595828231046028,8.607466916060726e-05,0.16818434779338357,0.10411728057179581
40,0.05829748612952411,0.9181225412818781,0.0002841848932580391,0.012480746690260091,0.01081504100507953
41,0.04639295351363382,0.929114729555342,0.0008886451213412992,0.014172283856668749,0.009431387953014058
42,0.1332396590449398,0.7966827025861347,0.0005445841994495517,0.03851188465161808,0.0310211695178578
43,0.04232258600511264,0.9375207430463759,0.0007074383983707538,0.010173437760573023,0.00927579478956765
44,0.13316620692967407,0.8057082059184048,0.00035166980105278545,0.013585433633519026,0.04718848371734928
45,0.09526367813719691,0.8655618079371412,0.0001243011524436439,0.005563885349734549,0.033486327423483744
46,0.09562048411988355,0.8459066723027551,0.0028849441492095475,0.007303790284895977,0.04828410914325586
47,0.2700985883023726,0.5141826502488147,0.000668688498300902,0.018011248654707462,0.19703882429580422
48,0.16499118146970443,0.7000839380550573,0.0009524638381558355,0.007996573275789886,0.12597584336129247
49,0.006679030933000757,0.00500516617029586,0.0010793086904006854,0.000477437628169791,0.9867590565781328
50,0.0010705809975694721,0.00030236888531213086,3.1239741429992295e-05,3.424583465616563e-05,0.9985615645410322
51,0.0014970750423782082,0.0004863363845669434,5.7797097581615174e-05,5.6140365326882875e-05,0.9979026511101463
52,0.14253771301154067,0.0049925004611987515,1.6338163759130796e-05,0.00048435671130453385,0.8519690916521969
53,0.7792266201472138,0.015017449893435352,1.6957111186595386e-05,0.001918565776090167,0.20382040707207402
54,0.35560653085048527,0.2706658570431232,0.002506366595870784,0.004729405555366864,0.36649183995515394
55,0.4614740719876741,0.46357623760238764,0.0003649566348468501,0.016001335071356,0.058583398703735405
56,0.23775209577480846,0.5927791097259907,0.002146918966460161,0.05200495839732085,0.11531691713541978
57,0.25191988573388124,0.556546439893535,0.001030486986624914,0.13904918598712918,0.051454001398829656
58,0.33271645804896427,0.4941297736756206,0.0006579550856622205,0.06596469332306545,0.10653111986668741
59,0.1487975868372299,0.7667343335395418,0.0025739157429893657,0.07173124756757802,0.01016291631266082
60,0.17568737131117676,0.7975756929278568,0.004531583022186751,0.007249887320433196,0.014955465418346628
61,0.14960957792502597,0.818703644876379,0.005158591346140483,0.0037610694778186823,0.022767116374635923
62,0.2979382407834133,0.39759125923357846,0.004834748101404866,0.010543086927506318,0.28909266495409697
63,0.023140394858749296,0.8749889128129074,0.09406741969058896,0.0007542125052325279,0.007049060132521867
64,0.231359285333401,0.4564099315279334,0.052482741323456775,0.0013569710652870926,0.25839107074992185
65,0.10475845749852453,0.7822807375377752,0.017327129478105396,0.0016765838328630992,0.09395709165273176
66,0.17430270084978694,0.654575885041667,0.08875643727598534,0.0015878909871127503,0.08077708584544815
67,0.1434366673392269,0.6390500715756136,0.11801955760591368,0.0029523372409563783,0.09654136623828945
68,0.03901148321962415,0.6412451541651776,0.24312250272199656,0.001629144839916097,0.07499171505328561
69,0.18698825968352623,0.6014700436069662,0.07415628771687638,0.002463920955082182,0.13492148803754903
70,0.0610511259058631,0.5695263642507324,0.2313903646702635,0.0014890246077068536,0.1365431205654341
71,0.1371266978102117,0.6478531752674839,0.13456442087412043,0.0027569520160803493,0.0776987540321036
72,0.06285021932768355,0.3599197945888999,0.062470495895675125,0.0030004498119667565,0.5117590403757747
73,0.10950093066359903,0.5473586185263742,0.071370728838483,0.0026613738934064446,0.2691083480781372
74,0.10185780902776465,0.5120565841216144,0.04666971465119766,0.004844574504385885,0.33457131769503745
75,0.10154063176993465,0.1261972272028264,0.009832350541501184,0.009620345988605642,0.752809444497132
76,0.01397205132802447,0.01857052832798072,0.005206984552307647,0.001410820586472708,0.9608396152052144
77,0.008509748271209048,0.0049216096912175,0.0001223125694806733,0.0005679657650177578,0.9858783637030751
78,0.0035970719689935892,0.001857057893169502,0.000222788470387629,0.0002773899427159253,0.9940456917247334
79,0.0013051224781530557,0.0009170026031592468,5.835766109472858e-05,5.402654292228886e-05,0.9976654907146708
80,0.0026979740902248798,0.0008690913127247527,2.3202862437339808e-05,0.0001074138845304738,0.9963023178500825
81,0.017786071794698377,0.004456728601188108,9.867504827800876e-05,0.0006003737198540797,0.9770581508359815
82,0.016316594847483684,0.009096532743648486,7.418080228721684e-05,0.0004710100068022919,0.9740416815997782
83,0.010043220586151237,0.009596764974546632,8.297517922278842e-05,0.0018910962881938526,0.9783859429718854
84,0.011065020245700866,0.022888439843948373,0.00014197345871252298,0.0015930715616427583,0.9643114948899956
85,0.014823514462671019,0.015826928385936506,8.500395979199219e-05,0.0026199537047309693,0.9666445994868694
86,0.02502782609651356,0.016104798847402745,0.0002023891997989614,0.0006822214793489525,0.9579827643769359
87,0.018576593828229578,0.020590852186975168,0.0002719638245549339,0.001779262889342652,0.9587813272708976
88,0.01720420710588825,0.01307303483816734,0.000676513918871272,0.0006286145742194317,0.9684176295628537
89,0.02058515653993981,0.005927394989153496,0.0008981407278410962,0.0002565695553594185,0.9723327381877063
90,0.10953492507061796,0.06899129169271136,0.001316504976499377,0.010877341609094666,0.8092799366510766
91,0.03522362288611511,0.009724271996613873,0.0021156164169685433,0.004042004726348161,0.9488944839739543
92,0.0029703892577436406,0.0009498311352849493,0.0003937149546421107,0.00015799869371504126,0.9955280659586143
93,0.0008632789047648549,0.00015973448056920354,6.820408932252633e-05,2.2449345438847992e-05,0.9988863331799045
94,0.0007203517585471171,0.00022071282392891896,0.0004232518216279158,2.930303749272263e-05,0.9986063805584033
95,0.0008816349343362726,9.861304446146642e-05,0.00030538685971717575,1.4409037895758123e-05,0.9986999561235894
96,0.0017195404342877072,0.0001461019802501956,0.00016445748883286507,2.5484693180286397e-05,0.997944415403449
97,0.0008241262329022125,0.0002162567744733312,1.6727758173310216e-05,5.290991867311434e-05,0.9988899793157779
98,0.0021627595740680494,0.0002045176534796532,2.865976686952888e-05,4.2136795957142764e-05,0.9975619262096256
99,0.0020842134976557904,0.0005106776110821278,0.00014642758074503293,0.00011426485299120172,0.9971444164575258
100,0.00149777104790447,0.00023584534231112656,1.7676703042949396e-05,3.2189512522053226e-05,0.9982165173942193
101,0.0010206514972975788,0.0002622225174485442,3.602375646110023e-05,3.196149067849838e-05,0.9986491407381143
102,0.0005046588076678422,0.00018607127074672495,6.57444913461581e-05,3.227223442936591e-05,0.99921125319581
103,0.0010480134944459967,0.00045771765883809656,0.0001010242476314877,6.291874191639617e-05,0.998330325857168
104,0.0006255443550964783,4.154780633063097e-05,0.00014875148692771725,6.7079456465785374e-06,0.9991774484059985
105,0.00472620908653999,0.0001888328400661551,0.00020095719152582732,6.063534442657889e-05,0.9948233655374416
106,0.002356101067077249,0.0002550328634590251,0.0002935860045404889,7.383759307868533e-05,0.9970214424718447
107,0.0013485141836614104,0.00010792190216610938,0.00010627663063025157,0.0010993566571888607,0.9973379306263533
108,0.0009332961675918618,0.00016635295730846664,6.581365829928492e-05,0.0008306918649690436,0.9980038453518314
109,0.001225246731930722,0.0002243754041131064,7.204202145097672e-06,5.330594781241765e-05,0.9984898677139987
110,0.0006216630929538517,0.00020294030549831773,1.547846276155245e-06,0.0002149054052252489,0.9989589433500464
111,0.00032488650152611435,0.00013347877978530092,3.167665909861569e-06,3.555189341476345e-05,0.9995029151593641
112,0.003359483802055143,0.0004961740820479267,3.779114457255123e-05,0.00035539372494504146,0.9957511572463794
113,0.0006870162448001964,0.0003252893240571638,1.4549586905378286e-05,0.00012791205015550273,0.9988452327940817
114,0.002055722604918845,0.0011332611646240572,2.9296015929934864e-05,0.0010457492533757426,0.9957359709611514
115,0.001155703837045021,0.00040258300141676257,8.45027182922254e-06,0.00015405328949831255,0.9982792096002108
116,0.0006623737659954452,0.00026690651434308914,1.6861841186780506e-05,4.636489593423271e-05,0.9990074929825405
117,0.0006813492839726267,0.0003097163235434156,9.273510037997152e-05,0.00011812161161341156,0.9987980776804907
118,0.0019863901706548325,0.00010310678500578874,6.657791621012041e-05,8.750479421857815e-05,0.9977564203339108
119,0.006609033220599563,0.00036141193453951865,0.00018338650628336984,0.00020546018196212107,0.9926407081566153
120,0.0006676683233496142,0.0003120685974098497,2.8221483226421666e-05,5.467237281160129e-05,0.9989373692232025
121,0.0013337232114444028,0.0006673787260196668,9.30056237301911e-05,0.0001007167858787845,0.9978051756529269
122,0.0009446724592949481,0.0005811354831427132,7.563733532279679e-05,7.103817590922857e-05,0.9983275165463305
123,0.005300955803731248,0.0012505514641473789,0.0004630471830941744,0.00017435957674225442,0.992811085972285
124,0.01785439790068239,0.0034607741869400873,0.0006749169883237731,0.00019199164141652354,0.9778179192826372
125,0.05221394087652469,0.010535676774147604,0.0007053854027060919,0.0008150550601722436,0.9357299418864494
126,0.02627043691365795,0.011188528925899829,0.0005415110622371223,0.004086355013031773,0.9579131680851735
127,0.00824192006672797,0.003525874625725967,0.000802956342854535,0.0006154635525641365,0.9868137854121274
128,0.012014606519481223,0.002535267538089588,0.0005806375253602819,0.0012913664164972013,0.9835781220005718
129,0.006194285904962342,0.0023872232818537816,0.001128544995262321,0.0012112240661863608,0.9890787217517353
130,0.0037542462344348575,0.0007402221597154669,0.0014491619448008051,0.005395910590618598,0.9886604590704303
131,0.02947668012785284,0.002068028792112098,4.548212143667264e-05,0.0019753407927977644,0.9664344681658007
132,0.006589873581281474,0.0005583134146073253,6.289355676423379e-05,0.0009949830141715655,0.9917939364331755
133,0.003536570639381284,0.0007885886277286749,0.0002659131140448639,0.0005296921826969333,0.9948792354361483
134,0.004909481332910114,0.0019978516513030706,2.587954788498499e-05,0.0018868860264711958,0.9911799014414305
135,0.6701827589832571,0.04850667566522053,0.0002763658966111713,0.015314287885620653,0.2657199115692904
136,0.21387446922727976,0.3724532647969259,0.0022452768849184563,0.049322754080669926,0.362104235010206
137,0.2234854729741342,0.0735546338174189,0.0004915974141531074,0.05670699439270462,0.645761301401589
138,0.1658131347361403,0.14085109929385414,0.011851517224880266,0.11546986860115997,0.5660143801439652
139,0.12357158468109777,0.27934341904019183,0.003615503873126745,0.4482163919405484,0.14525310046503506
140,0.21141230120801294,0.11271500880059968,0.010565260132528505,0.10632560925648185,0.558981820602377
141,0.22796458950493714,0.2523463092484783,0.04466588248913035,0.09944789995431313,0.37557531880314104
142,0.14709616672214623,0.12985597561803372,0.06542063567114148,0.027352422128670416,0.630274799860008
143,0.31771650406787094,0.196229546059932,0.03123607817314528,0.0332549800366551,0.4215628916623968
144,0.21683748025677665,0.33953527048840276,0.01856686162114746,0.062199754573073786,0.36286063306059935
145,0.14215619054976592,0.029781898619012353,0.009959064313188172,0.02454485055655374,0.7935579959614798
146,0.24370769471480255,0.10621589621675727,0.013896920093518077,0.04039466820746115,0.595784820767461
147,0.1294569248346992,0.06389863989231577,0.015969913700065484,0.036342322747394025,0.7543321988255255
148,0.05823342075394874,0.013788214268796397,0.002443540240752325,0.005415407557683227,0.9201194171788194
149,0.16706063160292212,0.07595744154788986,0.013554518584154417,0.01589659568893206,0.7275308125761015
150,0.020159114651719396,0.006782943514947566,0.0005698091227409207,0.0012916375045400714,0.971196495206052
151,0.028055730381610265,0.01335872185132861,0.003120516998768801,0.001743008091149169,0.9537220226771432
152,0.007872353082436627,0.000749782779585435,0.0005011107636737317,0.0007779940111624863,0.9900987593631417
153,0.002554311818521193,0.00039233322144469496,0.00023278305938339417,0.00012113503567481159,0.9966994368649759
154,0.005241935652701841,0.0011310013978248332,0.00022074725988771747,0.00029526112126629616,0.9931110545683192
155,0.00045720394768824043,0.0002842398517197692,2.8047361498881266e-05,0.000269855185170399,0.9989606536539227
156,0.0006527999683832289,0.0006052344011239185,1.7167636918846704e-05,0.00047184377970972805,0.9982529542138643
157,0.0037728060581732575,0.0016744485598732244,9.16423291152747e-05,0.0026841257597585455,0.9917769772930797
158,0.0022065221163577457,0.0008063875032661684,1.5048775725274867e-05,0.0010054579070850542,0.9959665836975656
159,0.002793701989124763,0.001835003660230257,3.465653609199739e-05,0.0030449170135714233,0.9922917208009817
160,0.00108486612683271,0.000565305925963315,3.072059823484485e-05,0.0002157455206331898,0.9981033618283359
161,0.0007535548353897763,0.0005469864338198058,2.4547449376480957e-06,0.00042768620714310875,0.9982693177787098
162,0.0043125147183746245,0.0006532568920775226,1.5893757071721836e-05,0.00247104372347702,0.9925472909089992
163,0.001884848647978481,0.0006500026321085402,2.668558542631794e-06,0.0008340664958393096,0.9966284136655311
164,0.0021993220139788555,0.0015811503819935552,1.061694096622019e-05,0.0012583939536868307,0.9949505167093745
165,0.0012020381662123454,0.0004902131549976251,1.6560714181809903e-05,0.00048241032020873096,0.9978087776443995
166,0.0020842561351165764,0.0005032419755877938,1.7289713332774065e-05,0.0006269192055073084,0.9967682929704557
167,0.003571734396229194,0.0010651400936897452,9.383534809269264e-05,0.0018759483685336256,0.9933933417934547
168,0.0024663716105716932,0.0009757748802370321,7.57610321121673e-05,0.0010606844683089419,0.9954214080087701
169,0.0044724758803278706,0.0013727078774278974,2.8064827835088736e-05,0.003012093819199913,0.9911146575952092
170,0.0010514451258773765,0.0009023176304888011,0.00013059266496466996,0.0005901529516530703,0.9973254916270161
171,0.011763732197182743,0.0013274415995774994,9.033388575240035e-06,0.00599830255271966,0.980901490261945
172,0.041427919449406686,0.008720277376016411,0.00011254758984994352,0.015632542717368914,0.9341067128673581
173,0.0009881339641579828,0.0005815188035558496,4.7966793767319e-06,0.001352584197848129,0.9970729663550614
174,0.003217450583073738,0.0010667999859668737,2.212269385297809e-05,0.0033635891421827427,0.9923300375949237
175,0.0009529744274173378,0.0005897181452886752,8.412737169282951e-06,0.0018603815933802498,0.9965885130967446
176,0.006510181524296041,0.0016032638335941227,4.447645157319634e-06,0.00509942104944549,0.986782685947507
177,0.10240040845001337,0.0025489278094945186,7.193834106413177e-06,0.011924460217210631,0.8831190096891751
178,0.33142984537098547,0.025114358168084102,5.598533663926481e-05,0.06505484904306821,0.578344962081223
179,0.47014057291609396,0.02372003312439731,7.558869537135056e-05,0.10704277457453801,0.3990210306895993
180,0.19963896474587087,0.49696660974764395,0.0019038815411776561,0.19813648586520494,0.10335405810010266
181,0.02590483348067699,0.009300437166687346,0.0001966825179998603,0.01511184953873242,0.9494861972959034
182,0.43511563545998283,0.19567018712563897,0.000281423543864263,0.1769622676243463,0.19197048624616753
183,0.1485628949060981,0.5183589495185823,0.001439930876542403,0.23671929863979285,0.09491892605898437
184,0.2679945909846093,0.5491204516624913,0.0006094755932344336,0.10452782494500382,0.07774765681466111
185,0.15188809014082152,0.671475933018079,0.0014014926613587421,0.10597173940707832,0.06926274477266255
186,0.2231953923331042,0.2792391143642823,0.0019258136630968409,0.04814754318854279,0.4474921364509739
187,0.17767538335837385,0.45337249211061476,0.0067886999999483,0.05354965735294395,0.30861376717811917
188,0.04233008141265027,0.04619715751188198,0.0020978060446096816,0.0235084125765291,0.885866542454329
189,0.2021953149070746,0.18474111107545022,0.006537979441707699,0.09921066398577932,0.5073149305899882
190,0.19085298646107218,0.29553667586061716,0.001439073960656526,0.08973844703204732,0.42243281668560667
191,0.006112729243886467,0.004757353415408767,0.00010633168449301404,0.002749458842394017,0.9862741268138177
192,0.01059592765552512,0.008905261168692115,0.00014178278283776886,0.0016466676167858532,0.9787103607761591
193,0.22866201867068306,0.11471452587261972,0.0008226269177458768,0.04933506182120957,0.6064657667177419
194,0.4171111104707619,0.3677740529790177,0.0013832011120881577,0.06688059883327677,0.1468510366048554
195,0.22681804201919575,0.04706965221761106,0.0001884903251482053,0.04970442524264891,0.676219390195396
196,0.4221809442596418,0.08892652407499528,0.00012402467060661617,0.27878234988995226,0.20998615710480406
197,0.2941306326758584,0.5128149726173648,0.00021889197019651398,0.18193378760869702,0.010901715127883132
198,0.26967853010173315,0.5646254679502583,0.0002434398378853898,0.1548558371926135,0.010596724917509718
199,0.29121841108533986,0.35853916438780153,0.0011966536967830748,0.3192035138053582,0.029842257024717326
200,0.12772466625098766,0.6872728261483291,0.00406782390872624,0.14809334263560142,0.032841341056355534
201,0.3544149205822358,0.3754882842583793,0.002445522029247485,0.12818460272096985,0.1394666704091676
202,0.1620713258985306,0.7209777624328919,0.007555318245998031,0.07729249220906542,0.032103101213514174
203,0.2890341589858736,0.6307911501368558,0.016292317775727767,0.017732618986507413,0.046149754115035385
204,0.11800455114595594,0.7810697762983211,0.014993574929621037,0.02243028446026166,0.06350181316584029
205,0.44854236683175863,0.476094265012396,0.017410638745150597,0.015324913046909406,0.04262781636378536
206,0.12411845376347273,0.7665098202201318,0.0356478881000918,0.04188878970143678,0.03183504821486692
207,0.17931604015285524,0.6918182251750216,0.08615434971416755,0.0233908049228426,0.019320580035113104
208,0.17133642946016034,0.7133164667924444,0.029158094104716734,0.04059016089666878,0.0455988487460098
209,0.10928962290820077,0.7611551376749569,0.05350609213334825,0.03276607256299564,0.043283074720498256
210,0.11582458644868224,0.7664675166791092,0.046252630827056405,0.03092031133909808,0.040534954706054074
211,0.14237344782518938,0.7421390836078806,0.017775878346795747,0.04525045926294992,0.052461130957184465
212,0.17242606378672315,0.712990589825089,0.02633515862717995,0.03530185160768475,0.05294633615332302
213,0.09302334155437351,0.8290363608549569,0.03479321059624753,0.029762832574240696,0.01338425442018147
214,0.12813010072922354,0.7581125436933945,0.05517652967169679,0.025389868573000192,0.0331909573326851
215,0.2523833214076426,0.5888844543926012,0.014623506975261083,0.0545585088078232,0.08955020841667216
216,0.05966592926849791,0.7648158311228425,0.11340824507908831,0.015845816080131296,0.04626417844944024
217,0.4037920082956763,0.47559747699460536,0.009591348413698665,0.032736080780821956,0.07828308551519768
218,0.13070865744282617,0.8203501945412606,0.011664813983909188,0.0164416293553353,0.02083470467666894
219,0.21091531138583067,0.4759392580054525,0.015097783101153305,0.013236396889840463,0.28481125061772294
220,0.3890813565229582,0.31130749806462144,0.00984672533593515,0.010779473229648822,0.27898494684683645
221,0.3176157885635602,0.560776041685756,0.012556581394515598,0.012165079271139674,0.09688650908502859
222,0.2800496037450376,0.6428280160348303,0.011337602015066024,0.021237169018822926,0.044547609186243176
223,0.1019246982434159,0.8243316901138513,0.027002498721109897,0.018530133182559607,0.02821097973906324
224,0.22166342344730572,0.7026525979647202,0.006594670471644568,0.032942173180747075,0.036147134935582574
225,0.17243837411919358,0.7082013368875116,0.029712662061796905,0.05612528038052802,0.033522346550969875
226,0.09626824718089914,0.8057066083045197,0.04097126642396839,0.029884749459724698,0.027169128630888245
227,0.33494104990274265,0.4840345507044498,0.013733686034575638,0.03534702730622087,0.13194368605201104
228,0.04114091604647182,0.846677787690581,0.0929498771130697,0.011416790306181606,0.007814628843695761
229,0.10945551246080007,0.7426750107019742,0.04734399910371491,0.03302241573457532,0.06750306199893548
230,0.24489431279361373,0.7094671798912829,0.012913960491762697,0.014828533030494561,0.017896013792846045
231,0.09133211685953546,0.8464093894051286,0.03515258346679796,0.011234518329641386,0.01587139193889675
232,0.35136146043042354,0.3929809033341186,0.01454960147940894,0.040789192956985146,0.20031884179906378
233,0.23464885586433198,0.6780165895211225,0.018278942510514994,0.02997550701727094,0.03908010508675954
234,0.2191383130177771,0.7163452992932648,0.02616691797845447,0.014950650857030744,0.023398818853472954
235,0.399174624951641,0.42219669167313806,0.009622930011004196,0.04304682073517832,0.12595893262903834
236,0.33190266946082425,0.3464027301308009,0.021825261080424117,0.028698385661815245,0.2711709536661354
237,0.227753661058597,0.7053570941674808,0.021802038673692837,0.022317017242578847,0.022770188857650624
238,0.31338193729855773,0.5477321526329346,0.012593534700113531,0.04092851453869367,0.08536386082970045
239,0.3527265742220716,0.5851449125310642,0.01282961191533302,0.016912315143676,0.032386586187855296
240,0.026748781052392888,0.8316129569432671,0.1339038410012903,0.002569210874365995,0.005165210128683525
241,0.2255785104191873,0.6945786527157131,0.02719222438762913,0.008261472517338274,0.04438913996013233
242,0.21730234077883318,0.4180169436247933,0.017790107557860434,0.008274869243537264,0.33861573879497575
243,0.44049441331118727,0.46403087323190584,0.01534207057849044,0.008064086586383627,0.07206855629203276
244,0.1394533079349667,0.770153355918705,0.06258330179746739,0.006714003099407086,0.02109603124945365
245,0.0678677164436912,0.8002584737771142,0.09459349815538334,0.012083850006650822,0.02519646161716033
246,0.1697207853200068,0.7622675809621683,0.03254894636558147,0.021839877741659495,0.01362280961058396
247,0.39080372171685995,0.46294344362101825,0.0361741325835814,0.030013654822616066,0.08006504725592443
248,0.45083410009488295,0.3560843546582253,0.007495975614388313,0.02267505091266876,0.16291051871983467
249,0.09178638153202968,0.8124117268024075,0.05637949939635974,0.004820039299786066,0.03460235296941686
250,0.4866171344992101,0.4360246181037946,0.00461092746919754,0.014558501585458137,0.058188818342339604
251,0.05524518991299961,0.8485716592720473,0.08421965928764565,0.0055232448481674044,0.0064402466791401046
252,0.19341160663888873,0.7180862110808413,0.031569812057483285,0.005381317128706714,0.051551053094080014
253,0.10704857607691891,0.8376083798212595,0.02270975972726206,0.009327904139788804,0.02330538023477057
254,0.36627135083181944,0.20906086923664555,0.016405528703949592,0.013174386952307835,0.3950878642752777
255,0.5294348719876794,0.31924634851150224,0.004157289421020922,0.013030860505403152,0.1341306295743944
256,0.24493525582564332,0.7243589655636038,0.013699078298428051,0.005026981289300282,0.011979719023024514
257,0.32817496279870817,0.5131420517899179,0.04196848108776022,0.009093523361852615,0.10762098096176116
258,0.61623044865331,0.2741167599173918,0.00859904939490717,0.01274329829004532,0.08831044374434581
259,0.31067032509499065,0.639834544054304,0.007969093248853209,0.008986931119577239,0.03253910648227487
260,0.1579138375854833,0.7832651911612976,0.03909240710833013,0.002646352270682343,0.017082211874206634
261,0.42630979571609695,0.4808188147598235,0.012216345557254921,0.027017166011437194,0.053637877955387395
262,0.3026100502687143,0.6162829883143511,0.01746906715306229,0.02071927475898125,0.042918619504891134
263,0.005316344455472549,0.6710850015555334,0.3187863014888368,0.002102865703529168,0.0027094867966278857
264,0.3595494495110047,0.5037726003499403,0.01996945900204607,0.026940178470474738,0.08976831266653419
265,0.05536141377512471,0.8824471123400973,0.04127011240032547,0.011965368275660125,0.008955993208792389
266,0.16068111506969326,0.4710493011282269,0.06939046036574756,0.01764535434301573,0.28123376909331654
267,0.3477271274567597,0.5878852500596708,0.016352927026823283,0.00838792159695913,0.03964677385978708
268,0.4651196526246635,0.38688191781237496,0.016954288049417284,0.006941715810642851,0.12410242570290148
269,0.11537716825148493,0.8112545836535074,0.05069226616705785,0.005754000629366639,0.01692198129858322
270,0.23864559719890843,0.6519007616682645,0.038812690483468276,0.026934894958323068,0.04370605569103561
271,0.018639435502671213,0.6929672710990739,0.2794140934601774,0.0035444609239416894,0.005434739014135913
272,0.27431474046202486,0.5380370293791242,0.03484026474773225,0.04027940813190829,0.11252855727921042
273,0.15837760020026664,0.7122843066918083,0.04769306909073366,0.026086394959930155,0.0555586290572613
274,0.09782714523111556,0.5683905561716442,0.03356965842659924,0.015686188082868938,0.28452645208777194
275,0.010727840255358079,0.01987002825141531,0.0013311016739522518,0.0020862552970887208,0.9659847745221856
276,0.047526164523156604,0.05179181319984143,0.00175415585219478,0.014113588348576272,0.8848142780762309
277,0.014013157591557213,0.011490325767704188,0.0002574408599440364,0.0034259862058190456,0.9708130895749754
278,0.14654754228345415,0.09219802081664835,0.0033598772601011045,0.011657828917887355,0.7462367307219091
279,0.09238966518859683,0.16982431634374762,0.0032101599113742545,0.019951933367275045,0.7146239251890062
280,0.25637118797141734,0.15424381239559634,0.006903902063858723,0.015085536014721845,0.5673955615544057
281,0.04831817865704631,0.19314743647083668,0.003345885943903494,0.011615890703450094,0.7435726082247635
282,0.058191294444785484,0.10056758232685262,0.0026081575208444065,0.009923540767869395,0.828709424939648
283,0.24943379533722998,0.44480429002251726,0.016118589326932727,0.026878485334743886,0.2627648399785761
284,0.2992446997931001,0.36709160360361326,0.004324088374294769,0.026566419557140532,0.3027731886718514
285,0.5885306138519597,0.3355444068690114,0.010487076315295616,0.012036013008079072,0.053401889955654154
286,0.15510312830249778,0.5237276109785923,0.01529719399367364,0.12550072865616266,0.18037133806907357
287,0.06489188035373165,0.7860685727143241,0.08301388356487907,0.05405876629487897,0.011966897072186412
288,0.37846241776860395,0.4674198150429997,0.0037986825691743963,0.09428034186516022,0.05603874275406173
289,0.18393696505361684,0.6294865918715155,0.04797506415677871,0.059144793676296596,0.07945658524179243
290,0.39656357240833967,0.5314602416573214,0.023904124820973465,0.020792825326798235,0.02727923578656721
291,0.2702129400958907,0.6228327545696035,0.053160617037339195,0.021784856722598705,0.03200883157456808
292,0.3051890386471168,0.5590175053265639,0.045198472891331685,0.02673375195719438,0.06386123117779316
293,0.25236967956910733,0.6426873020358402,0.060643736598656295,0.016283156740275733,0.02801612505612041
294,0.07417605810720004,0.7889819990860759,0.11416744786282045,0.007246762175287887,0.01542773276861574
295,0.09925260532588741,0.7440816094780512,0.116761900179006,0.016036242467025858,0.02386764255002942
296,0.2154364681435612,0.39273816514365656,0.04338766606369328,0.024677647586691068,0.32376005306239797
297,0.09713128459243275,0.7323844715959965,0.0955656093135591,0.03371054709260881,0.041208087405402764
298,0.3019799081607838,0.4616369715662047,0.09200080308429996,0.02435167747552213,0.12003063971318942
299,0.3750743150443137,0.5263232357352532,0.026379757060416863,0.0226587661634393,0.04956392599657684
300,0.2507441147335096,0.6288980386973694,0.02801669544554806,0.023299094042828143,0.06904205708074487
301,0.4380633321263656,0.3065129740404158,0.00910192352250244,0.015900530959950882,0.23042123935076525
302,0.22193479099642502,0.656892193803054,0.02124804553395852,0.01891536833447808,0.08100960133208449
303,0.4179719148016169,0.3166468823300224,0.008969910053939132,0.02296334607597113,0.23344794673845046
304,0.19691711577541013,0.6697886380116753,0.0096464958252209,0.02436563572607203,0.09928211466162164
305,0.026273202341663682,0.03401758732482712,0.0011448608285333402,0.005826666566073235,0.9327376829389025
306,0.11916167500348238,0.7393245450523679,0.05582057653860917,0.01845423889872415,0.0672389645068164
307,0.3025070790019105,0.494566834184586,0.013144329213234005,0.08427694491194723,0.10550481268832232
308,0.14169561108086418,0.3436773620226921,0.02382725937933727,0.02220545498857115,0.46859431252853523
309,0.017469938341026014,0.015041845458997134,0.002050732977062266,0.00561199666923518,0.9598254865536794
310,0.21056315734686942,0.08180430755890539,0.002405920028525489,0.013239933360367022,0.6919866817053327
311,0.143174977051441,0.07665481331000994,0.002340002767247091,0.02204007457811042,0.7557901322931915
312,0.09141021984011231,0.02578641915763699,0.0004922256642975651,0.007091700557447389,0.8752194347805057
313,0.0324184588973514,0.8960720899987267,0.02706541988294412,0.030929004096304592,0.013515027124673215
314,0.3130807250068352,0.1137732102542853,0.0019066030525911354,0.3627265930629115,0.20851286862337692
315,0.10318166721902634,0.13718831939575327,0.0004262913653337352,0.7460439909724712,0.013159731047415376
316,0.0799346945637576,0.1102284531110512,0.00031564181785378564,0.5871679735142673,0.22235323699306997
317,0.07052826178569932,0.10306539038315372,0.00047465849026594967,0.7582344546906571,0.06769723465022395
318,0.07025900874409814,0.022564722119627647,6.140969342691201e-05,0.7717726065383629,0.1353422529044845
319,0.06311668718523944,0.03856191069411729,9.528690462674658e-05,0.8024469381806889,0.09577917703532778
320,0.07873498156415427,0.03447921322991321,8.454346013984686e-05,0.5141585094505632,0.37254275229522954
321,0.0820442348173401,0.03693517904702445,0.0002004265089366881,0.536435063984349,0.3443850956423497
322,0.07056867300561503,0.0742181191643381,0.0005504239358738727,0.1845319314750561,0.670130852419117
323,0.107700430803637,0.04744526998098987,3.829917805015073e-05,0.39919285655470654,0.44562314348261656
324,0.021871618221276236,0.0239912347066074,0.00010928082228480123,0.06383444154456774,0.8901934247052637
325,0.037560673742884604,0.019544877918177616,5.481039069065906e-05,0.08514514946673712,0.85769448848151
326,0.2330534080897681,0.03956867075221779,0.00035626546051265685,0.2655179373171696,0.46150371838033194
327,0.16533930695783938,0.13466816138802642,0.0004761999917850586,0.22878872838316636,0.4707276032791828
328,0.06800828566094963,0.04392072673802182,0.0001563936890097346,0.4793849441196735,0.4085296497923453
329,0.1156572590503108,0.05563251414123355,0.00031363822757671434,0.5255846789854915,0.3028119095953874
330,0.0548612987683127,0.052407108710139094,0.00026546467353320943,0.41573792689554245,0.4767282009524725
331,0.10755079992061774,0.03536039076535178,0.0003633969190363529,0.5329819059361331,0.32374350645886096
332,0.10529588277024367,0.044697179482326654,0.0002277920082046038,0.6415223336822024,0.20825681205702268
333,0.08974907879006733,0.0666584732137022,0.00027697366090174996,0.6792347653850874,0.16408070895024127
334,0.1474726019721453,0.038654556692712685,0.0006194483580658534,0.5440068063802596,0.2692465865968166
335,0.0493748015721425,0.020181819793659593,0.00010527748066990697,0.8443274511280945,0.08601065002543364
336,0.03993215152134522,0.02505004757709993,0.0001321103042684947,0.826107361271256,0.10877832932603046
337,0.03966289979498274,0.030649391189755352,0.00017534792948734908,0.808753360449952,0.12075900063582254
338,0.05662709687391432,0.028630972949706596,0.00032809473754887323,0.73046090557397,0.18395292986486012
339,0.20528051545075332,0.12576432415016642,0.0024330150364445372,0.41321997611799643,0.25330216924463933
340,0.18145623771330305,0.03960503987519734,0.0008348291145555157,0.6456022807166996,0.13250161258024462
341,0.08775605957853581,0.034531820218395314,0.0034893435454305187,0.3562056506414243,0.5180171260162141
342,0.08119513447221381,0.022784214015424274,0.0003946021718615809,0.8290191748908353,0.0666068744496651
343,0.0538786317976717,0.02012659441792069,0.00017671485030405329,0.8168017541079868,0.10901630482611666
344,0.07684383932223085,0.03262878016635581,8.281929637791104e-05,0.83472397310224,0.05572058811279527
345,0.045190956320661384,0.03507484292412563,0.00011849856645935527,0.8664133561187851,0.053202346069968626
346,0.053125696644310674,0.056122836128660494,0.0003838572328935233,0.6745742269226803,0.215793383071455
347,0.04924761270602426,0.03465465825239761,0.0003371417842248435,0.8165163436044787,0.09924424365287464
348,0.38636550022313204,0.16023967887963134,0.0007658573842983998,0.2881027780077415,0.1645261855051967
349,0.19842914895450386,0.23476898393063064,0.002157702224223356,0.37172227425202803,0.19292189063861412
350,0.31373578390305557,0.33954616525136216,0.008813548760352443,0.238750242226685,0.09915425985854491
351,0.4237948913434412,0.3514385902110361,0.015161344357258291,0.06725430266592368,0.14235087142234068
352,0.14858500813354095,0.48210057027544007,0.06047110004545938,0.08833138753911918,0.22051193400644037
353,0.4935230235067722,0.2891365629758356,0.02127879569315579,0.1130375574692013,0.08302406035503489
354,0.2395443209926695,0.5712593665696454,0.06434495275305281,0.07835825004414172,0.04649310964049073
355,0.1790283112668105,0.7094525904315927,0.035333564180427435,0.050245601225027414,0.025939932896142
356,0.2434823086826849,0.4361532107760362,0.06209740833369176,0.09375576701648967,0.1645113051910974
357,0.07240281967765928,0.7983484353419462,0.1076965015531507,0.010749084830446141,0.010803158596797797
358,0.3865388596805214,0.3390431523626402,0.07716896995185804,0.05516310525218132,0.142085912752799
359,0.10367745816678525,0.779750516498094,0.08840015543415639,0.011280576347408842,0.016891293553555602
360,0.04693386828532639,0.09926854474852155,0.06458860732318944,0.010172298232003326,0.7790366814109593
361,0.17618914695271087,0.1837930734184263,0.019101223471642517,0.01629673317970664,0.6046198229775138
362,0.21334890974562246,0.27231463845136855,0.006694034384837268,0.01826692062586332,0.4893754967923086
363,0.21834411947345056,0.33891062549289447,0.016747142400560924,0.01377706433060708,0.41222104830248696
364,0.06102506725725251,0.7936911175176228,0.097521876854251,0.0071574693076768385,0.04060446906319678
365,0.065526631029099,0.3290062865481325,0.017567864155440954,0.028687869988240047,0.5592113482790876
366,0.13945791184728928,0.6979297557236624,0.016200408813384394,0.024218479997127073,0.12219344361853682
367,0.19026273669749333,0.6103995034732944,0.012636943800533533,0.05343420896146725,0.13326660706721144
368,0.1335125630047982,0.7021009664356389,0.07939904051863908,0.01702858131071922,0.06795884873020472
369,0.17527860218166885,0.4780364035479751,0.01168979052066936,0.035867555624292995,0.2991276481253937
370,0.08709908214544966,0.6437458784425264,0.05889829762970351,0.014073602952934867,0.19618313882938562
371,0.12802928714067496,0.5576887859357538,0.03250523877185222,0.00600921404545465,0.27576747410626434
372,0.188440915643251,0.7671212032115835,0.006778095019086404,0.008769219754406633,0.02889056637167249
373,0.2854964010046046,0.538081067007923,0.01870184601040028,0.014219130640787591,0.14350155533628456
374,0.2364503345416496,0.6914589481641499,0.021858852759264257,0.009210581946354735,0.04102128258858149
375,0.0696838584855302,0.8896856692050928,0.01736633308007406,0.013640672897237003,0.00962346633206604
376,0.041784495593969455,0.8858064687531552,0.04389722777270134,0.013127160841008756,0.015384647039165356
377,0.09657658919790381,0.8289735702089396,0.01215544596152057,0.039404452990262774,0.022889941641373528
