epoch,N1,N2,N3,R,W
0,0.0006087948704503755,0.00016322265044123557,3.302797681547151e-05,0.00024379419550678313,0.9989511603067862
1,0.0029159558616962786,0.00020158754113943855,0.00014185383780422568,4.087877759604624e-05,0.9966997239817641
2,0.0015515375828223019,0.011939706261207808,4.6664576199390446e-05,0.0010279330519735682,0.985434158527797
3,0.005467943701374417,0.013710377203963895,2.0798702094653963e-05,0.0011344683310944316,0.9796664120614726
4,0.0004670958121717022,3.863695919246598e-05,3.3368994141146675e-06,5.35520300526934e-05,0.9994373782991691
5,0.0022248090090325624,0.0018565136567203966,2.3154210620734338e-12,0.000414383430165236,0.9955042939017663
6,0.0008318830100873197,0.0007787311498255842,1.6979131410551618e-05,0.00021493068254382168,0.9981574760261328
7,0.0023573424127113023,0.0003005919206927266,3.948135554486538e-05,2.919871371410651e-05,0.997273385597337
8,0.0023965034630735434,0.0016542284859183832,7.892671160149215e-05,0.0010926166059034908,0.9947777247335031
9,0.010799489683828867,0.01835033370651791,0.002925080765906734,0.0012403393469216301,0.966684756496825
10,0.005330174098838809,0.047501664396866546,0.5043955318399519,0.0020339351920365275,0.44073869447230624
11,0.006872427016925312,0.03855799523371302,0.005296738928669763,0.014405401432262998,0.9348674373884289
12,0.008149607760733264,0.007841107033421226,4.013652497756801e-06,0.00637569892366112,0.9776295726296867
13,0.004074819779082704,0.0027504802618225784,0.3727701388718001,0.007908746932346543,0.6124958141549481
14,0.012024903420409322,0.03624908413414017,0.0015214332261511926,0.007938541401381422,0.9422660378179178
15,0.009657370037193354,0.03155750130485151,0.0008613572304837628,0.008272769737011035,0.9496510016904605
16,0.02647837924960326,0.01408465744795634,1.1692269692264703e-05,0.036284092094158046,0.92314117893859
17,0.0028236046719162813,0.002818558937734424,0.0023975770683690766,0.0021950394858753115,0.9897652198361049
18,0.0009563477155845942,0.000786100886099157,0.011936111256207055,0.00016440426980033026,0.986157035872309
19,8.285671096070027e-05,0.0005447474669447996,1.477256827191477e-05,4.8807141770578115e-05,0.999308816112052
20,0.00020007205326230017,0.00020965885399142517,3.147587076652995e-05,9.112940164481307e-05,0.9994676638203349
21,0.0030661269026151365,0.0009879472175330316,0.002033184556650841,0.0001971961127074726,0.9937155452104935
22,0.005488150406663564,0.022998504408578892,0.0023144297083531676,0.0028836270209702253,0.9663152884554342
23,0.007622354173258574,0.03231776132645502,0.003575504970640946,0.002771443158459664,0.9537129363711858
24,0.0037859493110544394,0.012287280957598866,0.00026166692338014223,0.0016617769878161546,0.9820033258201504
25,0.03754472443322659,0.00747440407867686,0.014370576385567952,0.013353712149117312,0.9272565829534113
26,0.017099507859172317,0.004165424869137338,5.3032415729781155e-06,0.0033854187429147344,0.9753443452872026
27,0.006016483140065315,0.01732044481852178,0.08678826956447983,0.005161182269480327,0.8847136202074528
28,0.029733005289589456,0.02328352663578358,1.8238280568359643e-05,0.02627054804737491,0.9206946817466836
29,0.04752505934802304,0.02477987360700329,1.1781602347991838e-05,0.015931564378421074,0.9117517210642045
30,0.0023001573024800212,0.0020516524441244665,2.473216267944501e-05,7.292975907754306e-05,0.9955505283316385
31,0.006317386690679385,0.008850494900920483,0.0002875996996711823,7.124952947673512e-05,0.9844732691792523
32,0.0011347545193610888,0.0012316965452950747,6.617971989206725e-05,4.833933215932304e-05,0.9975190298832923
33,0.002928501457452879,0.002760073627780575,0.00016607776857560967,0.0017194103916526296,0.9924259367545383
34,0.014917861506278936,0.0072883282683808654,0.004968520251957321,0.00031086921618453904,0.9725144207571983
35,0.039123966506776665,0.0088899292725073,0.00014958376140225739,0.0006918162857558795,0.9511447041735578
36,0.003338541075246436,0.002351950310203116,0.00024183624298832317,4.962661008399707e-05,0.9940180457614782
37,0.1839780343343263,0.04461908467183227,0.0005892261695030006,0.0014515120745931184,0.7693621427497453
38,0.12500889436795654,0.05074732089068094,0.006629329609908537,0.0008586246977557047,0.8167558304336983
39,0.12843242701832572,0.04924711213515973,0.00429219503937968,0.0015185687832195527,0.8165096970239153
40,0.14188231151187608,0.07555086319533567,0.0008120380285670966,0.0013334712669207532,0.7804213159973005
41,0.1724278541293116,0.036387686786628876,0.0008182774615132161,0.0023242252206420264,0.7880419564019043
42,0.014993963669660392,0.007191542915382966,0.0016887102183227314,0.00023385350176622667,0.9758919296948676
43,0.0015213982376025038,0.0017134969864281927,0.0013436935490407453,5.423687742401199e-05,0.9953671743495045
44,0.00019798452237529884,0.00013174780668056928,0.00016487638194539951,2.615265546454018e-06,0.9995027760234522
45,0.0004329886690189343,0.00028377648912012414,0.00027147769765628225,2.7686950451494715e-05,0.9989840701937531
46,0.001366463803755466,0.000439793203702702,0.0001262565882194475,2.9474924737736133e-05,0.9980380114795847
47,0.004372897446770504,0.00558723717031263,0.0016302509488829444,0.00016455535555550435,0.9882450590784784
48,0.02016489387765907,0.004102125981429903,0.0014663020078256974,0.00031593032923788985,0.9739507478038474
49,0.023494766057009158,0.0025908290033676592,0.0008819310721155773,0.0005065676936556644,0.9725259061738518
50,0.043064661655171824,0.005532513481191256,0.0003530462193697866,0.00047999508311817585,0.950569783561149
51,0.003912820794319044,0.002517792660695482,0.0006516812392585518,0.0002416122944405255,0.9926760930112863
52,0.0012507213731437984,0.0005393713308372063,0.00031696618372448003,3.4542253604141304e-05,0.9978583988586903
53,0.004871394449263766,0.0025357196390653567,0.00020860727331011985,0.000104741502465663,0.9922795371358951
54,0.16339599614789335,0.015910197362975997,0.0003414817010425442,0.012541725523208931,0.8078105992648791
55,0.013520574637570884,0.004064551836490498,0.0010515019183306947,0.00021237756355574295,0.9811509940440521
56,0.011814561639257967,0.0034391463567224416,0.0005315298853457353,0.00032196035890769657,0.9838928017597662
57,0.1271849826631456,0.03297427714981085,0.0007657099074267285,0.0017825303689887795,0.8372924999106279
58,0.10610103809462602,0.02241675464740182,0.0009604265644905206,0.006886855828764318,0.8636349248647173
59,0.22255758453198732,0.029245879180794902,0.0026547221932198,0.005570897345017988,0.7399709167489801
60,0.28394961388793966,0.06230961219778662,0.0011350169043592264,0.003331740518514946,0.6492740164913995
61,0.30947706126416663,0.08382653565634919,0.002286241796164947,0.006074284318838886,0.5983358769644803
62,0.4294610634616466,0.22291460438444535,0.009268111087600141,0.03375520335455234,0.30460101771175563
63,0.3244391884073995,0.38658418233082004,0.009197140452749039,0.005308467556211172,0.27447102125282036
64,0.1941909714730527,0.6332811846466987,0.014681965902709735,0.012156017902752123,0.14568986007478668
65,0.21264121509323972,0.5853620389759852,0.028481308418362387,0.034943285416703405,0.13857215209570933
66,0.17826086715183379,0.6994921397450736,0.05970928952372438,0.015338439467224945,0.04719926411214331
67,0.1924202439907445,0.6781079188073225,0.030190911485843196,0.019888801474291666,0.0793921242417982
68,0.17268861732242624,0.6600284803647777,0.06582269993672399,0.004993730745471526,0.09646647163060057
69,0.2074925105361185,0.667716723454396,0.06103953666895069,0.005453980984903971,0.05829724835563109
70,0.18244302001043397,0.6574360502272235,0.08432855945862827,0.016240686618761296,0.05955168368495302
71,0.10916901380003671,0.7171491356797892,0.1304243233846002,0.013296160514283008,0.029961366621290786
72,0.24356776901282037,0.5681412726925144,0.08008092477424192,0.029506256446090836,0.07870377707433256
73,0.1758155183549656,0.5103995175215411,0.020142674544012765,0.009955096492896697,0.2836871930865838
74,0.13320328381954286,0.7682832267377613,0.05691006027272934,0.007119800358044561,0.03448362881192183
75,0.13865237713701653,0.8125430990631621,0.019343451976513666,0.004150558234656913,0.02531051358865083
76,0.1755872668727093,0.7087547337211563,0.09043016821564613,0.004641897124547685,0.02058593406594058
77,0.1382612145217599,0.7616598727235562,0.07425151429129798,0.011195364129733463,0.014632034333652514
78,0.11808376760210018,0.7876458410294129,0.07334034572468305,0.0053431825657402334,0.015586863078063706
79,0.09838415735810437,0.8260736809220874,0.06220465408703549,0.0019971433546680977,0.011340364278104738
80,0.362613823323142,0.5247536133183145,0.09688322985845307,0.0012193036666321541,0.014530029833458314
81,0.06101760821578197,0.6498885841584081,0.2797656400563728,0.0013253012840313836,0.008002866285405722
82,0.02833262824929295,0.5524723032538669,0.41099529650127187,0.0020502230070627877,0.006149548988505481
83,0.03685046278690665,0.6673261053784308,0.2661682764713497,0.013759889755317792,0.01589526560799495
84,0.009571861487162991,0.5795258361049539,0.40131402048693626,0.002479143124033887,0.007109138796912991
85,0.005650125552582936,0.3806887983377003,0.6005231171444497,0.004838862404971915,0.008299096560295106
86,0.023633416781686716,0.43439261347795893,0.5241458446861333,0.008233557136390306,0.009594567917830631
87,0.018586721166184823,0.49028583680886845,0.47847408994239526,0.003790313038551972,0.008863039043999526
88,0.0261596250995155,0.4624629216012514,0.4786188244193536,0.020812242614382602,0.011946386265496807
89,0.023265306624644076,0.42918791727452626,0.5297358211769547,0.006070194782310539,0.011740760141564355
90,0.06281098599802952,0.4208410475566895,0.49079778358898035,0.014857503248579849,0.010692679607720712
91,0.051167252926066956,0.4638768829950387,0.4484199430970486,0.01639274364359461,0.020143177338251213
92,0.016556041613580784,0.5122389355462822,0.4496751280321881,0.009626351804044045,0.011903543003904747
93,0.04054790219421356,0.7267186341022952,0.21299496573472534,0.005466688990503997,0.014271808978261982
94,0.0803374680737928,0.6646746102280856,0.24456424498609639,0.004592574568942466,0.0058311021430827925
95,0.039405079195678386,0.7559680686798327,0.1689790257391304,0.019866195520354287,0.01578163086500427
96,0.10134674830038247,0.6818393596766062,0.18700302261623877,0.016137711980267942,0.013673157426504611
97,0.06500244422714634,0.5786973262442134,0.3246358352286931,0.015056459343429585,0.016607934956517592
98,0.049914156038469125,0.6264772628101966,0.3116059576098909,0.003859432416647179,0.008143191124796093
99,0.08687410718235121,0.7185707151006367,0.17474950811330375,0.0052325129024988854,0.014573156701209395
100,0.053706673752749026,0.46751772938425523,0.4610769045856326,0.010636339920470788,0.007062352356892518
101,0.01652569470850294,0.3799701434282257,0.5952202825210412,0.0028437561469920433,0.005440123195238165
102,0.026081649198098338,0.24811396285632542,0.7067999693438917,0.01018358222836398,0.008820836373320593
103,0.0428673119493198,0.4868857451925693,0.4399360360946567,0.015601592470792914,0.014709314292661372
104,0.021872938922392896,0.16284992083667488,0.8021719275222003,0.006112312550325705,0.006992900168406063
105,0.025211061325475233,0.21919542632371822,0.7448842710922893,0.00443024569105169,0.006278995567465584
106,0.010613324387940874,0.12049644259234268,0.8585762930623907,0.0032667245887050933,0.007047215368620654
107,0.007281260760843706,0.08438348577356147,0.9041223607171285,0.00214061814206489,0.002072274606401487
108,0.04995509216194906,0.24634898539507313,0.678708872542035,0.0043167759168204565,0.02067027398412238
109,0.004639802292715444,0.11700268563757797,0.870886965961079,0.0036694668946187763,0.003801079214008713
110,0.008211911392386875,0.11260707914489917,0.8704339732338348,0.004770727625987035,0.003976308602892203
111,0.010675830050918239,0.09648118032915783,0.8822579125223158,0.0077507863790700895,0.002834290718537992
112,0.002154614910011908,0.06202647283278609,0.9278488486679087,0.0049206261083384216,0.0030494374809547616
113,0.004069501242376665,0.07284489163752708,0.9091905267542896,0.008408489538818488,0.005486590826988148
114,0.014890180828361086,0.1370487290124226,0.8314793900756169,0.009395224056899684,0.0071864760266996345
115,0.016820882792970508,0.18440665742334783,0.779443256221069,0.008671043456742899,0.010658160105869754
116,0.022274339508672285,0.1949732399294229,0.7632490261640061,0.013452868025281492,0.00605052637261705
117,0.026963934471698234,0.20844059654639735,0.7401213232422774,0.012344438938230824,0.012129706801396118
118,0.03183481758401651,0.31319836242758053,0.6324596858576064,0.010353421926649878,0.012153712204146742
119,0.021728975938810936,0.24046945304777415,0.7120744114167531,0.010725472921205889,0.015001686675455875
120,0.023779172717900202,0.3282101238989988,0.6364482562301936,0.006053298198480103,0.00550914895442724
121,0.07930913441446957,0.5416341601548402,0.3417261929623593,0.020736714012015777,0.016593798456315048
122,0.060778128408559014,0.48169847715339026,0.4329168644167158,0.015041742609961965,0.009564787411372993
123,0.013822327866915536,0.2709472746035856,0.7091801304914386,0.00236954795916171,0.0036807190788986192
124,0.027023960370723014,0.27073884224700956,0.6813473957869676,0.00999857640000933,0.010891225195290599
125,0.01819655332269286,0.41860528664958074,0.5478563080338609,0.007759191798282353,0.007582660195583081
126,0.017503935613135253,0.2261792663925983,0.7384097890148846,0.012399007839233568,0.0055080011401480436
127,0.03202756558405695,0.306334255954203,0.6331231575195373,0.012137308665777783,0.016377712276425052
128,0.014650875964763633,0.2579504739799132,0.7164836464585095,0.007536216850211525,0.003378786746602193
129,0.05294338511421655,0.3438941516522422,0.5596011795507725,0.017692588139314496,0.025868695543454258
130,0.05160215414281743,0.44177030405413836,0.48340195434514804,0.014448134712430435,0.008777452745465854
131,0.03411904617466967,0.4037956394454033,0.5432371174321328,0.011549475789378772,0.007298721158415571
132,0.09476848438555645,0.4498721245360842,0.4115178745183891,0.022017761233461018,0.02182375532650928
133,0.06646264545070471,0.5835442736007118,0.32800147539813,0.01562802855722309,0.006363576993230406
134,0.045140961257099946,0.4710413701860887,0.4558860944852104,0.014499552549912208,0.013432021521688634
135,0.029539589381100545,0.2906025274488838,0.6552768628080494,0.01619268596059786,0.008388334401368257
136,0.08026348935524909,0.49828270168835287,0.34795478618628994,0.026747230539877022,0.04675179223023094
137,0.06038723127138654,0.47360784635716097,0.43999670151223247,0.01598436148578666,0.010023859373433436
138,0.06099306377040905,0.3690516970593531,0.533311325033674,0.02065471843273428,0.015989195703829506
139,0.047623148268639406,0.5202534622032763,0.4019797427343351,0.021209958758857846,0.008933688034891247
140,0.05143316863588063,0.4957754355042792,0.3963478224251699,0.033619763382509556,0.02282381005216084
141,0.041337249735863224,0.3639489042302956,0.5655233278428313,0.017812167156900878,0.011378351034108931
142,0.03263325556496687,0.25601204990844534,0.6642835099938561,0.029982386134481998,0.01708879839824973
143,0.027066904285656387,0.2485999859879287,0.6922503113301386,0.01706965112592853,0.015013147270347693
144,0.032284765688510214,0.2533827508425975,0.6700726615684282,0.024715559480927872,0.019544262419536336
145,0.008111175281643299,0.0802917038215082,0.8936566439902107,0.008238750521853074,0.009701726384784736
146,0.020164604457863625,0.12734490830982914,0.8290648298345312,0.01079808159609063,0.01262757580168542
147,0.02126184805560771,0.21407747663296595,0.7219595592696607,0.019863426841663093,0.02283768920010259
148,0.021231920594257134,0.1743418783991846,0.7647089690910579,0.017320277464540918,0.022396954450959357
149,0.011002241173898739,0.09319698032173127,0.8732834806359047,0.010457557891635738,0.012059739976829726
150,0.020386736096255163,0.12839697503015426,0.8199286336034592,0.015386102836114834,0.015901552434016517
151,0.012236060922639345,0.15775010529312952,0.8020250522572684,0.015412592869881446,0.012576188657081325
152,0.03566847125343571,0.2602723518895251,0.6498922020112404,0.02830850852259342,0.02585846632320525
153,0.013541415775406147,0.13450170896761335,0.8228658928030915,0.011033699509375775,0.018057282944513118
154,0.011338775495717114,0.09216246778717833,0.880063584704879,0.009199852488075772,0.007235319524149785
155,0.02000868016124148,0.10943720182245885,0.848196544502297,0.012809302333694324,0.009548271180308422
156,0.041267872175922996,0.2601740912284733,0.6671194940665067,0.015592362488416176,0.015846180040680766
157,0.0693758174791455,0.3307678645801006,0.5272130769027306,0.05021568503808008,0.022427555999943147
158,0.061018237720781514,0.2265441903738218,0.6371376280645586,0.05155703662793854,0.02374290721289945
159,0.0713566078318411,0.07236875146356718,0.02225258726059748,0.006638926213415249,0.8273831272305789
160,0.24327004666392052,0.447935454378819,0.2192925563721974,0.03693400769043666,0.05256793489462637
161,0.11170744982875658,0.7052696543592298,0.14597459365130852,0.022013897442598337,0.01503440471810682
162,0.18543588240956704,0.5780732301824901,0.10998929319974358,0.05679877578092163,0.06970281842727775
163,0.05766642885518814,0.7170015081100669,0.1518986904913533,0.06278094650191071,0.01065242604148109
164,0.11495321240335565,0.7048725368463397,0.12833539042048167,0.04408767591599576,0.007751184413827183
165,0.1111716279946412,0.6892182647044528,0.091851511228599,0.09516729308129718,0.012591302991009794
166,0.1472596104677617,0.5182786370036487,0.08852548358206379,0.23159957228155073,0.014336696664974993
167,0.1193977028570423,0.7198195144286704,0.09747442010211804,0.05507835414603959,0.008230008466129696
168,0.04003114946481009,0.7942608939333631,0.09839621277559298,0.0524285996532801,0.014883144172953685
169,0.06786476794893108,0.8187435323362628,0.06981870177241031,0.022381804948720864,0.02119119299367485
170,0.16544038996749852,0.6902638626799968,0.08876674584338279,0.04563266034631437,0.009896341162807585
171,0.08964581382194134,0.7282219077048142,0.09171182124948145,0.08322189224779918,0.007198564975963782
172,0.0642488827753924,0.862430531763197,0.03810577519661225,0.01936898809833022,0.015845822166468355
173,0.12546392581797525,0.8042370151425391,0.032380673220779685,0.021776492290021866,0.016141893528684066
174,0.09012176927271125,0.7161111683160185,0.11410762133339936,0.06596238387006413,0.013697057207806741
175,0.1502737031730652,0.661164174226463,0.10833563867309023,0.05424331311036403,0.025983170817017544
176,0.13387180065003243,0.6810999641459934,0.09281254653654032,0.07240007950317773,0.019815609164256245
177,0.051554466691521736,0.1047019809422578,0.011948190422943173,0.007430348381560167,0.8243650135617172
178,0.2628951408380534,0.6324813471949414,0.03199536305650067,0.008282579311487431,0.06434556959901709
179,0.23212629352409447,0.5875630109170807,0.14806160108298705,0.009947468583262405,0.022301625892575363
180,0.40604168888096115,0.440409445653534,0.11826250462557925,0.00861685276148503,0.02666950807844064
181,0.15141796915119207,0.7650455147958141,0.029851702347944882,0.0166274632979749,0.03705735040707408
182,0.09022729730054338,0.6570186167652542,0.033362408361267006,0.03735349332302275,0.1820381842499128
183,0.20479495505823483,0.6566331815474038,0.0726862725630089,0.027645969655369317,0.03823962117598308
184,0.3617523665624328,0.5356602128754754,0.0075161686836597895,0.03638209241179519,0.05868915946663677
185,0.25106951150322226,0.6460846193052598,0.030608709859181422,0.034420651128350306,0.03781650820398609
186,0.28438889078845736,0.5851120235022885,0.044639153194160966,0.06848413593284684,0.017375796582246375
187,0.12260434945855474,0.6277482264515452,0.03484662933810942,0.16238678660362904,0.05241400814816161
188,0.04077616295972626,0.657175372443436,0.08469629275119378,0.1729905348335542,0.044361637012089575
189,0.10179462879125412,0.6472315351010741,0.012989392981145403,0.1216684429479602,0.11631600017856607
190,0.12813384540554681,0.6902502317178596,0.008883897629877832,0.128673751856319,0.04405827339039661
191,0.1524236412377392,0.43610819581800175,0.0031684516135741646,0.12788710994232397,0.28041260138836105
192,0.28372666888215503,0.17797592185012015,0.0008593349893346741,0.17070716205032357,0.3667309122280667
193,0.24038325565044003,0.3536457796572238,0.004350749193203401,0.22755543876927675,0.17406477672985596
194,0.210672499824068,0.15286182788273525,0.004989493131242886,0.445114460821795,0.18636171834015883
195,0.1300065623409318,0.12180536023517557,0.002864787116421862,0.31925667965164656,0.4260666106558243
196,0.16431210963228568,0.06824272613688691,0.0018292959557791562,0.27674222582727537,0.4888736424477728
197,0.10752880513389608,0.04641472851976656,0.001533813127644266,0.31788195059483326,0.5266407026238599
198,0.2711041223279258,0.1685325585229474,0.003326859193793686,0.18285875800940254,0.37417770194593075
199,0.11562917599260665,0.2701675161842508,0.0011879870760286419,0.5732644250098962,0.03975089573721765
200,0.18977687157148937,0.1889764516724675,0.00038283228943804915,0.5431549338726324,0.07770891059397278
201,0.2892658844998353,0.1296427929565146,0.0011063948283435363,0.14211330341621956,0.4378716242990869
202,0.1896840155429566,0.19710294277179652,0.0016207377636598527,0.14485215495802745,0.4667401489635595
203,0.19305854039288198,0.04398607034840579,0.0024889811267874047,0.08767730996188293,0.6727890981700418
204,0.136314787264012,0.04123741356491213,0.00032185515631822856,0.6280973654428335,0.19402857857192427
205,0.3452101521618969,0.06126115169990986,0.0026917823281984174,0.4576124198449517,0.13322449396504307
206,0.10912520521598326,0.03189079009613014,0.0021207883595600607,0.49217745117084843,0.36468576515747814
207,0.04846923860965526,0.014650281863947073,0.001744420825454307,0.5748827511948567,0.36025330750608664
208,0.10444989098916432,0.06883374509175587,0.0019088219710188018,0.4226653675218175,0.4021421744262436
209,0.021285007466361014,0.006052996352496081,0.00019285477157586096,0.14860964560040346,0.8238594958091636
210,0.027477393030196435,0.01730013322397478,0.0003504315589402031,0.07743355705456374,0.8774384851323248
211,0.2604181008216039,0.08515845732060269,0.0005434295619134671,0.2506723031013893,0.4032077091944905
212,0.17574631810081862,0.0996134686785095,0.0017111112899200391,0.32104379028430385,0.401885311646448
213,0.1803173940618342,0.2434128887936234,0.0024457344444691804,0.264622782799783,0.3092011999002901
214,0.1638502881610716,0.12077766574278684,0.002116619354056435,0.41956386552922204,0.29369156121286305
215,0.2791758954745382,0.10429478856304705,0.0019039231654295905,0.3986320527728944,0.21599334002409076
216,0.12475886512474751,0.053852058364061595,0.0043532794815482065,0.09435461094534726,0.7226811860842954
217,0.2561290910494744,0.3882730967321394,0.007117690553341415,0.08256288456787406,0.26591723709717086
218,0.45273868493400565,0.35711183444355027,0.01969756038815353,0.08679708740584226,0.08365483282844828
219,0.40135178067025845,0.3621827558524197,0.01547047732160778,0.05202136138360597,0.16897362477210826
220,0.15743846830512023,0.32118864113600015,0.01416461585472798,0.4359679711596277,0.07124030354452379
221,0.11754838459631728,0.5127729765781223,0.024795772572049492,0.24964875641852236,0.09523410983498862
222,0.10781169104778265,0.8381412884796147,0.014215842562460185,0.019593648643805077,0.02023752926633734
223,0.13871052929007627,0.781908664671656,0.019648576550918725,0.04073147139154657,0.019000758095802518
224,0.18257425770700514,0.778555595265982,0.021899380020181363,0.01103306207032146,0.005937704936509889
225,0.06992079361138955,0.8953408695898022,0.015397878959054947,0.012147545173295393,0.007192912666458189
226,0.13693499626853464,0.8122881480965379,0.022523711025937372,0.018452887297852546,0.009800257311137608
227,0.057949264167636606,0.8952608346424403,0.014238330382786987,0.024179908641513665,0.008371662165622431
228,0.05018223017114822,0.8735379721721749,0.0437964068528077,0.018543750028088033,0.013939640775781297
229,0.0635752190124865,0.805527041811671,0.09466622971356234,0.020454923069120654,0.015776586393159417
230,0.05254655966828752,0.821756095064807,0.08663555751789484,0.015360321599150724,0.02370146614985998
231,0.11181242417769384,0.8332068296775434,0.03497483104858686,0.012228298951555146,0.007777616144620539
232,0.07302411623334487,0.4685556955018061,0.06760859110360715,0.0037187250134691286,0.38709287214777266
233,0.3046839592824166,0.5599357355472463,0.022594912602369812,0.011956591193111885,0.10082880137485535
234,0.1937599614603287,0.7303022369899118,0.03250883482594103,0.0066777634529049555,0.03675120327091359
235,0.18892165147091564,0.7175895998775002,0.03473828879286144,0.004626965228697151,0.05412349463002554
236,0.0783079038655846,0.8396814198828491,0.02986977537465035,0.020757041173657436,0.03138385970325862
237,0.1283391758369041,0.797004648892429,0.03283860393324526,0.02973422381910409,0.012083347518317411
238,0.1912176725851941,0.5181210558802755,0.02915363002399175,0.013622060354058252,0.24788558115648032
239,0.1980831794119495,0.6975203266193125,0.04145181475297463,0.011688047557455679,0.05125663165830764
240,0.1161006803485089,0.8258747622645587,0.026136592735232875,0.013999035428913769,0.017888929222785514
241,0.09865789616395308,0.8608894651812528,0.024277214245288937,0.005095120566253864,0.011080303843251461
242,0.06488087418002271,0.89186947531583,0.03271071469410201,0.005270170207637167,0.0052687656024081415
243,0.08478965792758855,0.8800667203276494,0.02360574139857754,0.006379869512502832,0.005158010833681704
244,0.11977170226743816,0.8438788248249914,0.023011275473322938,0.004587453378225088,0.008750744056022476
245,0.07544012482484862,0.8288657916662631,0.06500716420578193,0.01709132371357628,0.013595595589529974
246,0.08083642019481158,0.7978479964710853,0.08298269433355734,0.020110607700049635,0.018222281300496256
247,0.06131516184783184,0.8364264757766496,0.07896068899084509,0.006968681324667534,0.01632899206000588
248,0.05724247120078612,0.8344493608109033,0.080120138808745,0.01287095534400722,0.015317073835558321
249,0.15022002526109898,0.2657023191129618,0.014272231426619578,0.01241619801753099,0.5573892261817887
250,0.15083681318678735,0.7540613555948328,0.04179312031804739,0.013300029160952562,0.04000868173937991
251,0.20462444921515283,0.6790092514609998,0.03197037787027427,0.04513077979158196,0.03926514166199124
252,0.17567483321448746,0.7253720795477534,0.05320154546725683,0.01455395865536725,0.031197583115135086
253,0.05978982209435234,0.7517114070704892,0.12034640346795594,0.03243863150696586,0.03571373586023661
254,0.0925985805520389,0.7619529517852334,0.030204372414224866,0.06238917616303114,0.0528549190854718
255,0.10159776493588199,0.8092444637232826,0.07288712832094611,0.007889542810568978,0.008381100209320216
256,0.09603813130472251,0.7954297612023132,0.04663959739308564,0.045234351000070755,0.01665815909980786
257,0.11744329213097866,0.7869790830462916,0.06872802292009257,0.01039051250694496,0.016459089395692298
258,0.11033659743032603,0.7755986039755141,0.08292133020677549,0.016714310929829404,0.01442915745755489
259,0.0824945911801407,0.7287185291618347,0.13089611353610683,0.04308341308157999,0.014807353040337935
260,0.06679306304686108,0.8046198121833903,0.105401798389293,0.013595581452972561,0.009589744927483166
261,0.049957832493371636,0.8037349831234728,0.11615184909679949,0.01797937551463113,0.012175959771725059
262,0.05481051546032655,0.7668293661399269,0.10669380067078794,0.05344404815199734,0.018222269576961183
263,0.05723380491682277,0.7570536085947027,0.10174015016786934,0.049027717317922055,0.034944719002683054
264,0.11925646809259591,0.5865586464549631,0.1461538449579712,0.08269477939762132,0.0653362610968485
265,0.062484591477693724,0.5198696566098764,0.3057606559107607,0.038171276871436455,0.07371381913023278
266,0.13723302923448483,0.6284096194779923,0.12854121499119642,0.026664855369549944,0.07915128092677637
267,0.019270260070863993,0.016407239575091548,0.003409879013573067,0.0018641412021816602,0.9590484801382898
268,0.19828116625562672,0.5225867694607148,0.02282803708588154,0.03788958203939858,0.21841444515837843
269,0.14581442356849766,0.39760481468497744,0.04173016955629971,0.04596669985415479,0.3688838923360704
270,0.0975779674851362,0.1584007168983636,0.04755048630845659,0.017530834594777157,0.6789399947132664
271,0.06511413936016813,0.22221760079687414,0.01120524210042298,0.009418783599489554,0.6920442341430452
272,0.1700114451086056,0.30599950661448855,0.016383265892654948,0.011395171099982677,0.49621061128426824
273,0.10207296609693928,0.6838513831674446,0.03466736460429524,0.011312226894357137,0.16809605923696366
274,0.09448256040283189,0.4321638269353215,0.061746667089197786,0.00817743150716369,0.4034295140654852
275,0.24489079421387092,0.36864926419976096,0.038284445607555,0.027989133553837874,0.32018636242497533
276,0.12006789078811365,0.18684544443336892,0.01570342992770749,0.008815501589651723,0.6685677332611583
277,0.11561973237254868,0.6399167691606218,0.08524467115264002,0.008271342493034866,0.15094748482115475
278,0.19905315413263627,0.5928739989158051,0.05943240660351281,0.014824046003662323,0.13381639434438353
279,0.12864002667507832,0.752832556608858,0.0576398492216544,0.02789560287062776,0.0329919646237816
280,0.16392358124148643,0.7361529641210922,0.041133970217766366,0.014844985620254695,0.043944498799400274
281,0.06339885299819152,0.520102560395868,0.09864394251054977,0.04662153853085742,0.27123310556453334
282,0.1400949926808688,0.6862479205671644,0.047334520891445665,0.024969979500811517,0.10135258635970941
283,0.07271023158159715,0.3127620951674317,0.021103168227566384,0.007621672489636462,0.5858028325337683
284,0.10276048225902193,0.2777228841948986,0.009216980801321216,0.010931954892173355,0.5993676978525849
285,0.45644058167798757,0.44498344744322005,0.024699669420032735,0.013433435598490409,0.060442865860269396
286,0.41986093106920647,0.465551841721623,0.02128430667552517,0.006890290382679878,0.08641263015096538
287,0.19139241551453925,0.6507205532112856,0.026232100736512273,0.028741739866634506,0.10291319067102833
288,0.12100573008871157,0.5828454544939998,0.14391510564286705,0.0862961928969764,0.06593751687744527
289,0.03305372808142163,0.10748334018677447,0.012187937565930559,0.007572892288646884,0.8397021018772265
290,0.26410277512246927,0.36828574361793115,0.004443224507344376,0.01098010878860063,0.3521881479636547
291,0.28409710435420577,0.6789980210071915,0.01816540530834933,0.004417365345234882,0.014322103985018556
292,0.24144516954801895,0.7103572948285376,0.023572438817629295,0.007284414213820231,0.017340682591994016
293,0.18123407780800563,0.7152776257589836,0.06437091965574225,0.013541549566849961,0.025575827210418588
294,0.1574259797088509,0.7947987802767796,0.020476070411384144,0.02103928424449391,0.006259885358491564
295,0.08611237891570733,0.7988787400323244,0.07277187242979287,0.03405312382378927,0.008183884798386134
296,0.0640563465037557,0.8285219355834005,0.07874502174769964,0.023472070775200988,0.005204625389943199
297,0.04209970181115344,0.8565221940122023,0.09159325501957542,0.00477692384425133,0.0050079253128177
298,0.05371148054860164,0.7068964229182274,0.20294713306338524,0.026200738872511804,0.010244224597273876
299,0.05637536927171641,0.7505521366734268,0.1506173445519127,0.030300795377524857,0.012154354125419268
300,0.04570019516944668,0.7782890023130493,0.12331152834922926,0.0375949627412425,0.01510431142703218
301,0.1578514338222166,0.7123078782101442,0.04645933544565516,0.01689157805575611,0.06648977446622788
302,0.05264536694932664,0.8114362463332315,0.11081521276147205,0.007259113805561035,0.017844060150408843
303,0.0704623576471418,0.8282567554732944,0.0803341407985171,0.01221034244101941,0.008736403640027143
304,0.03574521169688529,0.8749371950031117,0.08087615562132203,0.004083479679612077,0.004357957999068951
305,0.07155614418930244,0.7833475452719049,0.12450289015418822,0.013415007220158589,0.007178413164445932
306,0.032017391430288256,0.7791631303142529,0.16723356094985456,0.015111771797645909,0.006474145507958188
307,0.061712884146847176,0.8388038643763754,0.08231202538829932,0.01038047646148789,0.00679074962699028
308,0.05413003195505776,0.7401896552022473,0.14438550377964393,0.049585244955086864,0.011709564107963847
309,0.07389789264857297,0.6261533517951304,0.23109478860342156,0.05080478990867116,0.01804917704420398
310,0.061896404654864595,0.7466113417829697,0.12492574890135706,0.043240791639064836,0.0233257130217437
311,0.09314303756266551,0.6326705830819812,0.08151813244096436,0.04860011772082658,0.14406812919356243
312,0.176860233407253,0.6998419419601325,0.03093932921643117,0.023454136141810807,0.06890435927437254
313,0.1307471410829885,0.6714068725007373,0.10755502850561824,0.052819755904039,0.03747120200661673
314,0.1297679318851905,0.7090715846425546,0.08782341875269575,0.03664489721980233,0.03669216749975683
315,0.016213239100826036,0.042024425915601675,0.004591018364788766,0.0023590264710695304,0.9348122901477139
316,0.24703526607199047,0.43414254725060625,0.13646789518715474,0.019569527057826896,0.16278476443242174
317,0.21322081790787456,0.30577084187936604,0.16605628574352108,0.02928347127702908,0.2856685831922091
318,0.12182133253602075,0.3892673674444866,0.2285894411656169,0.0061576227612118156,0.2541642360926639
319,0.18699477625890512,0.3006339691493041,0.2030309801313269,0.04920950114036331,0.26013077332010065
320,0.21446645767907488,0.38658519887079185,0.23397409272428285,0.047155257604480576,0.11781899312136997
321,0.1158593386335059,0.6274730844621131,0.12201094157003367,0.04820925018180008,0.08644738515254721
322,0.18351222935911565,0.6462244083052964,0.08678360255161643,0.04183985422337826,0.04163990556059337
323,0.3115079843887226,0.4547628663454459,0.1729640729569176,0.025087912950558386,0.03567716335835546
324,0.15392450202473218,0.47300506446279367,0.1615424309024425,0.010683933778907096,0.20084406883112443
325,0.20331003776845935,0.7053633042445581,0.013420448780721558,0.009696035426356652,0.06821017377990424
326,0.22215941907036024,0.6591508894067777,0.07159966416242311,0.02405777285596135,0.02303225450447756
327,0.1989821631136101,0.7432267398858857,0.03507353739893975,0.012581052379819317,0.010136507221745167
328,0.147584710300157,0.7511052941112143,0.06611598476834354,0.025677751702285482,0.009516259117999538
329,0.06927849270165583,0.7939244593651825,0.11322110736958269,0.010963238407129872,0.012612702156449098
330,0.09830377391099157,0.774593557852618,0.07727090457529523,0.03612576560626966,0.013705998054825483
331,0.0811054960870804,0.756291238444588,0.1242663433445566,0.025993112885384705,0.012343809238390287
332,0.10000555739958991,0.7096303394739549,0.13747920695247054,0.040256472854012695,0.012628423319971866
333,0.06328509908349472,0.7697270250501894,0.09916598161759183,0.05332219908317351,0.014499695165550643
334,0.06795358553006116,0.7990232982976092,0.07547269822909819,0.04798787013553259,0.009562547807698885
335,0.041843621462419774,0.7052037155364732,0.19976694955112656,0.04226731958577826,0.010918393864202274
336,0.06616262962253178,0.6707701491641724,0.16581510484922277,0.08019569050373726,0.017056425860335896
337,0.08972056560867198,0.7040632432001058,0.15994932515146276,0.03665048666448093,0.009616379375278497
338,0.050483121554984904,0.6810943496862749,0.17849744531432968,0.0776565001109395,0.012268583333470948
339,0.04554294758882477,0.7778879225419199,0.15080553990482976,0.018882432532384023,0.006881157432041653
340,0.08374199437229758,0.6423962147374828,0.17106436780347598,0.08908369882217324,0.013713724264570364
341,0.07388379834151373,0.6981477512248375,0.16851600707417266,0.03779891201849536,0.021653531340980837
342,0.09462209749765295,0.6787916770945105,0.11387912681920702,0.09499781300507944,0.017709285583550102
343,0.07640897823625913,0.7220586075381875,0.10967954050770215,0.06817174623482092,0.023681127483030365
344,0.08332712646810546,0.7813241903989054,0.10674739851479033,0.02142241640036088,0.007178868217837749
345,0.06764320561074788,0.7661635783670491,0.1041293389550206,0.04958390894423324,0.012479968122949223
346,0.0589792080426214,0.7572626244339032,0.11016509312824975,0.06817050620208173,0.005422568193143987
347,0.0994476393578657,0.6580343444243786,0.05555842377817067,0.1726501439320023,0.014309448507582718
348,0.04602109223181289,0.36106318191031395,0.14557966440776832,0.4381625085593056,0.00917355289079926
349,0.04923525242239443,0.3081196868829115,0.0958673124254815,0.5305485533404618,0.01622919492875076
350,0.06560497572330368,0.15232670180616273,0.025166987073084984,0.6977272240588188,0.05917411133862976
351,0.13552750460799545,0.13636210916548056,0.00942025793812123,0.5544853704535964,0.16420475783480637
352,0.11947890122827376,0.0778374788355584,0.006222661800131247,0.5803363556304922,0.21612460250554447
353,0.21010217067955125,0.09496347971484556,0.008398307064461163,0.5949280127476191,0.0916080297935229
354,0.13458392332733618,0.033890688891199124,0.00034403661047563324,0.6854904720975853,0.14569087907340378
355,0.1356872973602661,0.05043339556931622,0.002428391588059988,0.7436546437074912,0.06779627177486654
356,0.07210295695990226,0.05049221224402077,0.0012867315109973932,0.2582063831600076,0.6179117161250719
357,0.10479562055742478,0.13045241505716904,7.99559601441609e-05,0.7133552952580483,0.051316713167213805
358,0.14420273398700229,0.07166381506157382,0.00027263490530174915,0.7363230723998767,0.047537743646245495
359,0.37092333789627524,0.07227687024498439,0.000491717441717869,0.49211484700331737,0.06419322741370521
360,0.060035847109575,0.03143184667703448,5.613805935064991e-05,0.8590034956822928,0.04947267247174713
361,0.026333655953935095,0.05024904667207565,1.7819438860061898e-05,0.8595084823733968,0.06389099556173228
362,0.04208823134171619,0.03520622707772372,2.6863916346504285e-05,0.900188540123327,0.022490137540886475
363,0.14713231064047294,0.037568111137176646,0.00029763805532819165,0.7576729654204201,0.0573289747466021
364,0.09882833227981701,0.07645048564194958,0.0002196841769695336,0.6936466632265321,0.13085483467473163
365,0.0412565357677187,0.08463327063549143,4.448233639032942e-05,0.8583660616550454,0.015699649605354117
366,0.09442299861381706,0.04234383573074209,0.0022919578451876784,0.83235070437366,0.02859050343659317
367,0.12437750642936055,0.06784532978384136,0.0013702514225827818,0.7566773145465362,0.049729597817679196
368,0.16984096606198876,0.0528366330115489,0.00012930194214653468,0.7176499930910654,0.05954310589325043
369,0.18038027818297817,0.11253580432405075,0.0026139244822141095,0.5846756781621262,0.11979431484863065
370,0.23509655466715482,0.06782374224059286,0.001037656187841212,0.5008424466753516,0.19519960022905944
371,0.3264935432483165,0.07202796526546867,0.0019222925690567261,0.4334904686277898,0.16606573028936836
372,0.08345340263239982,0.06657826497265784,0.0002871142172454453,0.819243581800169,0.03043763637752804
373,0.046833739886509136,0.12683829091135457,0.0032103694582608223,0.29339627946642033,0.5297213202774551
374,0.194433364349517,0.18529805736847355,0.0014113669680527485,0.3777012286681429,0.241155982645814
375,0.27616283116755097,0.20154233243561434,0.0011131194208488348,0.23675124553359161,0.28443047144239425
376,0.21553746553474026,0.40450799536143967,0.004673973228201285,0.08524401173122848,0.2900365541443904
377,0.3717085055543037,0.2500328118705527,0.009555211970940489,0.18654688754341836,0.18215658306078475
378,0.2622487881712409,0.21565329170017775,0.006655789875168249,0.4216839371733008,0.09375819308011213
379,0.25959506365900714,0.31635627657667287,0.024682040614377676,0.2639251038850072,0.13544151526493517
380,0.14876369076142282,0.41542258696387063,0.02930553850926512,0.29577372962037185,0.1107344541450696
381,0.16496091302412327,0.48164089077745514,0.02516122681934434,0.1327765848849913,0.19546038449408595
