epoch,N1,N2,N3,R,W
0,0.008164819905291346,0.0009929391672018433,6.582107551650837e-06,0.0005226597216660292,0.9903129990982891
1,0.004788160697502525,0.00036508211037265104,2.580566865854936e-06,0.000164113030401841,0.9946800635948572
2,0.03426731289536197,0.0021159044819994513,8.996469123770695e-06,0.0006533360247728678,0.962954450128742
3,0.01917007473372514,0.0012180935199010022,4.848436183222224e-06,0.0005240098502108047,0.9790829734599799
4,0.0560484047224106,0.004225874566657639,2.044865107746447e-05,0.001287476509801991,0.9384177955500524
5,0.050961951866357276,0.010210227137463371,1.7785848259340383e-05,0.00221701684978554,0.9365930182981345
6,0.04956387049896255,0.006021899177451752,2.725801365683228e-05,0.0016934372468429201,0.9426935350630861
7,0.011556760345151134,0.0013704728633647128,3.4985347791566944e-06,0.0008171628872598421,0.9862521053694452
8,0.018429168147526168,0.0018586640377751375,5.918981065262096e-06,0.0007130962169945508,0.9789931526166388
9,0.09069995929557802,0.011712186105117654,4.3996260593082497e-05,0.0019823814113547884,0.8955614769273564
10,0.02386232573833848,0.0038537410243059647,3.490571887614611e-05,0.0013641018101955896,0.9708849257082838
11,0.032946994655934224,0.005514799169016184,4.913593917498931e-05,0.0024226473918829853,0.9590664228439917
12,0.018481885200843047,0.02046916952254451,8.78467503549008e-05,0.0022499006983653456,0.9587111978278923
13,0.01474663340787487,0.00800535510520892,3.5171865391315756e-05,0.0018407488446628914,0.975372090776862
14,0.033086621696321164,0.01526359065060229,9.12462972715123e-05,0.006795039312137901,0.9447635020436671
15,0.0041322742342975735,0.0017004266075585767,3.908300046897338e-06,0.0017466596971254954,0.9924167311609714
16,0.02924879898364946,0.004304709299995034,5.0663437997433386e-05,0.003372438793197935,0.9630233894851601
17,0.052955792902736776,0.013233882067330718,5.671923373970732e-05,0.003935395551163049,0.9298182102450296
18,0.11139815065267918,0.016163133569165676,0.00010370822586688157,0.004603920746144405,0.8677310868061437
19,0.050057677316579424,0.06450458700806169,0.00011543663367867416,0.009519226288322805,0.8758030727533574
20,0.014502527660421557,0.008336369876335745,1.3472496541882614e-05,0.002261962432874247,0.9748856675338264
21,0.10712686625074848,0.015378329759931173,2.2711741747822184e-05,0.009804631510311844,0.8676674607372606
22,0.05191529289854225,0.15169318781314403,0.00026822392137213863,0.006774988822341937,0.7893483065445996
23,0.1356533242173089,0.0801675562962326,0.0002893702052428291,0.019506269999214447,0.7643834792820012
24,0.1030237607593621,0.11196251891600464,0.00032284021544908643,0.036792517693364814,0.7478983624158193
25,0.035302564404680284,0.09012859719809457,0.0002624890424747784,0.008352575656234037,0.8659537736985162
26,0.11868420886643799,0.08003598742678031,0.0001584172862291043,0.03689560593811206,0.7642257804824405
27,0.04052579003035172,0.12942718655338956,0.0033167782953874986,0.007988814564447352,0.8187414305564239
28,0.03557116947639823,0.017761325558473273,5.1375308404063675e-05,0.006343032218976287,0.940273097437748
29,0.1079335226378575,0.022333023717247134,4.970384505511341e-05,0.006564374400404187,0.8631193753994361
30,0.10057901631615897,0.34454796222663203,0.001052261370937047,0.0054136928285464375,0.5484070672577256
31,0.14835815058501256,0.23659415487418284,0.00036134090390904053,0.00962169112017068,0.6050646625167249
32,0.24085319398485813,0.3584749278928463,0.000757530738225474,0.01886670270211835,0.3810476446819518
33,0.1455882842958252,0.08005507627745796,9.975230121388248e-05,0.013957335810665621,0.7602995513148374
34,0.1769709060895649,0.6338710044658168,0.0013537945272072522,0.010620979501744829,0.17718331541566623
35,0.24563367925620816,0.48698087647006916,0.0025164241244194,0.011358637649965897,0.2535103824993374
36,0.20528759166958807,0.459228551527814,0.0018096374412514204,0.006437052336721757,0.3272371670246245
37,0.10237468554311686,0.01926819025391728,6.478344196163165e-05,0.010079050624356925,0.8682132901366474
38,0.3568363269908833,0.26647536316393433,0.0003886508522725507,0.008897864395302548,0.36740179459760725
39,0.18898282552219092,0.22264514070128752,0.0046747434254965055,0.0018851111740116383,0.5818121791770134
40,0.013267530766582235,0.006653046728269462,5.191197477226971e-05,0.0007793485111730761,0.9792481620192031
41,0.010893401710815896,0.0026032563454248298,5.785806727001525e-06,0.0008875659544352002,0.9856099901825971
42,0.12449189463676098,0.012567665585424711,2.461924391260008e-05,0.003555461782954635,0.8593603587509471
43,0.008283809656918864,0.0006131065885174437,4.853728899658567e-06,0.00028841345496131423,0.9908098165707028
44,0.29478362428589877,0.005708690460027881,1.4408565907925389e-05,0.0028171678668703,0.6966761088212952
45,0.28460638003633787,0.022523668941588384,5.18925086458191e-05,0.009757968502180935,0.683060090011247
46,0.14587717236937134,0.007895426243037226,2.1774187033911394e-05,0.006316827234887321,0.8398887999656702
47,0.2927245648703813,0.026718753598697548,9.538094570259784e-05,0.012987968950423985,0.6674733316347945
48,0.002342656177438741,0.000624460714680673,2.565006333084768e-06,0.0004933976648928707,0.9965369204366548
49,0.001341235595195976,0.00017274982792883252,1.642050503165724e-06,0.00022577321033968983,0.9982585993160324
50,0.0021807360127756425,0.000280551721314093,2.6339426434197185e-06,0.00019065545739332135,0.9973454228658736
51,0.21779975615321867,0.0034940213997924833,2.3238447790634193e-05,0.0020862555534315237,0.7765967284457668
52,0.040795706255820983,0.00219538003893308,1.1755979961670412e-05,0.000687651052333346,0.9563095066729509
53,0.186193438074558,0.007142227394696906,2.3010282950001376e-05,0.003884431617042667,0.8027568926307523
54,0.3367203484374671,0.02416840065749533,4.364292908123523e-05,0.011122279216932865,0.6279453287590233
55,0.13592180961430844,0.007408269462354822,1.6255168642549872e-05,0.007406431429187972,0.8492472343255062
56,0.006132597236603406,0.0007809545836472713,3.6164637374650457e-06,0.0007604374257650032,0.9923223942902467
57,0.004358085814878799,0.00042507675898020045,3.0459483365688973e-06,0.0005627100014841633,0.9946510814763203
58,0.002486981411452376,0.00022372724506757675,2.051570701097568e-06,0.0001652331203575606,0.9971220066524215
59,0.0058451929426134915,0.00020699596742020535,1.5887250296559637e-06,0.00020333017130632,0.9937428921936303
60,0.0016748314819754965,0.00046519170616658994,1.802905554298625e-05,0.00011821539269335749,0.9977237323636214
61,0.0013425290640310423,6.459186451923192e-05,1.3621001206691699e-06,0.000127477858411271,0.9984640391129178
62,0.007622819274699291,0.00027971103130925286,4.670235747780938e-06,0.000556607721367403,0.9915361917368762
63,0.004223681445092966,0.00036629301800903373,4.9466721497703655e-06,0.00031709109024077295,0.9950879877745074
64,0.0013689000525084112,0.00010667064512245613,2.940898028375631e-06,0.0002478455259587636,0.998273642878382
65,0.006675072132542043,0.0002764391788537773,2.3937960703593514e-06,0.000493948638889036,0.9925521462536447
66,0.0014469743088407988,0.0002519079237434572,6.0598086710186735e-06,0.00015816658546450392,0.9981368913732802
67,0.004325241016315418,0.0002543368162279495,4.198607701044176e-06,0.0002730527992690048,0.9951431707604865
68,0.0011660878611135534,7.54114497566525e-05,1.3374950556577597e-06,0.00010404431962818654,0.9986531188744459
69,0.009362863044358377,0.0003199208052496923,3.316146905049589e-06,0.0005097406109953676,0.9898041593924916
70,0.0014473832715631398,0.0001261985992461415,1.375631490146171e-06,0.00015116254620951483,0.9982738799514911
71,0.0032913147762988976,0.00017474115832091588,1.4839125428017494e-06,0.00021501742342477643,0.9963174427294126
72,0.0628711245911713,0.0008863093089996692,9.331487634760822e-06,0.0012674112780920893,0.9349658233341022
73,0.001024533941350525,7.319390527128155e-05,8.412273614499995e-07,6.881928024354164e-05,0.9988326116457732
74,0.006105878247887208,0.0002230175087627121,1.8877474347250643e-06,0.00042988626561022596,0.9932393302303051
75,0.0008335901213494817,0.00012319554680322874,1.0927831057450186e-06,0.00012597528328518826,0.9989161462654563
76,0.0017542141406604091,0.0001311713285229475,2.4743935428315704e-06,0.00017273611683153983,0.9979394040204422
77,0.008835776689073207,0.0004742315009467585,3.842180737248641e-06,0.0003365723222417114,0.990349577307001
78,0.009105131332886776,0.000420460004740436,2.3697939371429136e-06,0.0002608148774504855,0.9902112239909852
79,0.0016972290471878307,0.00016108421195768326,1.7044131510615874e-06,0.00020508123865256835,0.9979349010890508
80,0.002407243307069996,0.00015156478476450918,1.2064594259631274e-06,0.00021612600347721968,0.9972238594452624
81,0.0024642937071224598,0.00021532974797783223,2.0602205138920942e-06,0.00018717712051205995,0.9971311392038736
82,0.002776072272648245,0.0002196431140084576,3.5414516469378087e-06,0.00032190224137062856,0.9966788409203258
83,0.06441873915122229,0.001707458860972791,1.500670575667639e-05,0.0012254923824507684,0.9326333028995974
84,0.050295935048357866,0.001613423041670041,7.760511110951168e-06,0.0013807542367889217,0.9467021271620722
85,0.13807711148187807,0.004812905109816021,1.435633367132601e-05,0.007712777512617292,0.8493828495620174
86,0.17909839233216687,0.017574631094402143,8.847680752651988e-05,0.016148737468807888,0.7870897622970965
87,0.09831961834388943,0.022976323867311133,4.341152077269227e-05,0.021995853037457082,0.8566647932305697
88,0.0829326375219647,0.01498326596321086,7.931559560186296e-05,0.03935002242108277,0.8626547584981398
89,0.09067937814436722,0.012851704479226778,2.043672813594342e-05,0.05418060635833183,0.8422678742899382
90,0.10575102906475049,0.01493478778810435,3.676329495919749e-05,0.021972078330911724,0.8573053415212742
91,0.012642504758654515,0.002172527571152591,5.061548997317681e-06,0.004571704677168967,0.9806082014440267
92,0.07592226619812814,0.004004305112409112,1.1090609189196284e-05,0.003601196607213721,0.9164611414730599
93,0.08970627468446479,0.005686800282448637,1.0061013714074617e-05,0.003774910421274275,0.9008219535980981
94,0.20830694278739165,0.008743580544395222,1.2115598160724242e-05,0.006769651807531371,0.776167709262521
95,0.1077671974873191,0.006943670438996966,8.544274830995232e-06,0.002654793657257266,0.8826257941415957
96,0.016401738670994807,0.0007934515193581414,1.7367263386428917e-06,0.0008162245665516963,0.9819868485167567
97,0.0018028205591538663,0.0001336229879448668,7.71755501786599e-07,8.600844420565328e-05,0.9979767762531938
98,0.002104262752746916,0.0006962568870852375,0.0001308436829848282,0.0001326836942221164,0.9969359529829608
99,0.005528587610931933,0.0008113695873693782,1.4412319363295424e-05,0.0004289669629049889,0.9932166635194304
100,0.021418308779895513,0.001227769666468969,1.915754224652622e-06,0.00045549894749643356,0.9768965068519143
101,0.006084710560801805,0.0006879676124948831,8.404040631159985e-07,0.0001760992189705396,0.9930503822036697
102,0.037113902386315886,0.0018348879936473798,3.6095901796520555e-06,0.0005556047862060402,0.9604919952436509
103,0.004774830067601143,0.0003673925242453696,9.341180105688596e-07,0.00015922044187312274,0.9946976228482699
104,0.1680227689894731,0.005104782054911242,5.427779453209367e-06,0.002011684695719751,0.8248553364804426
105,0.007237557749174585,0.00037178179159689454,1.4617867276104462e-06,0.0002736960490952968,0.9921155026234056
106,0.013443249103838144,0.0025199263231066756,1.3340476043963476e-05,0.0019448836010372411,0.9820786004959738
107,0.002916489620614205,0.0014962175819140417,0.00038552882360383834,0.00021070794789602724,0.9949910560259718
108,0.0007683070998880633,0.0002156107496706958,7.238855295083375e-07,5.784882703752377e-05,0.9989575094378741
109,0.0017183314302356128,0.00032168378437865503,9.893602814487932e-07,0.0001022337795417718,0.9978567616455626
110,0.0010766520089139093,0.0003606685861882252,1.332623758492312e-06,4.867786954307295e-05,0.9985126689115963
111,0.04225563616534104,0.0024984283725780244,7.337527675686299e-06,0.0009748779274857549,0.9542637200069195
112,0.015330771550732614,0.0020747616798388775,7.033387939835369e-06,0.0006790229939073251,0.9819084103875814
113,0.25081939925309166,0.012013955895920093,4.773891338851059e-05,0.001938016234433028,0.7351808897031668
114,0.0038959967678911917,0.001889714836096823,0.0015993228989569703,0.0001865328255217401,0.9924284326715334
115,0.0021679227755732147,0.0006326763235671362,3.15098559494943e-06,0.00038331686392010416,0.9968129330513446
116,0.0011272318361417713,0.00033068964086160245,2.2448561735171336e-06,0.00011816762188372825,0.9984216660449394
117,0.0118147261118151,0.0017983613219214219,8.438591871455141e-06,0.0005970538564306967,0.9857814201179613
118,0.00570557905948727,0.0005785457238397123,2.8737379491603256e-06,0.0003837535517572236,0.9933292479269666
119,0.015666884305085053,0.0005117289988801377,3.845015446734077e-06,0.0004295277475008397,0.9833880139330872
120,0.05177454246575455,0.0012977664995268215,5.077857766434435e-06,0.0013238938911663471,0.9455987192857859
121,0.12032986542899873,0.007271150149262164,4.248291267283113e-05,0.009647159787119223,0.862709341721947
122,0.16639636481907333,0.017582983682980134,4.6105301017672844e-05,0.042482091411935145,0.7734924547849938
123,0.2750282811139681,0.03493791115255505,0.0001754059000254029,0.22147733976565842,0.468381062067793
124,0.05590499559779949,0.009154286090288405,7.509339137498958e-05,0.03825529495635458,0.8966103299641826
125,0.08083979779375637,0.007252080540102023,9.560882820663722e-06,0.04940420434520882,0.8624943564381121
126,0.22628200930229717,0.026684516687080054,2.8920904813174967e-05,0.12315655307609424,0.6238480000297154
127,0.22351128900609502,0.03885626140599917,5.5601923068515326e-05,0.16241708870960345,0.5751597589552339
128,0.006373496343239292,0.0024063129779216866,1.7016255866173797e-05,0.012211656916743101,0.9789915175062297
129,0.008975786851016793,0.0013874178513801222,8.069488016801248e-06,0.016716416871155583,0.9729123089384307
130,0.12448045501502439,0.006570358752816719,1.6888912303460134e-05,0.035461376284972784,0.8334709210348826
131,0.12643927816333492,0.007091902742305626,5.37592842439668e-05,0.030249452925775678,0.8361656068843397
132,0.4124653134277159,0.01764467597827909,0.00011888371632604902,0.11793741454483253,0.45183371233284647
133,0.21487560549169465,0.02271023039783645,9.098405658846907e-05,0.13777471224085092,0.6245484678130294
134,0.25702082440864327,0.037485811438925924,7.420626324958234e-05,0.23946727360649547,0.4659518842826857
135,0.2639753864327312,0.044360073034651254,0.00011696356023323406,0.23080438987253143,0.46074318709985285
136,0.19722035846302508,0.111759540118789,0.0002334526765842205,0.40169365756315467,0.28909299117844695
137,0.08119403975053852,0.2512733726813031,0.0004323131768027136,0.5068289207296919,0.16027135366166387
138,0.1586439612247744,0.08017026779903545,0.00014916885942052962,0.4463327750279382,0.31470382708883143
139,0.1466607457094466,0.09681752759932007,0.0001428963029360669,0.5728025705846214,0.18357625980367584
140,0.2990641353762113,0.07180366812141599,0.00010294857259363866,0.4231589828313385,0.2058702650984405
141,0.4365850141848944,0.23598934951773823,0.00026563652921468377,0.1475035299542722,0.17965646981388045
142,0.3465978870913976,0.45265120158030286,0.0004202295588306302,0.14675983332263615,0.05357084844683284
143,0.2988333780026762,0.5974070501089602,0.0020465881191878026,0.03979631292996361,0.061916670839212214
144,0.20274180620440185,0.7349355642374511,0.00927524541675343,0.017785512313108636,0.03526187182828499
145,0.04005125666096274,0.8737961312781722,0.0669509495227528,0.0015356291436095456,0.017666033394502813
146,0.08208242768451848,0.8750239075861035,0.01986538134571212,0.0023489285576287966,0.020679354826036996
147,0.13774844120807475,0.8351552775308893,0.010946166142781051,0.0022186719353946274,0.013931443182860373
148,0.02252772486436902,0.8551810654694942,0.11644603763352444,0.0008007920861840909,0.005044379946428392
149,0.12313240253791553,0.733802301194901,0.12976673188904292,0.0026387239024218837,0.010659840475718647
150,0.02288586636399973,0.781747387331651,0.19069751034760338,0.0015868700827645487,0.003082365873981352
151,0.022448482431419475,0.8629116923616422,0.11022369116312906,0.0012380937755734388,0.0031780402682358745
152,0.018335272912846697,0.7986797977664557,0.17813743343203997,0.0012405954652895794,0.0036069004233680595
153,0.008518642270740758,0.580575939164782,0.4069172065111677,0.0011011757597394355,0.0028870362935699365
154,0.007185796843328954,0.5645519121808801,0.42471629443270786,0.0004921964530182192,0.003053800090065005
155,0.005163621200420649,0.489096892675498,0.501883453542954,0.0003086383014901052,0.0035473942796371877
156,0.002557806870418193,0.2989251812153819,0.6963930619700208,0.000249997671939872,0.0018739522722390242
157,0.0031470123271955565,0.5210155410830082,0.47381197132712877,0.00033754985967930683,0.0016879254029882177
158,0.002167499544814968,0.3930843699282256,0.6031018063201363,0.0002031600022846376,0.0014431642045384789
159,0.0021993327230416084,0.3099593666529072,0.6857152925248339,0.00011699866979389844,0.002009009429423364
160,0.0012525210988420332,0.2863276237066997,0.7110373340567278,7.963494884774798e-05,0.001302886188882781
161,0.0023914610795361265,0.3124983589094527,0.6837832048244777,7.410326928500835e-05,0.0012528719172482912
162,0.0017426727682822668,0.5238610155088099,0.47299323849343305,7.263738993545634e-05,0.0013304358395394903
163,0.0025934420087117675,0.3346652454438858,0.6606877165846087,4.6619933489591245e-05,0.002006976029304088
164,0.00033076446252328274,0.15718428372959375,0.8417714042861635,1.838039838001445e-05,0.0006951671233395548
165,0.00034891379514963327,0.21205607434105758,0.7870938049313579,1.3370145764410774e-05,0.0004878367866703734
166,0.0003870594839406557,0.13206835174407267,0.8668214661094044,1.0220549774271608e-05,0.000712902112808022
167,0.00021130026560162531,0.07882239307984396,0.9205541128262794,8.469367542584771e-06,0.0004037244607322126
168,0.00015358850771869472,0.0758234514877193,0.9235601373032627,9.399632285122354e-06,0.0004534230690140171
169,0.00012343383924607283,0.035879825846845084,0.9635160837823371,4.867225219197045e-06,0.00047578930635243507
170,0.0001395941517829476,0.06825395151728332,0.9308338438371612,9.859036233933312e-06,0.0007627514575385192
171,0.00024941399588239286,0.06599393786658933,0.9328698961153076,1.126273105088156e-05,0.0008754892911697932
172,0.00014932765455078902,0.07748903877369785,0.9217154839151644,8.47625775141312e-06,0.0006376733988356543
173,5.357605259651187e-05,0.03787515236642894,0.9617700288379786,2.4835642887188314e-06,0.0002987591787072892
174,9.620656414275427e-05,0.060025255240485034,0.9395496008672943,1.1898176669208241e-05,0.0003170391514086934
175,0.00017721482495160554,0.0426091010120828,0.9567230572082995,1.2222931842587899e-05,0.0004784040228232191
176,3.317176210171538e-05,0.023372740874558897,0.9764610418358227,3.3448878218116788e-06,0.00012970063969499216
177,9.027266001402773e-05,0.024043131401393924,0.9755932691189183,4.0338892581480015e-06,0.00026929293041555555
178,0.000194510247447215,0.027115886133846138,0.9723856519250726,1.0224928241814353e-05,0.0002937267653920065
179,0.00021039564490569102,0.023921200340962567,0.8844282857673662,0.09088411434005539,0.0005560039067101644
180,0.0007446120275132557,0.05978175891207913,0.7213599616654641,0.21693979610582997,0.0011738712891135234
181,0.00203649700602346,0.051674410776486795,0.3714349404024003,0.5713277534431159,0.003526398371973462
182,0.0020383579093764376,0.06740678732643224,0.276056350195493,0.6509460322827403,0.00355247228595809
183,0.0034804735517965806,0.08846713790412841,0.3961146111071463,0.5085382978090939,0.0033994796278348015
184,0.004125162487223405,0.10305734441683209,0.34202076352171673,0.5454837665905442,0.005312962983683552
185,0.012413058881133584,0.2267713710019045,0.7343160821431883,0.0007659878969230843,0.02573350007685039
186,0.009749965784953171,0.3190532051732179,0.6497776663734013,0.0007446854465833923,0.020674477221844165
187,0.00821581890164197,0.15981443210871654,0.8133987666779849,0.0018343343886417637,0.016736647923014714
188,0.01670067186013343,0.2532209218449378,0.6970819138037392,0.019262015311770863,0.013734477179418761
189,0.017389920375794742,0.2669574461481722,0.6589348031051323,0.023786653582106805,0.032931176788794
190,0.09734593247291515,0.0957786084124316,0.01739989867823255,0.020163576708352844,0.7693119837280679
191,0.2127672393793108,0.24325876836191307,0.07999522143911378,0.06838086634550448,0.39559790447415777
192,0.33429928997731057,0.31553105749720817,0.046084222223678625,0.023242580440567203,0.28084284986123553
193,0.19476748158728033,0.5299884271944573,0.022003841211121637,0.01455143490474854,0.23868881510239218
194,0.4565788828565497,0.301802289777755,0.0013655759989016506,0.038515464246391844,0.20173778712040172
195,0.09460710920511971,0.13908262172100333,0.00430481024453493,0.015167435403482208,0.7468380234258598
196,0.03525710597062679,0.023548205036202984,0.00010463031530413146,0.003903972303782526,0.9371860863740836
197,0.7166512400007381,0.09627007718576101,0.0001551354762733906,0.02065752813416197,0.16626601920306552
198,0.24535571279891932,0.4510940597435591,0.004168077426851697,0.01413154485831705,0.2852506051723528
199,0.11240547807546444,0.8513677809960819,0.0016777869277820343,0.010476408860478459,0.024072545140193195
200,0.2930580230141244,0.6047815115473192,0.0032062793521056105,0.012378269702010974,0.08657591638443968
201,0.04003115851947032,0.8863250711907749,0.05088868258722008,0.008353052815588532,0.01440203488694613
202,0.09288762796737685,0.8440667501538054,0.019976517761251814,0.023108138826987007,0.0199609652905791
203,0.16912767542650242,0.7667882750568195,0.007002677045680557,0.030000420143275117,0.027080952327722438
204,0.09670827896689917,0.8662968455684549,0.009791485999655007,0.00878980501022146,0.018413584454769545
205,0.15499462372085496,0.7918964428389438,0.009103085675261231,0.028740048768952337,0.01526579899598746
206,0.056367024700246564,0.8674536457192138,0.05389033457023268,0.003910694183360224,0.018378300826946747
207,0.1285467603579117,0.7875331889626467,0.022012323809779223,0.003638256634799411,0.058269470234862814
208,0.08145175666837466,0.8636085497516564,0.031945913466456345,0.0037136478059523973,0.01928013230756045
209,0.035400793854082103,0.8646925294698965,0.08409100051808065,0.0006406644378528295,0.015175011720087915
210,0.07432742710006848,0.9007187905556637,0.01581669190502939,0.0014884012463423687,0.007648689192896083
211,0.022511658218924185,0.8226790001039236,0.14597448863272733,0.0009332660383024575,0.007901587006122389
212,0.030354561698861585,0.7537432396812932,0.21032983242098707,0.000981110186479062,0.004591256012379092
213,0.029363478499778415,0.7036948327392469,0.25956143698415685,0.0009121192873647801,0.006468132489452951
214,0.0155520838398784,0.6686718715774052,0.3075205265511299,0.0008870391436109151,0.007368478887975569
215,0.012787740919664737,0.6753742208413741,0.3067953043223444,0.0007074865747960789,0.004335247341820678
216,0.006443299825580426,0.55160223979845,0.43530442565674643,0.000544575311124075,0.006105459408099038
217,0.020835346854236287,0.6585393849740193,0.31062184247197583,0.0007704564738921458,0.009232969225876493
218,0.014648675867071274,0.5597277894592256,0.40740883221293517,0.0014893035873268868,0.016725398873440902
219,0.01863199016041717,0.7329359050800285,0.23096966461190496,0.001568262738570244,0.015894177409079245
220,0.011182019254483755,0.547835929370601,0.4320031492308345,0.0006840220807704862,0.008294880063310235
221,0.012340191182542527,0.5363712183172107,0.44246561810167906,0.0008309178247108834,0.007992054573856742
222,0.007699149725040156,0.5148978995942307,0.469455507200689,0.00024753473371905783,0.007699908746321069
223,0.004341837959047483,0.3381361580378768,0.6513600134642512,0.00022100382508286395,0.00594098671374156
224,0.0013361528516147153,0.1969625392774359,0.800290863369071,8.630918155007149e-05,0.0013241353203282875
225,0.0029108812196762183,0.31726306105609203,0.6774937400621681,0.0002005112253698013,0.002131806436693689
226,0.0007407922704321178,0.12202410446929243,0.8762808547496472,4.1301899820331015e-05,0.0009129466108079663
227,0.0007158502233029369,0.12795281667096556,0.8702448464575931,7.077629981429653e-05,0.0010157103483240649
228,0.0003932761074088633,0.09161228243341048,0.9073694897383802,4.5953171355068236e-05,0.0005789985494456038
229,0.0011352105953597355,0.17960192104401618,0.817744410594018,0.00010093086195474294,0.0014175269046511672
230,0.001157809136824102,0.12684828021522856,0.8703698600099983,0.00010755262684743721,0.0015164980111015186
231,0.0012584460692837138,0.1297240909075501,0.8678007014713046,7.184366918399166e-05,0.0011449178826775494
232,0.0003821779680022025,0.09624479165816789,0.9026395307549757,4.718667296122729e-05,0.000686312945893007
233,0.000679863308082141,0.12388782611588445,0.8742219058827935,5.587433957151903e-05,0.0011545303536685929
234,0.0004331282550183036,0.09853434482927102,0.9002535289626028,3.375761163790596e-05,0.0007452403414697684
235,0.0004540337451858786,0.14630626889545864,0.8525052254555866,4.389107769017287e-05,0.0006905808260788793
236,0.0004714110846672104,0.06565721604539583,0.9330275175576851,3.357495171959977e-05,0.0008102803605320887
237,0.0004552495447810093,0.06477947767902666,0.9338004772322558,4.1025298276456276e-05,0.0009237702456600933
238,0.000999867723907097,0.07501156868143921,0.9211956728356241,0.0004987830365988199,0.0022941077224307546
239,0.004918675055493832,0.12770358670325882,0.8533135890006643,0.002474145239022304,0.011590004001560813
240,0.013234777777269138,0.18018899743659864,0.7184020296870187,0.01082540487915426,0.07734879021995919
241,0.03571090480200266,0.24241270610589538,0.6366578845326619,0.0282843961763889,0.05693410838305114
242,0.09061818107880736,0.029328532525856443,0.00578104766460725,0.0158076264064118,0.8584646123243171
243,0.3950597914464665,0.053371064961190255,0.0033610883553935717,0.017771978024547618,0.530436077212402
244,0.657066662648028,0.08146439888014914,0.0003188101724740494,0.021424274587132537,0.23972585371221614
245,0.6379972480143904,0.13195740378442627,0.0006497717408710368,0.021486593893576687,0.20790898256673562
246,0.2335916339619445,0.4474961593172552,0.007742768763942994,0.037965167185336504,0.27320427077152076
247,0.18312742000335977,0.5892173675213342,0.005705746187515786,0.15207290695223544,0.0698765593355548
248,0.03616519342410704,0.04935693693158698,0.0007438626279529872,0.022725219839720794,0.8910087871766321
249,0.08429188158561769,0.07259185217025646,9.542140364127353e-05,0.014694674495728493,0.8283261703447561
250,0.4683830760338407,0.297432094885908,0.0004258059591937415,0.12045209369780749,0.11330692942325002
251,0.5839901705105999,0.19196523265027607,0.0005060737044371835,0.10202848476245603,0.12151003837223097
252,0.4051106974077997,0.38101157250141576,0.0013053032556433078,0.07365400310125604,0.13891842373388516
253,0.34647796517985374,0.5149058509509199,0.0024220323730033398,0.09703499586954681,0.03915915562667617
254,0.3289186928730944,0.4933771876782445,0.0012270947805323358,0.16000554805642642,0.01647147661170231
255,0.04340348366540055,0.9027739417446707,0.03975101547091175,0.005745008182806681,0.008326550936210396
256,0.2640274408511428,0.6813313945114289,0.00935952203194086,0.015397419586993586,0.02988422301849388
257,0.16669481186752397,0.8045174415115293,0.003684697413332775,0.00764090018796886,0.017462149019645278
258,0.016580767241755657,0.9448268123498246,0.03168636109193075,0.0008909095268980654,0.006015149789590838
259,0.054918146702897616,0.9217330821468506,0.012368092352957745,0.002009501605976208,0.008971177191317915
260,0.05717168404641602,0.9260274181417794,0.008034572813385201,0.0018388809146418787,0.0069274440837775566
261,0.04053326559787343,0.9451649381869817,0.0069671212156195575,0.0028034867544313546,0.004531188245093909
262,0.03283625376993968,0.8713003491899378,0.0862293380925637,0.0019426384305450445,0.007691420517013861
263,0.020865731371998143,0.8761792096198838,0.09445657154574573,0.0008129268995621957,0.007685560562810294
264,0.06671054329053622,0.8953476973761001,0.02953482404843381,0.0029180794745394716,0.0054888558103902045
265,0.021391166813424067,0.7245874688374938,0.24724377564164288,0.0013576102811689637,0.005419978426270209
266,0.036038540861696715,0.8840642166423193,0.07395791534524307,0.0010104407329962757,0.0049288864177446405
267,0.018094117420856575,0.8081738815994184,0.1695407331153617,0.0008558606293049435,0.003335407235058562
268,0.03306525071625765,0.8068839384782673,0.15267291738025712,0.0016529468589083815,0.00572494656630944
269,0.019284140571527948,0.7593871819229358,0.21695995360539397,0.0007403486215743845,0.0036283752785679717
270,0.009301504529400158,0.4689759578217022,0.5165741208451203,0.0014811626526460557,0.0036672541511311987
271,0.02535492862636253,0.6779961931255514,0.2847705684398724,0.0023130136314447876,0.009565296176768849
272,0.12314887152296991,0.8368775649250836,0.028054828261127488,0.003244733541191816,0.008674001749627165
273,0.03774249250157604,0.9255352303407391,0.029033307925619655,0.0010134088689393765,0.006675560363126002
274,0.038682076073199505,0.8905028751974002,0.06660966616941114,0.0005842706744997139,0.003621111885489384
275,0.0071983593667026245,0.9019540684489398,0.08890586491268596,0.0005155748467424478,0.0014261324249293405
276,0.020368211826111936,0.7652260749864277,0.21044599049209242,0.0008508103209495156,0.0031089123744184556
277,0.017738031737931932,0.815852774239118,0.16195634315530358,0.0012248262828488197,0.003228024584797751
278,0.0034377454519521154,0.7463241284612816,0.2471751313190938,0.0008706844867475415,0.002192310280925159
279,0.028001284404734622,0.8669749609983457,0.09769258886759385,0.001066505739837967,0.0062646599894876295
280,0.014938534192253624,0.8586958526979872,0.1233074829130138,0.0006372025027720557,0.002420927693973479
281,0.004696264428243382,0.7532749126087432,0.23668151523103853,0.0011846679395388427,0.004162639792436153
282,0.07364528061145,0.8454519703197023,0.06589727007863858,0.0056941084029052584,0.009311370587303856
283,0.033374956903589784,0.9493595824299009,0.01207242366948074,0.0015512201036701671,0.00364181689335834
284,0.02130456831800309,0.8788868801296567,0.09560814240484541,0.0007528201029716441,0.0034475890445232306
285,0.015599416989334352,0.8076426276885807,0.17353037081968875,0.0006687687284729592,0.0025588157739232192
286,0.01673044362596648,0.9331776459664382,0.04750026748400459,0.0004943531407155524,0.0020972897828751666
287,0.007818122899286404,0.786062749894326,0.20380886128855744,0.0004442962041847795,0.0018659697136452335
288,0.008579542185500028,0.7894118793549036,0.19968533843723094,0.0005960578988950878,0.00172718212347041
289,0.0036479675790205496,0.7115327049995849,0.2831712932822609,0.00043357303564743176,0.0012144611034860739
290,0.005029165172988595,0.5538870316026964,0.4373560454213119,0.0005343042247393533,0.0031934535782636962
291,0.003987379490847453,0.5336679807573265,0.4598769922156861,0.0005096969420293401,0.0019579505941106625
292,0.006473029909169565,0.5195793164406792,0.4707223091632173,0.0005117489989215364,0.0027135954880123923
293,0.00784564761408237,0.4766895744365388,0.5114221033856361,0.0005512377149775938,0.003491436848765058
294,0.004455920537638321,0.34877992683125714,0.6403727342681934,0.0003289756398897276,0.006062442723021501
295,0.005229497794156916,0.3212488675570629,0.6672693862840243,0.00038526647841180187,0.00586698188634406
296,0.006822204035653017,0.2981393868417236,0.6893823364672071,0.0007203628899273269,0.0049357097654889395
297,0.010265832487160445,0.3731472146508864,0.6076601892519419,0.0009392537888354568,0.007987509821175857
298,0.010864969063733512,0.3797266960537854,0.5930880018797806,0.0014804250373824733,0.014839907965317947
299,0.02932488963369984,0.5991486594157777,0.2613885531059444,0.0016556767118454483,0.10848222113273247
300,0.19794701931935096,0.1300557611906748,0.009533109394114253,0.01010165471128437,0.6523624553845756
301,0.3160988575817671,0.5651187578637761,0.018674938844316726,0.004103111289308636,0.09600433442083159
302,0.20717189590439106,0.6911633019975368,0.06099550326909618,0.0026467270729038607,0.03802257175607197
303,0.1558002088371011,0.7620571170829142,0.033930470660377854,0.003078263039037241,0.04513394038056946
304,0.039156749065177306,0.747482847189322,0.1925805125797896,0.0024578984173988508,0.01832199274831228
305,0.07326243639526092,0.792409455917916,0.10633012318475744,0.004419082315687365,0.023578902186378148
306,0.15747013735881327,0.805046579073594,0.0052152226115034775,0.007852629088900786,0.024415431867188486
307,0.0359740195156894,0.8105099488316502,0.12945739539585338,0.004038403740734537,0.02002023251607254
308,0.0575780226691821,0.9114972566950199,0.008625287261234892,0.014868730815503639,0.007430702559059567
309,0.12157997406541388,0.09687087434968907,0.008475946044921275,0.011448174565009128,0.7616250309749667
310,0.4966176875324714,0.19833087143446698,0.00046937756153724486,0.028402525424050765,0.2761795380474737
311,0.2784134008651223,0.6827301576010386,0.0031369347620386853,0.007740327833388453,0.027979178938411852
312,0.10043494150621592,0.8891278134673225,0.003139363763856689,0.0014173301974573155,0.0058805510651477105
313,0.08871881886892398,0.9066269526079365,0.0010873848217943715,0.0014651204058306838,0.002101723295514373
314,0.021531937384124022,0.9715317265291724,0.0037972348083348977,0.001053569381357308,0.0020855318970116068
315,0.015908238882275525,0.9214623588511787,0.05792719937472361,0.0013564607121781891,0.0033457421796437912
316,0.01785347397576031,0.9490848678733177,0.027330808768215677,0.0019735852082138697,0.003757264174492371
317,0.01568668716241051,0.9772818119142594,0.0024468420897861168,0.00213658094617696,0.002448077887367102
318,0.027699404265745613,0.9493808434362584,0.010807903177713454,0.007634016311910312,0.004477832808372237
319,0.019973463302963682,0.8888338777837081,0.07377206888595714,0.01374191257384228,0.0036786774535287657
320,0.0818799601815149,0.8312027899920383,0.016761572444232348,0.062151204787735864,0.008004472594478736
321,0.04978815527105062,0.8209718839594006,0.009267113579538388,0.1103489790691957,0.009623868120814593
322,0.16078083835225704,0.24924780082789932,0.00046929582737266186,0.5779460111837044,0.01155605380876658
323,0.06834627145266213,0.27747662104693216,0.001477822510536693,0.6427158570670162,0.00998342792285279
324,0.11384067926738337,0.0958884908407463,0.0002154327727582343,0.7462903970550776,0.043765000064034436
325,0.06813362414001531,0.029038697008211926,8.015469439521635e-05,0.8915428995283817,0.011204624628995758
326,0.03688666115481417,0.03837912353772399,0.00010968866588713494,0.9197532193915295,0.0048713072500450524
327,0.02026439188697716,0.015280149742609637,0.001030753470724445,0.9497967135507831,0.013627991348905605
328,0.022507320697726818,0.008787177034706535,0.00018304432708865235,0.9617509961606038,0.0067714617798742965
329,0.026938566759913223,0.009533237634813067,0.0002639389967641417,0.9496664895080661,0.013597767100443534
330,0.012661891655580274,0.006126423230604084,0.0010596146665621312,0.9242232812133984,0.05592878923385538
331,0.01058829643583609,0.00441602325969406,0.000521570291486785,0.9589825813177093,0.025491528695273772
332,0.054718055284615416,0.011987127531534397,0.001112324233397953,0.643220503964573,0.2889619889858794
333,0.08172528163179067,0.018713873531995634,0.0005952263406129739,0.8076485684461054,0.09131705004949518
334,0.11301572242586826,0.019748926988204508,0.0008190356768901886,0.837307633314032,0.029108681595005053
335,0.20049856774763497,0.06793660386783938,0.002097657897118134,0.6520823053521166,0.07738486513529086
336,0.08494221606019503,0.03639934499071095,9.086826285947172e-05,0.8633938530918089,0.015173717594425621
337,0.12996067820991036,0.11281280331977357,0.00032390995819342987,0.7106273455766666,0.04627526293545603
338,0.1143911364974761,0.20272069937404513,0.0012787738254211704,0.5444594674559688,0.13714992284708882
339,0.06654336181651344,0.025459141207017057,0.0031651568326041078,0.08524239857856764,0.8195899415652976
340,0.0562780312048669,0.02187420072553914,6.666788446194206e-05,0.018063388435911334,0.9037177117492208
341,0.4386333486441244,0.08170531422135398,0.0004121358858299339,0.1101671662606248,0.36908203498806674
342,0.37844541220252065,0.13058598637477653,0.0012343176138504806,0.0608018832972298,0.42893240051162246
343,0.4204141650062012,0.20043010157963354,0.002664894641729774,0.22790719307654334,0.14858364569589202
344,0.23465791165682984,0.33943139855504983,0.00019889961966383543,0.345670954508969,0.08004083565948751
345,0.05251934812833416,0.007883324067422646,1.2290177648395054e-05,0.06701240092730788,0.872572636699287
346,0.14363125633641893,0.013760165591087082,3.1726005000507035e-05,0.10730026990551164,0.7352765821619819
347,0.5728313147930987,0.06111319707035694,9.081572221657645e-05,0.12439631959108771,0.24156835282324016
348,0.667483834155026,0.10837836328706892,0.000241826785349314,0.08129569327468318,0.14260028249787243
349,0.5485319680977344,0.23896229949412748,0.00023143706681561142,0.08926480831382987,0.12300948702749262
350,0.3607510193023556,0.3723867296210533,0.0004347709810725251,0.10528267572643583,0.1611448043690827
351,0.23890030322778025,0.39272948748004477,0.000746697727580341,0.12237708219457402,0.2452464293700206
352,0.43132958317836323,0.21390439452180768,0.00021742541614052098,0.15013452362838603,0.20441407325530248
353,0.09375827709547392,0.8193886251470057,0.008347575352253873,0.04911391950166458,0.029391602903601773
354,0.06321566905788677,0.02198318078881612,0.000630760679671978,0.04170312632290395,0.8724672631507211
355,0.0032320753106222138,0.001984765161442331,0.0006678966691898099,0.0073795424999785145,0.9867357203587671
356,0.017031333603249103,0.001978978707418598,1.520811602383803e-06,0.0033884723771879055,0.977599694500542
357,0.016583132557350486,0.0010767303879263982,1.8060664678123615e-06,0.0013442682654801346,0.9809940627227751
358,0.043834463589474175,0.003466084253046974,1.3929675559478013e-05,0.0020824685765658923,0.9506030539053534
359,0.3655606858294051,0.015842097709637386,8.75753633730626e-05,0.013101345675582613,0.6054082954220018
360,0.48939269692992976,0.04940032243864439,0.0013010957851262539,0.02610935129134857,0.4337965335549511
361,0.2997148082877988,0.2141348025494923,0.014721479912503959,0.04584339747143444,0.4255855117787704
362,0.3285421809334452,0.35521488779691496,0.002813176473730718,0.06535837606516991,0.24807137873073923
363,0.2436982302278962,0.37757400410514386,0.02752827980695338,0.10300881690331151,0.24819066895669498
364,0.14025643684727498,0.7436554879745927,0.010393161575983948,0.01824027532345418,0.08745463827869403
365,0.0779384592017902,0.7229810444027202,0.14357937681791594,0.010700421583622168,0.044800697993951547
366,0.05142084512883367,0.8251295348008927,0.07118384580891204,0.014584356976620853,0.037681417284740726
367,0.07202126471276322,0.6170778688742103,0.14304188383381752,0.02357404474002329,0.14428493783918556
368,0.0792023659761515,0.6181653385822873,0.07080270847695509,0.044352490604093735,0.18747709636051235
369,0.06990173425753685,0.6820988589040454,0.07464412293110997,0.03372958195184689,0.13962570195546078
370,0.06947429595909611,0.799928612328299,0.08193035517193847,0.023360851511117407,0.025305885029548784
371,0.1656877789184388,0.675877239195942,0.047788323748356586,0.022119563836076685,0.08852709430118604
372,0.02887578733979844,0.760771125786976,0.18209568635305173,0.0032451532428794945,0.02501224727729442
373,0.06963406737126951,0.8395036888813499,0.07131768467380771,0.006198295218865245,0.01334626385470765
