epoch,N1,N2,N3,R,W
0,0.0055872818051015925,0.00025387257559926095,0.0,5.6559804972587466e-05,0.9941022858143266
1,0.0006283639831071512,6.483039433720208e-05,3.073313820938973e-06,3.9489463019370545e-06,0.9992997833624329
2,0.001381641143139454,6.781420592582838e-05,5.2884535888185625e-06,2.2842165470321716e-05,0.9985224140318757
3,0.002220240806040766,0.00021215688342864327,2.1948393253553337e-06,2.2436338987561725e-05,0.9975429711322177
4,0.014673343489146937,0.0011631253184481531,4.6764981785948475e-06,6.61294474815029e-05,0.9840927252467448
5,0.0036199409616327442,0.0005162362258597833,6.132632455781071e-06,2.495631439650516e-05,0.9958327338656552
6,0.004143451306340962,0.0006471241589729329,1.3326116159221174e-06,4.14211077649646e-05,0.9951666708153052
7,0.0017561010090293106,0.00038124287086810604,8.162431172633826e-07,2.825877119933763e-05,0.9978335811057861
8,0.04332729288512711,0.0012857369157590025,2.5165574232894972e-05,0.0002645035962087268,0.9550973010286722
9,0.0022390040003377348,0.0001461476615070634,1.315979179604161e-05,5.148595500058473e-05,0.9975502025913586
10,0.1159778679580799,0.0035117717042818727,5.647168127258449e-05,0.00017799443760883912,0.8802758942187568
11,0.0011939345235214523,7.738684548714714e-05,5.8218748757862716e-05,1.0885631696722151e-05,0.9986595742505368
12,0.003381169800793812,9.949019630453218e-05,7.74749438447975e-06,2.9873993089694887e-05,0.9964817185154274
13,0.006684392836788907,0.00015408564848773515,2.810372355887012e-05,0.00010324473396683288,0.9930301730571977
14,0.15222903683937689,0.003931058508302433,1.3257321856049432e-05,0.0006723327876526027,0.8431543145428121
15,0.043648148137367844,0.001611664751517737,2.46539493017186e-05,0.0008497549137130321,0.9538657782480997
16,0.019221873125640523,0.0036258005993630308,0.00016597034047691786,0.000472195910599252,0.9765141600239203
17,0.00859673713209554,0.0006824092211056916,0.0001343601793810572,0.0006585772356601921,0.9899279162317576
18,0.01118879180402279,0.004226914718020987,1.6409850066444583e-06,0.0015037155535093589,0.9830789369394402
19,0.008726968854360955,0.0021575509851347856,0.0001602583061028733,0.0007361562800518171,0.9882190655743496
20,0.0019362164916115366,0.00029071870426206135,5.99257937450253e-05,0.0005234949622756162,0.9971896440481057
21,0.01406758939972179,0.00444644986370257,5.7887755419568706e-05,0.002133960644696123,0.97929411233646
22,0.013732661789942667,0.004920163968823924,5.186006649339192e-05,0.007386057632390955,0.973909256542349
23,0.011917487295549483,0.005108748302658647,0.00011388661586975466,0.0046596612799068874,0.9782002165060153
24,0.038883759127070074,0.004901574478978767,0.0005875046820819305,0.0021379937238564344,0.9534891679880129
25,0.04224386008186086,0.005903200887538008,0.0014305879778492463,0.003111962097723243,0.9473103889550286
26,0.05251179556605433,0.012067998847883676,0.0004448027600925353,0.011380811601487779,0.9235945912244817
27,0.07995933067932431,0.01628542329189829,0.0026562849725781674,0.005159892036270852,0.8959390690199284
28,0.2763292851520111,0.07835156245300534,0.0039919136618642445,0.007699931613324751,0.6336273071197945
29,0.11133091215113475,0.03770760293172774,0.0017265529394791866,0.007338968675857663,0.8418959633018006
30,0.12347698532731673,0.18959473624380288,0.032423246534214634,0.009546549942776832,0.6449584819518891
31,0.0935314570716508,0.5852380444640884,0.060534973076048194,0.00558769743006606,0.2551078279581464
32,0.06111442327497166,0.2266690396136636,0.005578060593751685,0.003239116332602444,0.7033993601850106
33,0.3135342607618357,0.23922778918686177,0.0033596196678175516,0.003932432991008504,0.43994589739247647
34,0.1320122340741726,0.6533897599615857,0.01765736985739426,0.0011746577687292272,0.1957659783381183
35,0.5649650921477599,0.3100180157534871,0.004935430329741224,0.00040953293052033726,0.11967192883849154
36,0.1301274688624336,0.8072158717764784,0.008216934620642493,0.00015529109337072034,0.05428443364707476
37,0.02280831653290118,0.9492206359104328,0.006305075785971364,0.00022631161111268263,0.021439660159581708
38,0.039166320374843716,0.6524644677373767,0.24284012779890657,0.0002895746942883296,0.0652395093945846
39,0.04857935796998968,0.8446731796444676,0.06524320102788181,0.001236530974251107,0.04026773038340961
40,0.01313267413115961,0.8249501903577601,0.13830517451785193,0.00027558744445723717,0.023336373548771085
41,0.12691887891501608,0.5591164634743169,0.1275291758763402,0.000975199330831668,0.18546028240349507
42,0.031249551300248122,0.6296411105374251,0.2870062306157434,0.0005100717949127971,0.05159303575167059
43,0.014653266964267003,0.45929724289368096,0.5092222820678073,0.00027648640523741946,0.016550721669007434
44,0.01524010267283953,0.598287187284742,0.34673634331664804,0.0004944089591414389,0.03924195776662911
45,0.004948115094143475,0.31021967476484513,0.6715917283010981,9.121259702454705e-05,0.013149269242888659
46,0.0036168308637125426,0.22095001676531317,0.7569183073385123,6.085629788669102e-05,0.01845398873457518
47,0.0030128820336725215,0.29955060353010843,0.6739666533478371,6.11871508635773e-05,0.023408673937518415
48,0.0011866348498108833,0.15827949765576782,0.831326625773847,2.805314539824475e-05,0.009179188575176014
49,0.0011475485408657985,0.20362320041225188,0.7827784163278974,3.0033533792743333e-05,0.012420801185192197
50,0.0005576365582882702,0.11886011499059139,0.8722360855445309,1.3190834310148241e-05,0.008332972072279324
51,0.0011136922355358468,0.20008525288961648,0.7920886692937358,2.2449389212000223e-05,0.006689936191899963
52,0.0010434904974038308,0.11498533951881651,0.8797512521360402,2.3325014154051518e-05,0.004196592833585427
53,0.004728875677759047,0.41613945226404286,0.5309478137279328,7.299947058574298e-05,0.04811085885967958
54,0.0009485757385192835,0.17333525282000156,0.8230589631334552,1.8856968788803418e-05,0.0026383513392352095
55,0.001431397342572561,0.24694512404911428,0.742355104006311,1.873103189737038e-05,0.00924964357010468
56,0.0009066763788595468,0.1292043451080757,0.8627592120285379,1.5100459180877864e-05,0.007114666025345815
57,0.0015402393304683553,0.15555872731379017,0.8311292557734072,1.5285093394882906e-05,0.011756492488939271
58,0.001003520368944018,0.109526954058926,0.88553196432774,3.0420829734807212e-05,0.003907140414655139
59,0.0010208562928325899,0.13535748340808035,0.8594099022829238,2.968267012469691e-05,0.004182075346038518
60,0.0005361296484035959,0.09130839438684744,0.9049321232785874,1.4911623242288109e-05,0.0032084410629193818
61,0.0010462701255467433,0.13013715659349004,0.8644242660098401,1.710960650593435e-05,0.0043751976646172535
62,0.0001678485232472644,0.061337191744251215,0.9367629388111981,5.29569527331209e-06,0.0017267252260301314
63,0.0005632528873577173,0.08781427686310167,0.9083384608046984,1.0839682862575839e-05,0.0032731697619798575
64,0.00039004437916814733,0.08014685177849616,0.9169678995356999,9.03962650107803e-06,0.002486164680134841
65,0.0007934841145696,0.07672265479227369,0.9189708480415776,1.0970598152981586e-05,0.0035020424534260414
66,0.00012014915169230034,0.0292378315514853,0.9696628118978343,3.4873958915841417e-06,0.0009757200030966062
67,8.613708156015702e-05,0.033584062508496916,0.9650685797581492,3.616471781642237e-06,0.001257604180012192
68,0.0007052950860583072,0.0963241834025141,0.8996766538563636,1.076097058423013e-05,0.0032831066844797308
69,0.00023363042797156546,0.040606844143920115,0.9575251909026634,7.377322633797378e-06,0.001626957202811273
70,0.00013315732355930054,0.037797553926220265,0.9611023495700535,6.216442505098375e-06,0.0009607227376619592
71,8.616140375973801e-05,0.027407648734928115,0.9718135569381527,3.902173146227337e-06,0.0006887307500130729
72,0.0001585387443647153,0.029102753811416443,0.9695736818830726,7.4473046752821585e-06,0.0011575782564711026
73,0.00022775617461299452,0.04945380570970028,0.9489117140125765,8.059081646004833e-06,0.001398665021464384
74,0.00012097378618093182,0.02534267551630756,0.9735938322025414,5.430723334725375e-06,0.000937087771635447
75,0.0005732941573988895,0.06963025739180598,0.9266562908982605,1.2099567225425703e-05,0.0031280579853091768
76,0.00011239309021705343,0.028809037086926198,0.9705248010758938,6.899264312830338e-06,0.0005468694826501893
77,0.00043294680861362666,0.0568064321754393,0.94125691738379,1.5778213598806266e-05,0.0014879254185580424
78,5.075121758776647e-05,0.022298892395374133,0.9771300404123411,3.332522294130777e-06,0.0005169834524029307
79,9.36957608605101e-05,0.024432608335995046,0.9742748482774561,3.183137466167039e-06,0.0011956644882223037
80,3.179731587091753e-05,0.011323985067964578,0.9883128510265178,1.4193898497323727e-06,0.000329947199796858
81,2.5980484092919283e-05,0.012570839136371142,0.9867560067861,2.4440237926361977e-06,0.0006447295696432959
82,6.0891823985244765e-05,0.017562353593220954,0.9814678320284422,2.4052766736043166e-06,0.0009065172776781335
83,5.700969645084915e-05,0.023445520521175975,0.9758026831893087,2.8150645440651424e-06,0.0006919715285204471
84,3.181301501131677e-05,0.01611183144490254,0.9826718730329854,2.54970403155822e-06,0.0011819328030689697
85,4.144524424861578e-05,0.012925592519592312,0.9855347381666214,1.4625002060565986e-06,0.0014967615693314592
86,5.970055004828339e-05,0.021115401930318713,0.9751606944543214,3.6322244080666595e-06,0.0036605708409033944
87,6.593040584168246e-05,0.01662165911825681,0.9824592651996384,1.9247306063036455e-06,0.000851220545656744
88,2.230517476667961e-05,0.011268491135616688,0.9879205982960322,2.3547744788790506e-06,0.00078625061910565
89,8.379141192451878e-05,0.024617187785079285,0.973393050117932,4.9538688313315205e-06,0.0019010168162328595
90,6.603450627327622e-05,0.01161295305202242,0.9867283348272449,2.309608636896001e-06,0.0015903680058225365
91,6.195014272685215e-05,0.010348492780681912,0.9880296224489279,2.3385943371465126e-06,0.0015575960333262119
92,1.627199394806888e-05,0.00518381953077083,0.9943587642033679,6.736230327925242e-07,0.0004404706488803653
93,3.866241784117562e-05,0.013541944732452163,0.9857891448522303,4.5907511051114925e-06,0.0006256572463711632
94,1.977613387225398e-05,0.011568313788727599,0.988066833195179,2.8059329037375316e-06,0.0003422709493173165
95,5.2194720939407445e-05,0.009568016207034439,0.9890736379114036,2.8133988515169423e-06,0.0013033377617710066
96,4.191434419974796e-05,0.012411538965415797,0.9869837556352812,1.611899344838655e-06,0.0005611791557584212
97,4.053298533736396e-05,0.008734066483188866,0.9907760079942369,2.3744369360631076e-06,0.0004470181003006318
98,0.00016408665697234458,0.037514059010837965,0.9606534514195135,8.08277276316495e-06,0.0016603201399131434
99,5.970693190807085e-05,0.016639837902396554,0.9826913088296835,3.0993966971546514e-06,0.0006060469393147488
100,3.6207344927671035e-05,0.013529221880464026,0.9859342712601329,2.5476989416039384e-06,0.0004977518155338599
101,1.946214929929076e-05,0.010118397762912987,0.9895350574292688,2.6153900056806427e-06,0.00032446726851295503
102,0.00015222431165402386,0.034745500655839034,0.9642267808222468,7.5166655293483704e-06,0.0008679775447308511
103,4.427312113847261e-05,0.010494976795302414,0.9889135352544698,4.198889360665786e-06,0.0005430159397285703
104,0.00015479229965430701,0.016334995703087184,0.9824397251600787,1.4414545893775644e-05,0.0010560722912861013
105,4.4341654647725956e-05,0.007464507486222911,0.9914353274592014,6.975882936622271e-06,0.0010488475169915426
106,8.88509129780918e-05,0.01959409340512721,0.9779594251637502,2.096413499855712e-05,0.0023366663831460737
107,0.0001786595952325425,0.03934651460213639,0.9576476995792134,2.810298878204518e-05,0.0027990232346357066
108,0.0002528333385831776,0.03540334611883788,0.9597374950856663,3.4323386061711784e-05,0.004572002070851116
109,0.00042601020144231573,0.04784004538533176,0.9488623919920645,2.0963575080257295e-05,0.0028505888460810787
110,0.0002389292692133137,0.0212841984484724,0.975703288905933,1.4189014005207778e-05,0.0027593943623760524
111,0.00037704811931876217,0.03898293183926943,0.9595300734140598,2.831951042438565e-05,0.0010816271169276164
112,0.059526626734931504,0.23163354192598587,0.612282557289565,0.0003780951726058191,0.09617917887691167
113,0.08326162520567654,0.20715674924980806,0.11737635435994544,0.0028092438532868126,0.5893960273312832
114,0.13230287094349824,0.4976758647179386,0.2614536359396072,0.004273896235798095,0.10429373216315788
115,0.2941393987561996,0.4428862654613676,0.13036989312028457,0.004017733851040628,0.1285867088111077
116,0.25544303912481175,0.536556380264653,0.16952678936921325,0.0015762184708725227,0.03689757277044955
117,0.2596841407514704,0.664852908472362,0.023423243741551858,0.01256610363895125,0.03947360339566447
118,0.04927354825823691,0.8580097472614593,0.08088482307794347,0.0028510858840011116,0.008980795518359262
119,0.039604898073845256,0.8143757424325905,0.13229699062230899,0.0037325504518282682,0.00998981841942691
120,0.01513859168178118,0.7768305427411425,0.19764627593069062,0.00383740283667392,0.006547186809711832
121,0.014465467389065553,0.9399983008640345,0.03953373372985253,0.003086334727521944,0.002916163289525658
122,0.022359458173293618,0.9362969392552282,0.034270217018878515,0.0031556368615373214,0.003917748691062495
123,0.008138144125849163,0.6905989090556743,0.2977972657622356,0.000559903714498615,0.002905777341742335
124,0.0023303973848032736,0.6308545470110175,0.3646933681555959,0.0002499592227611884,0.0018717282258221867
125,0.014293739164316956,0.8454160501190776,0.1354286096990599,0.0012599827760758167,0.003601618241469911
126,0.003307116219949296,0.8540859931982655,0.13993630663191373,0.0005201125479175578,0.0021504714019540557
127,0.0029744568400527013,0.43800438232350236,0.5569590389679873,0.0003410577604098778,0.0017210641080477275
128,0.0015522515347687225,0.44592340172313444,0.5504762979856671,0.00021372430673875255,0.0018343244496911509
129,0.009669880728776377,0.5773435222131255,0.4024255180773211,0.0013188044727712649,0.009242274508005922
130,0.0018907910412764857,0.2733788145600766,0.7216432735087639,0.0005134636806183088,0.0025736572092646647
131,0.003220587742342139,0.8727991208238218,0.12152536497282644,0.0005468661857269478,0.001908060275282588
132,0.0011962942714102884,0.21270914897848947,0.784074720824005,0.0002411866885688966,0.001778649237526518
133,0.008096799215182365,0.6378001365701785,0.348590602751688,0.001045753709750478,0.004466707753200723
134,0.009752853610637964,0.770187402475642,0.21620474281038082,0.0014362564311296005,0.002418744672209586
135,0.04576862657931732,0.7811503662539517,0.16038056552750785,0.0023687099072956896,0.01033173173192733
136,0.0785111815964067,0.8818835856124617,0.028912417606284734,0.001899910902014153,0.00879290428283264
137,0.012014570991301675,0.9154342758094249,0.06953546056859705,0.0005610339931098609,0.002454658637566401
138,0.015492455249661754,0.6929459631717824,0.2870759147851775,0.000782103958248268,0.0037035628351300897
139,0.020825684464347356,0.8627440625183211,0.09962729280496953,0.003174965520767274,0.013627994691594465
140,0.09363272069037126,0.8413994409572706,0.02437500633268455,0.01484108539759272,0.025751746622081153
141,0.03812824132672994,0.8637265014773984,0.039496268062017975,0.038435607971971195,0.020213381161882604
142,0.050112264274323776,0.9194637159803362,0.0010955993740923544,0.02235123551881521,0.00697718485243211
143,0.04753048532426387,0.8851397741554982,0.0379281423621114,0.020021843439598105,0.0093797547185284
144,0.13315920590684446,0.7407760242820722,0.01966728756298067,0.08744087763182741,0.01895660461627525
145,0.061536040693016256,0.6815522112135804,0.004937699670619142,0.2350186351556733,0.016955413267111058
146,0.09060787715011648,0.18039601416782663,0.00038753301607668465,0.6475263736326073,0.08108220203337277
147,0.110899788601563,0.24758980774022718,0.004691785370652542,0.6129371012630789,0.023881517024478393
148,0.0971725982267869,0.06329623435094286,0.0004959649580485105,0.8038919247246618,0.03514327773955986
149,0.24832896975298457,0.2075191853589114,0.00031164980846056536,0.46481286233717306,0.07902733274247044
150,0.08484828036216116,0.11050972300715917,0.0011152127759890937,0.7445408245307272,0.05898595932396344
151,0.08151126894287464,0.13033805510679872,0.0017072667699231075,0.6914790020999579,0.09496440708044566
152,0.025571977351258032,0.044661848476678416,0.000936887173586675,0.9064730295659856,0.02235625743249128
153,0.04309351503302034,0.05355970957567831,0.0005679009112927987,0.865318313953446,0.037460560526562346
154,0.11941122006797676,0.03410940822271378,0.0010524987489548335,0.8047988657257027,0.04062800723465173
155,0.04100543791937119,0.07222271413290689,0.0016794437001991763,0.8642319184556942,0.020860485791828396
156,0.007297712553704797,0.022792540123215348,0.0002606760768597589,0.9660730134428025,0.0035760578034174715
157,0.011229544893221578,0.005792067763642689,7.984571725184397e-05,0.9795372504547084,0.003361291171175488
158,0.007703747505776348,0.004859202951722029,2.879318418493821e-05,0.9845740892002111,0.002834167158105552
159,0.010675930997770316,0.007766660257777441,8.176928454199933e-05,0.9737265365068166,0.007749102953093654
160,0.12921307770357024,0.04181582472841504,0.0004958621508614415,0.7362990040037678,0.0921762314133854
161,0.03498492890231262,0.04096136087480833,0.0017601955494525095,0.9013803374945262,0.020913177178900462
162,0.012240300178106673,0.02233723900171314,0.0011191047447355442,0.935265822209705,0.029037533865739717
163,0.016863274305638894,0.012439718151236559,0.00024328894318156728,0.9643406052127602,0.0061131133871828265
164,0.008606947575100176,0.014137299370248406,6.85153556463716e-05,0.9662172272962243,0.010970010402780674
165,0.02124351886823034,0.02437171491264712,0.00021596789275081673,0.8859089721294334,0.0682598261969384
166,0.10931325389392761,0.059122505670917085,0.001444325751905602,0.6693886542867772,0.16073126039647248
167,0.07434378475904808,0.036404744330924645,0.0006558572537508752,0.8386294463901923,0.04996616726608392
168,0.023382160886763023,0.027736865433524358,0.0008922110108224212,0.9345098504067153,0.013478912262174842
169,0.0074598131154333365,0.012962172447374536,0.00039849262067963054,0.9695931165552982,0.009586405261214253
170,0.0908572995140376,0.055409765916198186,0.0018495649777068338,0.8328650302571708,0.01901833933488658
171,0.026634190408618166,0.036450986342028986,0.0015816017762825144,0.9197837483213468,0.015549473151723519
172,0.002126934943051407,0.00664249659483193,9.36101066724983e-05,0.985795561135777,0.005341397219666904
173,0.001578574703601736,0.011085383554205762,0.00045532736952432835,0.9818172788374705,0.005063435535197668
174,0.0031298670413274997,0.0067544151643895,0.00017926188313537402,0.9852001826662962,0.004736273244851392
175,0.005700771503361245,0.003000764546158746,9.795431432826699e-05,0.9812522724849264,0.009948237151225288
176,0.024866808933258554,0.007732127611127727,8.963287070975119e-05,0.9499483835063338,0.01736304707857013
177,0.05476473702755619,0.045929135172018624,0.0002669332464422478,0.8847627460088183,0.014276448545164524
178,0.23107207258791615,0.036479336090278036,0.00018583369591718802,0.7047182237059794,0.02754453391990941
179,0.40468871432865106,0.062025294081628136,0.0008207272550364743,0.4737938530638572,0.05867141127082702
180,0.14105936982658704,0.04183490387229969,0.0009238990772099376,0.7850738401335683,0.031107987090335083
181,0.1161574023892321,0.07072130226594879,0.0006616605959309866,0.7607284371047592,0.051731197644128896
182,0.028132367116535516,0.02643641760096597,0.00012608640677943438,0.9418908130845643,0.003414315791154721
183,0.016464936836453798,0.041216052779271754,0.0001927300482692482,0.9394934590509508,0.0026328212850543933
184,0.020311694211942673,0.031698868337037535,9.803930832266817e-05,0.9425181814272703,0.005373216715426789
185,0.053013930384639245,0.0976371801903954,0.0007160682046684429,0.8255131495738187,0.023119671646478213
186,0.013270504624518046,0.05337206683621216,0.00035959983639874377,0.9285394331696695,0.004458395533201482
187,0.028646661948650995,0.05312540383866638,8.492137257683124e-05,0.9145807243016896,0.0035622885384163274
188,0.04081846470969532,0.13898631746420836,0.00027711399587864675,0.8158268067824177,0.0040912970477998516
189,0.12561175518912066,0.5782106270416052,0.0006422209767217585,0.2841116249900143,0.011423771802538193
190,0.09584619321944501,0.4164493134958268,0.0003524170256476343,0.4783716452938161,0.008980430965264527
191,0.25565562427722055,0.19681996680372146,0.0002981354127267293,0.5156572472880491,0.03156902621828223
192,0.27541367135558514,0.5046225015501141,0.0018505798311839062,0.19389495800577344,0.02421828925734335
193,0.4660297020131355,0.4607715782369451,0.0015633942746587218,0.030599250478814025,0.041036074996446716
194,0.327455585879865,0.634121564969925,0.0014527689217806142,0.015070119786478361,0.02189996044195108
195,0.0581851511673075,0.927292567876495,0.003532457502256877,0.0029017306332337943,0.008088092820706584
196,0.08168982741347547,0.84562283633275,0.004100484258278034,0.0058126589172478845,0.06277419307824857
197,0.019869342451542944,0.9471075336337125,0.0012377100790899067,0.002105722090068991,0.029679691745585598
198,0.007302518343493307,0.9691453261378068,0.011149151191151754,0.0011648882644546593,0.011238116063093571
199,0.024511635231032867,0.899396635617157,0.04059695561511532,0.0017388620807331707,0.033755911455961705
200,0.02848971245636955,0.940077148292827,0.0038116221242929143,0.002271034981723834,0.025350482144786773
201,0.013363777834454815,0.9687315260696099,0.001405131932440123,0.002150033546247601,0.014349530617247423
202,0.007115859612474389,0.972678954741851,0.012894614337377448,0.0008610362707940629,0.006449535037503056
203,0.004897251601050046,0.9421614858190064,0.04565192040196755,0.0003775024755449764,0.006911839702431004
204,0.070545564401346,0.7468683404474985,0.02077068726462544,0.0010101947896257915,0.1608052130969043
205,0.2357298822563728,0.5324621724597828,0.0009694652366423367,0.0016829845365293286,0.22915549551067274
206,0.3169904916370227,0.5912609521240423,0.0017320528252196148,0.0037255500476289834,0.08629095336608644
207,0.07921245094748704,0.844194627456809,0.01604022582748029,0.0009281103192806226,0.059624585448943196
208,0.062161579848957406,0.8458822500960841,0.0025845830616330226,0.002546210611827883,0.08682537638149784
209,0.03455786640778458,0.801004882941406,0.03220706225401145,0.0033589746728526766,0.1288712137239451
210,0.05191703545351052,0.18912747280902537,0.003155588745433097,0.004585377169754726,0.7512145258222763
211,0.01561476848612674,0.0032439836522721688,0.0001506488749968188,0.0009250348758442682,0.98006556411076
212,0.4971161517129128,0.04744155585473437,9.863654540944656e-05,0.006202058614320405,0.44914159727262293
213,0.852300665392965,0.043114719364706636,9.924168990345017e-05,0.003482998618536214,0.10100237493388867
214,0.3265995901077305,0.3372276507464726,0.003249381923462727,0.0022563856030485205,0.3306669916192857
215,0.22189551188071494,0.7558564560319517,0.0007600695140264063,0.0035759910035109647,0.017911971569795772
216,0.10380088984991014,0.852488506119298,0.007456393519814126,0.002446212114711643,0.0338079983962663
217,0.018772771566162392,0.9633094992116057,0.0024446707334242947,0.0015352156215511122,0.013937842867256718
218,0.21073878599380738,0.5611552155570632,0.006542621513097001,0.010721199449554799,0.21084217748647766
219,0.06791747984409818,0.9083598307324582,0.0014490515497895045,0.0016968938792049505,0.020576743994449052
220,0.013411637814558222,0.9810223605217161,0.002738081448510304,0.00043242458996190343,0.002395495625253295
221,0.006432366991935855,0.9832073870059712,0.00693621111984288,0.00020180372217992886,0.0032222311600702213
222,0.00446399492172898,0.9263191101235208,0.06604807997224474,0.00024285147285937493,0.0029259635096463192
223,0.00635871902264069,0.9587184817970528,0.02915099788912386,0.00042862202937722903,0.005343179261805335
224,0.004031195356651523,0.8782874532154156,0.11528786509508529,0.00024745377252726223,0.0021460325603202966
225,0.011242147069540487,0.9634743147496733,0.020259529623985757,0.00041884901136367004,0.004605159545436617
226,0.003156602688938006,0.8607938451696012,0.13449657598142103,0.0001726190814956168,0.001380357078544115
227,0.007206770669735284,0.8879981180054555,0.10128303704565984,0.0006798098818875747,0.002832264397261756
228,0.008603511861998125,0.9278674965952769,0.060894757108906926,0.0003597726172704836,0.002274461816547439
229,0.007783801414058202,0.9349225869496385,0.05342083224544238,0.0004164186491500446,0.003456360741710612
230,0.0056990904899172105,0.7610195296488047,0.23075885569990515,0.0003839837737568761,0.0021385403876159016
231,0.009826472492627858,0.8105557358193757,0.17543534617727885,0.00036189018504410256,0.00382055532567353
232,0.0049064667591787355,0.7658034325405069,0.22623888398292769,0.0005342159947002721,0.002517000722686405
233,0.004750024003113232,0.7658377660884539,0.22547226429403822,0.0008075714354002107,0.0031323741789945907
234,0.0067285251244139045,0.7587055405045721,0.2311601758275256,0.0006292289482201288,0.002776529595268233
235,0.002658884876438843,0.7810405255937402,0.21416559824122905,0.0005234865340589987,0.0016115047545327058
236,0.01019544451483013,0.5054984945564175,0.4753052517547981,0.0011960725802825627,0.0078047365936717746
237,0.0024827946846694036,0.80432671018922,0.19100295975253068,0.0003751351402737839,0.001812400233306152
238,0.002810561909002177,0.6718152941239661,0.32218571576453775,0.0003822805293650497,0.002806147673128888
239,0.0051828120792241725,0.6708075379721826,0.3203364246490265,0.0003469149412905117,0.003326310358276109
240,0.007061260282416151,0.7080153701293086,0.27973004228955706,0.00048030635917186896,0.0047130209395464
241,0.0016027733108396893,0.418516622331307,0.5777317759335417,0.00013248474732466248,0.002016343676986886
242,0.0013445318664782105,0.6447447829610204,0.35187806854549303,0.00016800593366091924,0.0018646106933472486
243,0.003065361482900425,0.7116450094240275,0.2796018386550153,0.00026746511731897624,0.005420325320737709
244,0.0008166072097722397,0.22258776774567574,0.7744250472828803,6.895577486896345e-05,0.0021016219868029017
245,0.001691586616092921,0.5697772102856884,0.4246150135060223,0.0002030414396711878,0.003713148152525133
246,0.00630474052797486,0.5675712518359308,0.41943083210972754,0.0005705802547750181,0.006122595271591909
247,0.04868067222151826,0.5187482450652925,0.35091748250343463,0.001148939268820615,0.08050466094093398
248,0.007606988792208301,0.49374078456713405,0.49451344372214057,0.00027632278347811796,0.0038624601350388827
249,0.004148780114325225,0.44559501039377725,0.5404493924912162,0.00024385335192262818,0.009562963648758827
250,0.009087079251198915,0.7129026774718513,0.2723654255068776,0.00028433948283046044,0.005360478287241854
251,0.0020942826059542627,0.30697267576673,0.6869500197119617,9.211539916367795e-05,0.003890906516190444
252,0.0033648691511488954,0.3831690604938324,0.6088773017838033,0.00019743226782071723,0.004391336303394621
253,0.00130147155003552,0.20103353119197578,0.7955510298327292,0.0001255806769804446,0.001988386748279047
254,0.0014493093182868077,0.23463339404482267,0.7620431961183795,0.000235186097953895,0.00163891442055726
255,0.007766411122384122,0.30201937572356663,0.6779802480319277,0.001086910198113013,0.011147054924008434
256,0.010573588141866331,0.319002045126942,0.6577830398154558,0.0022692932406540795,0.010372033675081768
257,0.1038768698949564,0.7947178263903355,0.08342996598904232,0.00558877959526233,0.012386558130403458
258,0.022916864778428307,0.8528875838392381,0.11988480302763865,0.0008567556736768209,0.0034539926810179524
259,0.0077566186481056,0.640949069048491,0.3483403908820507,0.0003703969880680945,0.0025835244332845226
260,0.002781645516018877,0.4705316641287427,0.5250514438058914,0.0002118648382268739,0.0014233817111201123
261,0.003054073383794133,0.5741183578128398,0.41910417300092856,0.00043843522438433873,0.003284960578053101
262,0.0031059101491025206,0.8426848294187989,0.14732448789280828,0.0005560006133813473,0.00632877192590905
263,0.001156156047706869,0.26727998314183815,0.7293686007244247,0.0002451573163052032,0.0019501027697250723
264,0.0062934655043110285,0.6799921182223257,0.30907040732648083,0.0008075148089980595,0.003836494137884457
265,0.0022367056442851715,0.19654076446931965,0.7994868084741573,0.0001915943158210594,0.0015441270964165997
266,0.018077458856308126,0.9286977031680802,0.046049777804673536,0.001026705904319061,0.006148354266618937
267,0.0013035468829972353,0.18500636886099953,0.8122388175845278,0.0001811845324274538,0.0012700821390480446
268,0.0037769623291295774,0.4774386676813696,0.5136971810698817,0.000286942427968843,0.004800246491650107
269,0.0017695640099178282,0.2659038010935305,0.7298421388248211,0.00014507476174004623,0.002339421309990559
270,0.0006264886815836089,0.17578379245361261,0.8226466794449829,0.0001476137134072876,0.0007954257064135559
271,0.0009501554712184916,0.2544116817596934,0.741963592104635,0.00013624734997434853,0.002538323314478857
272,0.004250441555039239,0.2757619206097201,0.7146395245050573,0.000427731233445909,0.004920382096737469
273,0.007274481252632949,0.858319356979633,0.13058800578814478,0.0006622211468487905,0.0031559348327404187
274,0.0019732845451963586,0.4003034105892065,0.5959295366257307,0.00014877994865020142,0.001644988291216195
275,0.003279948596067093,0.5340340382378453,0.46024109808061836,0.0001649030052719016,0.0022800120801973974
276,0.001814435737078867,0.38651133954852096,0.6088599146047629,0.00012352780808778003,0.0026907823015496837
277,0.0006590168006001202,0.23230978085512932,0.7660541551208596,3.053333526046434e-05,0.0009465138881504902
278,0.0012653851951049966,0.20591261599433092,0.7906951760426059,8.331444470610523e-05,0.002043508323252264
279,0.0013562875258310131,0.17867947198069142,0.8167743651499244,6.629871880317347e-05,0.0031235766247498537
280,0.0022144885584487435,0.1878035488465112,0.8064241668758017,0.0001889501300973567,0.003368845589141094
281,0.001403233743610861,0.21453017359121657,0.782030056291384,0.00012742750695269643,0.001909108866835831
282,0.20245499919357146,0.2542836702942059,0.16409026410449234,0.006086787192911844,0.3730842792148184
283,0.243418258139048,0.6436738060251899,0.04840435270276519,0.00963620808672064,0.05486737504627633
284,0.04829179920108277,0.6321517031916395,0.28304357334073454,0.004137507818897895,0.03237541644764536
285,0.2306547201722948,0.6014966231750501,0.08493664551693166,0.011459546058682574,0.07145246507704092
286,0.01641534430994677,0.9025022094122384,0.07436636121692618,0.0029850309023276233,0.003731054158561084
287,0.11363922112045881,0.7634305852181987,0.034347600815438965,0.018455442653204326,0.07012715019269927
288,0.32955469514054464,0.6216056213156537,0.005327273385877412,0.014266396176634749,0.029246013981289457
289,0.03351315097546492,0.9548054334597731,0.007249827446538582,0.0010213018099204166,0.003410286308302945
290,0.040944151573106366,0.9066445383978343,0.04520907999731799,0.0019486344545156943,0.005253595577225729
291,0.05414058314527117,0.9051806161639832,0.026349327888084435,0.0018497894226998373,0.012479683379961378
292,0.0900641605186496,0.8837664338139486,0.012813468195377334,0.007417541857997696,0.005938395614026911
293,0.02254771352916008,0.9684930237535537,0.0026315126944405727,0.00477381713149662,0.0015539328913488101
294,0.020368559803954495,0.922326602994608,0.0532028823532878,0.0015434425448287968,0.0025585123033210855
295,0.08819676016854822,0.8854441944914152,0.011036189771663485,0.0024304486483520027,0.01289240692002094
296,0.060558936658005366,0.9270722970313848,0.003628436935568981,0.0017562849498083863,0.006984044425232429
297,0.019868708089144965,0.9324280137724715,0.04433385401982953,0.0008819884645212445,0.0024874356540326202
298,0.12687930330971015,0.855546054930512,0.004714838204638331,0.0021830498174520664,0.01067675373768742
299,0.015673270698370708,0.9225375740795663,0.058002327916236385,0.0007425707617817656,0.0030442565440448755
300,0.015646150847528205,0.8613444810791983,0.11852163475640796,0.0017016054283959367,0.0027861278884694675
301,0.04807536882761481,0.8773500540708112,0.05793230415620234,0.004325619069830009,0.012316653875541834
302,0.00739343246210355,0.8265540442287461,0.16122565146147774,0.0020407519346658048,0.0027861199130068282
303,0.009140886046971103,0.7214058656998177,0.2583138317430797,0.003109604315159157,0.008029812194972504
304,0.02374774165723103,0.9449529661397554,0.023696219536422997,0.0024664129998899355,0.005136659666700476
305,0.00585995805830297,0.9269236978983458,0.06227973659631262,0.0022294891104641056,0.0027071183365746637
306,0.0039342667587266775,0.8235622923103206,0.16897585670749382,0.0013503441215604332,0.002177240101898416
307,0.03346215781873642,0.8829577135943895,0.07309833019009931,0.0024784816921103146,0.0080033167046645
308,0.009242668120065155,0.6648468732999636,0.3183628571727875,0.002427250483119195,0.005120350924064416
309,0.013587468230795893,0.9617184210584913,0.01930267460647966,0.0018103946798249757,0.0035810414244079884
310,0.0035205787492190942,0.7303729527873903,0.26270166661582833,0.0014140528874220287,0.0019907489601401008
311,0.028920775136774074,0.9559843224896329,0.005853063750663338,0.003085347954244263,0.0061564906686852675
312,0.00602092457689119,0.8516046227478477,0.1376492029205034,0.0018161481118090484,0.0029091016429488555
313,0.04055591661131436,0.928413981890465,0.023620337434148698,0.0019461546403290236,0.005463609423743045
314,0.05643783822527479,0.9214729521502467,0.016058185478419033,0.002153661124091966,0.003877363021967382
315,0.014495825808494938,0.9479366650624602,0.03330304858570421,0.0018446474617381198,0.002419813081602442
316,0.013923422263581824,0.930683181221312,0.04947452008141593,0.002324270379230672,0.0035946060544595386
317,0.022477165909136343,0.9560301843838651,0.01628388354254076,0.0025122805532403134,0.0026964856112175503
318,0.01543948680315833,0.9599881796771399,0.01784591462597388,0.00418003707794076,0.002546381815787095
319,0.00736510132859437,0.9747329802314141,0.013143552145138742,0.0031625479360514646,0.0015958183588013124
320,0.1483495681609423,0.744650764266367,0.0021666936933684936,0.0848879585538378,0.019945015325484646
321,0.0981681453310902,0.767210013536236,0.0015901470090610693,0.11941702116427477,0.013614672959337928
322,0.074308405813063,0.83604176878006,0.004438477815903556,0.0763864182044578,0.00882492938651572
323,0.19625286841280992,0.3152824395649364,0.0007386471408275985,0.45798259512983874,0.029743449751587155
324,0.05260259850695089,0.09756146016475362,0.00028724474338073726,0.8255188701485823,0.0240298264363325
325,0.04076805358091116,0.12958204319183025,0.0002487714377506938,0.8032328273145304,0.026168304474977457
326,0.07623166092316508,0.01658270785060298,6.309199259412707e-05,0.8952000961111343,0.011922443122503654
327,0.052621026916112715,0.02753630863471951,0.0006752306348669235,0.9064493817225022,0.012718052091798474
328,0.05799169322655625,0.06100822597224997,0.0015368904240186778,0.8631498092201506,0.01631338115702444
329,0.06644548750523364,0.012313575894613316,0.00023870669675413915,0.9140462333492119,0.006955996554186899
330,0.03574712612670729,0.03021634708067241,0.0019611071585194594,0.916435163481229,0.01564025615287169
331,0.023280697071982045,0.014634544809893568,0.000414224023289072,0.9580300439494376,0.0036404901453976875
332,0.026416513287480826,0.021107553557339297,0.0013815678046313255,0.9437254303897848,0.007368934960763565
333,0.08231963032902434,0.011786573360818156,0.0003287475208639717,0.808904025828184,0.09666102296110946
334,0.11781145987756447,0.016275186460536054,4.8972373382513775e-05,0.700462834975257,0.16540154631325998
335,0.3859578377752233,0.019507388364013046,5.335323405803653e-05,0.44553924120080135,0.1489421794259043
336,0.6010212693145541,0.017574554852678746,9.293007519951817e-05,0.30605242904114455,0.07525881671642297
337,0.5880391836946761,0.04437175377572519,0.0002691237567033507,0.34637001548665863,0.020949923286236696
338,0.4366704121071368,0.04654990409709746,0.0004212846409901606,0.4960100981684532,0.02034830098632236
339,0.08508047428823422,0.044181658974486206,0.00015660232255726105,0.8652836076160558,0.005297656798666481
340,0.06311159894702256,0.07731617429628637,7.869338334000122e-05,0.8542580935559381,0.0052354398174128975
341,0.04408533707924719,0.050235343792722376,4.298288984002989e-05,0.9016918557497997,0.003944480488390717
342,0.03373268120479797,0.036122817714404384,6.951609294368613e-05,0.9249781059349387,0.00509687905291546
343,0.025470799079647357,0.08726218966048237,0.00024055568450927792,0.8556718720691098,0.03135458350625124
344,0.03451209241033359,0.016908090929497882,3.643806049597371e-05,0.9388257502509899,0.009717628348682547
345,0.11124670034613941,0.023847971059595456,4.519821948117438e-05,0.8558310276574239,0.009029102717360047
346,0.10219862185515186,0.14924363531731025,0.0001597487309816612,0.726830897905081,0.021567096191475177
347,0.07285557177484854,0.11654698449098597,0.00018475380995417693,0.8027800813412402,0.007632608582971003
348,0.034067993085762714,0.039469323363347394,5.239587805772816e-05,0.9155745280833357,0.01083575958949658
349,0.03631047859518153,0.032167807707149026,5.933397835210295e-05,0.9127174157905283,0.018744963928788834
350,0.04534197715075861,0.00867228960309998,2.1826733131979618e-05,0.9203573236097933,0.025606582903216164
351,0.07713154525036482,0.03892201819364926,7.615438342022027e-05,0.8697392241022022,0.014131058070363526
352,0.08485432803748962,0.0619913714876913,0.00020634730675959565,0.7660802841536477,0.0868676690144117
353,0.0707926118819504,0.04628163589649997,0.00016300922982183792,0.7916750059012826,0.09108773709044525
354,0.061474080529033893,0.028400748751035335,3.7309152191471466e-05,0.883663635688187,0.026424225879552198
355,0.0480403134504269,0.026363960381593787,4.326781949094561e-05,0.9116094838309869,0.013942974517501306
356,0.048574675363058935,0.029454938727912473,4.7685707249152176e-05,0.9090165545721155,0.012906145629663936
357,0.015901831276137205,0.013775798071699472,5.2640685868416875e-05,0.9282544626718511,0.04201526729444381
358,0.019150873687135642,0.008280407702200877,0.0003038250523300548,0.961793081719392,0.010471811838941284
359,0.01576529372021817,0.007838306008460378,0.00016982056038299364,0.9632332734256016,0.01299330628533683
360,0.009453058768250274,0.006153152089989363,0.0002548275370345369,0.974596389585778,0.009542572018947796
361,0.015061542757705897,0.005886330368832685,0.00027938741960229613,0.9694766679028554,0.009296071551003754
362,0.06457219060082427,0.01673934189225741,0.0006510838000177765,0.7165391396272676,0.20149824407963313
363,0.035463018420515705,0.013190449071929929,0.0007078252560091798,0.9210306267459937,0.029608080505551658
364,0.08472658322910126,0.017377096767999013,0.002024332323965809,0.8717052942702889,0.024166693408645117
365,0.07503443910018007,0.015353226377913625,0.007370260725620227,0.8467895128680546,0.0554525609282314
366,0.007525059274600555,0.0072785872840690526,0.0009709615185745151,0.9786538370013084,0.005571554921447634
367,0.005774714496720456,0.004133137843233807,0.0003916041355148694,0.9824225737250233,0.007277969799507559
368,0.01721363785527968,0.010621277828380033,7.93195285682515e-05,0.9579945174082855,0.014091247379486593
369,0.050729960561115006,0.037039220583637684,0.0010153237442423414,0.792451826725229,0.11876366838577604
370,0.21291794770025435,0.028804804152035627,9.768463505155372e-05,0.4269811325570092,0.33119843095564916
371,0.39969595090571447,0.034884901993009296,0.0002296750061924826,0.3774617769796625,0.18772769511542123
372,0.7122278847764721,0.023027700788467442,0.00013767102835437106,0.22726579205663777,0.037340951350068305
373,0.11675463864491185,0.016161586757886776,6.225509533852256e-05,0.8569631387252934,0.010058380776569288
