epoch,N1,N2,N3,R,W
0,0.0003191033617727511,4.3577468800258704e-05,4.7278417685310907e-07,0.0001315055621133744,0.9995053408231367
1,0.0007174363271389685,5.8057176552148264e-05,7.031929636632875e-07,0.00015192047829433068,0.9990718828250509
2,0.0009094676193411384,8.841719153180057e-05,1.1220443130674835e-06,0.0002329510827777809,0.9987680420620363
3,0.00153815697283296,0.00010462695447537203,1.1497278326152211e-06,0.00029665789971338493,0.9980594084451457
4,0.003409474423375041,0.00011961121388885353,1.1505364100044209e-06,0.0003648090053507071,0.9961049548209755
5,0.004020529191841058,0.00016655863359161952,1.2630475444810011e-06,0.00041379979684529126,0.9953978493301776
6,0.0043592784482667,0.00016825115637843306,9.149822391472856e-07,0.0002102360835412977,0.9952613193295744
7,0.007291441689254867,0.00023911010579963165,1.0418100334381788e-06,0.00045263601344187063,0.9920157703814702
8,0.002604477769213732,0.000255368327540385,1.27902770730934e-06,0.0004115167159981347,0.9967273581595404
9,0.012767663389582348,0.0009119190883017607,1.954434077281277e-06,0.0007236595118478991,0.9855948035761907
10,0.012997816814616491,0.0011995284243865706,6.512890340942484e-06,0.0010630202847473431,0.9847331215859088
11,0.0007312737327773758,9.973073517864886e-05,1.5643036710343886e-06,7.150371751744495e-05,0.9990959275108555
12,0.00016361890529625474,2.995525787224341e-05,1.0333543927756164e-05,3.1036067734987183e-06,0.9997929886861303
13,0.0003513386715479974,5.4252003646689594e-05,2.1019141203017035e-06,0.00012618277613681478,0.9994661246345481
14,0.008291968456106863,0.0003659816426394309,2.778797509014516e-06,0.000386640599640689,0.990952630504104
15,0.003759603471105059,0.000155469059791266,5.605315305564874e-06,0.00026159854074858104,0.9958177236130495
16,0.018018711850456084,0.000747920915265497,2.3810239435278085e-06,0.0005786512588342329,0.9806523349515007
17,0.013813292849285336,0.0012749595382237724,3.654182853464534e-06,0.0008892093202286244,0.9840188841094087
18,0.027195317744248333,0.001058411636299056,2.6776918071505426e-06,0.0012169005861433334,0.9705266923415021
19,0.028548712429729995,0.0014260563680523852,4.716965432046465e-06,0.0016147515620903428,0.9684057626746954
20,0.011027789522831882,0.0005752597400231107,2.7727175827188737e-06,0.0006380981651069587,0.9877560798544555
21,0.004031672567918885,0.0008478266434326306,2.013434221939508e-05,0.00030451451404722485,0.994795851932382
22,0.0004779783153119971,0.00012839412949140346,5.787026350250253e-07,0.0001523231343037628,0.9992407257182578
23,0.0016075205203386798,0.00045015723430582465,0.0001677049034712912,4.169339044194056e-05,0.9977329239514423
24,0.0003536323738941213,0.00018555654692066408,1.4064628484936165e-05,5.0122365156162996e-05,0.9993966240855442
25,0.0019376790670679344,0.00019582200881308019,1.0879161667133824e-06,0.00012738498347368294,0.9977380260244786
26,0.0005640465197607786,0.0001420741038428537,5.330075176453307e-07,8.482882998228798e-05,0.9992085175388964
27,0.0017659803461831925,0.00017226783778734377,8.783357225790365e-07,0.00018973459983437124,0.9978711388804724
28,0.004743806192902295,0.0004974152217212234,1.0602464774857473e-06,0.00028959108760969637,0.9944681272512894
29,0.006573141309876375,0.0004053105323661971,1.35176847385624e-06,0.00027185121024712964,0.9927483451790363
30,0.006052960230699417,0.000527393686028225,1.1748775794693558e-06,0.0002923297454657291,0.9931261414602273
31,0.010229680485598146,0.00045606089251439013,1.3592817911682779e-06,0.0007650428781307293,0.9885478564619655
32,0.0044502352902383215,0.0005943718149340933,1.31637895276818e-06,0.0005262354321457805,0.9944278410837291
33,0.026247144266600388,0.000986078771593018,2.483709944594751e-06,0.0017017901136204756,0.9710625031382414
34,0.017839168810229244,0.0011877321177641354,2.1384811935100826e-06,0.0012239376143348766,0.9797470229764783
35,0.06573179176142081,0.006360637439968019,2.0516443897055355e-05,0.006021751186231715,0.9218653031684825
36,0.1409728483264098,0.009058419040138032,2.9214229065445992e-05,0.004547384192518976,0.8453921342118679
37,0.31035605095911195,0.031555961330596786,6.719890614985566e-05,0.013439439218641656,0.6445813495854997
38,0.46976715996497603,0.04848024139775808,0.00013563309269921307,0.014202087797777686,0.46741487774678897
39,0.45018777546313143,0.28755939180170764,0.0009033487011694654,0.015934483857204175,0.24541500017678722
40,0.49524236412704226,0.275465192905871,0.0006755805131175475,0.02701189599731054,0.20160496645665868
41,0.366124568960092,0.3766263329234325,0.0016096612861361819,0.013651581521944168,0.24198785530839526
42,0.22821048006414416,0.6462361156852345,0.015143688987828887,0.003071298585245202,0.10733841667754712
43,0.3426800534898562,0.4394119875345651,0.001626620069292255,0.009780188778277627,0.20650115012800896
44,0.07549332208289943,0.8943511634245447,0.0034257811047226205,0.0019019353084189364,0.02482779807941423
45,0.1764922546238943,0.7645925581719074,0.009949535274650796,0.005211865055115885,0.04375378687443167
46,0.06735342235890142,0.8914406983128643,0.027059498587624888,0.0027140163157954476,0.011432364424813915
47,0.07830483492662804,0.8580140321515561,0.020124060951533095,0.00578322213856889,0.037773849831713786
48,0.04823338884232247,0.8624813923625236,0.0754191383632907,0.0015254739720191861,0.012340606459844094
49,0.09615422844247662,0.828134437755343,0.04021739184297864,0.004592906005228779,0.030901035953973085
50,0.07989204759068541,0.863983709624714,0.033752677128858835,0.010316890589779535,0.012054675065962292
51,0.05845061444517896,0.8453219372042167,0.05902563445910936,0.004567013856392543,0.03263480003510243
52,0.42573598205651175,0.4559238399882816,0.0012683286253421671,0.045135802688595704,0.07193604664126878
53,0.14728728885570208,0.8240277654926944,0.006509520087165328,0.012387499369652763,0.009787926194785445
54,0.19003627167852846,0.7688503736094228,0.023506288849530325,0.0018165345078729007,0.015790531354645452
55,0.09733070089426854,0.8386619829612617,0.055524784869125356,0.0016221074025187909,0.006860423872825624
56,0.06432170691209255,0.8717920222865352,0.05739864925205382,0.0015333094720163531,0.004954312077302054
57,0.031497226744490646,0.8571303821628322,0.10449804472289492,0.001699192882072641,0.00517515348770963
58,0.028836358668471656,0.6545584583148816,0.3120255915581056,0.0007318467458967309,0.0038477447126444375
59,0.02669926185259937,0.8847362628779578,0.08262015054673198,0.0011617470395281638,0.004782577683182747
60,0.020012586066787224,0.6030134472926497,0.36768232063854667,0.000975345818493987,0.008316300183522498
61,0.01179941226770799,0.8429867578625657,0.139053381666524,0.0003231010592428912,0.0058373471439594074
62,0.016503679979002463,0.7749417041340791,0.20567805708111225,0.00032098110258815056,0.0025555777032179694
63,0.01460515295069719,0.5867994337983611,0.3943122714901697,0.00022447192165487217,0.00405866983911723
64,0.008956699737612626,0.5839311755867008,0.40239022362979343,0.00036655355451452684,0.004355347491378586
65,0.01265497002838531,0.6185800280468365,0.3638330808437058,0.0006175824264388231,0.004314338654633546
66,0.007970165733463822,0.5588699103579949,0.4292920781184954,0.0003879402977668564,0.0034799054922789088
67,0.015533850348537184,0.5428918231204466,0.43589457202015414,0.0009958200147787784,0.004683934496083342
68,0.005683018578231312,0.29340542343899895,0.6970536035505694,0.0006221410456522132,0.0032358133865481157
69,0.009450956777676649,0.3255410237855427,0.6594137890576782,0.0011738833662293343,0.00442034701287312
70,0.006736146160727813,0.48885455407747264,0.4900413297752062,0.0006643565701109521,0.013703613416482503
71,0.018272543218497587,0.7053908788833146,0.26352404286804954,0.00175094073349064,0.011061594296647544
72,0.012955380527232994,0.5673645595472648,0.4170883348485525,0.0002463824788005353,0.0023453425981491607
73,0.012810974165485519,0.5489154676913119,0.43483038839625204,0.00032901258883087485,0.0031141571581196673
74,0.00857792670899449,0.45807527593114056,0.5300981535690382,0.0005087200080791261,0.0027399237827476267
75,0.012448546791605257,0.4380888206144736,0.5395471112638863,0.002275935896602176,0.007639585433432776
76,0.025752679753990683,0.5761490125449359,0.3594395240666738,0.0056240742037050526,0.0330347094306947
77,0.0482707635655264,0.4791000240826683,0.42008700407319355,0.007784636431485747,0.04475757184712615
78,0.07415726126246797,0.2537909679061941,0.007780781831498969,0.003261686949181527,0.6610093020506574
79,0.1258312244700066,0.0676457335612168,0.0009946835495156126,0.011183280562142262,0.7943450778571187
80,0.1047528333747023,0.037070113709522,4.599151124552518e-05,0.014739503972226066,0.8433915574323041
81,0.5739253420105621,0.16745691045077055,0.00014573246459167755,0.05038966194978681,0.20808235312428877
82,0.5792200507500216,0.06251908151305355,5.901314436946693e-05,0.03404022192795828,0.3241616326645971
83,0.1318274233036655,0.03385538335902412,0.0007766348037797384,0.00842057909580397,0.8251199794377266
84,0.4033709743033489,0.06598576617496106,7.968403583034187e-05,0.06577550217298883,0.4647880733128709
85,0.5225901948355789,0.1493561722543802,0.00023221265664924212,0.08875014710215148,0.23907127315124024
86,0.5927388520241866,0.1432687628785628,0.00030313942586486845,0.13481968539488337,0.12886956027650226
87,0.5897127337353851,0.1290792210593661,0.0001433685136401026,0.09595716082101985,0.18510751587058877
88,0.4892374332636621,0.37012778933050366,0.0008293288585778058,0.0219474237420897,0.11785802480516677
89,0.22123967936192981,0.7217186491719483,0.0014441622227295342,0.01487517970030232,0.04072232954309001
90,0.3223915696311409,0.4970659467637638,0.0029613135076047357,0.01313107185330028,0.1644500982441901
91,0.3488286833385353,0.5265851494766913,0.007347374808568014,0.021693607519310952,0.09554518485689438
92,0.29364986960008826,0.6208716804140237,0.0071362305790635475,0.026895367503374762,0.05144685190344971
93,0.16683837505583257,0.7662745563607151,0.014124609514125667,0.016991089763948863,0.035771369305377866
94,0.26697043315161195,0.6168979238743992,0.0030964699262992857,0.029550011957475843,0.08348516109021367
95,0.0479624155250726,0.9083405151962236,0.008578825181585327,0.004815795393294528,0.03030244870382406
96,0.22867767933358635,0.6811078586227758,0.01186849712941568,0.017242237621342766,0.06110372729287948
97,0.13101535160914013,0.7816639224445986,0.005126468434016902,0.011714639251087377,0.07047961826115702
98,0.0945551740865388,0.8451374225387238,0.007626829306997796,0.018359056136915707,0.03432151793082393
99,0.17119123284475687,0.7439297898042176,0.02764395069001893,0.01118159884653554,0.04605342781447107
100,0.09875748976319852,0.84128221935562,0.00954522579405679,0.013939780474778585,0.03647528461234608
101,0.09661598719329473,0.8415855359457685,0.02893779101365512,0.020006597696875312,0.012854088150406463
102,0.10589527187617664,0.830012453716174,0.03319183699563294,0.017548411633335842,0.01335202577868054
103,0.04539673636333793,0.9020465083294592,0.03596371102748802,0.007941383695945228,0.0086516605837697
104,0.049189463130496394,0.8866912964058317,0.04865960700611485,0.00964782149314196,0.005811811964415107
105,0.04045853428975607,0.8493537554858438,0.10211921787154996,0.003397115464899996,0.004671376887950145
106,0.0942381970687159,0.7593854654209252,0.12972183042438065,0.0029731498993774983,0.013681357186600577
107,0.033455284705558544,0.8523383048301756,0.10757435431538684,0.0020086824565686548,0.004623373692310504
108,0.036577292716687956,0.7676516759402383,0.18468261544292858,0.0019372428097404965,0.009151173090404547
109,0.018575337909434036,0.8310445214877551,0.1458844394576367,0.0010675197735139808,0.0034281813716601395
110,0.030849154290059373,0.7829448060832811,0.17922153085779338,0.002214532180685383,0.004769976588180777
111,0.03309390436005858,0.6294133734786329,0.3292779315887286,0.002202193921961957,0.00601259665061784
112,0.01813728124416317,0.7171109952797674,0.2582342766659173,0.0013430879982476618,0.005174358811904403
113,0.11714611123029883,0.57378242533791,0.09623350655733486,0.00454753343240346,0.20829042344205292
114,0.19104402120585612,0.22831649143661983,0.009439918519276422,0.003548662985357032,0.5676509058528906
115,0.12626756520447388,0.8258011651578382,0.008852600634434894,0.0024974731149931496,0.036581195888259976
116,0.06168336823424283,0.9006655503486626,0.025252149881343892,0.0010364821787159596,0.01136244935703469
117,0.3169907370651309,0.6103949439858146,0.011994999155033782,0.003500164536757413,0.05711915525726342
118,0.04204895390956295,0.9063425436355107,0.03567380638941009,0.0014652915678018963,0.014469404497714491
119,0.054939497728976855,0.8922189489964035,0.027933716847011663,0.0053336168343334645,0.019574219593274593
120,0.041435402468047354,0.9206765412819828,0.029885463723143796,0.0030832193026303616,0.004919373224195593
121,0.03839022767958769,0.8794765362897509,0.07460661054943471,0.00250238594949695,0.0050242395317296185
122,0.06499029495762196,0.8329653018595294,0.09338462115945527,0.003614861817104539,0.00504492020628892
123,0.018654868406698805,0.7848428509682123,0.19221248192034437,0.0016492138258015591,0.002640584878942878
124,0.028974274128540388,0.9177854706375457,0.04661583125486558,0.002493589023382955,0.004130834955665429
125,0.02490779083408422,0.8863921516768173,0.0842030399635068,0.0015662898664756248,0.002930727659116319
126,0.04781871069939902,0.7228459153752905,0.22585024252008257,0.0012692857086163923,0.002215845696611472
127,0.013209849761410312,0.510649174157584,0.473481037652588,0.0009039736796303366,0.0017559647487872944
128,0.015780067542824,0.6955277646651553,0.28528702598980454,0.0014139683522971143,0.0019911734499189595
129,0.016146759747243902,0.7091876803981334,0.2658948609700612,0.002401754108476852,0.006368944776084399
130,0.00799565665080638,0.5777005965248818,0.41113477212686245,0.0008720953764826185,0.0022968793209665913
131,0.010415507563693797,0.4809535118415514,0.5034481724190021,0.0008924769325400826,0.004290331243212556
132,0.007363111035542123,0.5497232671680002,0.4407876759811475,0.0005586459153247991,0.0015672998999853598
133,0.007583426557124769,0.4770334900685962,0.5124713614307279,0.0007666687582319922,0.00214505318531926
134,0.014632673215463441,0.7258368317982151,0.25295311193065145,0.0015098071074406178,0.005067575948229453
135,0.01110866563376149,0.450534202875937,0.5342462316194879,0.0017005886373776024,0.002410311233436091
136,0.014464264163782596,0.537338281534508,0.4427141118702215,0.0021530488683378685,0.0033302935631499848
137,0.00454033575406389,0.28136211714571097,0.7100589834740478,0.0010510693851433427,0.0029874942410341213
138,0.0018540136264316679,0.0885520772227493,0.9064875413764448,0.0009091771528009966,0.0021971906215731934
139,0.003942175317957332,0.24163921848296227,0.7470769419212306,0.0016227300056770525,0.005718934272172639
140,0.02230825218125587,0.3475558386421958,0.6199585259528647,0.004431247934719262,0.0057461352889643024
141,0.018613961347137636,0.2707208623237145,0.6908101259493684,0.0020434021269264487,0.017811648252852953
142,0.048292759953915854,0.44048270513143656,0.4884189072079436,0.005394460105040171,0.01741116760166388
143,0.023265618744107354,0.3783419435871373,0.576424131761173,0.010545456118156249,0.01142284978942611
144,0.0481622089161041,0.449700100406595,0.4523037700548537,0.018167319856730757,0.031666600765716396
145,0.041011776640219336,0.5330836199547244,0.3635444982837721,0.03523380258579476,0.027126302535489418
146,0.09245344983528533,0.6877759156583831,0.09006617290873459,0.01943369109655907,0.11027077050103765
147,0.15499387843063164,0.7649075724303495,0.01193371491765631,0.022012827277552605,0.04615200694380997
148,0.24969443521030468,0.17203907580877092,0.0008689896722360638,0.008019344271698512,0.5693781550369899
149,0.43614606895736424,0.435893975402898,0.0012069087681708317,0.05248598899821674,0.07426705787335006
150,0.40303725474734575,0.2977750978522721,0.0033912591594815055,0.009489362969950961,0.2863070252709497
151,0.3415585343429583,0.4189860728088297,0.0008698907266514108,0.06957715941092293,0.16900834271063767
152,0.3733907996940234,0.24339371903257234,0.0017390698278103608,0.019378900621642728,0.3620975108239513
153,0.4396938204592484,0.2589434704096651,0.0007255245205718229,0.15481787270332084,0.14581931190719394
154,0.48142469378129943,0.30210640348687096,0.0012392306910445291,0.039222801119249126,0.176006870921536
155,0.44600119147576217,0.41453965375425167,0.0013581901239906103,0.08994100143805331,0.04815996320794211
156,0.5487899510120032,0.32947963801140473,0.0008045760190507959,0.05658459577126464,0.0643412391862767
157,0.42641529645133514,0.4529241220641722,0.0011288124912246184,0.09472526616122985,0.02480650283203811
158,0.35611105923519176,0.4651605784025221,0.0009888154482100022,0.16428767689684334,0.013451870017232692
159,0.17995202382203485,0.743233423974438,0.0023576422747885596,0.06490084651054828,0.009556063418190184
160,0.16962259546536915,0.7287262161904595,0.0047461990261315175,0.08187951861304746,0.015025470704992324
161,0.2154402962542519,0.6882220077065826,0.0035971860248786916,0.05575584598422404,0.036984664030062925
162,0.14630360423322616,0.7955436899895613,0.004036021175811764,0.034158633302504064,0.01995805129889664
163,0.0685206430687662,0.8761548660044954,0.03188598723493405,0.012476758533517554,0.010961745158286757
164,0.11159056795311863,0.8401716465191179,0.007742307384561891,0.03281780677311071,0.007677671370090969
165,0.033155947012144575,0.9280616690954866,0.027661582373269388,0.008049503106904405,0.003071298412195146
166,0.1009756248283381,0.8354037258504933,0.01229724680561419,0.04511660286462774,0.006206799650926562
167,0.029475002799628756,0.9023273499253467,0.055825641369964325,0.008125125984621865,0.004246879920438181
168,0.030301590706026154,0.9176759564990981,0.04268796002639823,0.005335030235350701,0.003999462533126744
169,0.0290474936829114,0.8488072568766095,0.11623214290221519,0.0028922227256545055,0.003020883812609175
170,0.028211052426335016,0.8381724669615152,0.13037468038205785,0.001132043848764599,0.002109756381327642
171,0.053180533804476605,0.8118513339157444,0.12658109876530355,0.0022325612302807403,0.006154472284194791
172,0.015164710897211848,0.5493081096612149,0.43221530508348427,0.0008570535900558346,0.002454820768033081
173,0.007894293223756553,0.48314667723312976,0.5059556723778844,0.0005865029525844491,0.0024168542126448574
174,0.018666326050871346,0.5076699740341475,0.4670119635566964,0.001648243906344162,0.00500349245194068
175,0.004949978378423032,0.25103062326566294,0.740334946057383,0.001226113095782466,0.0024583392027484495
176,0.015612304260832275,0.4954649847188626,0.4828892721367429,0.0015740578717849823,0.004459381011777288
177,0.01083954482889912,0.2226082815781353,0.7604786507722485,0.002524723506228041,0.0035487993144890538
178,0.012616520021505376,0.24424673686177603,0.7266500006318894,0.005702019887873391,0.010784722596955792
179,0.00950410873354336,0.19252812679137912,0.7934062015102278,0.0017481108339689705,0.002813452130880925
180,0.009603351488194758,0.1363583969768239,0.8439152721199503,0.002258487984239655,0.007864491430791416
181,0.008702443724710596,0.1727243821877604,0.8115840307083445,0.0013033421835153209,0.005685801195669291
182,0.007606123300751924,0.10346730925737309,0.8837974305146733,0.0008651075223066106,0.004264029404895031
183,0.002182185330042804,0.051080427427633045,0.9432484610899369,0.0005875810888059315,0.0029013450635814184
184,0.00708984979717526,0.08142131281062252,0.9053331783667752,0.0012671651393972032,0.004888493886029886
185,0.012191592174287192,0.11404920384936174,0.8621567006028755,0.0029727718929946283,0.008629731480480863
186,0.019746874267264798,0.24763652060353258,0.6934673536462933,0.0024209253562487644,0.03672832612666048
187,0.041353777044208465,0.26347018547578255,0.6765019058157242,0.003626903124485231,0.015047228539799505
188,0.016221820627643803,0.10195789067276545,0.8683949154273121,0.00490413566014823,0.00852123761213039
189,0.017733410090691522,0.14768632373452334,0.8180643971630122,0.006243201707789775,0.010272667303983006
190,0.007010604623695721,0.12754700428188367,0.8546569108158103,0.003087149315396263,0.007698330963214071
191,0.017533610575004528,0.1592127733392586,0.8051946659760431,0.007066789830873961,0.010992160278819725
192,0.012137923837250143,0.11518815251983043,0.8593682825292877,0.00428224874469371,0.009023392368938093
193,0.008957887048698933,0.11402989472741792,0.86916203026403,0.0023157833610226463,0.005534404598830322
194,0.009633536536754896,0.08337035960633092,0.8950508165787611,0.002582691416701165,0.00936259586145199
195,0.011906177943046575,0.16358543603487358,0.8066685281887123,0.004307024217786543,0.013532833615581006
196,0.0027677961722965064,0.03267190674576522,0.9588680805692107,0.001357937129353305,0.0043342793833744
197,0.007625565839420227,0.07719431185831362,0.9049783689259588,0.002742233605244688,0.007459519771062508
198,0.0065787370420872055,0.05278911439162701,0.9242490172260163,0.0037775274957832145,0.012605603844486276
199,0.011318236927581452,0.058441877118818965,0.9154637238684145,0.0034181711717081622,0.011357990913476824
200,0.005472890548979582,0.04268126092115634,0.929281573268068,0.0039992931570637736,0.0185649821047323
201,0.02222349471847192,0.11033647843426043,0.8102397986008176,0.025498969081031518,0.03170125916541853
202,0.006185921546612589,0.07871590195773559,0.8364909591007631,0.03210737758573892,0.046499839809149936
203,0.0382379309646128,0.13369247899892406,0.6507249337253076,0.024696639361066138,0.15264801695008942
204,0.014422647602106375,0.0284448548095599,0.014003003797482034,0.01248122598967357,0.930648267801178
205,0.02019301604075154,0.002602817635424405,2.0810656137886095e-05,0.0020059273086229777,0.9751774283590633
206,0.07953302654740946,0.007554873359450145,0.00019290302907243854,0.0038111747820709072,0.9089080222819971
207,0.04116658859804958,0.006696942909292876,8.801619485482404e-05,0.0008828491312262475,0.9511656031665765
208,0.4165518363861252,0.04876645550040985,0.0003144580838749996,0.003888657977238142,0.5304785920523518
209,0.2617844016972814,0.1289472111688943,0.003593290558740714,0.0021616645970370567,0.6035134319780465
210,0.024489492001615057,0.05054803553258159,0.040451491221289035,0.0008170629344213124,0.883693918310093
211,0.1054419058177741,0.040347765625054856,0.0016532390209204211,0.004039417690700026,0.8485176718455506
212,0.015366847871395353,0.02182403432855348,0.02017395758160457,0.006402962268658065,0.9362321979497886
213,0.026568397138699816,0.01742915442033848,0.012720152988885493,0.0062431817173082115,0.9370391137347681
214,0.09674508578839651,0.016312447281208346,0.0004514438416703198,0.01178450569541534,0.8747065173933095
215,0.19922190534715517,0.028349764385439482,0.0005732785978764743,0.03821329791211302,0.7336417537574158
216,0.23536893073211607,0.07757113190265169,0.0007925055668442785,0.07525453916470402,0.6110128926336839
217,0.30218736180488537,0.05411516498632126,0.00026707289593566895,0.08531312865392619,0.5581172716589315
218,0.460098328575606,0.10231693279248202,0.0004139089684545384,0.24885315585572523,0.18831767380773212
219,0.4220360022813121,0.08830181194979034,0.0003214328284347311,0.36823949023555813,0.12110126270490465
220,0.20160456850733235,0.11270436967780101,0.00022301418828656893,0.6535012325941566,0.031966815032423455
221,0.16486827034026738,0.06570693957035495,6.618182945808479e-05,0.7146974010558282,0.05466120720409135
222,0.16570450968184494,0.44388313538025925,0.0005059799192918698,0.36281065740930635,0.02709571760929758
223,0.20121512343456402,0.15808615664387832,0.00022891461486081963,0.6194142023860031,0.021055602920693865
224,0.20445348421377377,0.35416862651362924,0.0005845537201659666,0.423020792194365,0.01777254335806594
225,0.10976807630198196,0.6176453722636485,0.0011129027616252455,0.25922647559094525,0.012247173081798991
226,0.12378962186750121,0.672635419911883,0.0011747807870560137,0.1939165635089217,0.008483613924637987
227,0.18710463818804715,0.5263705609316459,0.0012836595135857008,0.25599399356005675,0.029247147806664528
228,0.12783344486923626,0.7372562005333714,0.001712509461886927,0.11192548027810076,0.02127236485740467
229,0.1029581250787514,0.7717255129985077,0.002253316649711878,0.10214563208770144,0.020917413185327728
230,0.1348341189004441,0.5683821433285704,0.0012176997046111802,0.27639762592909833,0.01916841213727605
231,0.06661281443708675,0.8902103821984764,0.0033094280761290515,0.019587625574384863,0.020279749713922768
232,0.165037614909046,0.37763332354257323,0.0008585978805070368,0.3706077977410791,0.08586266592679477
233,0.2545416221463835,0.1406304923347908,0.0003597714217008508,0.21582670504586887,0.388641409051256
234,0.4043411346848769,0.04956326600471606,0.0001506226565079862,0.22793540156604786,0.3180095750878511
235,0.4951493394958115,0.13889761688158753,0.00027791809819354806,0.23935889608807415,0.12631622943633314
236,0.35568013586019703,0.46519283512751336,0.0003402197273708675,0.07395634065607437,0.10483046862884446
237,0.11575630078700251,0.026928524299205493,5.167274862729564e-05,0.0903776501758154,0.7668858519893494
238,0.17415859801481015,0.12659457759517717,0.00011000028136913004,0.5293732734845206,0.16976355062412302
239,0.2067228375224262,0.2956002777073759,0.0002789943413810713,0.38944531935794285,0.10795257107087392
240,0.2839957993494794,0.3486904095901731,0.00047913060011303406,0.26702930774794675,0.09980535271228785
241,0.18446172738360905,0.3349919463200523,0.00042588607335456645,0.45525481747251545,0.024865622750468528
242,0.2434204333231202,0.3780429527599148,0.0010670205429426484,0.32260010745311885,0.05486948592090344
243,0.1660853343532893,0.13529578668844955,0.000384292956655806,0.6799398901532351,0.018294695848370287
244,0.16074714053002637,0.18562568710175187,0.00044039562649206867,0.6322231011170171,0.020963675624712647
245,0.15060061283107745,0.38362160562539493,0.001818785915798509,0.43229501244814456,0.03166398317958471
246,0.2734618446728065,0.19482960732606297,0.0005407138185857315,0.5035655992350256,0.02760223494751919
247,0.11435944474064925,0.6451300240758061,0.0021620813092326978,0.2284265643734138,0.009921885500898195
248,0.28425673668178086,0.3335714546824018,0.0006996716237118274,0.3306842772666062,0.05078785974549938
249,0.07854029249110385,0.7728580922697101,0.0008431860609982946,0.14083147332560422,0.006926955852583523
250,0.17827244147170582,0.14739212144311262,0.0003053598280105044,0.624231121558509,0.04979895569866214
251,0.13158632142296298,0.6194503425505824,0.0015482116658431823,0.2227873699709935,0.024627754389618044
252,0.2824933552497289,0.24046665250071306,0.0003128212629691537,0.36375194914711895,0.11297522183947002
253,0.16769917958138075,0.5717361429809462,0.0019839339477891868,0.24263745113101698,0.015943292358866924
254,0.2160546171419472,0.2280399532013172,0.0005268913767553812,0.5300847423135576,0.025293795966422592
255,0.29683896933087206,0.330272469482651,0.001885127155776778,0.34343025512287817,0.02757317890782205
256,0.16560376753264894,0.49123105556388513,0.0013738665007804142,0.3109491124645878,0.030842197938097674
257,0.17788321836579246,0.19500417886478247,0.0006626665846014129,0.5940276722117454,0.03242226397307827
258,0.21038355573106227,0.19354165414232616,0.0005251770654418601,0.5745145961831841,0.02103501687798554
259,0.3624220498946211,0.17567731570911602,0.00035487056231739764,0.39188210900810216,0.06966365482584329
260,0.3546600186708617,0.3501448490295148,0.0009272181455075329,0.27166790517131956,0.02260000898279646
261,0.3097353364152477,0.2712871612344208,0.0005787504566969021,0.40164753883738297,0.016751213056251713
262,0.3185314469706836,0.1832749627145334,0.0006909925885350167,0.42820434188591716,0.06929825584033086
263,0.187680231713203,0.4217990059864315,0.001300227644485768,0.35838615126274515,0.030834383393134702
264,0.33044971437871323,0.4710547660464593,0.002719923320144989,0.15373520084133696,0.042040395413345456
265,0.04451259811352017,0.9064418374091928,0.005794818688603844,0.03567770725526264,0.007573038533420667
266,0.22081001284851623,0.4599922337271478,0.006148846488035936,0.2322183013406247,0.08083060559567518
267,0.10424301044540203,0.7937918577254022,0.023764854964319286,0.05287659282761251,0.02532368403726398
268,0.190974156239934,0.5730547203421982,0.005863659317440836,0.20680138159846684,0.02330608250196016
269,0.40580916769764175,0.4630460971400573,0.021877813262802564,0.07542923973270996,0.033837682166788376
270,0.16219617610389206,0.7632438210837731,0.013814130912626415,0.05404859579015976,0.006697276109548901
271,0.2987472672896073,0.5352178042215835,0.006728097581851312,0.1365405911733666,0.022766239733591303
272,0.22022970724964852,0.686388421149252,0.0048662789558409705,0.06959400865239776,0.018921583992860695
273,0.2093166635329242,0.5886651489088339,0.006726670982469218,0.16924004682362365,0.026051469752148955
274,0.3115152218144157,0.25095331501797885,0.004108356012452202,0.018397347252453233,0.4150257599027001
275,0.5495226614322161,0.32135702642087677,0.007990275966985145,0.04810950607840836,0.07302053010151356
276,0.42385775707953927,0.44174857714232185,0.009155501491924282,0.040503006926341185,0.08473515735987347
277,0.16957462420508532,0.7432027937875172,0.012835640981604777,0.023575924717658934,0.050811016308133894
278,0.2534602539185634,0.48760207782893744,0.014796700343722151,0.04403514546138713,0.20010582244739
279,0.13087106900403403,0.5351587905175741,0.021906324589398212,0.013323480942379765,0.29874033494661406
280,0.2856583706422959,0.5320361145971024,0.015246892080295405,0.06800975766304171,0.09904886501726458
281,0.3204884092095961,0.5296988052350192,0.008097078115784457,0.019942292956329107,0.12177341448327114
282,0.6137761514878125,0.3008416582966326,0.0028239137453861776,0.02469145912261729,0.05786681734755136
283,0.19372985744461532,0.7411308702281179,0.01695000317614395,0.025449420446129883,0.022739848704992908
284,0.19952864058453718,0.7385624891259416,0.01138471885967729,0.026098366866097383,0.02442578456374649
285,0.2571578504965711,0.6552364614906158,0.03450365548010605,0.01642801291126112,0.03667401962144606
286,0.21176772684480027,0.6029121539751912,0.0432005807861435,0.0710718631735616,0.0710476752203035
287,0.07453252072413588,0.8460854721925732,0.02215414414598068,0.047018292772386505,0.010209570164923359
288,0.25919048702711917,0.5727587862454858,0.028612721779108147,0.08130381661729584,0.05813418833099108
289,0.14034380216581524,0.804203492355309,0.02327101940136983,0.02034022822660145,0.01184145785090461
290,0.3733761599372725,0.5314019060548156,0.016265657402986244,0.039276497054592845,0.039679779550332826
291,0.18696465619057348,0.7451161765866648,0.03632991914681499,0.008240292023743066,0.02334895605220366
292,0.2820431173806241,0.6119967647052396,0.023206741053501907,0.052469173091584775,0.03028420376904966
293,0.18975714322569634,0.7621129054334945,0.027300837990842153,0.0103853005692793,0.010443812780687596
294,0.0715351793504955,0.8189449482784548,0.09169115387285239,0.010969955227010433,0.006858763271186914
295,0.2454411521780544,0.659098048445039,0.025501587587223436,0.03164261631939146,0.03831659547029156
296,0.11021581374339663,0.7631860524457055,0.08384544698831434,0.024099853193647196,0.01865283362893647
297,0.3116321657626051,0.4256134756039665,0.027702375890831864,0.040667622130520185,0.19438436061207637
298,0.1822226379285139,0.7097593169790098,0.03906009410184405,0.01946719880382588,0.04949075218680634
299,0.16078171639646766,0.7345368282259204,0.029104678396181076,0.04382009518797768,0.03175668179345344
300,0.15252645811553373,0.7573639972007783,0.04346201224608253,0.021630943685259918,0.025016588752345574
301,0.29863932434037105,0.6146768755142153,0.011195229842136353,0.05255297477680792,0.02293559552646936
302,0.1287576749210078,0.7642870550213058,0.036132473930886574,0.01949378248193698,0.051329013644862836
303,0.15316056108607262,0.7553197666243866,0.02169247855384501,0.05097205137191791,0.018855142363778037
304,0.2705713404442984,0.638434930686189,0.039339046576799715,0.023895769360241514,0.02775891293247133
305,0.17136010689465886,0.7580704450139785,0.056134093985679624,0.007056297447520132,0.007379056658162941
306,0.11207526260409384,0.8244982937991947,0.04429272977980703,0.010083990330942608,0.00904972348596192
307,0.05217175399753582,0.8158221812423633,0.11655425692299529,0.008893858504578599,0.006557949332526936
308,0.1849177693304716,0.7090325171981592,0.05173358840295827,0.03279905098531738,0.021517074083093602
309,0.16404407466566118,0.7201930151582729,0.09005691586779259,0.011939405460535898,0.01376658884773744
310,0.22342094835302279,0.6906836567985689,0.03988206919381972,0.0258362687665923,0.02017705688799617
311,0.01995134411103556,0.8523545947918226,0.11777408118447041,0.0056931068785908215,0.004226873034080752
312,0.1475615449297004,0.7415637571729293,0.09039358754289342,0.007670945735195009,0.01281016461928192
313,0.09409296806486281,0.7339655683586449,0.1486170247915409,0.006426661605147323,0.016897777179804025
314,0.05711607387011771,0.7664858656434707,0.16238307279504222,0.006081368833838426,0.007933618857531093
315,0.02521970163882772,0.506771700464828,0.44235738653792356,0.00863570296788915,0.017015508390531578
316,0.01709022085852741,0.532019436018367,0.4393775787788545,0.005624095168635143,0.005888669175616015
317,0.04903720161896082,0.5474794210513476,0.3878221325307033,0.00832430196263889,0.007336942836349411
318,0.028910379600830507,0.42770740972730986,0.5303820617173437,0.004387367028586266,0.008612781925929732
319,0.03557165107525848,0.4599280602552844,0.4892738154481423,0.006345353812620995,0.008881119408693955
320,0.01761590096660944,0.215447893663498,0.7576243391686565,0.002994813095851559,0.00631705310538467
321,0.0383932238867782,0.4934285846204029,0.45316635349478335,0.008694172678384429,0.006317665319651259
322,0.026827781483577746,0.43864411061511444,0.5263717155103669,0.0038655767165516534,0.0042908156743893654
323,0.030990640366085752,0.5709886529584682,0.38234022991947253,0.006381185776621259,0.009299290979352235
324,0.009594783594694622,0.15479365589710464,0.8297855720926255,0.001615084489555834,0.004210903926019371
325,0.008715166261308933,0.13141843458193542,0.8549899430457123,0.0018684684421185307,0.003007987668924667
326,0.011777504357191972,0.1623352093335731,0.8196268242590228,0.0022194304755492117,0.00404103157466304
327,0.02616331918564583,0.43608170740265007,0.5205368804140511,0.008161341675934049,0.009056751321719058
328,0.0275818333748455,0.29572863083166534,0.6540726570775162,0.006379853655056777,0.016237025060916108
329,0.020242598337703144,0.21758104477268422,0.735856995454546,0.010344400709057738,0.015974960726009013
330,0.03212600478647503,0.29072712407664975,0.6390156708850689,0.02040534870710593,0.017725851544700223
331,0.05832649573911805,0.39910482788641305,0.4729585517164211,0.03349036363026979,0.036119761027778044
332,0.02858352382959147,0.4009902374229849,0.5217194073055336,0.036287960822630395,0.012418870619259665
333,0.13649628686698262,0.566916941443371,0.04979059122389695,0.21457281695545072,0.032223363510298766
334,0.27498185869978914,0.40102146430897856,0.003695413766759635,0.1894851460463299,0.13081611717814273
335,0.22004417643469915,0.500844871730066,0.0013336400133112036,0.254519759816371,0.023257552005552625
336,0.263059350746986,0.24545708968204855,0.0004937173713041937,0.4786448178565693,0.012345024343091636
337,0.19576665101642698,0.2341536705654577,0.000728820184213315,0.5554192008094736,0.013931657424428388
338,0.1392665807738516,0.12282024815282457,0.00017960327768075843,0.7237182766464302,0.014015291149212891
339,0.1124725525731916,0.09329290064395757,0.0003327134257613212,0.7809673426282122,0.012934490728877385
340,0.13762265329997364,0.08600378519318161,0.00028715152989140325,0.7611828730787444,0.014903536898208924
341,0.12076992135816599,0.17486773658312335,0.00046615872283464256,0.6891252401748544,0.014770943161021542
342,0.11679270533420841,0.11731111178008699,0.0003195044289224686,0.7530532608864406,0.012523417570341448
343,0.14135564755830676,0.17915248478802726,0.0004078672422943631,0.6589738652902684,0.020110135121103215
344,0.1397874712922611,0.11897433723681741,0.0004737827383786406,0.713991310759474,0.02677309797306884
345,0.11862487337017946,0.05961960188569856,0.00020800651488844967,0.7887066302959416,0.03284088793329192
346,0.14030934815636145,0.07115345036115307,0.00020302718135005663,0.7733450742055673,0.014989100095568291
347,0.1485550018739063,0.104031332248056,0.0003074458457935045,0.7185931135926065,0.02851310643963781
348,0.14857145572305114,0.0870532907637607,0.0003795808296997121,0.7409855302199441,0.023010142463544388
349,0.1334668024609888,0.17711152418707446,0.0005041694003212829,0.6648018110784422,0.024115692873173323
350,0.1315509481965632,0.09560526950128274,0.0004536620917682222,0.7547470724169558,0.01764304779342999
351,0.1473328658884519,0.08575818987937882,0.00031175510758842253,0.7466033802902595,0.01999380883432125
352,0.1572432329499841,0.07619417440752375,0.0002861637170889929,0.7490231658623614,0.017253263063041712
353,0.11602131661462149,0.10362020862364457,0.00047108966045648903,0.7661218948020376,0.01376549029923993
354,0.17500932461424143,0.0998004162581629,0.0005636860646755961,0.7036694143758041,0.020957158687116017
355,0.1580952842096613,0.11621134248473144,0.000571010312676773,0.6962463947618501,0.02887596823108033
356,0.1072287943067094,0.13412894720875984,0.0007591921037049326,0.7299010860043302,0.027981980376495682
357,0.11026116704191383,0.26282532372309386,0.0008773261709026116,0.6081612595214855,0.017874923542604327
358,0.2433535544355917,0.21592962676718638,0.0015480744775492501,0.4575460155975659,0.0816227287221067
359,0.1075876346412578,0.2652560971700341,0.0025615846610736698,0.5805281664284699,0.04406651709916456
360,0.24928136468330978,0.20324155066190935,0.0011173021905985048,0.5049969680035357,0.04136281446064664
361,0.12434391751306546,0.3349414692270151,0.003109234145626941,0.4945847361063714,0.04302064300792105
362,0.08589225102507271,0.1054658422607499,0.0009840928571159778,0.7969181278572695,0.010739685999791984
363,0.0976040798307933,0.04988305992884576,0.00038597399076098536,0.8301690798208079,0.02195780642879195
364,0.09625286742707927,0.07220333085705184,0.0005479724263933532,0.8171965377713608,0.013799291518114706
365,0.11653917529185151,0.05036398339588338,0.0001421386362398635,0.8133947395625278,0.01955996311349739
366,0.08071057569152269,0.14433349257900585,0.0005216049698749124,0.7592841845581524,0.015150142201444155
367,0.1257878863539864,0.09215821932722222,0.00034364810419927996,0.7534616021213171,0.02824864409327511
368,0.1485604738052816,0.09328602370805748,0.00030568180175324846,0.7304893631452126,0.02735845753969504
369,0.10394142883866102,0.09486512323432467,0.0004621051929303999,0.7741854493210876,0.026545893412996287
370,0.1554361391626993,0.09731062610596714,0.0003958608926767933,0.7271778427560838,0.019679531082573122
371,0.13384703176622031,0.09560032634226023,0.0004081234832878135,0.7487273332527811,0.02141718515545048
372,0.1394676474033467,0.16837825386095345,0.0004473834985376503,0.6623559544536743,0.02935076078348774
373,0.29419655335479483,0.2591714445644614,0.0007898335582820069,0.3925211727612668,0.053320995761195075
374,0.16365542503744368,0.11853778117800107,0.0003608207253245621,0.6987204670602869,0.01872550599894377
375,0.24069125535426808,0.14537566999194754,0.0004625549462204567,0.5894192405254275,0.024051279182136474
376,0.1256073847652564,0.1794363839670547,0.0006976174064388579,0.682876772376039,0.011381841485210953
377,0.1675371117911438,0.2960535822258079,0.0009690559117671547,0.5008200266454513,0.034620223425829856
378,0.10957081814426495,0.2226296125734951,0.0009552927261838209,0.6520002206569747,0.014844055899081518
