epoch,N1,N2,N3,R,W
0,0.007609196524718659,8.535129524190548e-05,7.848322093131741e-07,0.0005512598790218065,0.9917534074688084
1,0.04369860446842954,0.0006559986785903086,7.96460331412812e-06,0.0015368648593394143,0.9541005673903266
2,0.032570584811338586,0.0009081254818013962,7.2618390399211385e-06,0.004297278082768176,0.962216749785052
3,0.04738717367805378,0.001018343118456916,1.9304566684372394e-05,0.0053216370409703145,0.9462535415958347
4,0.055394111673842276,0.003678186132630926,1.7825511915994366e-05,0.011238510644246073,0.9296713660373648
5,0.05106565680618566,0.007355501105110707,4.600152625453579e-05,0.025450798146191597,0.9160820424162575
6,0.01815287442272251,0.0008597681048184738,3.457506999288348e-05,0.003322431264425582,0.9776303511380405
7,0.08166356494180305,0.003060365531584476,3.294995147118987e-05,0.010015881987462135,0.9052272375876792
8,0.10632481497137417,0.002626916583593306,2.475486338899651e-05,0.016865314549374837,0.8741581990322688
9,0.4190223523971957,0.010432793554319716,5.2835026016965476e-05,0.02889290838114497,0.5415991106413226
10,0.27490982903384914,0.012965370991443388,5.107925095980272e-05,0.02744662284662324,0.6846270978771245
11,0.4387808974530829,0.17356437706231392,0.00016240745544909735,0.10615556687473239,0.28133675115442164
12,0.3009636737612198,0.09644572693059132,0.00027388463385519236,0.18340870801669282,0.4189080066576409
13,0.1881852090011356,0.4716849127581842,0.0006131986946748009,0.11838829487590413,0.22112838467010126
14,0.022028048930171816,0.012364043327650497,8.521621421173744e-05,0.014828246905704258,0.9506944446222617
15,0.18834400890868272,0.19748654100554536,0.0005531475971302545,0.06839868463804316,0.5452176178505985
16,0.02840937482947737,0.066048823441994,0.00012020963636518754,0.012561061404790573,0.8928605306873729
17,0.03789712785255452,0.0024783877169026044,7.029155180056819e-05,0.002621512935081702,0.9569326799436606
18,0.11306105122899643,0.037336622187186475,0.0001425052300806658,0.027181285470620226,0.8222785358831162
19,0.06793331332002217,0.018891265778058303,0.00012517521597172525,0.014263041927300704,0.8987872037586471
20,0.011069893187418488,0.0007273321142666758,1.3594388905417792e-05,0.0007052722151433729,0.987483908094266
21,0.051399242009508184,0.0011647449641442468,2.4918934737819283e-05,0.003041646674661933,0.9443694474169477
22,0.296164313641297,0.0035343770983330644,3.942843429398957e-05,0.005429522863019385,0.6948323579630565
23,0.6419404900709818,0.029054236461040422,7.154012490702928e-05,0.02572461140800165,0.30320912193506927
24,0.5868332178105945,0.09298317106665252,0.00010856897135739421,0.06655974902413363,0.25351529312726195
25,0.26273684391766594,0.3402886563867866,0.0003872339540604519,0.02966948727889258,0.36691777846259443
26,0.21195210294200242,0.42311160455258673,0.00039025089103554306,0.09358842381796671,0.27095761779640876
27,0.07792979185847254,0.859345258435782,0.0001778192141751055,0.02290659603596742,0.03964053445560292
28,0.23109774668081243,0.563924423316463,0.0005159072130040924,0.07837500830520078,0.12608691448451992
29,0.1472930666669452,0.6485201797101695,0.0004856734464736747,0.02835671686179601,0.17534436331461578
30,0.20143900832518546,0.43659387255792975,0.0004502837698153305,0.07731011883262165,0.2842067165144478
31,0.13924359999288888,0.7825517419465784,0.001154315933547404,0.01944970983876086,0.05760063228822453
32,0.256528577398524,0.5808195881401899,0.000803732211937179,0.047411139931840596,0.11443696231750836
33,0.2693919285740412,0.639335123117072,0.0007735082775332921,0.033011457329832274,0.057487982701521376
34,0.2508863478315625,0.601707769033096,0.00211494692847443,0.0950128984677281,0.05027803773913892
35,0.11662005358305878,0.8235668241666899,0.0013018590582784186,0.02812305299767084,0.03038821019430202
36,0.11056367588154632,0.8230027662084305,0.0033726938684016865,0.025673067975478747,0.037387796066142634
37,0.14603910850045054,0.7362192649137159,0.0022536268121592083,0.08599364336919198,0.029494356404482454
38,0.13836706522647013,0.8190997931751492,0.0036384323019926857,0.013051686612818445,0.025843022683569354
39,0.10791984904768388,0.8496462633888231,0.0015344802159579516,0.018697677911622138,0.022201729435912906
40,0.07800031801301736,0.8783127980193733,0.003540395616238645,0.024536297897681997,0.015610190453688824
41,0.1577434235286743,0.7669530903096047,0.0027215612027029147,0.032301354336997753,0.0402805706220203
42,0.10817014057243445,0.8606793753650874,0.0006185394945826738,0.01392901124511356,0.016602933322781743
43,0.04072291510715056,0.9346965428011259,0.004244167111217561,0.0037244106056149723,0.016611964374891087
44,0.2326305053943793,0.7259677548345962,0.0025056319596510382,0.008952155008457969,0.029943952802915497
45,0.03163073647775836,0.9601454668252324,0.0017879130015255166,0.0015388467708987716,0.0048970369245849975
46,0.12169200801599131,0.8289498103446955,0.0007209713491084089,0.01534894006073877,0.03328827022946583
47,0.07521600749797228,0.8805454961159352,0.006303851227406272,0.006938515223388203,0.030996129935297857
48,0.029436587039715016,0.9521610000128614,0.007466864026333307,0.0024264988665712948,0.008509050054518909
49,0.06882980645984951,0.9089163909250537,0.0024699492952038886,0.005839172307426901,0.013944681012466178
50,0.08789556818383028,0.8864608091792657,0.007660440592353504,0.006904715419439469,0.011078466625111005
51,0.05811734554689982,0.9189721191508963,0.003955316510922124,0.003001271210013509,0.01595394758126835
52,0.09311723886938303,0.8815460239755941,0.0028731899400124177,0.004212026431400831,0.018251520783609598
53,0.04149645752286695,0.9333231743684657,0.01728964610893236,0.0015625843557292073,0.006328137644006048
54,0.027215570237975814,0.9538405172473484,0.009295059511127244,0.001445931393652648,0.008202921609896024
55,0.03782880245265669,0.9448330966409868,0.009742091718294757,0.0026874702765041004,0.004908538911557426
56,0.03094246313694486,0.9439704138809613,0.011421797808367717,0.0039947720149342905,0.00967055315879182
57,0.053367082428212705,0.9186651964311782,0.01723752384794749,0.004523547119600599,0.00620665017306094
58,0.12177131965103982,0.8409279057384442,0.012770242917865042,0.005865138890938282,0.01866539280171266
59,0.055041173846112214,0.9305574026325343,0.00514959521962844,0.001621720753898445,0.0076301075478267645
60,0.06714756711281418,0.9140944367625112,0.007887437380820927,0.0031022384676120435,0.007768320276241705
61,0.06700024305446711,0.9159597606015698,0.008036839996157875,0.002514345518570185,0.006488810829235077
62,0.04913195447227858,0.9212815197026617,0.009296636138985615,0.003801890699920209,0.016487998986153794
63,0.05379987175058986,0.920904843486046,0.0073925397011602575,0.0038567113695241475,0.014046033692679804
64,0.052444054540409776,0.9244868723347183,0.00557977555950467,0.00442569576309218,0.013063601802275166
65,0.04509554033257466,0.930646470639202,0.0063045701845867745,0.0040981553713290465,0.013855263472307294
66,0.14262427629288146,0.8160148868531013,0.006378684462414322,0.005956743648617645,0.02902540874298527
67,0.07128460709316199,0.9067726581812381,0.009798176384797186,0.004536460477612216,0.0076080978631905515
68,0.029698340183999215,0.9503077524871593,0.00784515365269231,0.0026016511324279783,0.009547102543721497
69,0.03393871568571547,0.9344297713252592,0.020598446487283324,0.006771081536795312,0.004261984964946728
70,0.14824121694573192,0.7731966798300084,0.027264230620031995,0.026668991352473873,0.02462888125175391
71,0.07155410877600171,0.8454770669531766,0.03770677091100192,0.018532568245256256,0.026729485114563405
72,0.057995724580361604,0.8887583900365402,0.03622883439662136,0.008489172977711852,0.008527878008765005
73,0.05147930300349427,0.9049156293302434,0.030172546063596588,0.004050060470490189,0.009382461132175566
74,0.037072824254779695,0.9248922144918642,0.028456851383887864,0.004048988865509025,0.005529121003959113
75,0.031098123980454143,0.9223801685724372,0.03003083047204826,0.005043911246604428,0.011446965728455797
76,0.01912553665010099,0.9239588790871448,0.045714106617179465,0.0060901123826860495,0.0051113652628886445
77,0.07644902726665821,0.6463283150400427,0.005827952793494797,0.004747780144588864,0.2666469247552154
78,0.104193756967883,0.843632843003029,0.027735821607772795,0.0052445841966523455,0.019192994224662956
79,0.21240928310674415,0.7227166073130119,0.04230272523396332,0.009104195984396673,0.013467188361884092
80,0.11898232047266909,0.8284528621652826,0.03732590580293931,0.005198090041437966,0.010040821517671047
81,0.01959790447678007,0.9260752071544998,0.04531481246718191,0.001961033806924281,0.007051042094613841
82,0.06208144347932461,0.8968397842460248,0.024221684890194033,0.0076177154887759465,0.009239371895680628
83,0.08521644231428914,0.8774619852757561,0.017280169835421983,0.012334200801345497,0.007707201773187275
84,0.06856871599848095,0.9082693305847718,0.012074045633232947,0.007634285810960145,0.003453621972554183
85,0.06156608018126476,0.9135677809292283,0.011383897400207652,0.009040285005722678,0.004441956483576731
86,0.05927303655194755,0.9047043749290888,0.017772532027585324,0.013406040273790984,0.00484401621758745
87,0.008172178129107753,0.96654850019691,0.018181009572478927,0.003173313637732462,0.003924998463770833
88,0.033853211646784676,0.9389646495915558,0.018440077718662285,0.00370700153228528,0.0050350595107118
89,0.01898208219620014,0.8965871326072452,0.07237453324606903,0.006440846872587881,0.005615405077897643
90,0.1754614301642366,0.7472692680247801,0.02252910601149045,0.039955214350806685,0.014784981448686098
91,0.031087269412340697,0.9317363670785517,0.02595911754424961,0.007479465591841678,0.0037377803730162568
92,0.0462635132829221,0.9182179772619048,0.011542201116195137,0.00768520931387539,0.01629109902510264
93,0.02124671930857742,0.9310860924610035,0.040222793118053914,0.00452682407872362,0.0029175710336415057
94,0.028189113114329183,0.9226996921368784,0.040472594564657224,0.005283142050348263,0.003355458133787157
95,0.15945870964716705,0.760284862584231,0.05043272146684316,0.0143531864387541,0.015470519863004762
96,0.012370639918162805,0.8799701861727282,0.10108860169316472,0.0023959755002181536,0.00417459671572615
97,0.022830664517660908,0.8832180065107217,0.06786303533735034,0.003870779955188456,0.022217513679078923
98,0.029719396106685107,0.8510563504906935,0.1106338590620548,0.002930227013788436,0.005660167326778132
99,0.006070667013535874,0.8118445212338493,0.174710125131508,0.0026310258959120524,0.004743660725194827
100,0.024767112563800594,0.7824962253309891,0.17117097616883645,0.01062508310244288,0.010940602833931085
101,0.01575333503184638,0.7952564583503571,0.17662980579284712,0.00671628894334669,0.005644111881602875
102,0.004001503062074914,0.7242665088825075,0.2641201731593197,0.003373635735994899,0.004238179160103049
103,0.005691281553665203,0.7384267736483591,0.24473080103701367,0.005179566328774339,0.005971577432187753
104,0.06265992311642489,0.7552778860176983,0.12172470819141444,0.00682662857603344,0.05351085409842882
105,0.1468809644433626,0.7113891460018799,0.10523473034270509,0.017068035794128807,0.01942712341792355
106,0.03292725443571833,0.8313679826589265,0.12069255591963515,0.005542929287042248,0.009469277698677782
107,0.053019493519348385,0.7925641981776563,0.12952911050571886,0.009719164088844209,0.015168033708432182
108,0.0071106974885847786,0.7820516490754912,0.20437290805891323,0.003659535958513389,0.002805209418497601
109,0.02602572691865489,0.7960593985232609,0.1636101002096229,0.007939538961820026,0.0063652353866411856
110,0.02587807784088056,0.7806869120919151,0.18018188458049275,0.008487304696037147,0.004765820790674416
111,0.01226198862509699,0.8374121291452113,0.1348479752072714,0.006941599522604856,0.008536307499815621
112,0.029831136193769023,0.8366434266912808,0.11928123935189588,0.008900735764070813,0.0053434619989833594
113,0.04121123931050425,0.8524201555757878,0.08398749084887572,0.014051350545333973,0.00832976371949814
114,0.0285453192370952,0.8679452140266224,0.071214232156615,0.026052421033440028,0.006242813546227381
115,0.02262158905101167,0.9174258308579997,0.02719687861253983,0.015540773436200831,0.017214928042247918
116,0.07700279495768944,0.8433159817911817,0.024073076299684228,0.04281285122970078,0.012795295721743895
117,0.04440236023262488,0.8590387507318561,0.021599101927013486,0.0698414761437282,0.005118310964777285
118,0.14454979087693873,0.5396600059711463,0.006210533341848271,0.25088440252942346,0.05869526728064319
119,0.022860687537998504,0.8973467729341709,0.02896684631178554,0.03406911810996722,0.016756575106077948
120,0.10127315392441182,0.6188983761749475,0.005021353710293353,0.07882340288170855,0.1959837133086388
121,0.16435588010757243,0.182743049970747,0.0006164255677000799,0.11934135175353253,0.5329432926004479
122,0.0534702227853224,0.05835836882025864,0.00012515688005828714,0.05710044132030308,0.8309458101940577
123,0.461955677664527,0.04828722610324233,7.126333326055222e-05,0.17967034539617854,0.3100154875027915
124,0.15505656062118664,0.02914558985527138,3.337264631438026e-05,0.04025790254952552,0.7755065743277021
125,0.0024708073770924373,0.0007365600919457073,9.323249213511143e-07,0.0005761121211406277,0.9962155880849
126,0.06728169366066651,0.00851121238108695,8.25019276072179e-06,0.0022373307830119617,0.9219615129824739
127,0.007998575666095317,0.000613750949397461,2.4169833347463222e-06,0.0005019626918381192,0.9908832937093344
128,0.010520967167413455,0.0011467901394218584,7.02550749654102e-05,0.0008446359020105955,0.9874173517161887
129,0.0006303503314222471,0.0002922777772809349,1.0963321749308111e-05,9.832714580952255e-06,0.9990565758549667
130,0.0005761232056034991,0.00019224372869349818,8.382314199260596e-07,8.792480634997734e-06,0.9992220023536482
131,0.00039939099905730396,0.0004127237462773824,2.4526057303246273e-06,2.0861316075998913e-05,0.9991645713328591
132,0.0006146773079739018,0.000718409870529281,2.341904277319952e-05,0.00010190720874863174,0.9985415865699749
133,0.0003899589180719893,0.0003424995183329663,1.6852991665938538e-05,3.598388088881126e-05,0.9992147046910403
134,0.0003552620447120151,0.00042662781600338987,1.932165744441484e-05,2.695542410777053e-05,0.9991718330577323
135,0.0010448570390757875,0.0004866449167881143,0.00017120601040217234,0.000846740363562115,0.9974505516701719
136,0.0018051189559173749,0.0001262249736753681,5.275561786983971e-06,0.0002901271764123632,0.9977732533322079
137,0.0030836371878206416,0.00014943028983594185,8.31025749156554e-06,0.00028552895860648576,0.9964730933062453
138,0.008551997086157071,0.0003519771549730417,1.427186790026452e-05,0.001053235928982546,0.9900285179619872
139,0.05917247890188293,0.0010235938156099409,1.2453595038413295e-05,0.0012843101759932613,0.9385071635114756
140,0.16115787503474405,0.003201973930936252,3.180951731467927e-05,0.00761992768994739,0.8279884138270576
141,0.38060643166914454,0.007371915530646833,1.926520139086335e-05,0.04483205087604994,0.5671703367227677
142,0.2090943616311296,0.033609441733593745,5.217102804674106e-05,0.16709603125539396,0.590147994351836
143,0.2784358372425472,0.042461013621242376,9.906140472305432e-05,0.5552891573783206,0.12371493035316661
144,0.18275541528213848,0.09031743646201353,0.00042930148804607116,0.4702274729022692,0.2562703738655326
145,0.20568290391416863,0.08758366340520163,0.00029981621539396834,0.680049502998074,0.026384113467161876
146,0.09213153217881426,0.04579380948263276,0.000199980156025158,0.8290675971565675,0.0328070810259602
147,0.126427879424452,0.1400362833035724,0.0005255419804794055,0.6396477026841003,0.09336259260739577
148,0.05880932245547606,0.05601166255641891,0.00018479020172560405,0.8670314167126084,0.017962808073771
149,0.06236354102659511,0.06151545645213644,0.0002147644955731684,0.8509351398751609,0.024971098150534367
150,0.08088802818898021,0.08603746838016649,0.0003418324797110516,0.7999735518422106,0.0327591191089316
151,0.0768042658981085,0.0648906471199484,0.00037042347226521027,0.8427377409831023,0.015196922526575573
152,0.16241364411155,0.08310803315107608,0.00041777434556405766,0.5952525285841249,0.15880801980768497
153,0.21438082452686966,0.05345411966545959,0.0004572154523361929,0.6361777702734187,0.09553007008191589
154,0.3448363617512165,0.09494903427694586,0.0008194476796456864,0.4373492774493347,0.12204587884285716
155,0.31666282278769975,0.1502630024621985,0.00047454302499451233,0.4370621371398873,0.0955374945852199
156,0.2898729063975493,0.16203849902633014,0.00025774845565249596,0.4725225284286042,0.07530831769186382
157,0.2802927292619165,0.16612905800180386,0.0002794820240348319,0.5199855175421098,0.033313213170134914
158,0.2940439435912033,0.18446554128855142,0.0024084819627860177,0.3984262733163575,0.12065575984110184
159,0.31034371635989644,0.2050288904201646,0.00016215742716683512,0.4524072196631312,0.032058016129640994
160,0.21370863448087885,0.3253097251933514,0.00039452975914156473,0.2692097912678078,0.19137731929882054
161,0.3872681330472317,0.10790732887182164,9.00123066160207e-05,0.298784056609258,0.20595046916507267
162,0.20926975046957058,0.38980486235417566,0.00016266223012940863,0.3674994184516303,0.033263306494494035
163,0.24646392134660305,0.1990502660173188,6.075108924745309e-05,0.3215541079632856,0.23287095358354512
164,0.23428081115672938,0.1524874819313398,7.853223191161708e-05,0.5801576846624833,0.03299549001753585
165,0.15151356002717897,0.4081878836743962,0.00014958745024482316,0.41785820278695507,0.02229076606122493
166,0.23999342709561253,0.2549010667471174,0.00012116379579375439,0.4629336868436105,0.042050655517865854
167,0.2763286817148989,0.2766293428176863,0.0002248512589438213,0.3598291951650032,0.08698792904346782
168,0.1399288048036334,0.31387098261979646,0.00010847391444364189,0.5281106668570859,0.01798107180504063
169,0.1517353941887182,0.46652665246706,0.00010979189404237162,0.363200755109746,0.01842740634043351
170,0.1965699498926367,0.4265407327857368,0.00016192123863390762,0.3441560624771382,0.032571333605854354
171,0.12651063852583555,0.6035595516504371,0.00016991464996035896,0.2579451974733395,0.011814697700427519
172,0.1290869893759552,0.49539089607413866,0.00022786325684461429,0.34076661748789777,0.034527633805163875
173,0.24971765976978788,0.388709171202081,0.00016399796094472858,0.2453086124962932,0.1161005585708932
174,0.277838775776597,0.3583995734785956,0.00011952068157518683,0.3153791754760771,0.04826295458715521
175,0.282517812875827,0.38760674504865056,0.00030521260667116655,0.3082015761545952,0.021368653314256036
176,0.2708563619089397,0.42312854236990866,0.00018246520506732278,0.24915606343846852,0.0566765670776159
177,0.238397503909884,0.407418531976786,0.0005403809102769497,0.28123518423150823,0.07240839897154482
178,0.25426287307987844,0.22913510262409825,0.00022985714058763776,0.469775233147844,0.04659693400759175
179,0.10357491674948137,0.4430757843692384,0.0002569684113602835,0.4301870429616364,0.022905287508283488
180,0.1560387730150345,0.5008546639814341,0.00022749819497515706,0.3281250846691609,0.01475398013939535
181,0.08833017413069398,0.49124448728072406,0.0004242040860391261,0.4015722974133696,0.018428837089173214
182,0.06765773648229355,0.4134943953059517,0.00032945797263904554,0.5095867644462544,0.00893164579286134
183,0.09967207229765288,0.45794483546013365,0.00037271443057170113,0.42253414685987395,0.019476230951767964
184,0.07512646693274429,0.646492033864066,0.00036265730088099184,0.2657131911457848,0.012305650756524003
185,0.0784945738785664,0.5122067261025017,0.0007732340915056198,0.3984457365629393,0.010079729364486987
186,0.08923936781683453,0.37858504260174397,0.0002543849247137819,0.512907409984484,0.019013794672223652
187,0.039552984950783195,0.8111661046651615,0.0002646054785404388,0.14057738808652268,0.008438916818992111
188,0.15762389046640132,0.435623520514079,0.00016461322762810693,0.3835357023244674,0.0230522734674241
189,0.18026850380759346,0.2619631737335687,0.00019558310578827125,0.4505613888564994,0.10701135049655014
190,0.15613949254556755,0.39678638201989297,0.00032100076797009837,0.41786168873442325,0.028891435932146017
191,0.24676392800605834,0.5475009559300889,0.00032600117902148164,0.16178746077642686,0.0436216541084045
192,0.08167475359647702,0.7599973668104691,0.00039911056562651225,0.1328001437176009,0.02512862530982645
193,0.13654980355865648,0.641395285794722,0.00019660082490688128,0.19763844168609004,0.02421986813562439
194,0.20934681771855793,0.6016336025106335,0.0003878656197304898,0.15851057439892105,0.030121139752156953
195,0.16095139491646818,0.6522759764843431,0.0002398527962024014,0.1485338989936694,0.037998876809316934
196,0.08803282915162852,0.7873274938970536,0.000616260040400765,0.11213439244226604,0.011889024468651237
197,0.10871659751135387,0.7284473270678098,0.0005797391494447593,0.14632359849952667,0.015932737771864876
198,0.15332452200511007,0.6643277384814854,0.000540949253307998,0.16395995901787117,0.01784683124222537
199,0.05542950655249034,0.8378615225750148,0.0006855586583198813,0.0963559796591909,0.009667432554984113
200,0.0643081455047517,0.8344932223808861,0.0007483841229219345,0.07638920436913568,0.024061043622304653
201,0.09528209295237369,0.6484171850129132,0.0007842877342814691,0.2418007321340784,0.013715702166353228
202,0.049796045561541435,0.7598809445734421,0.0011850883235985956,0.1812501680541565,0.007887753487261352
203,0.07212780697691364,0.7828148177764719,0.0007492656060014995,0.12449593047303711,0.019812179167575963
204,0.06441365134874011,0.6792399837466282,0.0010690380349187034,0.2451768238723312,0.010100502997381902
205,0.04075113853050115,0.8541606595624696,0.0011564732933598755,0.09278913324749345,0.011142595366175935
206,0.10482579146197867,0.586209303703834,0.0012688716000385989,0.29585508766627194,0.011840945567876888
207,0.13874937688077868,0.39284463367213457,0.0006898311075132213,0.454341158011879,0.013375000327694557
208,0.06821404417703789,0.7693588405935675,0.0007088220556575248,0.1434313330733027,0.01828696010043429
209,0.14940998027852753,0.5901540517900838,0.0005173687967890421,0.2449425967997951,0.014976002334804448
210,0.08660121308472374,0.5970370819071933,0.0007264057033610673,0.30405655774866297,0.011578741556058997
211,0.04933077210360148,0.80787218167358,0.0004381341891525174,0.12967759900390083,0.012681313029765212
212,0.1594033989565779,0.5028473181404719,0.0010574596446515656,0.31044123041989286,0.026250592838405768
213,0.08035618555726372,0.8330477823469778,0.0010109245147155157,0.07447421291531897,0.01111089466572375
214,0.07046299474094851,0.8737057250623953,0.0009543680106628444,0.04458885920874337,0.010288052977250139
215,0.1634568257655903,0.5757421197559504,0.0023533754349405788,0.059193773005630036,0.19925390603788876
216,0.47875900952838196,0.4199478344488812,0.0007060918806631245,0.049762003147617015,0.05082506099445658
217,0.3210827274344783,0.6208823044640622,0.00018785724861257127,0.03904863560783251,0.018798475245014504
218,0.21342623122973808,0.7537300865839958,0.00022268170912734844,0.01666599781754126,0.015955002659597463
219,0.03676857652748727,0.9495978327643833,0.0009594423353948783,0.008168020466324378,0.004506127906410373
220,0.08363413840687037,0.8779743754280614,0.0011822184170927762,0.026374150449016483,0.01083511729895885
221,0.06293019917472241,0.862570356515443,0.0013610601913458399,0.06358659585085269,0.009551788267636172
222,0.0246501897872853,0.9490290252918873,0.0015569442674088743,0.02165841667878718,0.0031054239746313573
223,0.14482174768278805,0.6247861620943839,0.0045278705638529555,0.06836384964158584,0.1575003700173892
224,0.2770428350822094,0.4551561661535626,0.0013321110848315617,0.24454821437958127,0.021920673299815206
225,0.08919778735607592,0.7530020126823103,0.0011342395030610054,0.14627287696384014,0.010393083494712718
226,0.18907975217254577,0.6109589854231455,0.0017729025816491043,0.17824002988677823,0.019948329935881286
227,0.25609125449885506,0.4182990547281612,0.0003507471874160396,0.29352829348532283,0.03173065010024498
228,0.060446814083686316,0.8505725954207759,0.001175593219905077,0.08322686927736436,0.004578127998268194
229,0.018787971306752967,0.9509586195483071,0.001496733417965468,0.026094312929102744,0.00266236279787166
230,0.033314189658802076,0.9349260096410145,0.004799281614113277,0.02100190441326556,0.005958614672804701
231,0.08745575312092511,0.8609929724067863,0.0014671160799931897,0.03825709959652933,0.01182705879576605
232,0.025624637508655318,0.9508269838146799,0.0035805065769290607,0.01738035277793722,0.002587519321798542
233,0.09946638610485059,0.7975400541686181,0.001968654748599767,0.07388052920842827,0.027144375769503397
234,0.018736138093632004,0.9642951944798176,0.00358308424886255,0.010038926292967362,0.0033466568847204895
235,0.09332509559406246,0.8189464586436415,0.001643110573300109,0.0785318608391981,0.007553474349797752
236,0.06136175217202771,0.8997715931634104,0.0011155967422908466,0.025298456626302115,0.012452601295968809
237,0.04141306360294956,0.9070512091592466,0.0047440638881052904,0.043466840784296024,0.0033248225654024344
238,0.01766182100701833,0.9395160959679656,0.0012089552171544555,0.03818098031908428,0.003432147488777409
239,0.21433978651007232,0.4000484144701775,0.001091615948488702,0.3456148273729901,0.038905355698271346
240,0.05308015113483175,0.8399481266111624,0.0022215078902458264,0.09744480385903784,0.007305410504722246
241,0.03658225295322415,0.7470101699810071,0.0007326273858848474,0.2109811324742739,0.004693817205609882
242,0.07235518248527416,0.7508297433117486,0.001020197156391548,0.16922603982260886,0.0065688372239770445
243,0.08844385845308284,0.6862808229941436,0.0008333846657251041,0.2163276189249097,0.008114314962138817
244,0.06287852402335731,0.8962979709803646,0.002113886697687886,0.028310057810086123,0.010399560488504286
245,0.09862065255495324,0.8183495592256141,0.002211692634647443,0.06897673321270194,0.01184136237208315
246,0.07272984526655177,0.8647029944645528,0.002768077001556552,0.04167265057431665,0.01812643269302216
247,0.050547751343368544,0.9021217228010792,0.002004442989461971,0.034958386062209315,0.010367696803881074
248,0.05994393557134542,0.8383307765878042,0.004903346023691293,0.03639048858207807,0.06043145323508077
249,0.06329516174461246,0.4093885882979587,0.0007566752463278721,0.010669800683375521,0.5158897740277254
250,0.028537314631328897,0.03133731457579036,4.6936450121348945e-05,0.0034832669756633605,0.936595167367096
251,0.014836458083329894,0.006033728190080427,6.124204756501673e-05,0.0014899040356862985,0.9775786676433383
252,0.0026215062402995134,0.0004177521990763269,4.962331144288171e-05,0.00015886562772006682,0.9967522526214613
253,0.001303953480009082,0.0002896708917981719,6.813122892938773e-06,0.0001367617290368779,0.998262800776263
254,0.0009086453082232278,0.0006304148734392444,2.0732715062773503e-05,0.00019369112059083933,0.9982465159826839
255,0.0003771947885571843,0.00020976884577555323,6.3222500028037675e-06,0.00016551511674979235,0.9992411989989146
256,0.00042833769655339205,0.0003901327912790556,0.00010873374932711456,0.0005403977933156818,0.9985323979695248
257,0.0010046948368513434,0.0008119927336595978,0.0059111899444288405,0.0008234063350500123,0.9914487161500103
258,0.001241861004020004,0.0008772634429743013,5.387587123153698e-05,0.000277836774677969,0.9975491629070962
259,0.0032936197080080214,0.0002120221139408835,2.471446505829191e-06,0.00011491816832734001,0.9963769685632179
260,0.0011058434049808314,0.00014712740993464137,3.225969722679976e-05,0.0001568243376561089,0.9985579451502016
261,0.003025059859003726,0.00035052973234989934,1.629485340027207e-05,0.00035422552495530574,0.9962538900302907
262,0.019654337171565395,0.0012681492370146526,2.3107411727252343e-05,0.0019284078565369963,0.9771259983231557
263,0.0021680779468712112,0.0008631760903211634,4.744078461751691e-06,0.0011115389223912645,0.9958524629619546
264,0.016080552040547206,0.0016812708913067794,4.3178758652869285e-05,0.0014471196467216911,0.9807478786627715
265,0.011185613778549557,0.001584368108735384,6.588949288589389e-06,0.00181357083871619,0.9854098583247103
266,0.06303445572779792,0.0018988687023869355,1.8716088388929173e-05,0.006149516942243002,0.9288984425391832
267,0.3890873541521727,0.004829511404998506,7.164637316151479e-05,0.02017662557206572,0.5858348624976015
268,0.5334914649937542,0.021937617741895173,5.4439849415196226e-05,0.09987676434942311,0.3446397130655123
269,0.2459764182428727,0.013158772183749765,3.053825106677052e-05,0.15848915022166188,0.5823451211006488
270,0.4414648725746815,0.045255021609334534,8.131943584806316e-05,0.35798428383271735,0.1552145025474185
271,0.21773670380863094,0.03919131396300402,4.7627935659968236e-05,0.7257304011940617,0.017293953098643414
272,0.08354380301184094,0.14126996230339417,4.595261786552781e-05,0.7566100723033706,0.01853020976352883
273,0.04065641856282816,0.06733769843822111,5.913907389883111e-05,0.8801968780897604,0.011749865835291615
274,0.04941806072383627,0.01794682459103788,6.422369374888756e-05,0.881311157347308,0.0512597336440691
275,0.03300673314865922,0.03363147203970809,2.6908090440608918e-05,0.9272120577435615,0.006122828977630636
276,0.05955147898963295,0.05266083551586861,5.787392540524385e-05,0.875317757474865,0.012412054094228228
277,0.07129793631226636,0.09112923349741194,5.528764511844665e-05,0.826144731447275,0.011372811097928424
278,0.08222256963478443,0.03514281612304385,7.909281830941133e-05,0.8524537646873787,0.030101756736483715
279,0.05258379166081887,0.08711710462048794,5.27436789378853e-05,0.8452678888117402,0.01497847122801493
280,0.04038639064554598,0.03344864295422398,5.903810486205906e-05,0.8715774277909675,0.054528500504400404
281,0.09813527796280823,0.04807742804490841,2.8260960014504822e-05,0.8298277818708711,0.02393125116139791
282,0.09756569380922481,0.10729181132323228,4.0808492784268604e-05,0.7725978034064063,0.02250388296835229
283,0.14104354246592032,0.04264316839808933,3.828223351293083e-05,0.795337255115252,0.020937751787225428
284,0.07365309364223928,0.06230403699288711,5.7122674374131935e-05,0.8533574220898726,0.010628324600626713
285,0.16037058405985838,0.11913964014642825,0.00016065189894417048,0.6723919623918053,0.04793716150296382
286,0.18902951787496303,0.33202206515936356,0.00012052221735546773,0.4678660307915319,0.010961863956786215
287,0.30203762243266213,0.13284765851660776,0.00019059859651772635,0.5000565381708111,0.06486758228340116
288,0.135174091115721,0.6392883168168871,0.00018711330767746877,0.20274777081338816,0.02260270794632625
289,0.1425236321405771,0.30116138860517,0.0004131884518641548,0.4328512633952699,0.12305052740711889
290,0.2768352433825239,0.09827427343096902,8.818251484325623e-05,0.6040622210145541,0.020740079657109618
291,0.10586653956280657,0.18344669170274144,8.769432559395198e-05,0.6828137967833547,0.027785277625503164
292,0.16730691093439323,0.07075808769912137,9.591219276609917e-05,0.5393661608385331,0.22247292833518625
293,0.08316403812835559,0.09113157692899476,9.375038678627804e-05,0.8006806270271911,0.024930007528672166
294,0.0863396428620533,0.03328398773428543,0.00039390743616554735,0.8540206929184844,0.025961769049011412
295,0.07272012406067238,0.020105835158829563,0.00045639350242226463,0.7470407771603377,0.15967687011773812
296,0.03858894953655351,0.026724707707175523,0.0008172306596895907,0.541155847686224,0.3927132644103573
297,0.011729267504359524,0.0032511931511725956,0.00020238857215956795,0.17620225322394598,0.8086148975483624
298,0.14175057230127328,0.021537593798148236,0.0010879687087738822,0.3021964281251705,0.533427437066634
299,0.042794104991060435,0.004169985490334529,0.0001669974887716203,0.1684443544696794,0.7844245575601541
300,0.0582806542939143,0.00548991224381999,0.00012088279862863985,0.26405054667123884,0.6720580039923982
301,0.10263654050069917,0.005993400448082512,0.0002388203607329942,0.5841874601403904,0.306943778550095
302,0.06254012202366128,0.007081461604999868,8.410355469698696e-05,0.4269755195614021,0.5033187932552398
303,0.11832447436446017,0.005835177280601726,0.00031524540515516,0.5652280192012579,0.31029708374852505
304,0.06845531746262254,0.0038078017021738087,0.0005348523636195684,0.8153716684463836,0.11183036002520046
305,0.049557881416266304,0.004962572998649601,8.527976053985719e-05,0.8795535495219649,0.06584071630257936
306,0.05379753250850311,0.007986149561793084,5.9250393146782406e-05,0.8387522222659205,0.09940484527063669
307,0.10054925357232761,0.008159266641255443,5.810717672014268e-05,0.7703138610736011,0.12091951153609569
308,0.047496911205638405,0.010574591850916222,7.548066588514053e-05,0.6759598291311911,0.26589318714636917
309,0.1273408376579023,0.0044747554007417,0.000572032670097691,0.6891972899494989,0.1784150843217594
310,0.06928731446439225,0.005936233034385404,0.00013164944364554368,0.8409729196826451,0.08367188337493169
311,0.08871831329230369,0.0052995182116707265,0.00015970426809713094,0.865389310508326,0.0404331537196024
312,0.04114519242132943,0.005795086584681664,0.00014820366829981015,0.7593683306398588,0.19354318668583043
313,0.04392442231840081,0.004840405428046814,5.634056360417776e-05,0.6890381233929844,0.2621407082969636
314,0.11015773700943153,0.005303519794490722,0.0002958990849244523,0.7604632725940961,0.12377957151705726
315,0.08916769660239603,0.005360198321860357,0.00017277750046843255,0.7789194074099246,0.12637992016535066
316,0.06963311619253526,0.0020557622463785613,0.0003306144662677119,0.8526522149401541,0.07532829215466426
317,0.033213019628368576,0.010774604334111157,0.00011819874029392823,0.8398454879934474,0.11604868930377905
318,0.049428702225765835,0.018555106188658795,6.692788210816049e-05,0.7151685667695461,0.2167806969339212
319,0.0786566872600534,0.009802694457760913,4.240588729464777e-05,0.8180874550620012,0.09341075733288977
320,0.07250368784295574,0.01236703940390454,0.0001240254026560398,0.7680440113922696,0.14696123595821414
321,0.06347290720818523,0.01248799085967028,0.00020419745563406033,0.8840831856192289,0.03975171885728152
322,0.042179039253620806,0.008699280495718283,5.194807100076992e-05,0.8589213547860477,0.09014837739361238
323,0.06358814100567585,0.016548594289202873,2.491886034495901e-05,0.457115065347286,0.4627232804974903
324,0.12507210398833288,0.01164865312083803,2.795204861062873e-05,0.7750851314159354,0.08816615942628306
325,0.09777787810672954,0.01976608274479469,4.142712047552657e-05,0.5966222153651092,0.285792396662891
326,0.08543399256708978,0.010177886239219473,0.00012063388524547543,0.7867945404046323,0.11747294690381298
327,0.03311181529572677,0.006615241980382713,7.842139159079695e-05,0.8348251135004198,0.12536940783187986
328,0.09545105661688252,0.010255593880048845,1.978880078010712e-05,0.7577397291001423,0.13653383160214616
329,0.06199435220604044,0.0042364264372824105,2.970507540123881e-05,0.8722682740403115,0.06147124224096433
330,0.0397093766353513,0.004867762472651331,4.3330066704757264e-05,0.6386236766944344,0.31675585413085816
331,0.1730300173199826,0.012239629546948407,7.653048579591912e-05,0.7135229555515606,0.10113086709571247
332,0.046776623151763355,0.007725547140928551,6.735044590189326e-05,0.8635489012996949,0.08188157796171118
333,0.24039870876610675,0.005419143081477595,6.921533061400573e-05,0.6989132821984979,0.05519965062330375
334,0.13540312888630063,0.009400460512746206,4.365299111172346e-05,0.7844237945905639,0.07072896301927749
335,0.15606125635906895,0.011357020648346467,0.00011090706125416012,0.7599779580866687,0.07249285784466156
336,0.069535267402483,0.03837412619299215,3.103567051550545e-05,0.858098191759819,0.033961378974190264
337,0.07981883424351327,0.033859761300933135,4.060318181454849e-05,0.6298070343631564,0.2564737669105825
338,0.13602032122433974,0.01981179416741905,5.008178953122033e-05,0.7436709487818954,0.10044685403681451
339,0.0865338463155434,0.013911866793578935,6.106375193783918e-05,0.7956844447155857,0.10380877842335419
340,0.06398251595271369,0.04230500318887631,2.721720831944462e-05,0.814718730579128,0.07896653307096257
341,0.05533583021541041,0.018130144054135138,0.00010496237257382588,0.8403605121719221,0.08606855118595853
342,0.06421565110650039,0.011684139622741542,0.00018972069772276354,0.8956294943442893,0.02828099422874607
343,0.0309766035914174,0.013600844248955699,0.00010065022864065866,0.9192332042840751,0.03608869764691124
344,0.05027110742767927,0.01853884705999166,4.511883261972924e-05,0.8312017567125428,0.09994316996716648
345,0.03709375967691037,0.007283235755543477,6.639913752969155e-05,0.9341797983450472,0.021376807084969158
346,0.032328965995671366,0.004199535151298715,0.0001708758131700256,0.9322996873635653,0.031000935676294725
347,0.05383476366069461,0.005352248593761394,0.00010241035181615134,0.8748989416561651,0.06581163573756267
348,0.08647483722980488,0.002812388419932792,5.463910211113111e-05,0.861772891704779,0.04888524354337229
349,0.15057078189245562,0.005002648133491556,0.00035541748780764954,0.7948153837859046,0.049255768700340506
350,0.12812114312391867,0.0037889413736515547,0.000164538839294047,0.844197974006737,0.023727402656398663
351,0.02569754229528338,0.0028491369064529075,0.00025564584409937545,0.9502065188087073,0.02099115614545703
352,0.07373796190494253,0.006338179892545914,0.0006888167716577136,0.8838813814629641,0.035353659967889764
353,0.09952242880270867,0.018342608940550998,5.3977512626343835e-05,0.7206897147602405,0.16139126998387365
354,0.1732107449971471,0.011643824836152004,0.00015178631213650566,0.7638986626761128,0.05109498117845164
355,0.10183730231768577,0.009958131288229132,4.868452614357429e-05,0.8503273613210638,0.037828520546877714
356,0.07785471420839372,0.015511816041083102,6.508042699606525e-05,0.8421557046659621,0.06441268465756504
357,0.06651526099606214,0.020597423343752023,8.534033554626821e-05,0.8880952003971176,0.024706774927521862
358,0.060602299805645986,0.015465393075778282,0.00012161552371944775,0.9052592161655422,0.01855147542931413
359,0.02836890854318195,0.005955202645386222,1.9435532270027156e-05,0.9378657273077864,0.02779072597137524
360,0.06757251787288539,0.010900759640765001,9.634636551057434e-06,0.9034223524137699,0.018094735436028592
361,0.05307945061005472,0.005014220101801006,2.9131758314008883e-05,0.9144387784388595,0.027438419090970695
362,0.05804371400842285,0.004404653565953168,1.5930463168427916e-05,0.9255694352442089,0.011966266718246694
363,0.03356083282294834,0.00931254383418015,0.00010982879046928472,0.9296914712221361,0.02732532333026613
364,0.03142735947802451,0.0055706082216379115,4.279234246646836e-05,0.9379425645464043,0.025016675411466644
365,0.029246097827356307,0.007135200491735706,0.00017657944483671955,0.9426845865200586,0.020757535716012843
366,0.01958059233287796,0.0025824818984855856,3.6966090714276285e-05,0.9637468735819321,0.014053086095990238
367,0.01454387564878704,0.002016339407066739,6.416033502075514e-05,0.9756198465922595,0.007755778016865873
368,0.019262773953982952,0.004079759694025149,9.521232008524922e-05,0.9688242133263734,0.007738040705533434
369,0.014991479202472804,0.004281849032508795,4.2584373755752955e-05,0.9573079512992035,0.02337613609205914
370,0.018610272334303114,0.004900319747464718,3.877243086690729e-05,0.9607499860757104,0.01570064941165494
371,0.03122999388839761,0.008063856007898457,0.00011198622289794256,0.9243628881577604,0.03623127572304557
372,0.022491124350689704,0.004166333699041516,2.8065798648544738e-05,0.95404525004074,0.019269226110880316
373,0.029142665588157177,0.007231717538078155,6.535052399916032e-05,0.9504797047777852,0.013080561571980277
374,0.02079530083313682,0.008141090832099516,4.6888715346164285e-05,0.9365942207505666,0.034422498868850945
375,0.05728425221860201,0.0052655430182819915,3.536448154677705e-05,0.9071114930798009,0.030303347201768475
376,0.07164724336480753,0.005558534548286006,4.5838886669849803e-05,0.9000963775104468,0.022652005689789853
