epoch,N1,N2,N3,R,W
0,8.630254180769853e-05,6.890328040666997e-05,5.1904399952007144e-06,1.798197661838683e-05,0.999821621761172
1,0.0002456991563314375,7.004202533094188e-05,6.895766116610276e-06,3.0651486961059524e-05,0.99964671156526
2,0.001989958769090115,0.000219218712908832,3.175149787157646e-05,7.024049375440203e-05,0.9976888305263751
3,0.011138186500646718,0.00024479277777923205,1.4169621377916287e-05,0.00013557177467497225,0.9884672793255213
4,0.02221685238918734,0.00034626941269654904,1.98148438495057e-05,0.00022554244628662397,0.97719152090798
5,0.026328880951809294,0.0008848738158799842,2.0696913681381018e-05,0.0005749485186127168,0.9721905998000167
6,0.02691665206388654,0.0003860918917790501,2.391808269443058e-05,0.0006020684982131403,0.9720712694634268
7,0.09435583607558283,0.0014883899442093584,3.390375811160087e-05,0.0015605283359603965,0.9025613418861358
8,0.11218121884624704,0.0015036206189066952,1.0479565919634858e-05,0.0033335445425925906,0.882971136426334
9,0.17697300848506925,0.006352338027283045,1.1074482712517552e-05,0.008004489270359839,0.8086590897345753
10,0.08789735453050929,0.0027400285991186065,2.21298603800087e-05,0.013621998929486071,0.895718488080506
11,0.14821732884744843,0.007692810643440471,4.2317589788953375e-05,0.016193958370146085,0.827853584549176
12,0.2268905152279133,0.07441042581200093,4.4872283385663866e-05,0.03559759585498932,0.6630565908217109
13,0.177637813043373,0.15947603518359016,9.658156913515845e-05,0.0966463813033452,0.5661431889005565
14,0.17749232981334248,0.1755794704435256,8.48075998139554e-05,0.12711759625625624,0.5197257958870617
15,0.17462286419726178,0.14063242818547478,6.306075528298147e-05,0.1623428147565032,0.5223388321054773
16,0.22134574990011466,0.045087505992340335,6.855793256498566e-05,0.10774692947207715,0.6257512567029028
17,0.3704945331580808,0.31175458025677816,0.0003976181878481304,0.06906761170003389,0.24828565669725897
18,0.39723210940562426,0.06030230910151394,5.5612754701191775e-05,0.0424655864959874,0.49994438224217325
19,0.2729827247043132,0.42214142284258743,0.0004082448060112511,0.012218456445523019,0.292249151201565
20,0.27329114683392114,0.4590914351278842,0.0007416357524960163,0.17490843662506364,0.09196734566063496
21,0.3829147694451115,0.3333160275048997,0.00012427701643831894,0.16372819785015322,0.11991672818339724
22,0.08998875911308409,0.788131984175697,0.0009531820349544294,0.07141582339184141,0.04951025128442309
23,0.17280194632904428,0.6898794851563231,0.0014236370421411729,0.030374753506075367,0.10552017796641601
24,0.062409857593678675,0.8957947981826881,0.0010520149404118521,0.008563159109926397,0.03218017017329496
25,0.16637030506486594,0.6589063580771701,0.0012582904833777111,0.0340415976036682,0.13942344877091792
26,0.21698811697895048,0.6873527676427275,0.0010479817294937797,0.040832261934861655,0.053778871713966635
27,0.08162377460118102,0.8609146355056738,0.007079218959659944,0.003343978832101343,0.04703839210138385
28,0.38390869568333696,0.44531462545359696,0.0007557023816406522,0.020642070070131344,0.14937890641129406
29,0.2131289769537557,0.6790073182835907,0.0034120157472007934,0.003933927028992166,0.10051776198646047
30,0.18900058235101794,0.7605542860591109,0.002899434783709413,0.002720946815143124,0.044824749991018494
31,0.1810083353596856,0.7833374316779401,0.002950705819797299,0.0020629949704730963,0.03064053217210391
32,0.11675787694743123,0.8531761497048393,0.008217670808561384,0.0012452769215816884,0.020603025617586253
33,0.12453504182524698,0.8536963317394061,0.002638055119166414,0.0031333947728721693,0.015997176543308293
34,0.06162300707757132,0.9234842376621196,0.006112058927436394,0.0006230334004791788,0.008157662932393494
35,0.014374218620293196,0.7707235941980901,0.2056325918069518,0.00020824522004283361,0.009061350154622169
36,0.014674067115964948,0.7930668844801099,0.18111455173827526,0.00014777179651384066,0.010996724869135962
37,0.06141665457153635,0.8597758656348825,0.07077876397210182,0.0006411407536034792,0.007387575067876024
38,0.023269501092236574,0.8544929754745432,0.11233037065002699,0.0003863019362152822,0.009520850846978084
39,0.019560881251720397,0.7751112107318323,0.19709525959569102,0.0001978513213590258,0.008034797099397167
40,0.015393949192171996,0.8334925036711136,0.14753708761556716,0.00017856430983503977,0.003397895211312434
41,0.004028010321229087,0.4372833231426827,0.5549326219775294,6.209072091719046e-05,0.0036939538376417383
42,0.008649705417664265,0.4610082339626703,0.5256871763693494,8.893352180162616e-05,0.004565950728514483
43,0.01367208644188207,0.6843789711900545,0.2969459846836244,0.00013298095183537448,0.004869976732603648
44,0.0031335688693067475,0.2218410865820267,0.7721412407976116,3.9535132766072665e-05,0.0028445686182890285
45,0.008772069315014943,0.6688268924027901,0.31717143024048944,5.4963476429457845e-05,0.005174644565276076
46,0.0014996413061659712,0.21317723776051972,0.7818312850622948,3.2869598298229177e-05,0.0034589662727212665
47,0.002299031091725119,0.3577094082953748,0.6341293257075502,6.780314267929773e-05,0.0057944317626706255
48,0.002068406822340909,0.30214547236677525,0.6884089260083579,8.365534465324192e-05,0.0072935394578726755
49,0.0028779756931984167,0.5447908408923217,0.44692108134497066,0.00014725168005987662,0.005262850389449296
50,0.003728536890239936,0.3066654697037019,0.6811391766879197,0.0001557793510876934,0.008311037367050845
51,0.0032358795991681553,0.38867706484122605,0.6003876743895978,0.00019743422275530373,0.007501946947252547
52,0.0023143740309932224,0.33519919602460907,0.6558276784276521,0.0001527036837811443,0.006506047832964502
53,0.002471573642416449,0.25568009200464,0.7369586047309598,0.00012764199494683115,0.004762087627036864
54,0.001900195292176722,0.19456077677760208,0.8000342907001528,0.00010349328303979976,0.003401243947028575
55,0.002763553799015729,0.1440239203864689,0.8499201848857159,0.00012500369353616027,0.003167337235263195
56,0.0017683477796226952,0.16992699216756663,0.823079242933189,0.00013547848637887394,0.005089938633242583
57,0.017122121488057855,0.7149857855252969,0.2589604188691457,0.0011362562860368496,0.007795417831462752
58,0.0019495665835719477,0.41725740693363667,0.5771605357856948,0.00018150166695876457,0.0034509890301379215
59,0.002509572530450421,0.3620682647222886,0.6304065583432679,0.00017734631426748987,0.004838258089725653
60,0.005727564973911644,0.5631007684475917,0.42644902673785295,0.00030342985310139126,0.0044192099875422965
61,0.008980529347681378,0.7650288993983677,0.21646883474628392,0.000722689650456017,0.008799046857210927
62,0.006892307994760692,0.7440233285608925,0.24162232776131126,0.0004989727864780877,0.006963062896557677
63,0.03907167575896189,0.8817047110813852,0.06993026615853214,0.0005018580746602787,0.00879148892646059
64,0.0193728043262522,0.7587335958801729,0.206052417599477,0.0003616823017897766,0.015479499892308141
65,0.008547611919244524,0.578874754018683,0.40707565594905987,0.0002729531761814018,0.00522902493683112
66,0.0060640953254944095,0.6271537566398074,0.35706909490154304,0.0005494067318853464,0.009163646401269548
67,0.015057814063195554,0.6001516107256256,0.37113801665134327,0.001005325167291749,0.012647233392543686
68,0.00664336915378093,0.31851101059109543,0.6627624489083692,0.0006625861788957223,0.011420585167858696
69,0.005046885414281505,0.32467789818696824,0.6597179570078987,0.0006886840896562014,0.009868575301195405
70,0.0936777504811846,0.4217482270314987,0.05908565594890892,0.003557414600854092,0.4219309519375537
71,0.10736539582212143,0.7235241725013413,0.08348119194027219,0.003384714475624775,0.08224452526064027
72,0.4013621872366372,0.17232561534349589,0.011267618013921827,0.0035261842873330505,0.41151839511861193
73,0.34312380246261776,0.4553747866605077,0.08847879769196904,0.0003099607112375,0.11271265247366795
74,0.2259965366661037,0.6625402560930711,0.027079776716150642,0.0006907850150258004,0.08369264550964878
75,0.024560996186082172,0.49197426310920434,0.4653109520135955,0.00022194180517150528,0.017931846885946665
76,0.02153410229974867,0.8018256804655735,0.16879955645510045,0.00041335613206831443,0.007427304647509163
77,0.03389543615092709,0.7549635612923385,0.19971570812301132,0.0011267683391301391,0.010298526094592716
78,0.025199730382391046,0.7787347288920893,0.18166097950204496,0.0007135893691905659,0.01369097185428415
79,0.03899506019785158,0.9367903146698896,0.017429409147485232,0.001477671663064956,0.005307544321708786
80,0.028214996308560572,0.8255351344666304,0.14143130745877072,0.0011332134734683866,0.0036853482925698166
81,0.03531430915533493,0.7875881142607377,0.1681254379327515,0.002057270716559366,0.0069148679346165975
82,0.030449288391810936,0.7016099408279425,0.2584901581246426,0.001208147299811536,0.0082424653557925
83,0.0726820498412507,0.900603884397364,0.01563108957436917,0.00611891428757241,0.004964061899443564
84,0.018190012039667063,0.6907271792829329,0.28227245075927115,0.0007449783329544282,0.008065379585174476
85,0.014722458798941159,0.768279529393666,0.21289908539432403,0.00020323824866524086,0.0038956881644036027
86,0.006409904255676278,0.7510894122913558,0.23775932694000312,0.00019685461063411537,0.004544501902330658
87,0.0036074188202344123,0.3058260783674533,0.6834126732111698,0.0002119753688809465,0.006941854232261656
88,0.007491909912789471,0.7084081780655507,0.27907394240738764,0.0005715447878826752,0.004454424826389439
89,0.0015414087284340663,0.5893154029720274,0.4061785939372863,0.0002077480751822233,0.0027568462870700325
90,0.002385633237101351,0.49174084920717875,0.5007965246606157,0.0002062679311399844,0.0048707249639641185
91,0.0011765524288970715,0.44060511613591463,0.5558580454772193,0.00018072772081461217,0.002179558237154274
92,0.0017492421803124054,0.4728692797889612,0.5208077783829497,0.00025124157834230387,0.004322458069434375
93,0.00032687848947925765,0.13236902986803667,0.8657086573062099,6.713374452629924e-05,0.0015283005917478395
94,0.0005632465574761059,0.15189421912498965,0.845503699707452,7.713367779676081e-05,0.001961700932285502
95,0.0006917702715485741,0.12461291579755858,0.8723791470354616,8.919001111382896e-05,0.0022269768843173115
96,0.0050377560120801745,0.5716133334527272,0.41704321108609277,0.0002854997553358674,0.006020199693764026
97,0.000761268084814936,0.16670468603769356,0.8306221215322834,8.231524123036858e-05,0.0018296091039775944
98,0.0031504025807922377,0.285540892342438,0.7083645032599969,0.00017774562525578396,0.002766456191516984
99,0.0007833403640269453,0.17445215928407376,0.8231888864941662,7.251084091177285e-05,0.0015031030168213898
100,0.002629064365475882,0.560678878835628,0.43435790515082845,0.0003158029435423596,0.0020183487045252876
101,0.0006653519081706747,0.2554452941610904,0.7421922941815332,6.252799220606372e-05,0.0016345317569995534
102,0.0004322658695100918,0.14100268805571753,0.8575215049811636,3.3333450157137844e-05,0.0010102076434515953
103,0.00030124618879755525,0.18171375175446,0.8167626802483555,4.0977224410698456e-05,0.001181344583976303
104,0.0006250844463264694,0.2521369675200067,0.7452951169398518,0.0001258419598835841,0.0018169891339313608
105,0.000836002628447312,0.18884978098442867,0.8085868495628878,0.00012069343511549285,0.0016066733891206594
106,0.00023629630016856892,0.10820039225119998,0.8907934616666142,5.6149852356743326e-05,0.0007136999296605418
107,0.00036334454278479675,0.09070285896737076,0.9079733795389778,5.57909506216225e-05,0.0009046260002451534
108,0.0003524883613862806,0.21488217820074262,0.7836947992854486,0.00011507614625326973,0.0009554580061692066
109,0.0002232557545866589,0.0544364029944888,0.9446656578438679,2.748980769675486e-05,0.0006471935993599331
110,0.0007317102191375576,0.11381979617232563,0.8839297719688812,9.773853009920163e-05,0.0014209831095563501
111,0.0007543045294244553,0.14726393934635615,0.8503892171662514,8.791661237495503e-05,0.0015046223455930843
112,0.0005759592839245158,0.12310141033759697,0.8747120413837639,9.926260746925936e-05,0.0015113263872453197
113,0.000526496233501499,0.0805557070636596,0.9173278262009471,3.4221993730529874e-05,0.0015557485081614374
114,0.0013352256228025604,0.14132944177856452,0.8530397690391541,0.00023226434212383256,0.0040632992173548
115,0.010710658283489641,0.21973021155210481,0.7397853214176312,0.00038326254270753797,0.029390546204066812
116,0.014811496295274968,0.8228349815918474,0.1557034143498081,0.0015122076223185003,0.0051379001407509724
117,0.007650730388252825,0.8057735352427,0.18170398628028112,0.0005056893747523527,0.004366058714013749
118,0.00512360684266074,0.30369382106701215,0.6888105674421424,0.00016501623399317627,0.0022069884141915803
119,0.003831993446549838,0.6472603129463023,0.34620788751263204,0.00021438407456021008,0.00248542201995578
120,0.002646910880388083,0.29360403265660284,0.7008952505460745,0.00018654242512961886,0.0026672634918051114
121,0.0012464213398721412,0.3533818407650736,0.6434692344856382,0.0001343130954571902,0.0017681903139588513
122,0.005569823001570491,0.3199679904384819,0.6719456541481914,0.0001628035901640252,0.0023537288215920624
123,0.0012190349334978944,0.22168534785173458,0.7744558370318751,0.00013670625332551167,0.0025030739295668837
124,0.0010155506718049192,0.1141829766084521,0.8830590892229473,9.917173761092431e-05,0.0016432117591847239
125,0.0008128696754792885,0.10028059882973529,0.8978067051635025,8.786861326633789e-05,0.001011957718016497
126,0.000482210672189985,0.06474564373103035,0.9337066418729677,4.448271918555007e-05,0.001021021004626247
127,0.0007568355972682446,0.19590316058825752,0.8018832135616882,0.00010052206486997735,0.0013562681879162302
128,0.00046929385599326175,0.088245710120074,0.9102927866632694,4.501526325147221e-05,0.0009471940974120215
129,0.0016352331052199118,0.47663815942392973,0.5194526962987909,0.0003657671383790466,0.0019081440336804515
130,0.0004354294858609231,0.12642187362317597,0.872182780053551,7.683374454089596e-05,0.000883083092871263
131,0.0009627764832421964,0.13942845778350993,0.8571917269010018,0.00010713863664875904,0.002309900195597373
132,0.0003171336084307179,0.1383336583240234,0.860351316671552,5.442635829576994e-05,0.0009434650376980366
133,0.0003196718386595876,0.12797931543867813,0.8705857280152915,7.784411222273703e-05,0.001037440595148005
134,0.0006751908314484515,0.08541040920054596,0.9100116957242542,0.0001130306119590515,0.003789673631792245
135,0.001437129914146422,0.1226925179674173,0.8724224089444528,0.00024974596567228546,0.0031981972083113485
136,0.030689025458235587,0.3316206527822659,0.40404282349073956,0.003646230302948009,0.23000126796581097
137,0.03237604349680748,0.4069815240351675,0.5328004438220715,0.004225717436890805,0.023616271209062772
138,0.02982773460849484,0.4315917032473223,0.5118857537603644,0.004727004681479784,0.021967803702338622
139,0.08406994437425269,0.36678691862971197,0.373603925159096,0.0061068400967199685,0.16943237174021936
140,0.03857489058302779,0.6081743179377799,0.24458609495336137,0.008273543004267431,0.10039115352156362
141,0.05693624486615635,0.5067671316361027,0.08493554914976809,0.01387404248901566,0.33748703185895723
142,0.055375598055260856,0.03102513083089482,0.007673995611972212,0.005795828406919566,0.9001294470949526
143,0.010241576237162176,0.015523264611913341,0.0022386443863098575,0.0012425493665968721,0.9707539653980178
144,0.09274365157422836,0.030750105492350535,0.00014929318627504974,0.003300215191076903,0.873056734556069
145,0.7040254518115455,0.14675030947258408,0.00029839622053785543,0.007052252488457201,0.14187359000687536
146,0.4884024908176159,0.4098024389393911,0.0003214471342568188,0.011194104315257058,0.09027951879347894
147,0.7727115991666555,0.1923749910994845,0.0003665590648258002,0.008302816738147197,0.02624403393088704
148,0.25966128959422946,0.6869798357972068,0.0045800967805510575,0.013301411636925775,0.035477366191086844
149,0.07671121268446131,0.8083232181848791,0.082448040634985,0.014714896848698707,0.017802631646975934
150,0.06788001426940778,0.7592632532094699,0.11832030042868906,0.03651909543976347,0.018017336652669788
151,0.040503987799277386,0.8742824465293002,0.022103165941830673,0.05505622293099024,0.008054176798601468
152,0.04920864819750535,0.7401738944990839,0.164876831377648,0.03716818984823708,0.008572436077525687
153,0.08955348861650261,0.8475942204010887,0.010346064039764005,0.045803651301422395,0.006702575641222371
154,0.00755083027118473,0.48777787915865994,0.49568857380121656,0.0059617018328638844,0.0030210149360747093
155,0.015853437597260024,0.6915043627614342,0.27613527285210304,0.011016409842856519,0.005490516946346218
156,0.03201422279179969,0.935181703158727,0.015359203741038597,0.012125505639337827,0.005319364669097078
157,0.03177002034223193,0.8460066730777996,0.03721488241770027,0.07926140651014074,0.005747017652127549
158,0.02852150113032459,0.8387983462359393,0.0632241252177526,0.06233209119061205,0.007123936225371558
159,0.03282219795892319,0.5246576416187015,0.0015216464228203265,0.4378757278433391,0.0031227861562159514
160,0.03321029441693432,0.5289026320170193,0.003753219527282263,0.42624063551081254,0.007893218527951582
161,0.035259201858127295,0.6272418405462491,0.0008906194143940412,0.33216602208227375,0.004442316098955753
162,0.058661558022017384,0.8040475133469986,0.0011622497228219511,0.12230435978136771,0.013824319126794236
163,0.05453158854294798,0.4303504102029215,0.0002588455511309809,0.507660082036905,0.007199073666094517
164,0.03812741122617804,0.12039935155874072,0.0029490434184137443,0.05607964509272187,0.7824445487039456
165,0.6621177879805968,0.07973655332955569,0.0001763041086123708,0.06888487597682429,0.1890844786044109
166,0.49077819933450795,0.1774592516558423,0.0002028088160965822,0.03565421522246286,0.2959055249710902
167,0.6015970379477312,0.3512347644062431,0.000585444459529648,0.021412092039877813,0.02517066114661821
168,0.526040543651262,0.4045479273000386,0.0005066011142060003,0.03987808985329747,0.029026838081195966
169,0.5631458214146929,0.2966294453582125,0.00024112230410926604,0.11299434443048433,0.026989266492500972
170,0.16456434907041229,0.7767160134637366,0.007130678433630154,0.0240949836840813,0.02749397534813942
171,0.08623007826028659,0.9025258062585882,0.0009342958088428485,0.006116235114449584,0.004193584557832715
172,0.046620326866829064,0.9067608705619529,0.036504057040454174,0.0036431058246013544,0.00647163970616245
173,0.03769953363678111,0.9465299320880911,0.005353372444539065,0.004526956844170385,0.005890204986418286
174,0.010926205723312989,0.9298643526385794,0.054607163313045354,0.001773558443550143,0.0028287198815121137
175,0.03124598685857733,0.9536163728532019,0.008084580346255501,0.00437230231000093,0.0026807576319641045
176,0.036462856867625154,0.9530958736974586,0.004548541342529754,0.0020699687329359616,0.0038227593594506322
177,0.0205872360795234,0.8297807682796124,0.14441873604213656,0.002462718127951662,0.002750541470776125
178,0.02035935869913322,0.8013540041537107,0.1749194410808605,0.0014173124224777448,0.0019498836438178184
179,0.004022381400478029,0.7755385993244157,0.21756707104846956,0.000876889528874774,0.001995058697762052
180,0.0029146151350117485,0.7092319486290652,0.2849884707139423,0.0016450600321273338,0.0012199054898534693
181,0.0019365598661119886,0.5350081273149273,0.4599350442472782,0.0005745747682869165,0.0025456938033954503
182,0.005406836849262569,0.5624481189936821,0.4281745057041527,0.0013432328001483842,0.0026273056527542113
183,0.006088553203096787,0.878128035419248,0.11235467132065542,0.0010688161010927047,0.002359923955906733
184,0.0015976437251292237,0.4209258857296692,0.5753425151341249,0.0002597616411073845,0.0018741937699692497
185,0.004131822748457834,0.45403881333053775,0.5389965129119652,0.00026598264480336343,0.0025668683642360093
186,0.0013509555361638373,0.31344211390299903,0.6838305345431518,0.00011911631525531305,0.0012572797024299005
187,0.002187127555477776,0.3492331814991547,0.6456850974333972,0.00046189685849994523,0.002432696653470434
188,0.0013682516082979509,0.19136571790937643,0.8058820119107696,0.0002505567265546134,0.001133461845001352
189,0.001104733552886458,0.2036565119400038,0.7938211028263973,0.00021227894471431322,0.001205372735998317
190,0.001124786435085909,0.1723762699026073,0.8248950119276487,0.00018907044118038197,0.0014148612934777047
191,0.003008305867842691,0.4205339454654748,0.5729708685911068,0.0004696690400122891,0.003017211035563302
192,0.004020137731253887,0.5092250405376305,0.4821192748648556,0.0005475077167900681,0.00408803914946993
193,0.0019636750139649167,0.24974710596715702,0.7457823547156539,0.0002691932741703749,0.0022376710290537122
194,0.0016747254846996235,0.24690740831487482,0.7483387980747906,0.000353011716830241,0.002726056408804687
195,0.0009736049406091055,0.14983383497424008,0.8478099891038956,0.0002116287625860465,0.0011709422186692478
196,0.0013870128504925837,0.2331519110821619,0.7638047823400681,0.00022638555283432227,0.0014299081744431094
197,0.0007387344961999853,0.1441706154387482,0.8540125927322296,8.924977971620112e-05,0.0009888075531060342
198,0.00043162630608515706,0.11256721044696724,0.8863050842820483,9.577616432906694e-05,0.0006003028005702796
199,0.00015051379392698328,0.05391659608437192,0.9454462970751205,3.146636723815358e-05,0.00045512667934252454
200,0.0006661113956783588,0.1987348043742586,0.7990357444390734,0.00023340727329509024,0.0013299325176944425
201,0.0003055562566372364,0.11409248455041802,0.8846427709285427,0.00011322745729954451,0.0008459608071023594
202,0.0006537454202422274,0.16486709027419538,0.8334369514548918,0.00020917101434642495,0.0008330418363241866
203,0.000330662992494059,0.09262491777952021,0.9062707796397568,7.990780059274571e-05,0.0006937317876361523
204,0.0012992786626514082,0.1428804457778632,0.8544855297027973,0.00029940536047211736,0.0010353404962158974
205,0.00043731629651796934,0.12955684049489377,0.8680460322154144,0.00027203938966453373,0.0016877716035093816
206,0.0012894715454096215,0.18842024551315437,0.8076806073099462,0.00036191853691465957,0.002247757094575108
207,0.0014138476686383155,0.25482040371016096,0.7411232384527182,0.000376107557383723,0.0022664026110987053
208,0.014822887721751513,0.8595818799976583,0.12080150388503634,0.0017985334574361447,0.0029951949381175746
209,0.0016257904431406188,0.200418555425237,0.7966543512322902,0.00026211542517772353,0.0010391874741543846
210,0.001076453955727182,0.20276048463488022,0.7934945926244945,0.0003830785514081215,0.0022853902334899483
211,0.0029767389893878057,0.3921659194471822,0.6015267600862189,0.0007247059759574946,0.002605875501253636
212,0.00029652505265731564,0.12939894912408018,0.8694458280826324,0.00011663627863080452,0.0007420614619993801
213,0.0005776373874500036,0.09602878123986415,0.9013620754513594,0.00020030039937414865,0.001831205521952357
214,0.0011399257169865079,0.15617815357672574,0.8401243023593274,0.0003534135782924374,0.002204204768667721
215,0.0004032374445909073,0.13169630664062157,0.8664382575368883,0.00022311175488374326,0.001239086623015418
216,0.0019780493196249766,0.4830256634098503,0.5121125405968996,0.0006365462453032094,0.002247200428321866
217,0.0003296536052189816,0.10321614501978071,0.8957275053431379,0.00011792142074715941,0.0006087746111149536
218,0.0004123806178313891,0.2734677141494876,0.7251673237062901,0.00017965416693951073,0.0007729273594514593
219,0.0003377922657753725,0.1216704303111993,0.8767338539490767,0.00019490846363040808,0.0010630150103182485
220,0.0004220729991466687,0.12998632859308745,0.8678428874551115,0.00022041548487939942,0.0015282954677750286
221,0.00030227313328256384,0.0915066789142063,0.9074859041487761,9.950429933540336e-05,0.0006056395043995536
222,0.00043099843897649565,0.15394257327987165,0.8445915694855217,0.00018240450373396025,0.0008524542918962212
223,0.00036220016988710733,0.17472159894348152,0.8238121227941746,0.00016618347414657815,0.0009378946183102265
224,6.194188448753842e-05,0.02997500636506774,0.9694751643149728,3.863174592189954e-05,0.00044925568954983284
225,0.00028296830450830836,0.12888461289551245,0.8700699292175538,8.998774358858063e-05,0.0006725018388370565
226,0.0009683272153715776,0.23103746170165249,0.7660323648284002,0.00037633019489874306,0.0015855160596769816
227,0.0008784012792085664,0.10986375237158974,0.8877252337408849,0.00021645081449886804,0.0013161617938181644
228,0.0002352504863951435,0.09373577275024482,0.9053234564937201,0.00012889529865767858,0.0005766249709823251
229,0.00048029263104234333,0.13430240670072616,0.8635867294135561,0.00021035524590169426,0.0014202160087738143
230,0.004486517223225518,0.23691637526099288,0.7537048024432449,0.0010425531641732712,0.0038497519083632355
231,0.001185285677532234,0.20082578891276864,0.7950344180785148,0.001071272520108672,0.0018832348110755651
232,0.004749931357749825,0.27078386796228276,0.7201221025075799,0.0022498602633784183,0.0020942379090091285
233,0.006220262131687312,0.2986869319837296,0.6870823520725877,0.004710073966312198,0.0033003798456831385
234,0.0007293390418803818,0.18738510084500862,0.8071321349291947,0.0027307619484671954,0.002022663235449137
235,0.002314867089482576,0.18028857495493003,0.81049083922494,0.003701559545690606,0.003204159184956875
236,0.0321819024705649,0.05126840859325455,0.03702872111181932,0.015427737011619628,0.8640932308127416
237,0.2166555179282324,0.5754736921102711,0.026824929317921423,0.04074023587420119,0.14030562476937383
238,0.2268225830067823,0.16427571071563632,0.005637815307366362,0.005051043981525349,0.5982128469886896
239,0.5205887867809311,0.30948753295074505,0.0009717373619725007,0.002718851509445223,0.16623309139690612
240,0.32078814917422693,0.6599657532938698,0.0022185837195855197,0.0016500529206065916,0.015377460891711204
241,0.1599840431860347,0.7960251280933723,0.028882163981941336,0.0009736521702524488,0.014135012568399268
242,0.148010551068054,0.8266105963101573,0.013710076388051155,0.008332323366979364,0.003336452866758295
243,0.015962267310894045,0.9039332690242211,0.06950155042302467,0.006282411285023153,0.004320501956836945
244,0.012887065622710268,0.891226085124339,0.08545584098858355,0.00453272994187929,0.005898278322487917
245,0.018054354557532914,0.812922417888707,0.15971346459548402,0.004505439123453253,0.004804323834822936
246,0.015093177266484572,0.9031695354849225,0.07051729805478266,0.004885202377225491,0.0063347868165847705
247,0.020532829519321692,0.9109776670446113,0.05810686555244818,0.004011139720180146,0.0063714981634386885
248,0.03152282487885955,0.9356905411887116,0.025006780366995354,0.0035121100152374876,0.004267743550195848
249,0.03169574214911024,0.9291257752940418,0.029698001762588914,0.0018857004499112234,0.007594780344348076
250,0.019676824827965594,0.9137665377426816,0.06021162638231212,0.0013252652561711634,0.005019745790869307
251,0.01575996874702516,0.9415975889961494,0.03704750629370015,0.0012152309086332477,0.0043797050544921706
252,0.016236265539214385,0.9598442744875995,0.01926337510949111,0.0012327552901694571,0.0034233295735256308
253,0.007565316132410444,0.7798020977908601,0.206753820138372,0.0013899750451510943,0.004488790893206616
254,0.048633017945866906,0.923613872768962,0.013938423973628792,0.005667905302898638,0.008146780008643696
255,0.05765840063133655,0.8521605068739441,0.056974873422460756,0.0014159760785368602,0.03179024299372187
256,0.05841351548376541,0.9145203393062028,0.022049494610743594,0.0013604047536404848,0.0036562458456474685
257,0.05465810535789422,0.917299659125837,0.023900165695260104,0.0016157386343583124,0.00252633118665062
258,0.046424668940352166,0.8046161382484605,0.1384478827202996,0.0031268538841129744,0.007384456206774856
259,0.01969316313072966,0.9619743290512521,0.010207599911176648,0.004705650369732943,0.003419257537108547
260,0.015460947823829426,0.8389024830078895,0.13236531203925994,0.007781967191228038,0.005489289937793238
261,0.013867722955337142,0.8062061089674161,0.1548167403998418,0.01754926191231869,0.007560165765086353
262,0.018888662913656384,0.9216306193297947,0.015321964109378434,0.03674323896377944,0.007415514683391206
263,0.012854393439713114,0.8131187779562706,0.12844949512432333,0.026294688256257304,0.01928264522343552
264,0.003767038469470703,0.7074940303507963,0.26411862004366427,0.012616299566210902,0.012004011569857882
265,0.1672178884399864,0.27289499753948704,0.0008789405292192869,0.21750654952566773,0.34150162396563954
266,0.04702487761010502,0.08412895236567251,0.0005914524701431835,0.11284555560495343,0.7554091619491258
267,0.23344654143277052,0.04331947240651499,0.00016586140822163952,0.10230900122958199,0.6207591235229107
268,0.26803448811307884,0.05222981329915074,0.00010998019926914811,0.09782221410179283,0.5818035042867084
269,0.48691443738694595,0.022430452655439283,0.00011300887544309665,0.21119226770943594,0.2793498333727359
270,0.26496419292948176,0.018193010984708276,0.00010476207016516437,0.06568169109362912,0.6510563429220156
271,0.41937569664637253,0.025828901797517612,0.00021464821396272464,0.06274696101014975,0.49183379233199725
272,0.6788108043806418,0.029394714925274994,3.5825694555127465e-05,0.09911216074930683,0.1926464942502212
273,0.5465745244629612,0.021949882952984393,7.099319139452506e-05,0.058059143958103986,0.3733454554345558
274,0.214108994345127,0.16753651777157016,0.0002917395541421779,0.1632741165388891,0.45478863179027157
275,0.2850982548282816,0.05745713419946986,0.00015075356165511082,0.232239024933199,0.4250548324773945
276,0.12179355576469203,0.045991554772874026,7.624840616582167e-05,0.2562054865479315,0.5759331545083367
277,0.2335163170749008,0.02748208778941107,0.00015878169106493592,0.3600093626565587,0.3788334507880646
278,0.09880130166697752,0.022312148549944816,0.00010350777107797617,0.28290293665173094,0.5958801053602688
279,0.1043439074200119,0.010264332395975758,2.6696869174504376e-05,0.09550223547422312,0.7898628278406147
280,0.4696810327187554,0.006559688896193147,2.08629188885422e-05,0.20490235282256203,0.3188360626436008
281,0.34267207201284544,0.015697389267411748,2.4255264808020964e-05,0.1996453414606591,0.4419609419942757
282,0.303584322757338,0.08657913939828053,6.559268374808551e-05,0.3384948481142563,0.27127609704637695
283,0.2089235163011839,0.022138249829310362,4.146702953071834e-05,0.7008843954146861,0.06801237142528899
284,0.23317111481290612,0.07488847498693642,8.434417878835854e-05,0.6139264734456382,0.07792959257573084
285,0.22405429215616882,0.06525472077300735,0.00012479640681299742,0.4962038397641592,0.2143623508998517
286,0.2041277662553339,0.030616667533147877,3.0232033804747035e-05,0.505925968979505,0.25929936519820845
287,0.08069209272463455,0.10662605933045703,0.00012088098074087074,0.4732093630495842,0.3393516039145834
288,0.09452078787818531,0.09522544382853718,8.577141485768955e-05,0.17153833945764596,0.6386296574207738
289,0.40098482275711383,0.054262906954658865,2.4447967725291162e-05,0.35248639406880966,0.1922414282516922
290,0.3740720927823061,0.10427672660501719,7.140312675408869e-05,0.4682424042502187,0.05333737323570398
291,0.3362474791330883,0.21218474475298307,7.859175531541298e-05,0.28421369456189316,0.16727548979672008
292,0.1436342197203919,0.042131246455130576,1.7291503488807295e-05,0.7773357592350163,0.03688148308597235
293,0.10487327864985792,0.1220853601146145,3.938297914292368e-05,0.5126083058657233,0.26039367239066147
294,0.09587648930543123,0.02617635761312043,2.7933177044667133e-05,0.5886350240781122,0.2892841958262915
295,0.05872189510899847,0.08000841585935309,0.00010969021327508217,0.43405116906290897,0.4271088297554645
296,0.09445297390170854,0.05931460251965027,0.00022211096215613517,0.5721036758448801,0.273906636771605
297,0.10049364631902871,0.053693543539712264,0.0002162385038383502,0.6817145327746442,0.16388203886277647
298,0.04004240167950123,0.039556248821320625,0.000246662248012761,0.6102913026754111,0.3098633845757543
299,0.06840152037901433,0.01797981480353292,6.313564971044203e-05,0.7741163795354822,0.13943914963226012
300,0.09033027931619293,0.015680244319016788,0.00010971229734744813,0.7504980492731844,0.14338171479425843
301,0.1787497055448495,0.02249147173131596,5.086738589960721e-05,0.6377256255398579,0.1609823297980771
302,0.19040579964580162,0.0369722653843176,0.00022590007900502387,0.6170435256954812,0.15535250919539476
303,0.1743988219367947,0.027881363405066542,3.963450631570238e-05,0.6586099063809651,0.1390702737708581
304,0.04560678847709062,0.024355083053182642,5.869034881169855e-05,0.24855485703370966,0.6814245810872053
305,0.17072216741622434,0.08502449344722943,0.00020297325568814043,0.24949517387759612,0.494555192003262
306,0.17618038785793025,0.033927053913381855,0.00022039443729347886,0.22035257137665767,0.5693195924147367
307,0.3169669857671575,0.18292342910009213,0.0019867532841147707,0.1683917652047107,0.3297310666439249
308,0.2641554485758758,0.18187200811938323,0.0017967525046673105,0.342599597589168,0.2095761932109054
309,0.01869214408956249,0.04066494134066681,0.005368700844809416,0.0498528870759978,0.8854213266489636
310,0.0019508758685691378,0.0027966224666710286,0.003932201082847325,0.003558556784831581,0.9877617437970808
311,0.0029827027556468197,0.0007640743667031516,0.0008474292471593224,0.002275742716629016,0.9931300509138616
312,0.025434566635109707,0.003548339181987642,0.0013478020695592379,0.006198419999466965,0.9634708721138765
313,0.12147425821576913,0.0052510886744947605,0.00023008057849006143,0.008071465260459059,0.864973107270787
314,0.1928082060409674,0.011066005804138126,0.00037848832018517976,0.007113721528919158,0.7886335783057901
315,0.7340869353604077,0.04923958537537192,0.0014884878384684407,0.02457023208376812,0.190614759341984
316,0.6273962326877434,0.17237433085423826,0.0001546017066214507,0.1257044449560049,0.0743703897953921
317,0.20203896163011112,0.5996851641950258,0.005101054605185081,0.10964244269823224,0.08353237687144564
318,0.19335777232858406,0.1376678478295581,0.00034946719856691894,0.6511388849219798,0.017486027721311217
319,0.06520660528464621,0.43930270894976947,0.0002203218038279089,0.48964473303117306,0.005625630930583342
320,0.09776195115361927,0.1677290821914313,0.00015626530570926627,0.727039435512491,0.007313265836749259
321,0.042925464971479345,0.8257889701052306,0.0006687969973765935,0.12612884963327142,0.004487918292642199
322,0.12376841413625538,0.6611029832320489,0.0014000573287242229,0.195366662840694,0.01836188246227747
323,0.16759728319352404,0.5124362041126579,0.0009449617597265334,0.3069826188683312,0.012038932065760306
324,0.048880582200589814,0.8879105124412974,0.0037680190992896295,0.04971733550190805,0.00972355075691529
325,0.0312639903360011,0.942050129700803,0.0006784310766868764,0.022818436079521873,0.0031890128069870173
326,0.06922631600415942,0.8862410076480938,0.0020353298586778435,0.03247030380616252,0.010027042682906646
327,0.22044685602941735,0.6185505737545617,0.0007241436062044087,0.15017292850310607,0.01010549810671043
328,0.0632427245296122,0.8773913599382266,0.001335971058254816,0.050548040801817566,0.007481903672088959
329,0.07453311379060563,0.8688205525004022,0.0009925580880832906,0.046543629078150635,0.009110146542758333
330,0.08382012144238274,0.8415315492068943,0.002962284023243833,0.04847157071217976,0.023214474615299335
331,0.28541605119786684,0.5907089611137021,0.0019543630553823564,0.07192352501516558,0.04999709961788322
332,0.03630721172185469,0.9382670929083695,0.002873782304817482,0.007942805393824505,0.01460910767113361
333,0.2410211623003918,0.34748550553525054,0.0077801787665117556,0.06087364127199042,0.34283951212585556
334,0.38854440203019436,0.42782966537327516,0.0007342814093206396,0.06560778256009436,0.11728386862711566
335,0.029356921404895854,0.9189031713932928,0.008735110021746895,0.004469231338104241,0.03853556584196008
336,0.008013921452256009,0.011023145134239963,0.0008707291419233716,0.0014424262902295046,0.9786497779813511
337,0.022782360161147736,0.006513164884930169,0.0015190608806214404,0.0011678000963763915,0.9680176139769243
338,0.005609505103634673,0.0034475580166476935,0.0008071691734099924,0.00042892835097783715,0.9897068393553298
339,0.07731983907166101,0.23011342642124097,0.019461238628157213,0.00040011436054280093,0.672705381518398
340,0.0033622556777928776,0.02100506022925071,0.0014939673024163352,0.0005901299907897812,0.9735485867997503
341,0.00446919541330851,0.0485233082758192,0.0015533824643236406,0.0006304582581881696,0.9448236555883606
342,0.030598589460599974,0.014556717190201898,0.0019294463446858862,0.0008215890529385021,0.9520936579515737
343,0.017801332597901315,0.018526627196242467,0.0018882576122953394,0.0008549589365686277,0.9609288236569922
344,0.020416827627106282,0.027510938732436662,0.002395076848877337,0.0007804795843448163,0.9488966772072348
345,0.02673410116798634,0.02567168199106177,0.006108646689603181,0.0010366681155214537,0.9404489020358272
346,0.04668049958627706,0.04756314450938839,0.6497114698329675,0.005184127594266641,0.25086075847710043
347,0.05527841960956031,0.031162506422731346,0.001353236018419518,0.01274934174017453,0.8994564962091144
348,0.43688505623986096,0.015084944213101168,0.00029652029022194136,0.026432930776176724,0.5213005484806391
349,0.16672918518802293,0.01129620826838876,0.00011285310530876716,0.1382131635695501,0.6836485898687296
350,0.06919898592990016,0.010080484829841672,0.00020536792028205082,0.012036346579433385,0.9084788147405426
351,0.042533681804068815,0.0008847259810048233,9.07309828696421e-06,0.004634160384878467,0.9519383587317609
352,0.08325541957040454,0.004643572862712922,2.0675982182561025e-05,0.02561277183783945,0.8864675597468605
353,0.38248885704555663,0.004373460249172223,1.940135994544304e-05,0.05900098451669529,0.5541172968286303
354,0.2725839593475257,0.016939102468420193,9.369248113303478e-05,0.12762563310121536,0.5827576126017057
355,0.43635250419334615,0.03233166147486704,6.146518751993945e-05,0.39743287719632564,0.13382149194794127
356,0.3252207371165105,0.037569846192689105,1.676796744896668e-05,0.5817327492420317,0.055459899481319797
357,0.1139535541542511,0.06732606999231652,0.00011763705312353594,0.794013020175667,0.024589718624641883
358,0.05181028000491058,0.04093277366113107,0.00010088966450953034,0.9014437679564014,0.005712288713047343
359,0.0333423770261641,0.023949828036364577,4.265213076640728e-05,0.939121848100045,0.0035432947066599226
360,0.06751028893267622,0.0994376452792233,0.00014806420033156373,0.8255412081258395,0.007362793461929408
361,0.18334898317338755,0.15324202188294853,0.0003419170121443054,0.6390506713873129,0.02401640654420662
362,0.1953045121823916,0.3430868484037105,0.0003661235886238078,0.45020793447271873,0.011034581352555372
363,0.17619431628847232,0.5961004951293352,0.0009408086034420087,0.20814049721757125,0.01862388276117934
364,0.191743697639832,0.4684504129200046,0.0006175254706974447,0.3205185259471958,0.018669838022270194
365,0.1875416032497943,0.45806501618621875,0.00044554573518594456,0.34358904575540283,0.010358789073398269
366,0.10299739121971066,0.7968946867797831,0.0003902923633586113,0.09557053903087259,0.004147090606274957
367,0.12807390417071596,0.7212897411550203,0.0008492238769037493,0.1388712931217897,0.010915837675570228
368,0.15443752133949518,0.6827179465895089,0.0009362234051180443,0.15435594359983515,0.007552365066042755
369,0.11341622846381273,0.5991533939506156,0.001175347929012089,0.27952857228488726,0.006726457371672349
370,0.2658969333357465,0.5358240210609305,0.00048079512805011983,0.18945139835356103,0.008346852121711682
371,0.08020294245726621,0.7837068555215501,0.0019757140420720498,0.1304293411786069,0.0036851468005046927
372,0.02101745984170286,0.9450441428970203,0.003374986475588031,0.028614883453020275,0.0019485273326685882
373,0.03103871787247163,0.9054419461592812,0.0010738734920685623,0.06028237094943624,0.0021630915267423223
374,0.16181976807368534,0.4946046848385079,0.0004469126729836058,0.33617327389243024,0.006955360522392951
