epoch,N1,N2,N3,R,W
0,0.0024849864713524356,0.0003735129784187484,1.2924674907729063e-06,0.00013441935861471623,0.9970057887241233
1,0.0024950233536129387,0.00031464538597107775,1.0225613758637234e-06,0.0001299971342298049,0.9970593115648102
2,0.018260244715317123,0.001357629109570599,3.203683839076111e-06,0.00012999310692328168,0.9802489293843498
3,0.015786270121817905,0.0008034593810936734,1.7467706349282189e-06,0.00015296141212616229,0.9832555623143273
4,0.0007053965855722956,0.00013503332347265115,8.088125729287246e-07,7.10803590022044e-05,0.9990876809193799
5,0.0008851942447008964,0.000212052003429653,1.1676406602684217e-06,6.798295356363056e-05,0.9988336031576455
6,0.00804118923870269,0.00033765382932064296,2.6353957484553137e-06,0.00011251550314957794,0.9915060060330786
7,0.003352891362581752,0.0004961947662257741,2.304942803400686e-05,0.00011882483261683695,0.9960090396105418
8,0.00014176126481049635,4.622382648610946e-05,6.57579181031363e-07,2.907893048557226e-05,0.9997822783990369
9,0.00558590055808302,0.00022431439909866387,2.317618995473651e-06,5.5034336254733586e-05,0.994132433087568
10,0.0009866608347123126,0.00023517917248647963,3.4877906129629402e-06,3.4384101451560147e-05,0.9987402881007368
11,0.00047395003094559304,0.0001778585777238697,8.483583766099739e-05,1.2077238693240042e-05,0.9992512783149764
12,0.0004666472316747314,8.306772117215438e-05,3.381799279122085e-07,4.016918826737619e-05,0.9994097776789578
13,0.0015490922925803256,0.00044286999095851114,1.3138089482078243e-06,0.0001244473696951326,0.9978822765378179
14,0.0006796490461892268,0.00010879820204585437,8.782026761456199e-07,4.737125061164532e-05,0.9991633032984771
15,0.009821858682272953,0.0014906288573563703,1.2827579556172289e-05,0.00018312002542087317,0.9884915648553936
16,0.005080271119653504,0.0006054748557229537,2.9054333088389043e-06,0.00015530544548638655,0.9941560431458284
17,0.42121616446914706,0.009675798979753574,6.0034896412590886e-05,0.001694131092001399,0.5673538705626854
18,0.3167841185107649,0.03408458076273025,8.487547072381623e-05,0.006493866097415471,0.6425525591583656
19,0.3990546312276162,0.07398720070291297,9.48331653873817e-05,0.026483597797812234,0.5003797371062713
20,0.01159997941785887,0.004017852546334635,2.4287115538980072e-05,0.0025718844321891763,0.9817859964880783
21,0.10405632226342065,0.005682688517129554,1.9509338912803304e-05,0.007261725796463919,0.8829797540840731
22,0.5111966712602489,0.025869087822087647,4.718392792161577e-05,0.020377251003785533,0.44250980598595635
23,0.4619457409775513,0.037479715547947524,6.145249818134877e-05,0.02524295927733773,0.475270131698982
24,0.328610726772803,0.029163561676989185,3.916929219424555e-05,0.015752869575030946,0.6264336726829826
25,0.40606002876726316,0.11403373782209304,0.00014551897154399025,0.030362488014153456,0.44939822642494653
26,0.16203003474631048,0.01816189455936331,2.5062357635715735e-05,0.024392639954628096,0.7953903683820625
27,0.10674812405255582,0.04964541887068825,0.0015145684845580723,0.010045182098698438,0.8320467064934994
28,0.0848038435028163,0.009100444462721069,6.107564019721289e-05,0.039365009405075445,0.86666962698919
29,0.5619705681268677,0.013238098486572905,4.320364445944994e-05,0.05520177655483498,0.369546353187265
30,0.453460843831735,0.09521104805497127,7.820863717523772e-05,0.055423261376387506,0.395826638099731
31,0.28441054371914243,0.09781064842361382,0.001175523946173303,0.006649754543175735,0.6099535293678947
32,0.2605591292386029,0.06254966787114463,0.00046277868552938375,0.03674828057874501,0.639680143625978
33,0.28854144885490096,0.0732479548598994,0.0001477893814883422,0.014349608695819749,0.6237131982078916
34,0.2562735479807049,0.5035739694891727,0.004374398413705649,0.012581303867764522,0.22319678024865242
35,0.30132873836230173,0.5404035386748072,0.0018775193565643397,0.021642306008873846,0.13474789759745298
36,0.16331494544267916,0.7365579113838404,0.002408540942186333,0.006368675583969788,0.0913499266473242
37,0.09801882211566695,0.8222021102852484,0.01278790873368255,0.010797566069031043,0.05619359279637108
38,0.09334179217912586,0.8514134091607721,0.0011676887739228222,0.02104707415388195,0.0330300357322973
39,0.1343787118272675,0.8059972431064959,0.00157601518675316,0.04068179613289687,0.017366233746586607
40,0.15041298623424942,0.7369118613781163,0.0916951776171471,0.00967193818777502,0.011308036582712174
41,0.053886233064221085,0.9027067757164956,0.013159474896060537,0.018423785391286217,0.011823730931936552
42,0.09849184842067138,0.8459365955889926,0.010100807143868892,0.022807599555086603,0.022663149291380528
43,0.06987095590968322,0.89623153643237,0.005758687937459032,0.016614702894052886,0.011524116826434954
44,0.08881695923248839,0.8716464408360836,0.004389453504675205,0.012109768243932338,0.023037378182820634
45,0.07019065734807081,0.899659927526813,0.015045244607014044,0.004656012544893522,0.010448157973208376
46,0.10867863380247661,0.8059649674880277,0.06152381019296071,0.007869309710753083,0.015963278805781876
47,0.06237992277783342,0.9212859898877953,0.004083219051343071,0.00748975331521278,0.00476111496781546
48,0.05615103724924738,0.6987430503016913,0.23291961786712795,0.0029713725268513394,0.00921492205508224
49,0.06358027774776735,0.7730515107179522,0.15142846181710515,0.002449718169050868,0.009490031548124308
50,0.0476482288356047,0.895620105189329,0.039270671093631054,0.0016253491143716245,0.01583564576706366
51,0.03387364881461052,0.5340363463475195,0.41534647048610035,0.0015166530940565685,0.015226881257713112
52,0.09765340168174454,0.8876429714855362,0.004821448944599085,0.0017188610902074382,0.0081633167979129
53,0.014731189591394632,0.48890320535046516,0.4888961042465032,0.0002714639753887503,0.007198036836248292
54,0.010414970655384673,0.6291112421195175,0.35135492075878405,0.0003553488443324833,0.0087635176219813
55,0.010276703541235431,0.47682345803557746,0.4969170612161198,0.0004915811910524325,0.01549119601601471
56,0.0019242538599396762,0.13515740033180781,0.8608589129580815,7.66960884822316e-05,0.0019827367616888857
57,0.0034323119706599894,0.15394276409163798,0.8377138894935274,9.25865536241031e-05,0.00481844789055062
58,0.0017715565708704654,0.10275891086718393,0.8910706747612482,8.334920728255603e-05,0.004315508593414707
59,0.0011381926908726994,0.10141995327963174,0.8926975246606408,6.520415606823213e-05,0.004679125212786416
60,0.0006635050893140426,0.07651076329347226,0.9204390888429991,4.4779388549138345e-05,0.002341863385665618
61,0.0005369902551197635,0.06484396756161148,0.9330326705512108,1.9438341237645975e-05,0.0015669332908203892
62,0.0009788105281523366,0.06200613158544121,0.9347665177562988,4.346678483362045e-05,0.002205073345273888
63,0.0007122589621912412,0.08160906804529088,0.9152460930471177,5.0443989873215606e-05,0.002382135955526952
64,0.0007430877064373548,0.06643825528349549,0.9312713531287922,3.9246019006316564e-05,0.0015080578622688472
65,0.0004603864406395012,0.03816759982686589,0.960081923214345,4.1842797281796834e-05,0.0012482477208675654
66,0.0003596750321891736,0.03378661060220115,0.9634876595483421,3.2339133924514236e-05,0.0023337156833432232
67,0.00027306929868985857,0.023705296825192356,0.9741663162940081,2.9217331150055417e-05,0.0018261002509597272
68,0.0005553873143003981,0.032750576598235964,0.9652764897134514,3.876650163669112e-05,0.0013787798723756484
69,0.0001738847340423291,0.01624929780979597,0.9820374199121579,1.4857657121218725e-05,0.0015245398868825595
70,0.000708211069534601,0.054559421811365805,0.9409825922185248,4.7507646839075565e-05,0.003702267253735811
71,0.000244549179207572,0.018208849210331973,0.9798079333843249,2.1394559394653966e-05,0.0017172736667410303
72,0.0004741037145613267,0.015622436879933336,0.9806185316005045,3.9382777409310575e-05,0.00324554502759138
73,0.0006644413709843905,0.019833380338671065,0.9762201182881778,5.5812722995630975e-05,0.003226247279170987
74,0.0007925617283487788,0.04005674210276449,0.9448722008739467,8.159944230922042e-05,0.014196895852630646
75,0.0005976719225543742,0.019343294278526088,0.9747293429544736,7.735582648771547e-05,0.005252335017958195
76,0.0008549524489658372,0.020913658039493795,0.9527674445336219,0.00013176830916149931,0.025332176668756787
77,0.0006905750155963855,0.024386822883574154,0.9557832195402367,0.0001736219441172159,0.01896576061647552
78,0.005084093128552022,0.009724102830554672,0.023681346601134245,0.00036642035036935013,0.9611440370893897
79,0.01714858835362542,0.16471935527882361,0.7619025224696189,0.0004372390940132069,0.05579229480391875
80,0.011674095375838724,0.09420773902194055,0.877416825892332,0.0002085302335740898,0.0164928094763146
81,0.00763251170482149,0.19169690594736352,0.7846976034268446,0.000258241642235613,0.01571473727873492
82,0.003424748099806214,0.18295974103604287,0.8023656207285038,0.00028301754964288903,0.010966872586004135
83,0.002009611157285823,0.1122053935779406,0.8811991349094472,0.0002101292280576159,0.004375731127268766
84,0.0006251220088528905,0.040726624857231435,0.95633143691258,9.354137853602073e-05,0.0022232748427994968
85,0.0006127177897749821,0.03788708749332357,0.9589656083314991,0.00011571699551469172,0.002418869389887864
86,0.0003074730366390805,0.023179985778098777,0.9730117716835899,9.305371173612645e-05,0.0034077157899362505
87,0.00030347102477741827,0.021153684177381143,0.9756808068457701,6.401240197116158e-05,0.0027980255501001408
88,0.00048503753195897834,0.03620905142277887,0.9576559462854758,7.717706767159189e-05,0.005572787692114565
89,0.0002582991480082235,0.019606828781120085,0.9776358768656912,6.68373395530438e-05,0.002432157865627367
90,0.0002886123805748449,0.013633068089593362,0.9823767953749866,5.649156310943487e-05,0.0036450325917357805
91,0.0002940838824529402,0.015156742810155674,0.9818573619993048,5.851640452791557e-05,0.0026332949035586376
92,0.0002861251674844108,0.009413105368509967,0.9881328879100129,3.357335829775564e-05,0.0021343081956949356
93,0.00042872872599455356,0.010783008985056379,0.9859736594028381,3.996481744444331e-05,0.0027746380686665957
94,0.0002621650524140387,0.009175334171049302,0.98851520929641,1.9091148929085448e-05,0.0020282003311977094
95,0.0001933760094444021,0.013169842722545682,0.9846451722538464,2.0537677955407437e-05,0.001971071336208217
96,0.00025909032395645017,0.009263982205934164,0.9890187720325729,1.7196030228948975e-05,0.001440959407307426
97,0.000332970534169312,0.012681644778817796,0.9821153836885165,5.270541625799918e-05,0.004817295582238304
98,0.00022491226388863712,0.012137359203941153,0.9854586793241475,2.39440573152901e-05,0.0021551051507072753
99,0.0002042169331395781,0.009986367744254558,0.9871041008648849,3.109181175864835e-05,0.0026742226459623895
100,0.0003116896015900608,0.011980351564052333,0.9841915149275369,3.222806871396246e-05,0.00348421583810683
101,0.000291798037647468,0.009771079459135305,0.9867099009369369,4.189159490214226e-05,0.003185329971378046
102,0.0007190203994061454,0.014119258589943874,0.9737715802050166,0.00014505211718019093,0.011245088688453078
103,0.0030987784856158925,0.016638642304395563,0.8557230111285586,0.00025988084385087864,0.12427968723757904
104,0.04183170837720206,0.16354925866430522,0.7467150184061467,0.0018268062294173708,0.046077208322928526
105,0.004964920185923375,0.11821567965693279,0.865054245768174,0.0005617932229880183,0.011203361165981845
106,0.004440074056900056,0.09211680200862322,0.898303465202087,0.00022885668905024678,0.0049108020433393405
107,0.002590924343461449,0.10936337117100821,0.8852436310200258,0.00011663916866402909,0.0026854342968404867
108,0.0006697792247812586,0.05187920102192978,0.9435944555218371,0.00011765262513657736,0.0037389116063152993
109,0.0007099541511664548,0.037423669836129554,0.9586350859539409,0.0001907036677089275,0.0030405863910540234
110,0.0008420044868376605,0.043891768119988794,0.9512567477116836,0.00022312570194353256,0.003786353979546404
111,0.0006327927925022801,0.040696866130204144,0.9559328544056336,0.00014007058649676696,0.002597416085163348
112,0.0003688102540857941,0.02695791643848383,0.9716389886123854,4.7329112207571e-05,0.0009869555828373605
113,0.0003016139007882181,0.02189880358935492,0.9765351110118822,8.047641776972919e-05,0.0011839950802050871
114,0.00019311179673568883,0.012343046892072858,0.9864417912443155,4.9637401652182955e-05,0.000972412665223558
115,0.000308592030112467,0.02053060956973321,0.9764712893596247,0.00010138015066945863,0.0025881288898601893
116,0.00037226667628614563,0.020897424313639702,0.9763365766396788,0.00010191730705216277,0.002291815063343198
117,0.00033095769083946224,0.015200647201419332,0.9813750286352604,0.00013848444073841958,0.002954882031742281
118,0.000252329108329756,0.009821800581013528,0.9881086105146926,4.631761087517326e-05,0.0017709421850890868
119,0.0004070756186069536,0.018814002811193824,0.9795127008042511,5.059706645708312e-05,0.0012156236994910199
120,0.0004737819311956458,0.01428361029145544,0.9807752227733996,0.00010736953376725745,0.004360015470182096
121,0.0005238338140865005,0.013124736682189853,0.9825169924273294,0.00011857237704559798,0.003715864699348722
122,0.0009847569756098531,0.0297535930483613,0.9644513041960454,0.00035462008803976123,0.004455725691943659
123,0.000472456920816193,0.0197422948025364,0.978395659481979,0.00014564790595246067,0.00124394088871606
124,0.0013986117463740486,0.05267720303655629,0.9433296981219165,0.0003796719693811468,0.002214815125771979
125,0.013525356855074649,0.08417094741942766,0.5655339051674099,0.0023136555006388715,0.33445613505744903
126,0.010178041431676913,0.18246269153049502,0.794598658416008,0.0014747678035853056,0.011285840818234806
127,0.1207332702974625,0.5934315225948602,0.26794144043680856,0.0035896916232616262,0.014304075047607206
128,0.04260460113485778,0.5707752104279982,0.36091029061487967,0.002131504808585354,0.023578393013679127
129,0.059929699175120296,0.8033269922140702,0.12622254148939552,0.0058409229018898425,0.004679844219524054
130,0.01999305528835112,0.5092072205225588,0.4573512289885121,0.003270153420305322,0.010178341780272415
131,0.04396882166806022,0.8369677177331903,0.09512414742205397,0.014658206605093108,0.00928110657160238
132,0.07143607800824354,0.6587183657964691,0.2331548986466735,0.013930517268310235,0.02276014028030363
133,0.031134274049999088,0.8456206127542613,0.100878373239007,0.010451270182470386,0.011915469774262498
134,0.11227334539118002,0.7598576277176152,0.10380021503443769,0.014138930968707285,0.009929880888059737
135,0.07130483429054861,0.7793650299634163,0.10485626301617651,0.014005883763283497,0.03046798896657504
136,0.2594227546254782,0.6163134254082506,0.03401725144850296,0.030350597465089016,0.05989597105267901
137,0.2176065843041033,0.33133815777505515,0.034117489824106194,0.00975833519075362,0.4071794329059818
138,0.30634218442915456,0.3467264535282434,0.010441641164638343,0.02318814589118524,0.3133015749867786
139,0.09909390111489169,0.7860806956762719,0.06704290685070273,0.0126092407966747,0.03517325556145899
140,0.16803250919103452,0.7421133455057951,0.004373522681851999,0.014966428814114014,0.0705141938072044
141,0.1373298871663581,0.6779639231940782,0.11818650813259049,0.03402518712044094,0.03249449438653225
142,0.1717189040837164,0.7332898630500085,0.004318849975572474,0.07098808136276517,0.019684301527937348
143,0.03320432926366932,0.8482893253436747,0.10241841768482987,0.008525976233372822,0.0075619514744533186
144,0.09699724293990464,0.8651815905265178,0.00697507584286371,0.02273541625812609,0.00811067443258779
145,0.11474939896015586,0.8140073788996831,0.0036452338865056487,0.060975671150240184,0.006622317103415295
146,0.09510449598160864,0.792951797356975,0.03247923484217217,0.06965640532808429,0.00980806649115993
147,0.039240429076923135,0.8654498783429053,0.0076136410748,0.08322119018919465,0.0044748613161768236
148,0.07299673031792663,0.4252665619039536,0.002269098253796031,0.492887681652669,0.0065799278716547945
149,0.03694343140968292,0.8426654764641378,0.00441427917535834,0.10964997495514224,0.006326837995678697
150,0.06351928257837464,0.65821615937958,0.003632837004373986,0.2697174658465625,0.004914255191108896
151,0.039861149571161034,0.6987612124044857,0.0033588219664099674,0.25338834148442635,0.004630474573516731
152,0.04423018183754607,0.23594232456455022,0.00036651619972535545,0.714762190286384,0.004698787111794493
153,0.05431460564590706,0.17343371796667542,0.00043078430131724755,0.7668834141584181,0.004937477927682186
154,0.046109492480737695,0.11946649589138912,0.0003233074890920668,0.8310760321418262,0.0030246719969548295
155,0.0808687417010414,0.22885220984731908,0.0005676867540139849,0.6843609937201677,0.005350367977457709
156,0.0957220031523938,0.35393999831371314,0.0008888342855874281,0.5414909222716272,0.007958241976678469
157,0.12805679208898268,0.34081151396440096,0.0004985267772420677,0.5203734948168128,0.010259672352561477
158,0.12198185179304831,0.622828533004915,0.0014779695255915167,0.24542454452652981,0.00828710114991543
159,0.19975726692421883,0.4682255966003481,0.003711225935283605,0.20691859847043548,0.12138731206971384
160,0.25485321284062856,0.4527380067061479,0.0006309510090952446,0.277120657668364,0.014657171775764201
161,0.20904974039983318,0.3951887354261452,0.0011973683720385346,0.37817480741602455,0.016389348385958673
162,0.2150314213927549,0.26174482502601487,0.014599958920409968,0.035704524532347674,0.47291927012847257
163,0.2733041017176465,0.49404656527242163,0.0006869768203747013,0.1957592743014915,0.03620308188806555
164,0.28973005276391184,0.21868162905517533,0.00033001180333209004,0.4684736924718126,0.02278461390576817
165,0.4453233388360641,0.20605694054892645,0.00020778629022407622,0.3242213981009862,0.024190536223798968
166,0.29113108002848964,0.312796058106166,0.00037757349052291555,0.38408957033206725,0.011605718042754093
167,0.3107332467104961,0.20093563454809918,0.00026473607547360806,0.47546225067275977,0.012604131993171308
168,0.08214092582870783,0.6619157664955189,0.005795938421700461,0.23860994618159653,0.011537423072476205
169,0.10271119852483944,0.13308581651904347,0.00016075673528529797,0.7545915412132213,0.009450687007610484
170,0.08757226423810331,0.11399839580968023,0.0002023361737535035,0.7897943071301304,0.008432696648332611
171,0.08276470125954191,0.1733365590160539,0.0003972150529849514,0.7352229736013898,0.008278551070029408
172,0.10980405834437915,0.162518963233431,0.0002575365486273053,0.7213227625338202,0.0060966793397422975
173,0.12662900315698927,0.1155303757396793,0.00014308479007801535,0.7479822476504279,0.009715288662825505
174,0.09896345537641285,0.46551756463246763,0.00045912991360723995,0.42823234718629044,0.0068275028912219175
175,0.26022430908965527,0.3108621938315878,0.00024224838285950124,0.41357114133612916,0.015100107359768298
176,0.25974323712232955,0.33578757495439593,0.000538677913552667,0.393898507519756,0.010032002489965716
177,0.18387767570252317,0.5198961815388484,0.0032607540004305035,0.2772186161951315,0.015746772563066502
178,0.08153601199418872,0.8073631823907886,0.0056791537794753585,0.09350157608116146,0.011920075754385676
179,0.16957909531794504,0.6072313895693691,0.014139184592452687,0.08488459233398324,0.12416573818625004
180,0.13584081129315276,0.7098335770571677,0.0019072564451506706,0.13507432049468024,0.01734403470984885
181,0.08796880044517397,0.6640926626861634,0.004577546449470264,0.11656966181529284,0.12679132860389952
182,0.0872024496571682,0.21064539171267763,0.003837975629160594,0.0361322585870693,0.6621819244139242
183,0.3773214468624649,0.3483924144772134,0.0011497117535753342,0.1183163319679662,0.15482009493878013
184,0.11946972226764646,0.5120908946643475,0.004939072792773329,0.02985372813130771,0.33364658214392495
185,0.02849608220550748,0.008744729902941239,0.0003467029692903244,0.00494652775174348,0.9574659571705175
186,0.03198276177589109,0.020311697822105467,0.0028196598565418114,0.004536893433990841,0.9403489871114707
187,0.033296801691236,0.027087740687603695,0.0009756816600294535,0.002247831069256994,0.9363919448918739
188,0.0055248701749560265,0.008490868946932606,0.00031363743117817,0.000597085229472983,0.9850735382174601
189,0.0028863343423522923,0.0025636975340761225,0.0015861199519778368,0.0017946241178253964,0.9911692240537683
190,0.0011165173492069008,0.0006009517665677388,3.697769598580401e-05,0.00015026112222873468,0.9980952920660109
191,0.0035368103293817823,0.001556409466141335,0.0001761022233951208,0.00011258885520584592,0.9946180891258758
192,0.0063230402639694585,0.0005115897735929657,0.0001057403017236165,0.00017380922262321297,0.9928858204380908
193,0.0008341830422553789,0.00040165536318930204,7.401691991632151e-06,9.25660433890147e-05,0.9986641938591748
194,0.0020833789238087807,0.0005686505668321369,0.00013667826368389185,0.0001527706340651093,0.9970585216116101
195,0.0027874786011988046,0.0006877103521309737,2.5532261663487555e-06,0.00038848180187403525,0.9961337760186298
196,0.0026901218046440907,0.0002346452312703105,9.92622134584131e-07,0.00029966913107222016,0.9967745712108788
197,0.0008567380870982694,0.0003318675151622806,2.1287151589830794e-05,0.00030478181560858366,0.9984853254305411
198,0.002532814404770071,0.0007243824075652388,9.38214662911079e-07,0.00026114817812030534,0.9964807167948815
199,0.0029608497382357744,0.0004858915858475259,2.6358486670468357e-06,0.00018062544039137654,0.9963699973868584
200,0.009079444632491553,0.0012000047489400215,3.0115064294771534e-06,0.0010807520392116686,0.9886367870729272
201,0.009520302338771615,0.0018225334774168787,3.058373957116876e-06,0.0012744657017505967,0.9873796401081036
202,0.013691737905510303,0.004023706384167355,4.833088027878287e-06,0.0016567726783850193,0.9806229499439095
203,0.12923287995502492,0.042218209543041896,0.0008713650478723112,0.007697939520440037,0.8199796059336207
204,0.03328863490424102,0.008423419481017028,9.929422757629772e-06,0.010699134853197019,0.9475788813387872
205,0.14907996129860546,0.006526177504903392,1.2286116233851514e-05,0.028192414200829664,0.8161891608794276
206,0.44948227619956754,0.01935638793531762,3.118965990479031e-05,0.0898467299745336,0.44128341623067646
207,0.6457774002826958,0.05594458484616392,6.902777511512236e-05,0.09153963786045384,0.20666934923557118
208,0.664109453681051,0.061344220128386986,7.825896521142082e-05,0.17947045391529498,0.09499761331005582
209,0.23947848553181084,0.104203287237137,0.0003249844590978837,0.3298103935885503,0.32618284918340396
210,0.48606524058540074,0.2622279420393512,0.0002304461204059517,0.22107910831221306,0.030397262942628928
211,0.15232797094548384,0.6720846979075742,0.005903809062402652,0.13110777949065427,0.038575742593885125
212,0.19075248094845942,0.5453413387036463,0.002381373418017833,0.24011178529500685,0.02141302163486976
213,0.060492595302796284,0.8257666720498795,0.0018350115104229868,0.10125084804623598,0.010654873090665082
214,0.03847446596570723,0.8361193479710589,0.0035628944387440637,0.11505585293548912,0.006787438689000641
215,0.043158841986495444,0.8481018432784273,0.0015244351328182978,0.10036481882121077,0.006850060781048284
216,0.10764455417730447,0.6686322798071771,0.0022097446547215713,0.21306173817256757,0.00845168318822927
217,0.04012416127143792,0.7125670255031914,0.0007774346032590442,0.2430122070657348,0.00351917155637691
218,0.05092361497653106,0.8398447524104007,0.005872126496487935,0.09492284103367384,0.00843666508290658
219,0.03547246656834392,0.8765161865078449,0.007197645665394533,0.05783899382908771,0.022974707429328854
220,0.16630553037116205,0.5523038710311524,0.0010829568247941145,0.2558411722570761,0.02446646951581539
221,0.04273387749794764,0.9032963587343151,0.005184563385400373,0.04300793743068018,0.005777262951656822
222,0.0602451562491248,0.8995485409005706,0.0056083116566668775,0.02641940358934806,0.008178587604289642
223,0.15211047016583065,0.7097410879413405,0.019059147801255567,0.04574804878593822,0.0733412453056352
224,0.05359701025566058,0.8895190048030732,0.01127937462512021,0.03454730136892557,0.01105730894722049
225,0.21001175708167383,0.6685818125245513,0.0008048886807691804,0.11010451335418056,0.010497028358825159
226,0.07984585651747914,0.8623975388525491,0.032256338416103425,0.01682455231070088,0.008675713903167268
227,0.14657075286681107,0.7394443340870448,0.013654041259482412,0.0821710907926481,0.018159780994013632
228,0.06467017559615505,0.8651092561591777,0.01385023825021991,0.05091007858005045,0.005460251414396953
229,0.06986436003601669,0.8695838533997656,0.008593926803552213,0.044915399172360704,0.007042460588304716
230,0.05817674091212776,0.8788226047396275,0.024074147679950503,0.0287629695669546,0.01016353710133982
231,0.02017868971503532,0.7845718624281852,0.17131688940448964,0.017890345033887225,0.006042213418402709
232,0.024961924468310748,0.8869128799375585,0.057669114779952096,0.027509228124696892,0.0029468526894817736
233,0.016327955728733065,0.9187894825185637,0.042238595225121606,0.016243613756031006,0.006400352771550622
234,0.020250452520156764,0.9353619656470384,0.015482076549404578,0.024349457886489227,0.004556047396911081
235,0.012039542645822398,0.7768302667521672,0.19394071432763962,0.008223128622404412,0.008966347651966165
236,0.010654770978570958,0.9672049333132443,0.010498978399534186,0.00935067539324109,0.0022906419154093273
237,0.009817249978189776,0.7131326779388923,0.26750345710900914,0.005668501473562576,0.0038781135003462955
238,0.018401328853072076,0.8878500480199168,0.07620566260026294,0.009284904355659264,0.008258056171088716
239,0.007749160507017947,0.5747286139592506,0.4090208018159183,0.004602207350091523,0.0038992163677215863
240,0.022428415727828135,0.8478531282541131,0.10465322126407194,0.019519700873531533,0.005545533880455257
241,0.020558626617358137,0.9097665682737318,0.05979700279167511,0.006349355100781785,0.0035284472164531767
242,0.02652588592929484,0.9173500746838829,0.03657291788187569,0.012490061056217586,0.0070610604487291164
243,0.026339772464061592,0.9329266364662681,0.027637402482568966,0.008421222862140946,0.004674965724960443
244,0.012406163104672243,0.7170886034165053,0.26539507643157906,0.0018500653520512923,0.0032600916951922793
245,0.01123184694140748,0.9178129334185958,0.0636653636454439,0.003600718124534295,0.0036891378700188247
246,0.00791978321855428,0.7218357561469121,0.2622007496431203,0.004587647241009078,0.0034560637504042744
247,0.010029258139988262,0.7949438937142372,0.1863053766973598,0.004701239796473714,0.004020231651941014
248,0.009153134381700262,0.7075521781419097,0.27487973854526504,0.0033054203754420432,0.0051095285556829115
249,0.00503800311720273,0.44526539794121195,0.5465332846669352,0.0009066115102166885,0.0022567027644334625
250,0.010155921003832627,0.5691461700609609,0.4122964507433616,0.005286627496797578,0.0031148306950473377
251,0.005761218449613032,0.36665201768347244,0.6217934423396021,0.0015474136358852887,0.004245907891427076
252,0.009734160122801922,0.3723772666736693,0.6103352715741064,0.002795884533889595,0.0047574170955327665
253,0.011915055795605617,0.601677264115394,0.37121818129863904,0.00814213844680112,0.007047360343560172
254,0.014257523640148418,0.5286109324957154,0.43753805970278253,0.008904197897107783,0.01068928626424593
255,0.018728478402928482,0.8116296549797003,0.14370914100212123,0.02043503809194347,0.005497687523306692
256,0.016218019083721936,0.6299715585332918,0.3427502567494975,0.0068789518870047235,0.004181213746484167
257,0.006389780540593528,0.7466290401839797,0.23897098071401307,0.0039262642725402955,0.004083934288873433
258,0.03863111608530604,0.8830164132466952,0.06448335089323937,0.010525008225987542,0.003344111548771651
259,0.015906942806552304,0.8997802627097666,0.07493104622700363,0.00545361139391058,0.003928136862766903
260,0.037104515790052986,0.8868052081970144,0.0623690227023001,0.00721192449615073,0.00650932881448168
261,0.017958886873451676,0.7882121461989509,0.18506513672790934,0.00602885491271044,0.002734975286977695
262,0.017439163103365758,0.8984626451371153,0.07474093201400558,0.006790749644996134,0.002566510100517306
263,0.021367262255334103,0.6023519756365444,0.36757409016907877,0.0035442597968391,0.005162412142203495
264,0.01852629708067909,0.7829424939730519,0.17414337349010414,0.013535914873738644,0.01085192058242628
265,0.008789701795599581,0.46766744937771343,0.5136288867885432,0.004463132252365339,0.005450829785778426
266,0.008882610103188042,0.5344621683070738,0.4452617872198207,0.005379785060602165,0.006013649309315248
267,0.005586602471408532,0.6440046833117009,0.34300619051150255,0.002545358750283538,0.0048571649551043886
268,0.006663179006452662,0.7048307381494009,0.2806642361706335,0.006107350132061871,0.0017344965414508766
269,0.003920361227722568,0.44635448243537723,0.5430214552776014,0.003245543226857103,0.0034581578324417894
270,0.005460048392926731,0.44503061021606644,0.5440625239005429,0.0019478149424032097,0.00349900254806054
271,0.009009824379538164,0.6968559112794259,0.28178925620774287,0.00949904827089284,0.002845959862400208
272,0.006328640576035626,0.5504315164863405,0.43744152716993495,0.003608314020300824,0.002190001747388111
273,0.005790741616192048,0.5030127966734701,0.48132561813724684,0.005118551713097627,0.004752291859993207
274,0.005635420008366777,0.35141100192177527,0.6383827184062336,0.00314736530323358,0.001423494360390673
275,0.017168240403011188,0.5420262407632523,0.4170733668426764,0.005713086695250747,0.018019065295809333
276,0.013534688258722508,0.8391903960738872,0.1294984879335129,0.014259903625116954,0.0035165241087604707
277,0.008856430168869623,0.7409514789304645,0.24165383902814844,0.004021850745274415,0.00451640112724288
278,0.008496663305349074,0.6851292989686465,0.2997737009315393,0.003140997312089967,0.0034593394823751304
279,0.009958653822708366,0.7944179409603802,0.18561550718127423,0.006899181895539946,0.003108716140097147
280,0.00658815375313149,0.8891529642905688,0.09748145380080069,0.0026444093172535233,0.00413301883824535
281,0.005857273964679395,0.7531831066526508,0.23631308431653156,0.002100309818961398,0.002546225247176917
282,0.0037435554753302317,0.4734419036544476,0.5204380825900117,0.0007943925032399264,0.0015820657769705154
283,0.004733939351356222,0.7116932268646404,0.27844998148838485,0.0013657990841810554,0.0037570532114373245
284,0.005304944013558871,0.561377983423718,0.42001392176464564,0.0011066010085355636,0.012196549789541974
285,0.0032050170331359424,0.23710120107146063,0.7575433660997228,0.00037819783523562023,0.0017722179604449518
286,0.0029806698187354323,0.27018946236838043,0.72503688979001,0.0003776889095763881,0.001415289113297777
287,0.002115388770763461,0.2736067989088647,0.7225515994408903,0.000333265546960976,0.0013929473325205598
288,0.0013620362136815656,0.14420952795708555,0.8529154306843587,0.00020233014559160891,0.0013106749992825852
289,0.0018228225671057272,0.21477854308210215,0.781644495278095,0.0002348679692574534,0.0015192711034397424
290,0.001668780596270071,0.1876019121925118,0.8076288290248594,0.0003403512517777038,0.00276012693458097
291,0.0014956846712032535,0.13182845936395568,0.8643332167138846,0.00032014405520217363,0.0020224951957541256
292,0.0016708333114970675,0.16660052083359983,0.8299612104476621,0.0002554720377135426,0.00151196336952754
293,0.0006387073436449228,0.06647947413712586,0.9320612364378429,0.00010234342874072185,0.000718238652645765
294,0.001002678153103106,0.05927182428762384,0.9387284697663796,0.00016089390829036805,0.0008361338846031738
295,0.0002920256738618405,0.031200932641779453,0.9679833787754859,0.00012577872964566965,0.0003978841792268715
296,0.000758983848203324,0.047725797425912334,0.9502001461112468,0.0004091920567781138,0.0009058805578592414
297,0.0004413100365989109,0.04019664224332974,0.958739813192692,0.0001888010101335088,0.00043343351724573344
298,0.00044050342440474607,0.017586672626388005,0.9807657542685866,0.0002139005665358592,0.0009931691140849133
299,0.0007383500697905403,0.03610568989682929,0.9620139882598457,0.0003952491758973925,0.0007467225976370717
300,0.0007264406302545684,0.064472244423991,0.9337430232522493,0.0002365271922396809,0.0008217645012651968
301,0.00029076577805997817,0.03323324864531653,0.9657030577172693,0.00023283261301350133,0.0005400952463407039
302,0.000999207849068295,0.07782013146866866,0.91496280273204,0.0009141477733001196,0.005303710176922736
303,0.0005901986384436562,0.05130069753145001,0.9445150264330373,0.0007650129657570484,0.002829064431311967
304,0.001954053131927071,0.0909768341068578,0.8982084708684043,0.0028289726286923503,0.00603166926411846
305,0.001128847925889934,0.07179456192540395,0.9219495276799536,0.0013705870897803263,0.003756475378972101
306,0.001582522253914828,0.0505832981611792,0.942006677754115,0.0018972193987703847,0.003930282432020645
307,0.0019895488892167513,0.05200276988748933,0.9379761896301452,0.002620325570504967,0.005411166022643745
308,0.006391439280645769,0.1051450479878396,0.8755205274819395,0.0028646132695969648,0.010078371979978249
309,0.0040880368537170265,0.16129523578873192,0.8189072915862015,0.004535924033505023,0.011173511737844593
310,0.0027003124319558086,0.06807156613198188,0.9185528958723805,0.003098562466219684,0.0075766630974621
311,0.007183894340886348,0.10935132839579394,0.8637295896884609,0.008980833520982254,0.010754354053876584
312,0.005428266731926529,0.3123680514861722,0.6687488609108246,0.006344203439095049,0.007110617431981726
313,0.013451844537330181,0.5797992009723922,0.38117089644963,0.01543441906120774,0.010143638979439852
314,0.017195827464570042,0.5828405808920116,0.38630005766958636,0.010292919203399139,0.003370614770432746
315,0.03530006059424803,0.7266371591178411,0.19723572129755076,0.020082056982597494,0.020745002007762733
316,0.09404577769291313,0.5358811842862974,0.31691761690409836,0.03256238848850269,0.020593032628188464
317,0.05595673902909393,0.7976351524404884,0.10446988067852446,0.030309731824371203,0.011628496027521876
318,0.052073090719033086,0.7907675593433708,0.06901412017241813,0.06095521249762572,0.027190017267552172
319,0.047942678560396884,0.26183420434492016,0.6618002369021606,0.02298623277929728,0.005436647413224917
320,0.02232764126136695,0.36248458111394277,0.5322813403864284,0.0670952076906945,0.015811229547567383
321,0.12682153697025708,0.49044841976761305,0.023100303091182807,0.34594842655932195,0.013681313611625005
322,0.05584145476831654,0.20871264730076874,0.001635463304200199,0.7274459738505887,0.006364460776125639
323,0.0988449388694793,0.4016119962777782,0.003526812436874587,0.44678244147630486,0.049233810939562965
324,0.06100118155981274,0.7014000912234374,0.0010695063210527586,0.22822322155914684,0.008305999336550081
325,0.14162437605799916,0.41123691978791443,0.00088747896019179,0.4370526671996772,0.009198557994217538
326,0.06166548738929774,0.3286483704981507,0.0011158118940315393,0.6000237834646577,0.008546546753862327
327,0.0246767915305816,0.09980995292221996,0.0002505704049668225,0.8731788841579645,0.0020838009842671997
328,0.03615090350715724,0.0790541178813191,0.00013138732997265785,0.8807060893694161,0.003957501912134877
329,0.06003717548996377,0.12483507998348048,0.00026589953600290856,0.8098036664071526,0.005058178583400268
330,0.03558771906792796,0.04029448398090673,0.00012435600295691266,0.921852678241631,0.00214076270657743
331,0.031046482971913276,0.06046127031533546,0.00014167484228381051,0.9066031881114903,0.0017473837589771861
332,0.016839707279807915,0.04275700558966945,0.00021117666998719394,0.9386127261097156,0.001579384350819869
333,0.030817593266606536,0.056430190081354116,0.00010442453840769145,0.9080977212976153,0.004550070816016115
334,0.026493859594226468,0.0198328419631435,5.2098464590561384e-05,0.9509640010345,0.0026571989435396673
335,0.0510986753103902,0.01847598501866671,3.930963844062426e-05,0.9264085153473481,0.003977514685154296
336,0.07628343104999799,0.0532002624372859,0.00011963055605063742,0.8673981418418518,0.0029985341148136622
337,0.06343953462004764,0.04260802223025019,6.428104192457765e-05,0.8888822887227678,0.0050058733850097395
338,0.05852073306209334,0.04138630276205454,0.00014594419330071475,0.896232307935477,0.003714712047074485
339,0.047787878654756144,0.07621240202919095,0.00012653639322388586,0.872787624209207,0.0030855587136220624
340,0.05980690691617859,0.0644423487341358,0.0002462348563120295,0.8705505771423061,0.00495393235106732
341,0.02608130533737413,0.16483649714994333,0.0002533493275882338,0.8050034038660953,0.003825444318999009
342,0.04135338073215493,0.03819362064047863,9.88447887326506e-05,0.9172267699426115,0.003127383896022297
343,0.06251354866126807,0.040712551864099805,9.615635954795593e-05,0.8908311857939248,0.005846557321159353
344,0.13424363145894178,0.20938774251156378,0.0002801156967378305,0.6426014566278522,0.013487053704904498
345,0.03583696573454065,0.08978269738258403,0.00036265332827391944,0.8705862789574162,0.003431404597185216
346,0.09202328714153825,0.07670301403830995,0.0001513535904363024,0.8240147919000147,0.007107553329700817
347,0.038798771293650704,0.03633182587135595,9.888565062855576e-05,0.9207822822036938,0.0039882349806710194
348,0.04217828291805134,0.056093635275358864,8.736881571222511e-05,0.8986213269722025,0.0030193860186750045
349,0.05362951057603599,0.046705795628878805,0.0001545191638587058,0.8922488973166025,0.007261277314624018
350,0.045784698124604624,0.05504931889557787,0.00011826285966534812,0.8931170808618699,0.005930639258282317
351,0.07528859581134376,0.046754811172312415,0.00011734031836644882,0.8732007086069293,0.004638544091048094
352,0.13238245811917537,0.061363056368942,0.00012697402777205833,0.8013442933957693,0.004783218088341225
353,0.08899195936400446,0.21521911703753452,0.000263629401490142,0.6909427795747591,0.004582514622211735
354,0.05556903475176379,0.10708250072122623,0.00020097481116464511,0.8337897436744752,0.0033577460413701087
355,0.05617350682063386,0.0875169620361767,0.00031656473656541334,0.8513290972483002,0.004663869158323774
356,0.028174179522389257,0.05879359608060355,8.191986059431483e-05,0.9101123706478697,0.002837933888543336
357,0.03353362377721377,0.07476666087885643,0.00011272879775588412,0.8892088260211247,0.002378160525049284
358,0.04159387410099186,0.15742916000729196,0.0002755820727085345,0.7980253168656035,0.002676066953404056
359,0.03606326044446698,0.05535664383022286,0.0001278028838893203,0.9067096597714103,0.0017426330700103943
360,0.031729815609626365,0.05143740132734038,7.206219289993674e-05,0.9138331483317609,0.002927572538372531
361,0.03340662451307642,0.05399479112923279,0.00013660114312465414,0.9091758428616535,0.0032861403529124127
362,0.045202501029367854,0.1464645174524955,0.00018442660933074272,0.8051918366101591,0.0029567182986468096
363,0.06351517449660919,0.34428333416418344,0.00026990935734133337,0.5812042859338199,0.010727296048046231
364,0.07652914510464319,0.08442993445988878,7.752963316526089e-05,0.8339802082454117,0.004983182556890911
365,0.11322225073548163,0.1548910657134548,0.00013834791440834132,0.7170044774807642,0.01474385815589097
366,0.11805426192829681,0.10472617150041616,0.00017513810556608368,0.7653293718816907,0.011715056584030326
367,0.0979441166511512,0.06442558242248951,0.00012085850109472558,0.8227624760794878,0.014746966345776703
368,0.1066422089835412,0.06982550960145313,8.175825552253854e-05,0.8094936061459427,0.013956917013540435
369,0.16311306870508802,0.16886231849867359,0.00023312771988681232,0.6191649966762631,0.04862648840008855
370,0.3136256541416577,0.052152001619021025,0.0009719464506666417,0.5333153667297806,0.0999350310588739
371,0.3852165164532138,0.10525394623817651,0.0002668287475350209,0.47441008448491,0.034852624076164705
372,0.1904316448081735,0.2087848056557169,0.0028656116058005648,0.5074516105721053,0.0904663273582037
373,0.20109844855064737,0.055119416460464254,0.0001298539316037952,0.7212514662726446,0.02240081478464008
374,0.06505493238824513,0.11956291613489636,0.00014605325437092007,0.799809820970637,0.015426277251850433
