epoch,N1,N2,N3,R,W
0,0.005375908003684536,0.0007012795885849245,1.3276966798536522e-06,0.00087406369499642,0.9930474210160544
1,0.0046774930497039575,0.00044530209880582654,4.1511446820882546e-07,0.0005707878301423434,0.9943060019068796
2,0.030611041009554082,0.0034302351343853967,2.625174869802083e-06,0.0007947690133385351,0.9651613296678522
3,0.03975610805675773,0.003011974749731481,4.155470250311685e-06,0.00148064322458443,0.955747118498676
4,0.007594990194160985,0.0005930546232447916,1.5928495047951334e-06,0.0005307484711823138,0.9912796138619071
5,0.003452958382128668,0.0004265815923916149,1.699280684855666e-05,0.0012473168158381944,0.994856150402793
6,0.007768819289909827,0.0004645196293792239,1.51989548045047e-06,0.0005923238436898196,0.9911728173415406
7,0.042062428413117144,0.0010644581278521888,3.6707336473511824e-06,0.0009983294960929682,0.9558711132292904
8,0.11148807999367749,0.003201035072272461,5.7295125573262285e-06,0.0036110207718589894,0.8816941346496336
9,0.215697518099883,0.008019459209192484,1.3947753035308841e-05,0.012598665795879713,0.7636704091420095
10,0.17420395322401827,0.02222223035593233,0.00010414071529597833,0.023910248388811603,0.7795594273159417
11,0.10179437971750685,0.03530230924685436,0.00013219396412208104,0.04031431285990715,0.8224568042116095
12,0.2728042463840333,0.06262518760706375,7.915366882490279e-05,0.1407393593461747,0.5237520529939033
13,0.4020320578275924,0.19793528082015738,0.00024418368907069116,0.23205059734501912,0.16773788031816053
14,0.31980936376789504,0.3918636423772831,0.001274368415434736,0.14008831402292415,0.14696431141646296
15,0.11578169916700648,0.5579332619568065,0.0005145007781947529,0.010783878692323699,0.31498665940566856
16,0.3971076914385582,0.355041370507753,0.00041228623386105106,0.05578083502221098,0.19165781679761681
17,0.1812529005785717,0.7089613397881893,0.004333214870840643,0.01965887163705399,0.08579367312534433
18,0.12111598710774606,0.7024215907026286,0.006618670534072172,0.005960458770247132,0.16388329288530612
19,0.054606465409745786,0.8678474006411139,0.009690577941217221,0.008159445729517118,0.05969611027840606
20,0.435380713988214,0.32115333840970856,0.0027541431642981807,0.0038850846472977428,0.23682671979048162
21,0.19085962507876666,0.7253404337868472,0.023020099267613132,0.0017127080976017442,0.059067133769171436
22,0.4605406420189367,0.44963070511176123,0.007970558016589635,0.0013882544079969737,0.08046984044471542
23,0.2170518535389169,0.5873076368383292,0.010109740353622736,0.0004818122744442253,0.18504895699468668
24,0.14851131511620297,0.7912769173860931,0.008876735428504768,0.0026022829540653515,0.04873274911513393
25,0.337915994122967,0.4231638866097851,0.01236138581185747,0.0013113969398468174,0.22524733651554346
26,0.0875012465469539,0.8507940749678065,0.013917354135250337,0.0006618463854309772,0.04712547796455832
27,0.33304830438026806,0.4226822305723753,0.013711152464614814,0.0006629535010531858,0.22989535908168868
28,0.08477971998040648,0.8430891548393052,0.03727821145783331,0.0006264706893056445,0.03422644303314928
29,0.053974068806259705,0.8864716961400109,0.03926862110299293,0.0008507488217638232,0.01943486512897263
30,0.03799329238798533,0.8640037617259296,0.09089975058383705,8.384212862168267e-05,0.007019353173626195
31,0.01270096940867655,0.7874566372200803,0.1918390408618628,0.00011270715873422705,0.007890645350646219
32,0.003807375808183494,0.531906982377696,0.4536237330075558,7.067179260172313e-05,0.010591237013962966
33,0.002630219756947384,0.6376742046219392,0.35290729480314403,7.238852332943716e-05,0.006715892294639892
34,0.006006786376231467,0.26410303720407685,0.7235277285732739,7.378840443772176e-05,0.006288659441980069
35,0.0027048582947442126,0.19769317831358052,0.7967127654863331,3.6586248308655645e-05,0.0028526116570335505
36,0.004701331842897813,0.3486469192687819,0.6426371663884051,4.842994148248671e-05,0.003966152558432767
37,0.000951882206177083,0.1532923860436532,0.8437933928691301,2.975119080324943e-05,0.0019325876902362275
38,0.0004859704064088592,0.21264031655117577,0.7852968197894694,2.478690134349522e-05,0.0015521063516025098
39,0.00045839232386812314,0.12101220599481538,0.8768345777350903,2.050386398857333e-05,0.001674320082237378
40,0.0004882089646163467,0.11961655280348887,0.8786764973570361,1.608601754197876e-05,0.0012026548573165737
41,0.0009576993930548096,0.13836929156257452,0.859270513141103,2.1157511888436913e-05,0.00138133839137914
42,0.0013523322932362271,0.07166530265143249,0.925859923436709,1.6507782114576933e-05,0.0011059338365076751
43,0.0004079765033360972,0.05368961755623034,0.9438278433493461,2.6110854517169016e-05,0.0020484517365701197
44,0.0013375894507182023,0.09468340415261911,0.8996274865539624,4.199063461811749e-05,0.00430952920808214
45,0.00044311644549344955,0.025646510673899264,0.9727387264496372,6.776347008455898e-06,0.0011648700839616475
46,0.0008192068654148479,0.05652097252138799,0.9400695198428913,1.6047730762032945e-05,0.002574253039543909
47,0.002367795255676103,0.12576450278172074,0.8674183564750887,4.576684888055893e-05,0.004403578638633998
48,0.00024217835195033304,0.023961403186517388,0.9740939939666445,1.022751357933213e-05,0.0016921969813084123
49,0.0004771908487141574,0.05195831493538897,0.9459502453539165,1.0514584392817317e-05,0.001603734277587655
50,0.00019921329778759312,0.035579019989423796,0.9632676857247461,7.5610070780741185e-06,0.0009465199809643774
51,0.00015708951885821053,0.04309052240531583,0.9559227195572109,1.0010679568188832e-05,0.0008196578390469503
52,0.00038917744763245166,0.053023744681578645,0.9443698940956092,2.0724733752483706e-05,0.00219645904142726
53,0.0011302115438432594,0.04612883584425659,0.9508737937125372,2.6404968375150108e-05,0.0018407539309877974
54,0.0002610647216841229,0.032058083570973776,0.9663541417339387,6.654472596640871e-06,0.0013200555008066263
55,0.0002343596730199518,0.02293724496424402,0.9755444240464806,5.649922571674339e-06,0.0012783213936839032
56,0.00027691172187052426,0.029102926839795536,0.9693013900790106,7.854710776986548e-06,0.001310916648546166
57,0.00017628095023111521,0.04237473661011434,0.9562640085890551,9.544198248048786e-06,0.0011754296523513524
58,0.00045166097508940646,0.038437940483578494,0.9592529857127113,1.7760035154880718e-05,0.0018396527934657224
59,0.00023107590360651334,0.03394982341539137,0.9643577884467874,1.5976546911349566e-05,0.0014453356873031405
60,0.0002575216471911878,0.035619790526004544,0.9625380881072454,1.2003029604884162e-05,0.0015725966899542648
61,0.0004082954901808964,0.03971669282668435,0.9586978345394421,1.224719379495222e-05,0.001164929949897949
62,0.00018649630096626352,0.052618927027791265,0.9463613035347641,1.5159827617216787e-05,0.0008181133088611453
63,0.0003427724889835458,0.02616604658779349,0.9727159566539327,3.466305202978926e-05,0.0007405612172607088
64,0.0007980027167244068,0.0506478204626246,0.9479337791993638,1.8270915178781166e-05,0.0006021267061082745
65,0.0011499211411975573,0.2231496841114572,0.7739384494158306,0.0001798333944844305,0.0015821119370301557
66,0.0024964472375301754,0.16414399039619024,0.831975863621956,0.00015837239772299077,0.00122532634660059
67,0.00164312285048116,0.37487335861430654,0.6199196804877192,0.0002895362381189803,0.003274301809374123
68,0.0018394879204826603,0.3054532585812461,0.690635157754933,0.0001993394152673162,0.0018727563280709182
69,0.002295029752070673,0.26319363662876705,0.7314852408387026,0.0001902731065956098,0.0028358196738640044
70,0.011520293071091786,0.7965264700836034,0.17950967872309856,0.0007304014389758229,0.011713156683230358
71,0.0032628202215558805,0.7058532545511552,0.28691870257321495,0.00023065047925164195,0.0037345721748223326
72,0.003168546244697554,0.5087121648739421,0.4847042418615783,0.00023868332528647048,0.0031763636944956764
73,0.014319311343407781,0.8513836061709341,0.1270518008079714,0.0004125466098429385,0.006832735067843953
74,0.002817763161064554,0.6701573359048643,0.3247758148783767,0.00015849428892802486,0.0020905917667663385
75,0.00412804101329327,0.5729770781291872,0.4184075153913909,0.0001741845534838699,0.004313180912644846
76,0.003136927273409783,0.6759333743620382,0.31776982257177755,0.00019959471892735278,0.0029602810738470955
77,0.0027943408709591388,0.6257473380203309,0.36905550359317685,0.000294095185371807,0.002108722330161235
78,0.0024365823456068696,0.602085915419241,0.38792697166233947,0.00032978252444730533,0.007220748048365428
79,0.002459797545808982,0.229253186892904,0.7669995122434045,0.0003082497741706692,0.0009792535437118377
80,0.008201967442128848,0.703884788902703,0.28190296793798403,0.0015536580314390149,0.004456617685745215
81,0.014406418744772042,0.9136412258112085,0.05619624000508563,0.002893486040742206,0.012862629398191614
82,0.010197036825448803,0.9067295123507216,0.0739371248504659,0.0014638149730388846,0.007672511000324682
83,0.013595311863214624,0.9155063348916294,0.056422481223027884,0.0013090790971487163,0.013166792924979168
84,0.042130431160685294,0.9225401341341765,0.017357002045104344,0.0021269586004586762,0.015845474059575204
85,0.05263050131659294,0.8592642340290918,0.05232186834455634,0.002843499188145963,0.03293989712161299
86,0.23015373939135264,0.5277500203628244,0.027056236489300202,0.002467723567112132,0.2125722801894107
87,0.13275972352478557,0.7254458711566302,0.009593008647233012,0.0037703222119965726,0.12843107445935464
88,0.22865005812659164,0.62443706068201,0.026203199791167642,0.004870647051361596,0.11583903434886907
89,0.15481073598395492,0.6362989970779168,0.018366355836768163,0.0012633961754056843,0.18926051492595455
90,0.26370284657080567,0.28868685739575495,0.006966523984943051,0.004505011926183111,0.4361387601223131
91,0.09800209514460002,0.6114391747745408,0.014843232400357361,0.0035964392868313784,0.27211905839367045
92,0.08146958068397066,0.6172069051715765,0.13171013822188146,0.0086039711663166,0.16100940475625478
93,0.014050621373968881,0.008567879984322171,0.001545861653607176,0.000564924821330678,0.9752707121667712
94,0.017602655762361887,0.019723613070443083,0.0018307309765338167,0.000916217391073209,0.959926782799588
95,0.29783657611958536,0.09806017746250337,0.0004088895950152311,0.01270652573644283,0.5909878310864531
96,0.41659447880537853,0.11612443665267341,0.0015488636971565726,0.0009761380127908902,0.46475608283200076
97,0.5669174718509171,0.32975256643246276,0.0012211282900586298,0.0016100312103479,0.10049880221621368
98,0.31967528780435095,0.5961514346316391,0.005779845561495831,0.0003150022771164712,0.07807842972539757
99,0.18485068948939115,0.793926976026471,0.014627950355729917,0.0008938734979772398,0.005700510630430803
100,0.010813077935918522,0.8467839615435582,0.13916555773285277,0.0005227528387897604,0.0027146499488807587
101,0.01803311771375333,0.9073085653518644,0.068979207176126,0.000842869029686229,0.004836240728569894
102,0.009533714235237287,0.7848671302364183,0.1996678946105478,0.0015776129554739508,0.0043536479623226465
103,0.006383708285756055,0.7446841219500869,0.23941853988815442,0.006291763683918884,0.003221866192083694
104,0.004116182624476121,0.8274871873608665,0.15477559841959548,0.009245742925273824,0.004375288669787953
105,0.010966920005594181,0.8381113223837717,0.12030102052226681,0.025839499581806136,0.0047812375065612
106,0.01820552318821527,0.9498794695568239,0.010937044341610013,0.015946572853701192,0.005031390059649599
107,0.006094665659461261,0.9468843631559517,0.03453858514518574,0.010087710977145014,0.0023946750622562026
108,0.014892667955891014,0.9367815041138634,0.006114077100343148,0.02313921286814034,0.01907253796176217
109,0.06310378625791924,0.6478492621366475,0.00202699095824495,0.26352680206088613,0.023493158586302097
110,0.05787951983176711,0.23978909270880822,0.00015341562933418967,0.6781673356550207,0.024010636175069877
111,0.09224244064507964,0.4705636885372278,0.0003905788826766909,0.42288516226652084,0.013918129668495049
112,0.1277690626955848,0.19741332205220233,0.00013658003354966025,0.6583380577431638,0.01634297747549935
113,0.08475630728271853,0.4778700717580461,0.00041136974261862927,0.42118496475293654,0.015777286463680158
114,0.10915822308751852,0.124614483367653,4.0877278433431986e-05,0.7166043689723455,0.04958204729404958
115,0.1436840245762693,0.40284401911130835,3.768338682042399e-05,0.4181152757121176,0.03531899721348432
116,0.17613116395125256,0.2826527731347528,0.00027209241269981604,0.518410994504998,0.022532975996296972
117,0.1841284801198713,0.5310505071598696,0.00011115934540752913,0.2620930132978805,0.02261684007697114
118,0.1381559660539194,0.6196364672033922,0.00012944877832460263,0.22246262731051852,0.019615490653845345
119,0.034524674064662746,0.8235214557438703,0.0008500321957793971,0.13500954409396296,0.006094293901724824
120,0.017589723540764452,0.9237192142283207,0.0017652990065895409,0.0536503542458522,0.0032754089784731806
121,0.0888620611111145,0.41879540954101946,0.0007016285846593321,0.4641088619632105,0.027532038799996227
122,0.021646460929759193,0.8349021063860667,0.0014651699950857474,0.13934368218110713,0.0026425805079812086
123,0.011930322313897053,0.9453726643286501,0.0007546909245008831,0.04015941269098794,0.0017829097419639834
124,0.00975768474553512,0.9534007967756699,0.006258122587633311,0.02808247271375695,0.002500923177404412
125,0.02067354632654079,0.9297037758144131,0.0005457496736445133,0.0457419751177497,0.0033349530676520128
126,0.0695944505788858,0.7783727723253079,0.0007803751005345905,0.12608734657719461,0.025165055418077106
127,0.011023924760024754,0.9565136755450753,0.0015783043379424394,0.029279449173349383,0.0016046461836079905
128,0.05930834042580903,0.8160891645542732,0.0008701420797752766,0.11597625498241494,0.007756097957727554
129,0.07905754476488278,0.791787354548146,0.0014681741966802325,0.11944104100233408,0.008245885487956977
130,0.09713915383963324,0.8107539344047219,0.001041494427250644,0.08210419164982927,0.008961225678565039
131,0.026533966458472114,0.9474739465625035,0.001105936444812696,0.02216743398375351,0.0027187165504580085
132,0.18411040801449938,0.6065873384359795,0.00967579539875556,0.02064153567689983,0.17898492247386583
133,0.07075039568908627,0.8808766463863246,0.0016676381010398388,0.04112622931263924,0.005579090510910249
134,0.29542608778311674,0.5683816801251471,0.0016219734329411288,0.09073497964445802,0.04383527901433692
135,0.21515442152369965,0.7530760060733142,0.001580900492422767,0.008707689904975743,0.021480982005587703
136,0.17784951474356422,0.7690107130784243,0.009627376098120756,0.014911179379520814,0.0286012167003699
137,0.144388847257889,0.8211008475005415,0.008827403570791459,0.007532699824598093,0.018150201846180013
138,0.03570696965267336,0.9259960188478977,0.03305826560829747,0.0016668794081185219,0.0035718664830129867
139,0.03392875621871995,0.9194251212438057,0.035859032107760605,0.0017007481077684382,0.00908634232194523
140,0.11389835562308948,0.8460874806750641,0.02316925458477584,0.004526686868383484,0.012318222248687274
141,0.03966365159024754,0.8900428690570985,0.0643227160831242,0.0018166201429481862,0.0041541431265817415
142,0.040232029379790014,0.10216378838098361,0.007875495055432141,0.003067967187826791,0.8466607199959674
143,0.4511306889080687,0.17098121327264315,0.0008290284694536373,0.010478078801849108,0.3665809905479855
144,0.5102471471094957,0.4406435852889611,0.005458536930189461,0.002221226162772551,0.04142950450858113
145,0.33356293997580305,0.6246821279863621,0.019565088926324355,0.0004933955490308018,0.021696447562479713
146,0.17915814068911512,0.7787560187062681,0.02341657933501465,0.0042585648395737615,0.014410696430028262
147,0.028743701579856784,0.9165820395770902,0.05101396295745222,0.0010148633435748098,0.0026454325420259966
148,0.07850994648852619,0.8504800740108831,0.06125823032572167,0.0038955494435832694,0.005856199731285575
149,0.03760054676159166,0.858312371963314,0.09876776839533956,0.0005980792792196761,0.00472123360053484
150,0.023390990929221086,0.6089614132129557,0.36265605974818815,0.00058345721015234,0.004408078899482645
151,0.017452401443211522,0.8415533648570466,0.13471848640114673,0.0008942599412210105,0.005381487357374106
152,0.0044588084220127085,0.535474504145819,0.45831382850893143,0.0001967064122299929,0.0015561525110068485
153,0.006210094052582505,0.33485905963029844,0.6578939801799184,0.00015115873889138789,0.0008857073983092053
154,0.0028529145265756123,0.14657033948038245,0.8498500757444695,9.252150769243676e-05,0.0006341487408799207
155,0.003814900509246613,0.20895584596350905,0.7848671880913802,0.0003067881313345595,0.0020552773045294853
156,0.00284303450502667,0.26622973590763316,0.7286877507183286,9.649881202342865e-05,0.0021429800569880363
157,0.0026115074304263013,0.21325618188750703,0.7826895253164262,8.80337483565317e-05,0.0013547516172838741
158,0.0024027434169905586,0.1397997374810867,0.8561042995663956,6.950326205781573e-05,0.0016237162734694134
159,0.000416077357946796,0.1137472434079147,0.8845618267372808,4.535894893871572e-05,0.0012294935479190527
160,0.003444533977077117,0.16218644770529153,0.832103842033143,7.57154785961206e-05,0.0021894608058923492
161,0.0011000356613378693,0.07856039781264174,0.918133084863512,6.383684342688433e-05,0.002142644819081607
162,0.002669205857234888,0.06430199733289785,0.9297480804069443,0.00010940570434431311,0.003171310698578731
163,0.0012803763218742794,0.06866588665961448,0.9289901226333658,3.587121666089858e-05,0.0010277431684844462
164,0.0005013618053558251,0.0894635040037991,0.9077851002171174,5.021149410628867e-05,0.0021998224796213094
165,0.0002440949805563198,0.07921595257842773,0.9192310833077189,5.710553901677866e-05,0.001251763594280204
166,0.0005707511590534406,0.085276351644478,0.9134821807537307,6.017635352073915e-05,0.0006105400892172158
167,0.0001836862920404353,0.0677413448042822,0.9312518948877075,3.722082198188136e-05,0.0007858531939878519
168,0.0008434064407600761,0.13229465417876535,0.8655599292532687,0.0001127457632553321,0.001189264363950479
169,0.0005271730247588837,0.08267955161491915,0.9153424375011276,0.00010165049888214626,0.0013491873603120985
170,0.00027305241183327026,0.04305229501088966,0.9555913826989552,0.0001355839419729858,0.0009476859363488212
171,0.00023280581791034833,0.057160625534157405,0.9418716172901445,5.024364189471484e-05,0.0006847077158929135
172,0.0002372735438561609,0.05200018377339928,0.9464023105128586,9.194908362992897e-05,0.0012682830862558497
173,0.0004759422739767367,0.1043636257134515,0.8933513656978149,0.00011846811913786441,0.0016905981956191756
174,0.00019332264991494356,0.060100379439989894,0.9386001500281268,8.987341240670682e-05,0.0010162744695616933
175,0.0001921343077754809,0.043521523507280876,0.9552275520558121,0.0001469397608691336,0.0009118503682624056
176,0.00018401746773737476,0.04335836078556716,0.9557717488939885,7.15843503575436e-05,0.0006142885023495215
177,0.00019278675550427597,0.05071320379926061,0.9481003292967385,0.0001071582599260722,0.0008865218885705158
178,0.00046325988808831116,0.13597194240150695,0.8617062223548208,0.0001320005376167427,0.00172657481796717
179,0.00027511558542503656,0.06265014413565864,0.9354747844018124,0.00020776766612759547,0.0013921882109762267
180,0.00022947197854914338,0.06672000377219507,0.9323317290532773,7.573451273828505e-05,0.0006430606832401877
181,0.0014013961358709957,0.07574837067805787,0.9212614520954512,0.0002385181684470094,0.001350262922172895
182,0.00014810095414262222,0.07531177079610965,0.9240649989663078,4.83628425246324e-05,0.00042676644091511564
183,0.00025803633884085116,0.08870156370950216,0.9104944433605678,3.642017294865489e-05,0.0005095364181406656
184,0.0001623168269814232,0.034763934630755285,0.9645492756722137,4.330170534934418e-05,0.0004811711647002923
185,0.0002087341958073684,0.07202822242487944,0.9270225635944279,6.915857735671107e-05,0.0006713212075286519
186,0.0003141707357669443,0.05581586500849146,0.9430217023510763,7.975168753563228e-05,0.0007685102171298116
187,0.0012168317607610742,0.19381416229212323,0.8029651045418235,0.00019437216932905138,0.0018095292359632217
188,0.00044715630158730427,0.09618210807873574,0.9027969724545015,5.542730913142786e-05,0.0005183358560440934
189,0.0015252081220833214,0.1415908059189655,0.8553572329808062,0.0001542644314027866,0.0013724885467422587
190,0.0011465462702459337,0.11520251347942655,0.8823579417623021,0.00023829660794492496,0.0010547018800806003
191,0.0015083622775700896,0.10035641894739464,0.8960225370770405,0.0006705391494148936,0.0014421425485800575
192,0.00071052782304204,0.1185993662129344,0.8794802193580644,0.00030150761974084096,0.0009083789862181709
193,0.47981721596792043,0.4038671822097466,0.07419817415801508,0.00459475848720066,0.03752266917711731
194,0.1801024703636734,0.6306512591114011,0.17125624419123295,0.0025670910998762527,0.01542293523381628
195,0.10920633734221505,0.8201018032158397,0.043406748050984344,0.006175848465756991,0.021109262925203855
196,0.08744763546225456,0.8475821140841743,0.04079967523663748,0.0020833268258006817,0.02208724839113288
197,0.06734400564767568,0.8801682160467683,0.03797327093915825,0.0043411945287106886,0.01017331283768714
198,0.1823865469022654,0.7593667484892705,0.03802201709483017,0.002705170883137889,0.01751951663049603
199,0.03828520639737443,0.9300265060700953,0.022803058046750375,0.0023426767700605285,0.006542552715719354
200,0.0767102506778609,0.8422528039846264,0.06816586601744648,0.005136283894994163,0.007734795425072033
201,0.014197510926360624,0.8553931542979158,0.12463430948351242,0.0023410623248006357,0.0034339629674104296
202,0.03388091330130033,0.8585395159661038,0.09921007324691981,0.0030595032192671295,0.00530999426640904
203,0.14151878280689872,0.33458541171699246,0.03282604549620731,0.014999810623397877,0.47606994935650376
204,0.21699750361782627,0.7080775469696248,0.0075871746569530565,0.01684261132921509,0.05049516342638082
205,0.07211528034276594,0.8440636839852985,0.016333371702711305,0.0043289335321069836,0.0631587304371171
206,0.13270724137237655,0.798923223611982,0.025095998644504864,0.011148466903052007,0.03212506946808445
207,0.0779932817484286,0.8791629753447603,0.00935187107545141,0.01642716355749847,0.017064708273861234
208,0.03721721331704598,0.9062223933788968,0.04895303555909941,0.0023940095073198896,0.0052133482376379705
209,0.10522917247373569,0.7903611023941196,0.09582731637738387,0.0036386637247386618,0.004943745030022145
210,0.05038994391430579,0.8205141566535398,0.12151129767903159,0.0037364113236152967,0.0038481904295077176
211,0.013881905298203576,0.7972308198157207,0.18027997204370425,0.003515099363661206,0.0050922034787101245
212,0.019608575074801227,0.5926568821881809,0.3824510201352263,0.002065199747138972,0.0032183228546525063
213,0.013913707170305791,0.487175228092405,0.4942046508134906,0.002061524323188173,0.00264488960061065
214,0.004602643242870861,0.7173667230784446,0.27317921672739304,0.0019922752322196315,0.002859141719071886
215,0.011019068127119759,0.4285614495261846,0.5577803647462568,0.0013071246858796198,0.0013319929145592306
216,0.0015238684230445571,0.14638430204525607,0.8510585630214925,0.0005495865432153321,0.00048367996699145185
217,0.006020035159716649,0.3539393976923969,0.6367096055093074,0.0015821660762099345,0.001748795562369204
218,0.0019203950139364322,0.18231071218187891,0.814046921624915,0.0004774718777840294,0.0012444993014856273
219,0.002812237375805685,0.19814299329002819,0.7969252575222492,0.0007153128353596445,0.0014041989765571953
220,0.0016905407606741664,0.12619759620222948,0.87056187748872,0.0006104555120022258,0.0009395300363739488
221,0.00348711096842464,0.18775164509890485,0.8067520926849594,0.0007298174268089008,0.0012793338209021493
222,0.003493607796336503,0.22303669714326843,0.7710831005028508,0.0008379482914575873,0.0015486462660869245
223,0.0006948269568506408,0.09915794404526727,0.8992233552216038,0.00036085642037346835,0.0005630173559048593
224,0.0015781395619934848,0.25074705311840234,0.7446515240683419,0.001046257889065459,0.0019770253621968735
225,0.0008986865887869138,0.08416835143083354,0.9136110401762163,0.000699003674692479,0.0006229181294709323
226,0.004663415358175478,0.150004293155091,0.8433825532277279,0.0006211009768231704,0.0013286372821824204
227,0.002802571147100374,0.11684031736210874,0.8776424592825431,0.0006315230002362701,0.002083129208011495
228,0.04236407355116483,0.6092280025839607,0.26539891950714495,0.005658557845789184,0.07735044651194038
229,0.009831304028057403,0.5620912480693191,0.417050125228222,0.0020356177692381653,0.008991704905163446
230,0.057389530735569835,0.7349562597294215,0.19235930761121212,0.0025768223652277247,0.012718079558568827
231,0.011676305124176728,0.6072168002117949,0.3726189848739258,0.0017287707575611771,0.006759139032541364
232,0.023270157923002795,0.8595136119520883,0.10083166535361639,0.005456695676001785,0.010927869095290662
233,0.22190193423709947,0.6149384110624977,0.03952908337651071,0.007832666303270487,0.11579790502062166
234,0.2780137665067161,0.5917366795752081,0.005889888402762382,0.026827212096157668,0.09753245341915576
235,0.28152072157349867,0.6802923414844133,0.010597046531132843,0.006206175321844702,0.021383715089110585
236,0.14106304193103542,0.1371267349569856,0.001884754817534564,0.00584290481837002,0.7140825634760745
237,0.4626973082866505,0.4806120618989926,0.00658251508662368,0.0033568662987790553,0.046751248428954235
238,0.4381774861318355,0.5421101229241942,0.005808067103087475,0.0033839154923107143,0.01052040834857219
239,0.11764166531592236,0.8386204500761347,0.023373859258167862,0.0018925983938331587,0.018471426955941766
240,0.21600837311602372,0.7570468767206243,0.007807744265639857,0.009952598747617057,0.009184407150095164
241,0.049080232795167905,0.9117378487730731,0.021321126702566973,0.005194885956364843,0.012665905772826998
242,0.02787655416552615,0.8505447154741637,0.11420970071680303,0.002380669018961915,0.004988360624545263
243,0.07563840631353495,0.8827732642835963,0.03287390960570474,0.0020753274729444454,0.0066390923242197345
244,0.012396623063250517,0.8827581242098332,0.09623863319621655,0.005043324572564583,0.0035632949581350473
245,0.02369590579941483,0.805991793666244,0.15526361574466305,0.008564636517798726,0.006484048271879381
246,0.08713264093271039,0.7967724297083861,0.057527124805231894,0.005894361161172007,0.05267344339249935
247,0.07169164741659963,0.9073001643259944,0.0036171827874399804,0.007820003573568381,0.009571001896397714
248,0.08359529069826091,0.6562335606873155,0.1337955193691493,0.007456346085912422,0.11891928315936182
249,0.03508894599594329,0.9355927585919802,0.007631335365317847,0.0036027919925034346,0.018084168054255268
250,0.07608517346625433,0.8607237225080233,0.004328904973141494,0.009499515438477562,0.04936268361410342
251,0.04897203770040597,0.9336563841662004,0.0035565691839981955,0.007137256785516921,0.0066777521638783964
252,0.06030292824223243,0.8941016235633262,0.00196561436423985,0.031458114791621944,0.012171719038579618
253,0.09237890704357775,0.2931639471420978,0.04198921645906994,0.016411791138306115,0.5560561382169484
254,0.21810579507429292,0.7440422960434605,0.0025210934912792073,0.025863234044982454,0.009467581345985063
255,0.10409380638623963,0.8748069926432509,0.0009525041692207709,0.009888848474023524,0.010257848327265126
256,0.17086598365802586,0.7847457952003049,0.0025557625736893617,0.03512615294379236,0.006706305624187453
257,0.07448203822835266,0.870920634129555,0.002591382562296923,0.044229188383959714,0.007776756695835586
258,0.05493729902362343,0.8868457441546171,0.0022349409284988654,0.04636788462955914,0.00961413126370142
259,0.07398460812248198,0.785832817619419,0.011258100065836222,0.025160545530378605,0.10376392866188404
260,0.20802426256474008,0.5910703898913429,0.0021537911650010735,0.1844156389541456,0.01433591742477038
261,0.030824521482133955,0.9462484019934714,0.003233503936349171,0.011580257561334758,0.008113315026710533
262,0.336546462540898,0.18633925517255182,0.00022813530954186162,0.2643657115941195,0.21252043538288892
263,0.176403002849908,0.7667057021898538,0.0003330815753850432,0.030671467887205733,0.025886745497647436
264,0.3240460653433494,0.392660078271838,0.0009653743185474875,0.20634105507695086,0.0759874269893142
265,0.34311655721064543,0.13830966643982653,0.0012218529642126768,0.01010243709068706,0.5072494862946282
266,0.35714183729627313,0.6021281065595594,0.0003286328015850287,0.0194296759082358,0.02097174743434654
267,0.7026177407322206,0.2289476070292006,0.0004949443077565143,0.0321505285699211,0.03578917936090128
268,0.2908663136859794,0.6248194093763849,0.0019621561555428152,0.029685042519292666,0.05266707826280017
269,0.07796181693382866,0.8559827359409655,0.0018569610916660043,0.060370235033901716,0.0038282509996379896
270,0.13996987004508485,0.6934313616147055,0.004157378265033237,0.03909543713312838,0.12334595294204825
271,0.144578011395552,0.8030826387338785,0.0006713886280218485,0.0451710816493776,0.006496879593170055
272,0.02264941901335583,0.9489632642796619,0.0070304128274262774,0.011674823275606391,0.009682080603949685
273,0.21803906066735512,0.5745873626324344,0.0004430220668938666,0.1751652795752041,0.031765275058112476
274,0.04236432080115606,0.8358295235279141,0.0007905738635710213,0.11600531737010972,0.005010264437249195
275,0.013704155217108958,0.9481757229233987,0.0006038460201393663,0.035055192114372746,0.002461083724980187
276,0.029190511328258926,0.8976756944735221,0.0011171300980347787,0.0673925496197849,0.004624114480399236
277,0.024277365922976822,0.8544499367283819,0.007119278875645028,0.11008763824086522,0.004065780232131076
278,0.011529046396199302,0.8749401063459682,0.000570300198328892,0.10779419227051289,0.005166354788990631
279,0.039436174077136496,0.7268643727308639,0.0035263883403632234,0.20539065570843762,0.024782409143198743
280,0.06254849516717892,0.38461724553175936,0.0001863637281364063,0.4536805030567746,0.09896739251615075
281,0.10890165087778773,0.23052717083783403,0.00013285963102071277,0.42509542055293226,0.23534289810042527
282,0.07451692105811429,0.11478909226015661,0.00015158326666377234,0.5790471260609025,0.23149527735416275
283,0.08065528549151064,0.03050419214275327,6.854742578554564e-05,0.6668455687819469,0.22192640615800377
284,0.09766787846783304,0.02024459129398632,2.1660385555759207e-05,0.8081378668908175,0.07392800296180749
285,0.10119339702223092,0.013077165301561595,1.3114007894316951e-05,0.8217632803386989,0.06395304332961424
286,0.10917707993387311,0.015037019704969401,1.2934107979181511e-05,0.7611500415631177,0.11462292469006063
287,0.13760760366479985,0.029533345799152066,0.0008124913761600806,0.28849816862622235,0.5435483905336657
288,0.22483164285813786,0.041500382230585914,4.57961856650301e-05,0.5712468417729398,0.16237533695267123
289,0.20727305065899373,0.06642149907770797,4.736436783876405e-05,0.6918923332186844,0.034365752676775115
290,0.08408664673302439,0.03363197747691235,7.161227276284912e-05,0.7131011511146147,0.16910861240268563
291,0.2176602658576241,0.041416926608661114,1.0805139376573604e-05,0.7093226872945563,0.031589315099781884
292,0.1718705945671471,0.1719415362679538,2.6408458838052218e-05,0.6294140881403439,0.026747372565717114
293,0.10600970698200927,0.08088266479657903,1.5005794879322209e-05,0.7976255616753668,0.01546706075116572
294,0.07211554625159283,0.07821385322245732,1.6713488667026813e-05,0.835028872344875,0.014625014692407748
295,0.06194301750814793,0.12996400901063732,1.8977179790757065e-05,0.7970107800294948,0.011063216271929261
296,0.06028014925929143,0.05515065372273128,1.000044307503599e-05,0.8734762752930247,0.011082921281877588
297,0.04584845851961112,0.027276836695854786,8.340123489637305e-06,0.9225319043549446,0.004334460306099814
298,0.08128268615587887,0.0890746627006073,2.1373235206474543e-05,0.819177339148525,0.010443938759782383
299,0.0515927174609298,0.05517590549109207,1.0054316616043114e-05,0.8854659512101196,0.007755371521242457
300,0.10069731746270705,0.19690565486885764,3.033874895198072e-05,0.6815017444115653,0.020864944507917958
301,0.05645593716197995,0.05417948552145134,1.9978197064722048e-05,0.8848195086201387,0.004525090499365418
302,0.06550195893203398,0.13422208305207323,1.8097239559940112e-05,0.7832954906743097,0.016962370102023085
303,0.042892455427620164,0.07659684756096029,8.261735718200882e-05,0.8758814319120746,0.004546647742162896
304,0.04900668149104248,0.09248312112330104,3.302245760387297e-05,0.8520207710419144,0.006456403886138259
305,0.04929819638226692,0.4695278014689126,0.0006247794494775585,0.4647160906240781,0.01583313207526471
306,0.050269461092389715,0.3076849060205356,0.00019536808617431634,0.6262200609039139,0.015630203896986366
307,0.056589684483718594,0.08615408545598414,8.80744290021211e-05,0.849085764833807,0.008082390797488086
308,0.059361082517079285,0.12893409423745728,8.045461151791257e-05,0.791757020223576,0.01986734841036963
309,0.06884500387463885,0.08273612134602035,3.4333709211009715e-05,0.839823620772964,0.008560920297165832
310,0.047585461295252034,0.5808802946318924,0.0014188173738212502,0.35817870416365255,0.011936722535381732
311,0.07744188000153415,0.2102218468881005,0.00014498681025471087,0.6912527073113259,0.02093857898878473
312,0.04877399428624683,0.35793710137056767,0.0006257409060419546,0.5707904944944726,0.021872668942670922
313,0.06978632417861501,0.12676047816155012,5.186814557096501e-05,0.7773437356158297,0.02605759389843405
314,0.11466202467759054,0.2943519573638803,8.678218235135931e-05,0.5646251377275288,0.02627409804864893
315,0.0804754452622506,0.19244067833583642,2.5112362424832773e-05,0.7176264696960779,0.009432294343410145
316,0.10327410784034265,0.17385347818920768,5.171778941357204e-05,0.7127193439375348,0.010101352243501331
317,0.10622387296041678,0.18044508555961192,5.299337416878938e-05,0.704324198820815,0.00895384928498757
318,0.059669144683242754,0.23774936531316895,4.511575122757185e-05,0.6881902351159638,0.014346139136397016
319,0.09727966167887686,0.34114397121049583,0.00011806521703379701,0.5369715042670505,0.02448679762654304
320,0.08088180464122402,0.6010253619585587,0.00025333584255928594,0.3045707007498338,0.013268796807824286
321,0.16449875314038553,0.25939998790324814,0.00020105067186278425,0.5214988832844702,0.054401325000033175
322,0.12873989051447807,0.339286533768823,0.00027898875897689336,0.5198604234394639,0.011834163518258167
323,0.022925597893995932,0.8852859466053151,0.0004590747704917257,0.08799155419482627,0.00333782653537089
324,0.12445996019546392,0.6201628280512698,0.000878807180331158,0.1992358238672966,0.055262580705638616
325,0.041335388436139694,0.8261806444919083,0.0029177423953206925,0.10578472775242892,0.023781496924202578
326,0.07733078412893118,0.819178653570003,0.0030528370382848654,0.09174630026758906,0.008691424995191757
327,0.05247018732074128,0.8951611450086688,0.020611741131342703,0.022345530751559154,0.009411395787688147
328,0.038007784057236524,0.02069229525687947,0.01733622588301152,0.029252996666656258,0.8947106981362163
329,0.5301338714471361,0.33315020679024404,0.005773003591271273,0.02511695488307462,0.10582596328827391
330,0.6431137651014462,0.27279185599163414,0.01040524889529939,0.012271273929800229,0.06141785608182005
331,0.2973175519287585,0.30785014588121407,0.020480657548676624,0.005893212865900258,0.3684584317754505
332,0.19490405792406987,0.6003349074477577,0.0053527955548712276,0.04927000227878478,0.15013823679451657
333,0.1511936403937706,0.7571215904341315,0.04017174454226935,0.0194114016995487,0.03210162293028005
334,0.2629834806310057,0.2958419846023779,0.027416577654626195,0.021331645847620106,0.39242631126437
335,0.2601036564118,0.5847482492876688,0.0018491192890727516,0.07388228215174575,0.07941669285971278
336,0.27414120435250927,0.2408367824447454,0.00142068710026833,0.015928888609370185,0.46767243749310683
337,0.768810771420131,0.13842068581127667,0.0006658683816830317,0.015262659601915541,0.07684001478499398
338,0.047354886717360455,0.9305547490809508,0.002925034854272381,0.0069564192984005475,0.01220891004901581
339,0.1372461890522291,0.8224824363627796,0.0014104719282010652,0.017429441819775657,0.021431460837014558
340,0.13979757282702984,0.7446464953357961,0.0031620464934043534,0.08113454869257884,0.03125933665119103
341,0.0664624089304016,0.890981834229002,0.007997648548933636,0.022093778776717372,0.012464329514945388
342,0.018008590232569302,0.941532555464325,0.01920566142007257,0.014624338107911434,0.00662885477512169
343,0.20181699330566485,0.40516398464152165,0.0016826910177190988,0.055420334056466854,0.3359159969786275
344,0.12994210602701023,0.7907673003238508,0.0012300770880556108,0.02358435085903928,0.054476165702044055
345,0.04837671837017791,0.8988898090772555,0.0047468630055160195,0.019869982507312766,0.028116627039737885
346,0.20599314178255987,0.6897603907619394,0.00042611054954941324,0.047297598162040974,0.05652275874391019
347,0.08770333187663802,0.2251933676837949,0.010920205921563923,0.027407118299942287,0.6487759762180608
348,0.23032040147059535,0.25288515113555,0.00030322877012679426,0.07036543011220335,0.44612578851152446
349,0.4421343774588042,0.19680156228279896,8.605831939554674e-05,0.07507925153624853,0.2858987504027527
350,0.36059770709755545,0.457991833083603,0.00060086047453006,0.09415786652044365,0.08665173282386784
351,0.35193002757410513,0.3958411276896253,0.0010865267818041021,0.10392783643715324,0.14721448151731226
352,0.38575586693027913,0.34153474498855346,0.00021772089196134387,0.21507154943882661,0.05742011775037946
353,0.13448796717058328,0.4414496318591025,0.0008267105363831323,0.4048056016351084,0.01843008879882257
354,0.17385393985718223,0.5225973047947504,0.0005145469329761823,0.1766456640880015,0.1263885443270897
355,0.3337369987375979,0.35246866740865396,0.00045414884549137985,0.2892448366509854,0.024095348357271514
356,0.14378755049487435,0.7637548027008619,0.0011490568729497649,0.06395541292339699,0.027353177007916993
357,0.1007236679453201,0.8285605339928408,0.0022962708587667188,0.053453462700531564,0.014966064502541062
358,0.05266903650696574,0.8981684818616279,0.0018913175740571397,0.038881573378865684,0.008389590678483537
359,0.03378811249633849,0.8514619130458527,0.0027341384637228103,0.1043260263389423,0.007689809655143716
360,0.003937437115265067,0.9528892440841402,0.030854088428990307,0.007446254592368476,0.004872975779236061
361,0.004723051794236534,0.015558564842815037,0.0016106348065429562,0.0011138305918082481,0.9769939179645971
362,0.3518555134422405,0.5539647945548061,0.0025523038794192134,0.010873728969599336,0.08075365915393495
363,0.18765021609427476,0.7587146154900358,0.001442820362060816,0.007857270828971162,0.044335077224657536
364,0.24777837284696982,0.7106055550887417,0.005702460079693924,0.0029514727160336296,0.03296213926856095
365,0.12284512569395051,0.8091111878034939,0.0026899804057933536,0.054040588463354744,0.01131311763340741
366,0.11703756356948114,0.7787931368421273,0.0015145918138525793,0.07506785679143956,0.02758685098309942
367,0.21819501645961795,0.6444825412798788,0.004824281351252223,0.08768203726079456,0.044816123648456316
368,0.1338296796220977,0.7813654565417004,0.0169148309346349,0.05265925220018166,0.01523078070138525
369,0.19924602055064886,0.7371301368943189,0.0003014629073617764,0.02060094498018522,0.042721434667485195
370,0.11278098734991876,0.8439283992247614,0.0007840513065985861,0.03147248890772629,0.011034073210995133
371,0.11395775229223531,0.8612343921274946,0.00366525356181342,0.010483751892411703,0.01065885012604502
372,0.10949905387908447,0.8580917532803278,0.0009737879106044481,0.01576842258562711,0.01566698234435595
373,0.0503947789709807,0.9262036543014334,0.007789631285190537,0.0054018049512790465,0.010210130491116394
374,0.008947018984800851,0.9688974474412294,0.009923144141130899,0.004159210248108074,0.008073179184730859
375,0.022520215814396304,0.9478827054249498,0.007959416798760274,0.015230507135960362,0.0064071548259331396
