epoch,N1,N2,N3,R,W
0,2.2460537148302354e-05,1.7824299683710256e-06,2.0344635991215578e-08,4.90863659149022e-07,0.9999752458245882
1,0.0002941557814792309,5.472219448600596e-05,5.772562365862673e-06,2.9700806977331566e-05,0.9996156486546917
2,0.0012497735344086775,5.552692140303109e-05,2.7441097093991042e-06,4.0153208847114854e-05,0.9986518022256318
3,0.003325369026147069,0.00013699461118003818,3.7319871406838905e-06,2.75040272630866e-05,0.9965064003482692
4,0.12518623393763426,0.0014477263386044538,3.6248105519314866e-05,6.737571323856215e-05,0.8732624159050033
5,0.13693155396640685,0.007467275223132071,0.00016595606321867434,0.00017938048256988884,0.8552558342646724
6,0.020150394395465294,0.007103535219415805,0.00039777327302402985,3.4353691873142736e-05,0.9723139434202217
7,0.032855684362195235,0.029338627245656595,0.002522568139944538,0.00023365849328516175,0.9350494617589186
8,0.09194473278709907,0.2837652319730661,0.0633845088318238,0.0004099172827639086,0.5604956091252472
9,0.18182933198513293,0.17329778276135502,0.040474753540011156,0.0005886486454366775,0.6038094830680644
10,0.13071353840301686,0.23849280674563478,0.049608587181720724,0.00030513397867523506,0.5808799336909524
11,0.06233238267875727,0.4577543700754093,0.26714341828040206,0.0007486854221068819,0.21202114354332438
12,0.07185966513619478,0.6839482888076395,0.0805719416934605,0.0006053887340708645,0.16301471562863437
13,0.01945776170129046,0.46761269018220497,0.469942764673431,0.0002801327518971808,0.04270665069117649
14,0.01518153654915166,0.8350581385424278,0.12731265104905773,0.0001322441845673728,0.022315429674795544
15,0.019535047084438376,0.7219198522957063,0.24188108700116345,0.00011948189451241483,0.01654453172417953
16,0.010383838392126407,0.7476327333824538,0.22957238964429885,0.00011226961578072644,0.012298768965340118
17,0.018275778497082933,0.5474258599355935,0.41324390528287613,0.00013070152989618167,0.020923754754551268
18,0.010398824062053426,0.5473778799420999,0.40152996782045713,0.0001979955141435643,0.04049533266124596
19,0.010476260652673807,0.4750341152011007,0.49424741255792926,0.00013411627329431623,0.020108095315001902
20,0.007571866909661672,0.2795963542535015,0.6988935646682765,7.352884706387535e-05,0.013864685321496498
21,0.0038409508815475325,0.2451873278273806,0.7388264757004624,8.055961093045484e-05,0.012064685979679156
22,0.003263668374495567,0.20320338684464054,0.7789273221348058,3.696363531668972e-05,0.01456865901074155
23,0.0010345040486836733,0.0963752966949951,0.8930197211838002,3.504231066182208e-05,0.009535435761859121
24,0.0014479660226930468,0.10790059921417339,0.8794064500393308,2.7353327153703498e-05,0.011217631396649016
25,0.000676852499660812,0.07763361412105325,0.9141481716782377,1.643850281560935e-05,0.0075249231982326015
26,0.0009102410126694287,0.08824185560394092,0.9004295508017813,3.4936900532149155e-05,0.01038341568107611
27,0.0005558362730791699,0.0708400567839179,0.9201591889617659,3.3272903783543484e-05,0.008411645077453473
28,0.000519685699907376,0.053751146390129116,0.9354297841566781,1.7296750662730653e-05,0.010282087002622628
29,0.05579609413867851,0.06566570747728628,0.15128742470467102,0.000192361970707247,0.7270584117086568
30,0.004327914107023632,0.10178169596141046,0.8129428236809038,0.00015897250032639854,0.08078859375033565
31,0.012689989465431685,0.20612442883815785,0.577855375739672,0.00020393082451099955,0.20312627513222759
32,0.021253704321756207,0.10471251139848393,0.7741649654257671,0.00022529523925141084,0.09964352361474148
33,0.0012895860817298374,0.09753109708384246,0.8711838776730462,8.83253372530715e-05,0.029907113824128268
34,0.001023822247223387,0.08926685321155418,0.8880919579314198,7.929212773459795e-05,0.021538074482067952
35,0.001323067909820914,0.10789255702179405,0.867841423185086,7.286550520097592e-05,0.02287008637809802
36,0.0014536265168245527,0.08932585655236021,0.8854988948515554,8.851503548557943e-05,0.023633107043774252
37,0.07271253000247542,0.16100768232743748,0.590958284681934,0.00030291012814867617,0.17501859286000446
38,0.06796142894135965,0.1641724374374456,0.5899626041094405,0.00029931646013249736,0.17760421305162194
39,0.014846300184435205,0.34959096084956776,0.4815490521831888,0.0003035883407739839,0.1537100984420344
40,0.0038251262576023985,0.19436206377116183,0.7300065049967961,0.00011288815069305002,0.0716934168237465
41,0.005365793682641474,0.15745387300316435,0.8162930058964719,6.467294914561226e-05,0.02082265446857673
42,0.0025457081833045966,0.1309295246683845,0.8511963086636063,7.535386442797711e-05,0.015253104620276743
43,0.0017140505788336847,0.142874648552321,0.8387271350453404,9.925848057047488e-05,0.016584907342934576
44,0.0007614122892982123,0.07179718806150782,0.91863760965403,4.5394127590321364e-05,0.008758395867573748
45,0.0016997234691249776,0.09895787357353512,0.8884227574637857,7.53001879289261e-05,0.010844345305625119
46,0.013135567433772014,0.13661798218225624,0.7306965763408806,0.0006066471165107186,0.11894322692658038
47,0.01246281948016508,0.10113970253718736,0.8008166916666435,0.00021175964617345307,0.0853690266698307
48,0.002400775551951463,0.07985377774035966,0.851268519722158,0.00016846552762425719,0.06630846145790659
49,0.010515363203343658,0.10854427438378253,0.8294081195207785,0.00027920486336041,0.05125303802873486
50,0.00109973533085158,0.07495606769801823,0.9067488855375888,8.742602033904321e-05,0.01710788541320257
51,0.05126641900786423,0.09499949152229642,0.7264861762404946,0.0004166710934801353,0.12683124213586472
52,0.0039458846219792496,0.11497842796320028,0.8512502756896059,0.00010307622850231589,0.029722335496712233
53,0.0035792180474024343,0.11521005530204613,0.8433958175725653,0.00012165770860917991,0.03769325136937677
54,0.07223218242314101,0.33505045521698,0.4692539521636889,0.0009357793798255364,0.12252763081636454
55,0.0038452901119671403,0.15571600875390665,0.8345174552170123,9.077246215085216e-05,0.005830473454963063
56,0.0003431914880831888,0.04476745916119252,0.9534693636368028,3.3225213090877044e-05,0.001386760500830422
57,0.00284458913487985,0.09981657604151711,0.890856349288066,0.00011390265651769772,0.0063685828790194235
58,0.0015975754600100428,0.1269138695691018,0.8643721377971154,0.0002640407858967567,0.006852376387876017
59,0.010913431921225911,0.2739562890795696,0.6779139079588468,0.0002942369616148334,0.03692213407874295
60,0.3171197727182827,0.5091738354691716,0.01993028493575933,0.0037482329860133398,0.150027873890773
61,0.18101360160921082,0.4933229864454107,0.08300941816705038,0.0008496998595597017,0.2418042939187684
62,0.2015754940281782,0.6874365708237844,0.06682592714441796,0.0003582608479946785,0.043803747155624614
63,0.3289807232657765,0.20528334851280072,0.0075514541240324215,0.000455879155073496,0.457728594942317
64,0.046014050670594824,0.8161899992051712,0.04213128005346964,0.00031350348078348027,0.09535116658998107
65,0.06770436582115771,0.7831613482012335,0.058269693207431784,0.000637521502812557,0.09022707126736455
66,0.03993307471203783,0.8063479099340457,0.028717748854149395,0.00045315736194529517,0.12454810913782187
67,0.01766771678436957,0.34725856387210796,0.618433017278607,0.0002763713500432152,0.016364330714872314
68,0.01666593147655643,0.4662249917927313,0.4919696764115715,0.00032941498709856466,0.024809985332042164
69,0.006939793951158093,0.387402307992859,0.5899640405733868,0.0004327182669303431,0.01526113921566575
70,0.0036122467131172674,0.16152390919687393,0.8285589410764915,0.00023919068252298127,0.006065712330994237
71,0.0020979263115599796,0.14510395745953877,0.8494233277915079,0.0001871806783757111,0.0031876077590175843
72,0.0007001812928528187,0.0749858662049077,0.922049579932818,6.308465976001387e-05,0.0022012879096613676
73,0.0012939565619443656,0.07630430469488214,0.9187279676124709,8.66088401869318e-05,0.003587162290515523
74,0.005508160694224375,0.2761575047393846,0.7040037803683808,0.00043561454748304254,0.013894939650527238
75,0.002943453510454359,0.14024824299304894,0.852001048796345,0.00023774153717913586,0.004569513162972665
76,0.001449737994687331,0.09163246034503351,0.9035985059503219,8.965610289777675e-05,0.003229639607059483
77,0.003954675791890204,0.12801031582714806,0.8634937594461436,0.00013752435131297514,0.004403724583505132
78,0.0012409207483987095,0.09545782379334047,0.8997812747668065,8.63568398395943e-05,0.0034336238516147212
79,0.001722000807038949,0.1516562965784485,0.8407568789785282,0.00019593769975198553,0.00566888593623232
80,0.001086259291524122,0.0739466152381305,0.9221390717445893,8.380777719823802e-05,0.0027442459485578674
81,0.0016884101648012393,0.1543968655018943,0.8399018293441013,0.00012393126310302418,0.0038889637261000894
82,0.0016545557093126534,0.101510445121249,0.8936359332175311,8.911021505001934e-05,0.0031099557368573397
83,0.0031339728425054734,0.08491529192554235,0.9057975325067358,0.00031246418986784116,0.005840738535348688
84,0.0026242394863703966,0.13433542499504733,0.8587443982746943,0.00012201474960795037,0.004173922494280098
85,0.0007514493293962369,0.07533261148006334,0.921794958198238,5.9542191432480755e-05,0.002061438800869768
86,0.00016566533371607111,0.040026052828613,0.9588471582414814,2.458769331066274e-05,0.0009365359028789002
87,0.0002499040103441428,0.05047605234233204,0.9481439121904609,4.016683890153543e-05,0.0010899646179615022
88,0.0001379369568476156,0.03888371787594808,0.9599991395107997,3.483477885383574e-05,0.0009443708775506132
89,0.0013372791619266264,0.07162699600601961,0.9247008176543577,8.524353578624104e-05,0.0022496636419097483
90,0.0009945460165056794,0.06357219661673554,0.9335580856978407,6.318411503339875e-05,0.0018119875538846286
91,0.01186841166772597,0.08895855846234986,0.8252184443913161,0.000706387207117925,0.07324819827149029
92,0.002712536896888467,0.0741653764145074,0.9186093204210677,0.00013496458350777671,0.004377801684028712
93,0.005326510344264373,0.12723891725004655,0.8571226918557138,0.0002609381254411178,0.01005094242453409
94,0.0485481458115844,0.3300739959527765,0.6019786163049862,0.0008779568527850528,0.018521285077867735
95,0.005056535247497721,0.21136844583109915,0.7724569433954193,0.0003305939558612042,0.0107874815701226
96,0.0010979709926485974,0.0719615651608853,0.9210015598488211,7.002692669787291e-05,0.005868877070947227
97,0.0009671600482200205,0.06615135840215441,0.9267396922700099,0.00012586910692685845,0.006015920172688874
98,0.0027684660527803676,0.09543102698454879,0.8892615037044547,0.00031314895034668423,0.012225854307869386
99,0.00144164730510692,0.05115823410446572,0.9439894640964633,0.000165372237292361,0.0032452822566717506
100,0.22190118506427714,0.2550353704786948,0.42812940650940223,0.0005739993247153276,0.09436003862291054
101,0.2995587350422095,0.31888404878200616,0.13346620373783372,0.0022612658444900145,0.24582974659346066
102,0.07814893280812538,0.6472094271522676,0.25573380560739906,0.0014568421767237885,0.017450992255484136
103,0.018286477960302448,0.17138433173687653,0.8011608425953312,0.0003228273831338771,0.008845520324356017
104,0.02872315019853942,0.43517557720126104,0.5182199033620429,0.0004804031869141363,0.01740096605124245
105,0.001958911427884265,0.1276513047816165,0.8671444548272116,5.725204381263498e-05,0.0031880769194750106
106,0.0009275076892760498,0.11349024559740592,0.8836462527803896,8.799930978869796e-05,0.0018479946231396349
107,0.001195206752377363,0.11740337029140814,0.8793829089698432,0.0001346377404697525,0.0018838762459016123
108,0.0011035483338122849,0.07758178802002867,0.9198952246828349,0.00011233070977861617,0.0013071082535453657
109,0.0016635793447886322,0.18519497894523862,0.8102226643203048,0.0003117581368639396,0.0026070192528042184
110,0.000423127496097588,0.06857551343369755,0.9297887978540003,0.0001445107430201424,0.001068050473184557
111,0.004307605572904951,0.18730142539220296,0.8019500718319574,0.000759193692485133,0.005681703510449629
112,0.004350424581139112,0.2274895020964139,0.7601590286432093,0.000603155455791146,0.0073978892234466105
113,0.0754494593802445,0.6582333589075136,0.22455391858585916,0.0056833329255432325,0.03607993020083957
114,0.06622569896986441,0.43301938749856267,0.48340231382022525,0.0027566467141581247,0.014595952997189625
115,0.08770561387518976,0.6399793111645314,0.26507427738391615,0.0019109013820589847,0.00532989619430368
116,0.0215543986402722,0.7911466788003618,0.18142684020653438,0.001293778480527132,0.0045783038723044055
117,0.0022639920147111176,0.47818606147967807,0.5172003773674466,0.000302598416727381,0.002046970721436727
118,0.0024256890531836996,0.22769578263293994,0.7686804591738103,0.00022804329430077907,0.0009700258457651527
119,0.014130718151730755,0.6198696259339629,0.35510968156975065,0.002433369463915333,0.008456604880640272
120,0.018652422875246325,0.7926117993733438,0.1836048830443778,0.0017991495239622734,0.0033317451830696524
121,0.01383402340951881,0.8256708917957846,0.15291264475106814,0.0012981901018053069,0.006284249941823295
122,0.011956130006290226,0.4747156084331945,0.5087178308084896,0.0006093700486719212,0.004001060703353775
123,0.017893537545528495,0.7127754071720881,0.26126415857245405,0.000797473702287988,0.007269423007641367
124,0.039260927753203334,0.7198078594044013,0.2250359003672715,0.0016882494831361656,0.014207062991987724
125,0.03216198221471522,0.6539122524519588,0.30358334761472966,0.0022130016192202636,0.008129416099376126
126,0.021795329937384866,0.6708183944941107,0.30013002250757337,0.0017257605543776714,0.005530492506553433
127,0.004812163753721713,0.5358882035262501,0.4560500931053649,0.0006916377976889957,0.00255790181697428
128,0.002488816846892676,0.24093162889452943,0.7546988951668105,0.00048806195096975176,0.0013925971407976404
129,0.018451053210126824,0.6066874875300666,0.3660452222059751,0.0021408317682771873,0.0066754052855542865
130,0.017819349421453915,0.5564325720265734,0.4190655725062113,0.002366974056748609,0.004315531989012751
131,0.021739750536760246,0.6670285896922034,0.29774814128318317,0.00848854488715476,0.004994973600698497
132,0.027111935921055035,0.7551995806628757,0.17938324687053292,0.01115073549689574,0.02715450104864072
133,0.11644530167477975,0.5629788909608572,0.25249542707703226,0.039439800020170265,0.028640580267160515
134,0.15189039105861168,0.6112165324621887,0.11853509763367098,0.06984654767098011,0.04851143117454866
135,0.08057193877802891,0.7588549197168809,0.03928555972229727,0.04806614663659982,0.07322143514619318
136,0.08698562406738562,0.7100247515843681,0.009853225123016283,0.13867410631990074,0.054462292905329425
137,0.09244233280033833,0.1610573451264975,0.0012764458726608834,0.7158975705323117,0.029326305668191572
138,0.06745829975408808,0.06415221513858399,0.00014401092693769148,0.8596642905633116,0.008581183617078603
139,0.08646032348551852,0.09765608846135677,0.00019113316494220756,0.8031245830891344,0.012567871799048152
140,0.09334623006031566,0.06924495718525467,6.843715247489317e-05,0.8019627661824231,0.03537760941953159
141,0.1371010970343697,0.13355476610492034,0.00033988864037378974,0.6968352534540775,0.032168994766258736
142,0.06257027974092824,0.05063417048051156,0.00013496531320561674,0.8448278719680996,0.04183271249725503
143,0.18030293605611225,0.06976822715042702,8.382328281586881e-05,0.7175497750319368,0.032295238478708
144,0.15508440936460674,0.0519022587130552,8.505570761371975e-05,0.7454343938205146,0.04749388239420971
145,0.143410610233699,0.10400233309699353,0.0001350388649850714,0.7239643264506339,0.028487691353688466
146,0.10792664756396494,0.04009158562669259,6.385401742463323e-05,0.8296552425729278,0.022262670218990054
147,0.15240578313099404,0.09893644460946312,0.0001584378516392586,0.6920330660329633,0.0564662683749402
148,0.08580500546804153,0.08366491789619242,7.043921915780983e-05,0.8083808839135351,0.022078753503073128
149,0.116869416584321,0.06117062245435704,5.578287277467144e-05,0.7940988305210861,0.02780534756746118
150,0.0838453141909044,0.04405439882475086,0.0004675061675768794,0.42867649817210984,0.4429562826446581
151,0.3360169207268679,0.00885913387445107,2.9282182477522305e-05,0.373787004198261,0.2813076590179426
152,0.6605224795855529,0.020310104897714683,4.677612833506286e-05,0.2763551101259495,0.04276552926244785
153,0.6736664960239441,0.07646052136425588,0.00017176763436211546,0.20728485773567307,0.04241635724176488
154,0.4254148924222758,0.07837541489633969,0.0001772362942810718,0.4282421997617445,0.06779025662535908
155,0.15745382453428708,0.1506203075036655,0.0003905961052836156,0.6504047036410384,0.041130568215725326
156,0.10941058360725649,0.13773596649789693,0.0004374632878867349,0.6978723250076909,0.054543661599269
157,0.08824281604516164,0.03274097371006711,9.022534651330187e-05,0.8481468511087762,0.030779133789481904
158,0.08150149255726492,0.024883198734107694,4.0637699780319666e-05,0.8454645485074898,0.04811012250135719
159,0.19682366753724076,0.03475073811336602,5.987785297660652e-05,0.7363558834502353,0.03200983304618124
160,0.3090219426594215,0.24872242647325057,8.397937195240596e-05,0.4139692417677576,0.02820240972761793
161,0.44885833348434184,0.06168777440380322,5.991377904094113e-05,0.46503487840330576,0.02435909992950837
162,0.12328908042849324,0.19958889241092384,0.00038667201164148163,0.6479875991322578,0.02874775601668361
163,0.11142678828596334,0.13662735498496528,0.0007748605456172192,0.7172315018869403,0.033939494296513835
164,0.06033423668673016,0.07808144424930231,7.980432268826426e-05,0.837009927750697,0.024494586990582247
165,0.09361720289791628,0.044744939394927366,4.350446596658034e-05,0.8278206267435655,0.03377372649762431
166,0.057962908898745065,0.08181846402676657,9.265095495964356e-05,0.8457472126705861,0.014378763448942716
167,0.07300076622904698,0.07753265424735735,0.00010673799386901563,0.8255005402205257,0.023859301309200928
168,0.1032591743529786,0.015893987221917833,2.0222146581182434e-05,0.8532706758288063,0.027555940449716026
169,0.0453474652959138,0.026263891909160272,2.195736296356514e-05,0.9100616891821759,0.0183049962497863
170,0.07147292315730655,0.03619169082046461,4.334942406802149e-05,0.8731249031072716,0.019167133490889252
171,0.1134967272080904,0.023100107483203933,3.004241276720391e-05,0.8292961739643357,0.03407694893160285
172,0.1689017285979928,0.027824607190689944,5.787174530572968e-05,0.7584645992336659,0.04475119323234555
173,0.1982370640207735,0.052650796068257844,7.826691535001291e-05,0.6027173919102957,0.14631648108532289
174,0.1120615317595948,0.06162446537628094,4.2634278896612665e-05,0.8032023229571472,0.02306904562808042
175,0.15139182226697553,0.13664264692675057,0.00021808696766267981,0.556039784223467,0.15570765961514432
176,0.12878987941731906,0.0512298803182969,8.667376754656515e-05,0.7434913517904639,0.07640221470637355
177,0.09451583807882152,0.08979948672799888,0.00029425882797529004,0.7288040680885831,0.08658634827662122
178,0.06029419996381309,0.022368116712417094,0.00016758802184552152,0.5656452909669616,0.35152480433496275
179,0.16342319549097464,0.025392736466546547,0.00010878385296954422,0.6815643351637509,0.12951094902575844
180,0.13929777342221514,0.015932686698190965,6.33885167808992e-05,0.6637973109625154,0.18090884040029748
181,0.13070699227786509,0.01785223933927539,0.0001459954412853834,0.6721701607799336,0.17912461216164058
182,0.25617766894938965,0.040373981759525675,0.0001069812026162322,0.6286491535302424,0.07469221455822601
183,0.29702040379775974,0.01721811544450392,8.978361004546297e-05,0.6267197297620049,0.058951967385686144
184,0.12912143510061624,0.015200583493148631,9.160127517950729e-05,0.7705075418648395,0.0850788382662162
185,0.062243311940257166,0.01139516261917017,3.792514867487317e-05,0.9121221019045748,0.014201498387323005
186,0.13007940612681515,0.0351937875189354,8.745849505608731e-05,0.8049139831740978,0.029725364685095533
187,0.1324752932460236,0.019804208810835056,6.232164131347258e-05,0.8308844373293219,0.016773738972505826
188,0.17199425267771454,0.02171924212901977,6.861326914953734e-05,0.7764789200716534,0.029738971852462784
189,0.09081177269449296,0.02782810897630218,3.776355315336648e-05,0.8701943995902006,0.011127955185850772
190,0.1307367778356316,0.01806357459841167,3.209581360717102e-05,0.8169370959587094,0.034230455793640265
191,0.11019717971704486,0.03718112127725434,0.00029118663836357085,0.4672265570702491,0.385103955297088
192,0.24257399254083922,0.018530313332052246,1.7039751452274267e-05,0.7175877134211205,0.021290940954535615
193,0.2847480026032871,0.049995354492677384,3.8567730636579956e-05,0.6334869692303735,0.03173110594302548
194,0.2457835468073368,0.056444620759342694,7.405470891437961e-05,0.6452664264099103,0.05243135131449587
195,0.16489909098784056,0.08724267603187352,5.967266134568928e-05,0.7330085911225711,0.01478996919636917
196,0.13386618073463236,0.0666268840540552,9.456504166552353e-05,0.7838636142765398,0.015548755893107113
197,0.07664356280114525,0.09668646221965527,0.000135559748853303,0.8175851319991632,0.00894928323118309
198,0.09647214694479068,0.04856008419477983,8.33862385642291e-05,0.839028091353696,0.01585629126816923
199,0.08960351208486644,0.07764058784393059,8.491647514958534e-05,0.8221304010397096,0.010540582556343825
200,0.08038084050024265,0.05350937347433227,4.338220959205066e-05,0.8546854590252643,0.011380944790568674
201,0.07618848463037654,0.12925483893271988,0.00022432312041591448,0.7570723270623025,0.03726002625418509
202,0.055199296328159744,0.03972622161474753,6.85052856885446e-05,0.8982550931856728,0.006750883585731444
203,0.05802603617022362,0.10194200257066564,6.036683058910709e-05,0.827568008584758,0.012403585843763656
204,0.06794651368899633,0.05016905019606407,0.000166401395283911,0.840072931078641,0.04164510364101469
205,0.0980836478950421,0.09196836989452536,0.00010768995122494638,0.7883016000695583,0.02153869218964919
206,0.05790706233429447,0.029469412820328025,3.237917649581683e-05,0.8990510985089442,0.013540047159937585
207,0.09612608073987153,0.03224160954483268,3.2862448785904074e-05,0.8334443634605945,0.03815508380591545
208,0.1331985180592487,0.031047028511510148,3.947491519790394e-05,0.8133093052170911,0.02240567329695215
209,0.17576795281052005,0.05347139957829209,4.651329470675328e-05,0.7587175289849907,0.011996605331490507
210,0.27368880617538194,0.019140211272635092,3.233583999369564e-05,0.6896107946651124,0.01752785204687678
211,0.258380459269235,0.07325009011647377,5.768817185081144e-05,0.6405212339652122,0.02779052847722815
212,0.24499896108810393,0.17094821908820085,0.00028129851868299665,0.5513238121459341,0.032447709159078256
213,0.14241695910156185,0.13752328365157304,0.0002483671416127649,0.6853140074732186,0.03449738263203377
214,0.16963403785814896,0.12597914555279968,0.0002002044437872204,0.686242816734673,0.01794379541059104
215,0.11442014637010359,0.2302050408213767,0.0004930371149882099,0.6299215472839416,0.024960228409589995
216,0.07542116761056443,0.42565268151047875,0.000361034951651155,0.46792191834843844,0.030643197578867108
217,0.0848326420622502,0.15270694807358873,0.00013509583878848594,0.7406420962654862,0.021683217759886526
218,0.1116297100469509,0.11370518608315977,0.0006904515259571751,0.7226967660623816,0.051277886281550444
219,0.09876437473383425,0.07861218452484214,6.980149776934354e-05,0.792235291048713,0.030318348194841232
220,0.13319703018936946,0.0236328400249394,5.897971897701113e-05,0.7803583662034677,0.06275278386324658
221,0.20429045504904997,0.04970607169387055,7.452462532601767e-05,0.693740106564172,0.052188842067581405
222,0.3126724574248565,0.05716480502168161,0.00010212590881513524,0.5722130611446107,0.05784755050003599
223,0.3686668835732434,0.16042893067675387,0.00013563790631251937,0.44109464651189334,0.02967390133179687
224,0.5927067275558229,0.0732294066289541,7.1563008419271e-05,0.2622407333087257,0.07175156949807801
225,0.7028655076491263,0.1377190959055342,0.00014726164521430753,0.13043359429524234,0.02883454050488288
226,0.2084913244766172,0.699836065031741,0.0008506388061245347,0.07857465133226009,0.012247320353257351
227,0.07467030018147464,0.8991230849872279,0.009476536110322755,0.004863242531316339,0.01186683618965845
228,0.16892890325653265,0.7712908238988742,0.001426538549393413,0.05063449334739754,0.007719240947802254
229,0.04581266359411232,0.9160781910556263,0.00542788304386015,0.02761197145291757,0.005069290853483687
230,0.028373012698576748,0.9380585552773864,0.011312079177799306,0.01622134707130348,0.00603500577493407
231,0.027747704001323148,0.9337237612474475,0.007831448990843658,0.025582705592386394,0.005114380167999201
232,0.008297030539166654,0.9064391621902248,0.07592173269065444,0.0071295038247286046,0.002212570755225722
233,0.008979187281248056,0.9327921007861676,0.04820218919982561,0.005584570817947177,0.0044419519148114935
234,0.02299127744403117,0.8055609553758992,0.152169348698686,0.012471409165984642,0.006807009315398972
235,0.04664173461329742,0.3539491531999123,0.014186720090762607,0.015640595982591928,0.5695817961134356
236,0.34877242976543577,0.47971864324315117,0.0006149780229811699,0.12216557710504237,0.04872837186338952
237,0.5910884132077392,0.3405288367797336,0.0012102002821309844,0.0449454833012085,0.022227066429187568
238,0.5306715414335768,0.4288819769280381,0.0018336046726714385,0.024657426017703276,0.013955450948010496
239,0.07061961722961314,0.9160742499813762,0.002030256830923352,0.007420569629770345,0.0038553063283167824
240,0.048729092429201176,0.9089263998122993,0.0046457460029384005,0.03362935902674391,0.004069402728817225
241,0.09628585523391205,0.8025952679781012,0.023311347751346443,0.06222169530911247,0.01558583372752772
242,0.07789107148357065,0.568334363495003,0.002221628444467383,0.3449594992278658,0.006593437349093278
243,0.08185918462225246,0.6638092281716282,0.0036444227423351135,0.24224168328325127,0.0084454811805327
244,0.12565875681680308,0.674187271139066,0.014726993942808369,0.11968751130248544,0.0657394667988372
245,0.1217563403445459,0.6621676768630812,0.00189298357485263,0.20795581796273943,0.006227181254780915
246,0.08211700743991446,0.7785288583690884,0.004079122839089156,0.1288861094791653,0.006388901872742554
247,0.32674939069386616,0.5193412609752539,0.0066624459430733385,0.1117059562687795,0.0355409461190271
248,0.09660573831845967,0.834493128581319,0.001771228383008029,0.05844385976753062,0.008686044949682423
249,0.06849993699474502,0.8909109402747329,0.010896298237831987,0.026173768601898184,0.003519055890791812
250,0.07643161277550643,0.8952130990474145,0.008552938029886856,0.01515720245044178,0.004645147696750328
251,0.1285012730661341,0.7751148416334503,0.00360821703510093,0.08473755843527783,0.008038109830036748
252,0.023580978652028618,0.9559070314144589,0.005652504272669866,0.011942774744785443,0.0029167109160571185
253,0.02197012274737549,0.8641585796630696,0.10619048919686842,0.004519714752379614,0.0031610936403069665
254,0.01633441982601619,0.9485132119308419,0.02844970705758947,0.004341516099591382,0.0023611450859613204
255,0.008363161559735233,0.775862652371061,0.21215319630495136,0.0013043532667194433,0.0023166364975331947
256,0.016079443205262226,0.9103257104331525,0.06969433503067707,0.0018432668498145088,0.002057244481093622
257,0.005638791926315956,0.6811597292215849,0.30966862396485306,0.0011651115188274642,0.002367743368418709
258,0.007762066098323663,0.8128783658000477,0.17412939682781226,0.0015176735934544507,0.003712497680361974
259,0.009834998533821877,0.6051054716119643,0.3762225852952104,0.002683806379504389,0.006153138179499244
260,0.010316471656903367,0.5161492634736236,0.467919474865913,0.002092892703545319,0.0035218973000146984
261,0.006774466867078806,0.41799923758576296,0.5705752071366106,0.0015470382201145686,0.0031040501904330354
262,0.004615432789022772,0.3919674988057262,0.5982782834464662,0.0013777016020365103,0.003761083356748444
263,0.0033213753742920133,0.4090043936009288,0.5828219564199086,0.001706915269109253,0.003145359335761353
264,0.0011273249481446226,0.23056327405908644,0.7658813584892461,0.0006192421602896313,0.0018088003432332866
265,0.007717156524919438,0.3599831197246657,0.6236856435696005,0.003787155009322028,0.0048269251714922815
266,0.002296200414706451,0.24411886571819744,0.7493696601098604,0.001574154712605513,0.0026411190446301983
267,0.015692851447458123,0.2765837649441295,0.6917496787584938,0.004437762721368792,0.011535942128549624
268,0.01044631397988453,0.3148344125508712,0.6641395183251181,0.0029301389372766427,0.0076496162068497185
269,0.002028054009456455,0.2226369517691449,0.772689006610927,0.0007174615658620316,0.0019285260446095381
270,0.009256520545331921,0.2638849946696047,0.720521115405188,0.0018452094614915687,0.004492159918383641
271,0.0029722759581179183,0.2609693116181275,0.7322221447736762,0.0012373141007953033,0.002598953549283049
272,0.10781387338389291,0.27020276740486465,0.5860101240807132,0.0039116089267857935,0.032061626203743546
273,0.025050331793787264,0.4820056076680848,0.4800193957959797,0.0028763114029411374,0.010048353339206947
274,0.015944917751460702,0.38736847640952443,0.5841426107906534,0.002620643556328979,0.00992335149203251
275,0.007254067690539088,0.28514545275410336,0.7020618547235743,0.0009984036713513267,0.004540221160431903
276,0.0028528819386777027,0.44873948758770904,0.5444365514072027,0.001515334487807153,0.0024557445786034787
277,0.001660337582715143,0.23766280717376131,0.7576394189492583,0.000762545656467254,0.002274890637797909
278,0.0008747255103431607,0.21542198314891814,0.7816706322586839,0.0007974294913453362,0.0012352295907094
279,0.0005692303022695991,0.09731849920675535,0.9005982499773804,0.0005445005726748169,0.0009695199409198075
280,0.0009759530844553358,0.10754185370783892,0.8891284607597485,0.0009148443421289913,0.001438888105828225
281,0.003670629162794187,0.16226981098491064,0.8249142000974439,0.005201439411917827,0.003943920342933546
282,0.0005692379162262689,0.08702705471455936,0.9101623943150324,0.0010422121041818021,0.0011991009500002914
283,0.0017694667927321314,0.13566094855176813,0.8579974767474972,0.0017791388996905898,0.002792969008311942
284,0.0036678919221389524,0.19349040360143605,0.7963701570208944,0.003038956572113628,0.0034325908834169933
285,0.0028341013936454104,0.13742041701618046,0.8541563705865681,0.0020445188046750227,0.0035445921989309564
286,0.0030038147114608035,0.13048926458443622,0.8629834616558532,0.0014043344723533783,0.0021191245758964057
287,0.0008829584438703119,0.13771889135356086,0.8584730580831517,0.000848633363938298,0.0020764587554787588
288,0.016349638944306185,0.3080223256298297,0.6540018283565467,0.010207746452701845,0.011418460616615694
289,0.013260186561621883,0.24509723548044132,0.7216355772775961,0.0069619391051792805,0.013045061575161287
290,0.27495487124613727,0.25668826786630833,0.3845654274301722,0.011149479922533059,0.07264195353484916
291,0.018414469239785354,0.3412630353777681,0.6241725835698453,0.004347116965574116,0.011802794847027015
292,0.009935609128394916,0.506453296746169,0.47590533682948855,0.0021165217121852245,0.005589235583762219
293,0.004451268525587166,0.24874101605434282,0.7396239178903197,0.0014276507799635548,0.005756146749786927
294,0.0004686692688946497,0.10463326479167627,0.8931850976476189,0.0003883530413372672,0.001324615250472932
295,0.004114386386100879,0.32051145002022924,0.6675917861109855,0.0020531311756345543,0.005729246307049994
296,0.006059223426612576,0.18540918455850672,0.8027715943690197,0.001992518779826502,0.0037674788660346397
297,0.00899626451992687,0.2662086305526007,0.7164161591241894,0.002659914388944479,0.005719031414338669
298,0.1184091040954464,0.4436885374053599,0.39064278085361726,0.007382205797260728,0.03987737184831574
299,0.04131064234354404,0.5520428037804448,0.38950646767319785,0.005905579289469666,0.011234506913343715
300,0.008321727807694506,0.7059450154075929,0.27968202978905066,0.0023510516949548236,0.003700175300707283
301,0.008017787431666762,0.4199104351023183,0.5693976800274155,0.0006985458441488146,0.001975551594450467
302,0.04457208596237806,0.6324914151919655,0.29942163086692924,0.005506272918248003,0.018008595060479148
303,0.0502694456403218,0.8955195649018434,0.03226126861357746,0.017168395235037652,0.004781325609219894
304,0.008691492928538002,0.7478447664128742,0.23429090975482716,0.0060517645199187975,0.0031210663838418646
305,0.020870121336377657,0.8731980476142783,0.0912382756404738,0.012081172416925037,0.002612382991945115
306,0.03255030976105044,0.8082480221881397,0.13310601714666545,0.02157186658751509,0.004523784316629406
307,0.014090947205183378,0.6753447091640468,0.28072333324404114,0.022674478400810844,0.007166531985917791
308,0.19573166474694728,0.283157624576604,0.005716007746890097,0.07875880876116663,0.4366358941683921
309,0.277284104297927,0.6250845788573541,0.010446608020098273,0.05806329337807287,0.029121415446547602
310,0.2736190565268714,0.6862098872865653,0.009637821745720155,0.018481771209253615,0.012051463231589551
311,0.2894436838325686,0.6847869049872668,0.005018536802410136,0.011100484802079879,0.009650389575674516
312,0.10248230439489113,0.7462165858989734,0.0017808337750161913,0.14616001871916584,0.0033602572119532485
313,0.10010549731214388,0.6691963732166164,0.008493828673822056,0.2173531621397198,0.004851138657697869
314,0.029188140925080614,0.8104126021835117,0.021123621590765432,0.1372791719033455,0.001996463397296798
315,0.05867447065460241,0.8339622220605407,0.0031553102097364965,0.10133133750342982,0.0028766595716904356
316,0.027245004370758844,0.8357357645737247,0.1259366514023974,0.00882760073283374,0.0022549789202854597
317,0.013089365901587076,0.8679097026970753,0.11176024752089254,0.004410479809037055,0.002830204071408092
318,0.016416834545462274,0.816605655505621,0.15972234306442065,0.0046297473688807515,0.002625419515615521
319,0.0087479650147831,0.8741435378715401,0.11210437928096462,0.002711379551945876,0.002292738280766275
320,0.008257545828673867,0.9461693873257074,0.04259480931061585,0.0017587491516417655,0.0012195083833610014
321,0.008101258047744838,0.7262205602266639,0.26115494357699603,0.00226497999078499,0.002258258157810183
322,0.009592549175668206,0.8388339242713733,0.14694735841098489,0.002524068119051043,0.0021021000229228164
323,0.0019391884550679732,0.43135551693847446,0.5646809053010314,0.0007004427124065736,0.0013239465930195997
324,0.004254845090736143,0.3235774566703916,0.6684067089314502,0.00135124773553568,0.00240974157188644
325,0.00488137500778408,0.36769762367872255,0.6203927985668855,0.0022589994654214052,0.004769203281186427
326,0.012230771041526848,0.7123539886722203,0.26675248568092,0.004205138860381042,0.004457615744951643
327,0.001675502263739585,0.7089344929281453,0.2855712145532185,0.001596145935099887,0.0022226443197967344
328,0.005075117997838414,0.7164486711254225,0.2735205919301661,0.0021757689515996452,0.0027798499949732557
329,0.007788216892195636,0.8884279679122875,0.09927932754827133,0.0020572169744518098,0.002447270672793702
330,0.007489007608690819,0.6435449192198643,0.34118677496865846,0.002481223147164495,0.005298075055621858
331,0.016539990960119225,0.7278949961291921,0.2487360631077436,0.0031069722351288326,0.003721977567816177
332,0.02529474072421841,0.6661751320429,0.2968468125995342,0.004271040281944877,0.00741227435140249
333,0.01734908177065906,0.6191176119918299,0.3564367226174015,0.003635943260316118,0.00346064035979331
334,0.036276471208283444,0.6359788713129995,0.28827085633832794,0.007656356615971592,0.03181744452441771
335,0.04395036371214481,0.771725798149035,0.1703929091712847,0.007792510133965114,0.006138418833570448
336,0.02608434217127147,0.9220141882271434,0.04267905149027325,0.0060990077486054554,0.0031234103627062835
337,0.022517992474521763,0.9108336307933937,0.06012622972115686,0.0039813344727364485,0.00254081253819143
338,0.011632887598650877,0.7545797178271051,0.22963245219232972,0.0022095775224967805,0.0019453648594175217
339,0.010449170087617926,0.7621277843048686,0.2237146832653909,0.0019356856005252722,0.001772676741597104
340,0.007755343780806351,0.7237577824574888,0.26543260040101324,0.0015814067362450892,0.0014728666244464117
341,0.011067420598652782,0.7882374332800756,0.19432098707145712,0.004174298971287255,0.0021998600785274837
342,0.008873651001115023,0.48830611882293173,0.4993444009776001,0.0016949471433200763,0.0017808820550331852
343,0.003865052132899768,0.4792997097102426,0.5129948571729668,0.0016108479099024356,0.0022295330739884596
344,0.0040536390738775095,0.27221677318000753,0.7204846687568738,0.0015707010762708278,0.0016742179129702421
345,0.016140072454990845,0.5225805936574769,0.4506733770445703,0.006909757068846712,0.003696199774115307
346,0.012939066754912179,0.40836772350256223,0.5680786512673793,0.007040071272890222,0.0035744872022560733
347,0.017084813581263552,0.8249146202107835,0.1379903326580587,0.015845209713185447,0.004165023836708833
348,0.010090321761335305,0.806349023296025,0.17498490937564842,0.006339576619847388,0.002236168947144045
349,0.016040587209998344,0.8265617756587086,0.14937509739494617,0.005301101482347255,0.0027214382539996968
350,0.00863571899670265,0.7625580009736437,0.22450547162534534,0.0025547899149198903,0.0017460184893883445
351,0.02093148453677294,0.6923226998148944,0.2725726194090265,0.008038949816099258,0.006134246423206829
352,0.01836949207011591,0.876363214816351,0.09505291352029961,0.00792064809004928,0.002293731503184223
353,0.015141184955944369,0.7804254027710693,0.1981297904391499,0.0037095592285025605,0.0025940626053336845
354,0.014047200504273072,0.7145320682029409,0.2660494222314832,0.0035488372025829318,0.0018224718587198706
355,0.002492246618174504,0.5966672421035829,0.3973096183642293,0.00165235546259712,0.0018785374514159517
356,0.0029186774946713522,0.5872399327640673,0.4063601303552053,0.0018661497739152963,0.0016151096121408363
357,0.006365027929592676,0.48128810659679233,0.5076623642278622,0.002334330229696418,0.002350171016056445
358,0.0026581928792868714,0.21691420409763001,0.7754690171979867,0.0024552251114631856,0.002503360713633314
359,0.01138650692222718,0.2421118031643929,0.7358298439063419,0.0077561843818969205,0.00291566162514109
360,0.007667741799593146,0.2820724800110286,0.6952910504181148,0.011030089034420461,0.003938638736843155
361,0.06177169526360607,0.5691192440300497,0.308080004836581,0.051533733903946465,0.009495321965816834
362,0.006538782246128982,0.4529115188007698,0.5310199897999749,0.006505664802201501,0.0030240443509246913
363,0.07075090550716377,0.7688493619078489,0.03824020157136464,0.06853850187890291,0.0536210291347198
364,0.12485694156558204,0.6815427422383639,0.012250684457581788,0.06719380993760597,0.11415582180086623
365,0.13170752093293528,0.8293763211440262,0.012156924809272635,0.02139816612390795,0.0053610669898577655
366,0.11218940400765805,0.8550092305514294,0.018064823626253074,0.0056574588324896325,0.009079082982169846
367,0.05148852544213229,0.8538841259809522,0.07262546578963176,0.00893368174390066,0.013068201043383068
368,0.05116789768086259,0.8814338178234222,0.050582085589885424,0.009609048893514523,0.007207150012315196
369,0.06370407799722536,0.8851030693872927,0.033469085559354246,0.013269845957497651,0.004453921098629938
370,0.026284361393015886,0.9218151870145215,0.0412516638797286,0.007200005761182442,0.003448781951551525
371,0.009555026485036087,0.9563276068412169,0.0310366053686846,0.0016433011291885611,0.0014374601758739714
372,0.012241781499911958,0.9570939579963331,0.026269181008094784,0.0030402412787324876,0.0013548382169275815
373,0.003741919470236296,0.6216159093689044,0.37160498018502147,0.0013517363326380782,0.0016854546431998784
374,0.007305738253095291,0.8405178162496583,0.1468549913941141,0.0027563953390288766,0.0025650587641032493
375,0.01798705813090582,0.689052104554589,0.27847199434777714,0.006677167163061274,0.007811675803666712
376,0.052597431608255474,0.8761747874949777,0.05023137782712457,0.015426845279692547,0.005569557789949824
377,0.004463212754217265,0.9372284056826768,0.05515763065456699,0.0011690578656492212,0.001981693042889839
