epoch,N1,N2,N3,R,W
0,0.014114078591761657,0.0006476855169980857,0.0009525948466662645,0.0033915752929336777,0.9808940657516403
1,0.01872792794745913,0.0019096035136401178,2.8622596149906805e-05,0.004702377239149455,0.9746314687036015
2,0.017917889873627413,0.0008232994083430321,1.2155951855508236e-05,0.0024746173525411097,0.978772037413633
3,0.0036092215547780665,0.0020246389494621734,7.465319200583675e-06,0.0004589252088583832,0.9938997489677007
4,0.0016145855454799203,0.00398796117555617,3.301894013311574e-06,0.00036703387406542004,0.9940271175108852
5,0.009904641867982636,0.003073228027159785,8.440689826396616e-06,0.0018372244751787418,0.9851764649398523
6,0.07035868576245351,0.005154121640479665,0.00018992499810916138,0.004607384188462991,0.9196898834104946
7,0.1412947390508839,0.007369421093410382,1.3387617130594605e-05,0.00880452527792772,0.8425179269606474
8,0.1772580163429527,0.022322339753093584,1.0872728295089201e-05,0.016896065018823143,0.7835127061568355
9,0.3799659861033987,0.02021762407067374,8.476144724521563e-06,0.022344320168867803,0.5774635935123352
10,0.31152592670191215,0.11019070532174996,3.768715072030611e-05,0.0402126579243834,0.5380330229012342
11,0.47285577350718655,0.08231264594190164,0.00018888023942405704,0.03781137283502876,0.406831327476459
12,0.5867577773736544,0.14764843685821286,0.00010514575822552356,0.06249552427014575,0.20299311573976156
13,0.2672012290599701,0.10517242907180906,0.001914273737998583,0.02117290023411953,0.6045391678961026
14,0.35315881245015623,0.37692331955455644,0.0018502121438426803,0.028779673773597903,0.23928798207784677
15,0.04511817511477977,0.015531510692669942,0.00019742450841903547,0.007560854471621578,0.9315920352125096
16,0.2160034744791728,0.32113831647928753,0.0046490715125284045,0.03288691152963545,0.4253222259993758
17,0.37417519146519623,0.34087830629172516,0.00314176774171075,0.13177704526077663,0.1500276892405912
18,0.11943179481166027,0.674635497626941,0.018304809545463957,0.04907491316635283,0.13855298484958198
19,0.32252521533633166,0.2560954591479134,0.0010364245783319704,0.09617938632390538,0.32416351461351756
20,0.1644856393274476,0.6638068352686638,0.017919295540727864,0.014417695693116019,0.13937053417004464
21,0.22532614917276614,0.052020897317477985,0.0010533600550854444,0.013662774476565463,0.7079368189781049
22,0.1898175253218659,0.1240536194034475,0.003491915735566664,0.007415543598508926,0.6752213959406109
23,0.20350168789032627,0.11585490626459265,0.0005520426441644194,0.011110222580441599,0.6689811406204751
24,0.14895938038987286,0.20130606352623892,0.006253826184427568,0.003794429362035307,0.6396863005374253
25,0.2052879387644818,0.06900635339157765,0.0005318571643347835,0.0028270710760043634,0.7223467796036015
26,0.3840452328274189,0.28572790529287184,0.0033060144454175946,0.006907710550850109,0.32001313688344163
27,0.1142222424444376,0.14437028636482938,0.005656483254115328,0.0016647864336757497,0.734086201502942
28,0.36078268810852965,0.12970131797448814,0.00529069820081878,0.0008980968125366996,0.5033271989036266
29,0.3768972598264835,0.4139152022493567,0.036456558960075186,0.0011645004753884224,0.1715664784886962
30,0.21832763370807426,0.600396757938345,0.03079351336981939,0.0038993004601036827,0.14658279452365766
31,0.12321476032270862,0.7354011477916972,0.07022091643174211,0.00048066752670508265,0.07068250792714696
32,0.26758542232141636,0.6279283604411777,0.05758765131062786,0.0004239848061391075,0.046474581120638944
33,0.14660631443520727,0.7518520551231234,0.021468912339274494,0.0010898386699063106,0.07898287943248858
34,0.1099072025860132,0.8155369014407968,0.03520789464117605,0.00038708653895665077,0.03896091479305729
35,0.049838851020569445,0.7556671152254827,0.16224490029970903,0.00028992274047443537,0.031959210713764376
36,0.04758947242534644,0.8029271418594058,0.1399865485144078,0.0003359862889607675,0.009160850911879202
37,0.07410950948671043,0.7512522670687249,0.1504423911985649,0.0006516231194636809,0.023544209126536
38,0.039080272687908216,0.6786054474653952,0.2626391805884538,0.0004028431879780727,0.019272256070264657
39,0.05031707377391848,0.7799412872646182,0.13767844979077354,0.0004090592302899017,0.03165412994040008
40,0.016394700091827294,0.4664478767881447,0.46048079110158807,0.00032653058159442145,0.05635010143684535
41,0.015622660662910268,0.6504476671606616,0.3013844767426376,0.0002566288766712594,0.032288566557119286
42,0.041354121496862496,0.8190989494922702,0.10527841677711412,0.0008160417237693979,0.03345247050998391
43,0.005515738048884931,0.45779688367010657,0.5260393536239442,0.0001346518051061172,0.010513372851958198
44,0.11579232168136178,0.6801281181100729,0.10486199313485327,0.0029268417332477797,0.09629072534046428
45,0.16805370012759605,0.6225178241564533,0.06859842807101414,0.005248952804691378,0.13558109484024508
46,0.038214706133444847,0.7944307311895382,0.15072288375665255,0.003385447495027146,0.013246231425337315
47,0.07124228252380668,0.8555423447370831,0.03680850684146177,0.0016502193738363387,0.03475664652381229
48,0.06024200074889629,0.8440901559699742,0.056945720535022,0.0025221964400826504,0.036199926306024886
49,0.009571112232853772,0.7812493416906668,0.19472984768878568,0.0004715132836277786,0.013978185104065743
50,0.0081152329505715,0.9135263790077109,0.06494227340878304,0.0003453604348456451,0.013070754198088896
51,0.043279875638504973,0.7890166105848508,0.09873855496846534,0.001341542420225625,0.06762341638795329
52,0.0053913918299943325,0.7860428383071107,0.19591523691140897,0.00039322478882558505,0.012257308162660192
53,0.01571797981918993,0.848720372748267,0.10697982755510767,0.0008148467459241277,0.027766973131511385
54,0.06075331156194371,0.7662690250933858,0.12875902580464538,0.002394039771157048,0.041824597768868134
55,0.014519214015031487,0.638144570522795,0.33269545224220437,0.0008457603324976348,0.013795002887471522
56,0.00998158611346446,0.8441529884797452,0.13912211462478613,0.0015018073985727325,0.005241503383431386
57,0.011875504869368787,0.5553233448923092,0.42330892435802064,0.0034857257388528386,0.006006500141448537
58,0.02319960053749366,0.8026296292413039,0.12150132821994432,0.004343914624382359,0.04832552737687582
59,0.025969633107033475,0.7671571114463047,0.19084203594052637,0.0027266322914749393,0.013304587214660527
60,0.025223531116577685,0.9161370843380282,0.04029451846195855,0.0012977607991453055,0.017047105284290456
61,0.04264750546699365,0.8478958866764401,0.09129566420202047,0.0006996499129168018,0.017461293741628886
62,0.026602022689058,0.8562367397460904,0.09169884734193381,0.0018196614392983067,0.02364272878361931
63,0.0408889723447522,0.8352666140755592,0.09621823680052517,0.0029458835619882236,0.0246802932171752
64,0.044093829805513164,0.8802071144541855,0.03815617148415028,0.007065255115128228,0.030477629141022703
65,0.03366804596525413,0.7606616119726769,0.07943254727307153,0.004761970181911547,0.1214758246070859
66,0.01740256130037881,0.8518766918287972,0.0901276318852155,0.0022554290460494748,0.038337685939559094
67,0.13713858957173142,0.38439472107320904,0.019045006797186625,0.0017390021163778706,0.45768268044149507
68,0.3075862745178538,0.4967973881396248,0.004869570258274127,0.017231312797541185,0.17351545428670606
69,0.09344909358146121,0.8077736156759437,0.03864244041985694,0.0029284259487120058,0.05720642437402619
70,0.15531077890466838,0.7395640893902623,0.004542933907210224,0.002372071751304683,0.09821012604655441
71,0.10671126399121512,0.8245968397899779,0.006802321653045438,0.01355638979586184,0.04833318476989958
72,0.050509873420002106,0.87332709312947,0.04283765748024613,0.002699956778035071,0.030625419192246636
73,0.18981724666393215,0.7349433425585995,0.007230805308865366,0.009190286299634623,0.058818319168968354
74,0.07650977244789535,0.8712409594726686,0.019440425864178733,0.0041312609217556235,0.028677581293501658
75,0.04364725994564927,0.8813556148775298,0.047862179068192325,0.0026726413972727146,0.0244623047113561
76,0.04585426121106257,0.9129952446176584,0.026766904900809897,0.002887410589825078,0.011496178680643876
77,0.019726748901799426,0.7876985652120413,0.18397832909394518,0.0010809670939224071,0.007515389698291832
78,0.018408366894072308,0.9386914948296561,0.030665424230862767,0.0019095148067884821,0.010325199238620205
79,0.026993238251439865,0.8030384534303457,0.14323751518221245,0.0011751004794750808,0.025555692656526866
80,0.019183937308381003,0.8907818346791622,0.07549687602188813,0.002345242260601354,0.01219210972996754
81,0.025757464920079413,0.6632339014982479,0.2779882401320137,0.0006020394268235167,0.032418354022835404
82,0.020951026210814287,0.8326562257053981,0.10964502257627358,0.0006457089083127326,0.036102016599201286
83,0.02204649390375264,0.807551801204095,0.11701869362912619,0.000914418315028613,0.05246859294799763
84,0.10895090287300736,0.28548076058216065,0.013582116390207448,0.001907038270707073,0.5900791818839175
85,0.089801982493629,0.7354064017538717,0.06241058868901444,0.0026400835903121287,0.10974094347317266
86,0.3492442854626407,0.3388512859176639,0.012658994815631482,0.00250361010389441,0.29674182370016944
87,0.08697369964394117,0.8018347870380442,0.0833697278481295,0.0007344133380617112,0.027087372131823426
88,0.10207250132683662,0.7785567440918372,0.050376068335381795,0.0009313905579242205,0.06806329568802043
89,0.02288701552270899,0.8419878030219072,0.12761822645737247,0.00018534084720627674,0.00732161415080511
90,0.05745148555617108,0.6737989523155521,0.08217287154657739,0.0009267358137704569,0.18564995476792895
91,0.03560755281963561,0.8322853995772835,0.10818567915819298,0.00031092094485258193,0.02361044750003537
92,0.07650607655788329,0.8434677309552869,0.06910276419538029,0.0010636873232297548,0.009859740968219764
93,0.04108753661531822,0.8529840227218455,0.08944463408841073,0.0003370862507831678,0.016146720323642606
94,0.0884069576715925,0.8389160174377758,0.06485222151554675,0.0016890539387116783,0.006135749436373363
95,0.013471470570005546,0.7629536809270852,0.21999911951910578,0.0005710047141893945,0.0030047242696140813
96,0.011254754561123835,0.9011702712350707,0.08506178267961442,0.0006967558479474554,0.0018164356762438712
97,0.005132211332342719,0.5233458208052055,0.46292562182519315,0.000783807108938581,0.007812538928319995
98,0.005616632001010208,0.7178145787472076,0.26807629626157686,0.0010731075057866992,0.007419385484418866
99,0.011970325896898656,0.6895019573618075,0.28651076181182594,0.0012135433957914128,0.010803411533676482
100,0.0033629269688735856,0.36301495434204534,0.6306885238974009,0.0015959967106338195,0.0013375980810462157
101,0.013648613849891173,0.803477351121512,0.17674020030195955,0.0016537179052610092,0.004480116821376301
102,0.00393731671784702,0.4126590761758073,0.5806423929942194,0.000861107388992439,0.0019001067231339344
103,0.013304978336657279,0.8021008597303445,0.17910756271206285,0.0025186721386842767,0.0029679270822511525
104,0.020597137353520128,0.8746257834465097,0.06775710168767282,0.003008395299247856,0.03401158221304969
105,0.040677673744860136,0.8733229466132667,0.054164355304885274,0.0026956125043443952,0.02913941183264344
106,0.03371068661491243,0.8655711715085393,0.0762881874338512,0.002156617248940327,0.02227333719375657
107,0.012190188982899012,0.12260347095006512,0.012821401802531938,0.00034686178129231883,0.8520380764832116
108,0.12549952486075627,0.0355645908431151,0.001100489915735387,0.0004398454773956182,0.8373955489029976
109,0.2829904237090799,0.48838246935487173,0.02757974128148294,0.000632095035800998,0.2004152706187644
110,0.27077161979882997,0.5922970353296365,0.014265987043795643,0.0006247680822384491,0.12204058974549947
111,0.23840902143083884,0.657627426785529,0.03490342248547881,0.004519702610278892,0.06454042668787445
112,0.09827387438109267,0.6517400153172529,0.058985286302390895,0.015520860040927797,0.17547996395833584
113,0.04922940268255586,0.8786975281691503,0.011710306553761823,0.02349563542344621,0.036867127171085874
114,0.0485320193057276,0.8713549926433338,0.03023037410978479,0.01587481498165211,0.0340077989595015
115,0.02318968714628502,0.8467081217957069,0.10976036187487906,0.007555155875335316,0.012786673307793825
116,0.12341388089491112,0.7038452841602173,0.011426128679517436,0.12325938582206618,0.038055320443288
117,0.06827707813922716,0.8003333675235397,0.03840167867046149,0.058439405883929575,0.034548469782842144
118,0.031141912256893136,0.8414045362660701,0.10329274576605942,0.012151650656982536,0.012009155053994774
119,0.1571092054996852,0.7756742946439019,0.04364306040028343,0.01383987332486953,0.009733566131259952
120,0.010195911713323987,0.5686847986322872,0.416999068855484,0.0014570318840954855,0.0026631889148094226
121,0.021209994309790085,0.9193841737464649,0.05435877618536327,0.0014329813748924466,0.003614074383489391
122,0.016336557667501427,0.8375537191143133,0.13785873489682393,0.0014928646863823912,0.006758123634978878
123,0.006017668042705199,0.585423911349107,0.40391876985154523,0.0009045215990976744,0.003735129157545014
124,0.03780825474389394,0.7413127497411245,0.21697576661021664,0.0009765044376166914,0.0029267244671482145
125,0.010539708993103303,0.6924373204790766,0.29012830140158835,0.0028079256889256147,0.004086743437306118
126,0.004886344922310008,0.4974248856370208,0.4928701644903877,0.0036286129190356417,0.0011899920312458464
127,0.0017746732949915872,0.22591157924625965,0.7705452114068573,0.0010429646275134507,0.0007255714243781269
128,0.01200032393829443,0.8032563023538957,0.17265221124689337,0.005924689726031693,0.006166472734884758
129,0.003395873395093324,0.4659179082742874,0.5266956992992153,0.0018698480897210506,0.0021206709416829663
130,0.004688220209066707,0.5236312142851077,0.4671081820416227,0.0019942251756374717,0.0025781582885653393
131,0.03811367691160596,0.8440240769755921,0.08991284958236577,0.00975564057279911,0.01819375595763725
132,0.015832585919060258,0.8069038172494204,0.16793372010506263,0.003921720253676931,0.005408156472779838
133,0.029076939550731734,0.7469910745918099,0.12959016854221045,0.001953467781670733,0.09238834953357698
134,0.14532868261730086,0.7710853192198514,0.0325156326545625,0.0035074033652128076,0.04756296214307253
135,0.05123064649355092,0.7994916237907118,0.13288481722514367,0.0022972522944721403,0.014095660196121322
136,0.2235598862093152,0.7319746450921987,0.022338120668648622,0.002373578321061156,0.019753769708776455
137,0.01070353580950263,0.6293476461430783,0.33921934259151015,0.003954187996967659,0.016775287458941284
138,0.09503926538970477,0.6746961150836964,0.08723153402492997,0.03527599955708768,0.10775708594458117
139,0.015070757490586478,0.7154455374098265,0.2578317862827675,0.00653993947438714,0.005111979342432301
140,0.08723829077337786,0.732351497173546,0.10008898431140945,0.04424668606815071,0.036074541673515995
141,0.012460053157469736,0.600944836219889,0.3616691199704255,0.020227617620555215,0.004698373031660556
142,0.01592446172031891,0.6160015475971778,0.3275432936088681,0.025508541676513913,0.015022155397121277
143,0.03307043705369504,0.7830525521788843,0.07826303371229047,0.06814407213629574,0.037469904918834486
144,0.006309221173418972,0.711154048826022,0.24281221037391512,0.03438949633650741,0.005335023290136655
145,0.06966216804089846,0.3759094673654193,0.020997304790382695,0.42945749592929566,0.10397356387400383
146,0.04766719324288335,0.28137654816799623,0.016885583274960356,0.6389439071046451,0.01512676820951506
147,0.034748922567434615,0.17098138838563906,0.000718138687207851,0.6933945282465558,0.10015702211316271
148,0.10246465789330944,0.10115393377712649,0.0011068294543633156,0.7125601346024785,0.08271444427272237
149,0.07337866192451377,0.12489551101823901,0.0013761173990137255,0.6065413440511914,0.193808365607042
150,0.3722817290686255,0.05156540765571968,0.002216672846311056,0.31783525083077957,0.2561009395985643
151,0.3364322261106473,0.03340578403271928,0.004955333437506236,0.3350323069416303,0.290174349477497
152,0.08811579579249294,0.00787526516212572,0.00026757776405455694,0.7505222936395293,0.1532190676417974
153,0.11634938994419773,0.02130999548510276,0.001263336082803254,0.3271948321993683,0.5338824462885279
154,0.031798435498235786,0.00801807412260784,0.0005320439218268357,0.7304952115363896,0.22915623492093987
155,0.044405426459809993,0.005514597049392515,3.939455308880132e-05,0.9245884403871965,0.02545214155051216
156,0.11232554746286937,0.020521356423994414,0.000285420390915202,0.3988600255971385,0.4680076501250825
157,0.17582497751797357,0.024746229532063055,0.0001130904038308909,0.5067151146409619,0.2926005879051706
158,0.6671723942787532,0.01116305581552321,0.0004936697441700329,0.06608485418203763,0.255086025979516
159,0.14515611682375826,0.02086711446621012,0.0009832329308515693,0.07588842277165214,0.7571051130075279
160,0.31050022731039706,0.07865605935264801,0.0004084485715257255,0.38884693851755536,0.2215883262478738
161,0.17518251723485107,0.0739466248793931,0.0005213220361283392,0.4092092601939473,0.3411402756556801
162,0.22728639141618265,0.08142470730847139,0.0002399277621539188,0.5638831776674452,0.1271657958457469
163,0.23003225290988005,0.048336264286182,0.0011106375287151403,0.6400375768873101,0.08048326838791273
164,0.09628738259594657,0.016695475801337338,0.0007181791683614907,0.10083563349200202,0.7854633289423527
165,0.22069655700206767,0.07159198006873063,0.00044497915212432943,0.6485570954256371,0.0587093883514403
166,0.3052374280283799,0.04704455502074151,0.000970853163728332,0.483046263354254,0.16370090043289645
167,0.252810293708661,0.09211658065606472,0.0021802542823236935,0.4858418947597461,0.16705097659320436
168,0.510561460997129,0.15139989760303613,0.002344230834611682,0.13637913380908304,0.1993152767561401
169,0.1342285192153174,0.4968645425689358,0.025145029836946747,0.20182387006591676,0.14193803831288315
170,0.05539861916534685,0.036367190941732463,0.002684361372999738,0.08399854017591618,0.8215512883440047
171,0.3352640959185839,0.1270733091915829,0.010421144078960519,0.10236987121576711,0.42487157959510546
172,0.19552519570516771,0.2711776907022239,0.0286649393251387,0.060077943513585794,0.44455423075388384
173,0.3622584956673349,0.4370681172809683,0.10949742451790165,0.016910514069119215,0.07426544846467587
174,0.11980143780752098,0.6320982573940729,0.11995192596966688,0.0289035147996169,0.09924486402912237
175,0.13663250226750556,0.3748753511799493,0.010865599906103866,0.03777123107459893,0.4398553155718424
176,0.1041541437041481,0.33536274255784637,0.04557905123657488,0.022878129394366828,0.4920259331070639
177,0.14141717248141117,0.19700353747094335,0.021720122974969416,0.028301339903614452,0.6115578271690616
178,0.1454386870108384,0.5178075428323365,0.22842667830925473,0.007488687966594811,0.10083840388097562
179,0.2589351161909406,0.4963311899220825,0.06629754086798369,0.02433304976406168,0.15410310325493137
180,0.2661554043434806,0.5259326632996995,0.06885624131512183,0.0299027316285818,0.10915295941311627
181,0.20098526013465476,0.7215695843722738,0.05939531140840462,0.007225723834260563,0.010824120250406277
182,0.1415661480067838,0.7762270416871443,0.06865687312866398,0.003315962361520665,0.010233974815887325
183,0.030095902302953958,0.8198701566545227,0.13989655105909066,0.004489099025597395,0.005648290957835366
184,0.03493523396839618,0.8846269638949668,0.06943817698117186,0.004456752488020455,0.006542872667444587
185,0.005820087238869495,0.8201079508647419,0.17008740140289055,0.0015876359422282624,0.0023969245512697594
186,0.02849576783510716,0.9496249876725037,0.0145040970206048,0.0022172613363871767,0.005157886135397107
187,0.039289571877787345,0.915898986604664,0.00886328008692989,0.004543076131704217,0.03140508529891442
188,0.03374856392797783,0.8988417043001075,0.057896834182649196,0.004206200891298443,0.005306696697966937
189,0.04073888546134691,0.9025062268154563,0.018644309567686486,0.004718600559796975,0.033391977595713156
190,0.03521946076141616,0.9003700237275568,0.043528482488997725,0.009142266654737486,0.011739766367291848
191,0.04294304288968699,0.893858873246423,0.019353875404653706,0.007035276446355203,0.036808932012881
192,0.09622954587068089,0.8662060273958824,0.027397201161410617,0.002457194928067525,0.007710030643958558
193,0.03863214076378225,0.9335067002158423,0.016379855000678678,0.004881066149345564,0.006600237870351221
194,0.015157251956132912,0.8213728369455128,0.1521900252243379,0.0011051023936545644,0.010174783480361714
195,0.07794139149193571,0.8673315253293623,0.03501113362173058,0.011400717857832272,0.0083152316991393
196,0.02223862439177325,0.8919652968221672,0.06691732825437083,0.010717344595211217,0.008161405936477557
197,0.0553152696857688,0.8917806769262768,0.02472100898288751,0.018564916969305477,0.00961812743576165
198,0.030272175281336963,0.9203106137979193,0.031392357804938736,0.008607719030220408,0.009417134085584658
199,0.1012810830544155,0.8290668463045424,0.0005655777409096642,0.021474328423559324,0.047612164476572925
200,0.12140625038233595,0.8052323934803922,0.008565670440861371,0.010667182565444628,0.05412850313096587
201,0.2119472250509795,0.7230413016817984,0.0111875212185959,0.018807083758222203,0.03501686829040406
202,0.06003498756043504,0.8349425251124076,0.060367634570366785,0.016841470594880798,0.027813382161909646
203,0.16143848628119475,0.7761654469832532,0.019008624555359763,0.026412390800303043,0.01697505137988916
204,0.026102078781082574,0.7047741018334992,0.23883107375101234,0.013749968468417705,0.016542777165988065
205,0.026765579177475927,0.9181931081962796,0.0482903931272087,0.0037770125311636328,0.0029739069678722282
206,0.01383493763929965,0.5995633676643509,0.36197981629232395,0.0039997173883537995,0.020622161015671756
207,0.11314201376689859,0.7727741566653464,0.10114616487902824,0.007922353567198871,0.005015311121527714
208,0.017248185884299577,0.49091206148001393,0.4824253787888615,0.004582489668215296,0.004831884178609825
209,0.01615987145430265,0.818238296886499,0.15684764826436282,0.0035942748602057137,0.0051599085346301045
210,0.13806068995521095,0.7371240309609134,0.08766786141300123,0.02469283212163048,0.01245458554924378
211,0.019095116012682718,0.7217826054193518,0.22972805491021517,0.005109095172175583,0.024285128485574778
212,0.09560947516711794,0.8333462421489182,0.04104201878214471,0.018943482520386377,0.011058781381432852
213,0.03625165600626867,0.7978944011124524,0.09082902847816525,0.009594582884454297,0.06543033151865929
214,0.08177293711946193,0.7092186996657234,0.16326948555664875,0.02126893919668099,0.024469938461484837
215,0.03263499271786423,0.7724939804616224,0.18421820525452967,0.00625761819775192,0.004395203368231899
216,0.046517124930736314,0.8734933665745901,0.05367628804288827,0.015185661664325473,0.011127558787460036
217,0.09130069624691006,0.8567281584541762,0.04032248160137605,0.005340780089303704,0.00630788360823407
218,0.046958686679739375,0.9079514343196252,0.03419302489693504,0.006385490176561292,0.004511363927139092
219,0.05902191639847545,0.8238620996845991,0.10790524272724492,0.00533254594194911,0.003878195247731467
220,0.057053868624466576,0.8664390434009938,0.05729206666499921,0.010310471930389342,0.008904549379151317
221,0.012646043436923783,0.9133490597478608,0.06891563731720357,0.0023846013405663512,0.002704658157445582
222,0.017498286240230736,0.9237702529200018,0.04895144591054497,0.0032212787397282814,0.0065587361894941685
223,0.003053230316661668,0.547034348578652,0.44768702325538534,0.0005051621719572969,0.0017202356773437773
224,0.014372639116415566,0.9057724317402958,0.06923805160369868,0.005130984455086662,0.005485893084503166
225,0.035151661429140287,0.9370445473811712,0.022407257726030163,0.002623996852803406,0.0027725366108547565
226,0.01347792935763318,0.7070956583502073,0.2515563311754814,0.0026653994158677002,0.025204681700810617
227,0.019544649261570946,0.8111556470994262,0.15961628257205585,0.004347117212318656,0.0053363038546284935
228,0.02966788221885046,0.8348757674152751,0.10089200943772555,0.0129013943114006,0.02166294661674827
229,0.03990560668399024,0.8512892669495186,0.08155586403323076,0.012535315473414322,0.014713946859845999
230,0.014930843173601147,0.5684961484994718,0.37710507877418414,0.0065344662047338445,0.03293346334800909
231,0.07203631368952758,0.7636054773895982,0.10077683645275452,0.011453944111322134,0.052127428356797706
232,0.019122730112937015,0.5094994423946912,0.0456160493564849,0.0052379871601133665,0.42052379097577336
233,0.00474430688593427,0.009610713089354923,0.0005112078345910017,0.0007868512196317738,0.9843469209704881
234,0.00442367610484637,0.0013901424024828286,4.09516888923241e-05,0.00024356322255426367,0.9939016665812243
235,0.7039961150690867,0.17288424043544348,0.0003305260159876427,0.01629738666058155,0.10649173181890081
236,0.2606304766511458,0.5828198974543269,0.005246998965727686,0.01132829220430803,0.13997433472449167
237,0.2356486811841831,0.5825053240580872,0.013950962921551598,0.020848190465506507,0.1470468413706716
238,0.1434742336833216,0.3342823062001325,0.0007505241001831857,0.20064535359271352,0.32084758242364925
239,0.060764963910313025,0.1979347552312833,0.005479464306099708,0.10302228018269337,0.6327985363696107
240,0.0633607880964861,0.7982605064750756,0.006305812149454222,0.07201821654878256,0.06005467673020143
241,0.08622930648109117,0.022908272925781122,0.00017124109578949465,0.03178772858608761,0.8589034509112506
242,0.11436362896382812,0.0032382029676148163,1.5253970097461882e-05,0.06208977263847345,0.8202931414599861
243,0.44725596820097857,0.27428359925962503,0.0019427909918464175,0.04870197569549729,0.2278156658520527
244,0.6104043963336023,0.17271795060256703,0.001636723873636399,0.06950723061903852,0.14573369857115573
245,0.4555282413190487,0.3921539653693601,0.003006844611133111,0.03155946531335717,0.11775148338710102
246,0.10457729590734519,0.421702666961816,0.0029085676164168437,0.31962642371091,0.15118504580351186
247,0.12914725915441552,0.6608406634214201,0.012973563607827346,0.06569409491908848,0.13134441889724863
248,0.12056471597813341,0.4187026804738549,0.014981652335420514,0.20978004931781485,0.23597090189477632
249,0.06090928546653838,0.6018052467660159,0.08282949298517503,0.08182101321956081,0.1726349615627099
250,0.01879355294791428,0.005620016629169347,6.715866164196726e-05,0.022731200748264162,0.9527880710130102
251,0.19927711621804442,0.1931149510991977,0.002653856774545114,0.3579258830059215,0.2470281929022912
252,0.04286472368487216,0.05047914477564753,0.002563792569063172,0.007064885449791648,0.8970274535206256
253,0.6435611318372391,0.0219175615526857,0.00017256436922699316,0.0759262701884843,0.2584224720523639
254,0.3574358392739256,0.3640917759769763,0.00220980402316462,0.1746166092459292,0.10164597148000439
255,0.15127341149731727,0.7359285043501554,0.004836140723099773,0.053707518303713425,0.05425442512571426
256,0.18610059132720658,0.5524722746193472,0.012802020367136045,0.16259163819181024,0.0860334754945
257,0.04667489181818158,0.48528933710566285,0.003671290742794283,0.08036617706983966,0.3839983032635216
258,0.07043885919167943,0.37515107810515497,0.0016979261123206792,0.534382124660272,0.018330011930572983
259,0.1019879370491875,0.7201699071093202,0.012443607994017423,0.1384287848160815,0.02696976303139323
260,0.16112894840380984,0.7952976936298689,0.023730098721734257,0.013899005694275149,0.005944253550311841
261,0.10635815273947323,0.6842723613396311,0.006618411748020681,0.16081299177572106,0.04193808239715405
262,0.08915543772760352,0.8501500904073648,0.0309494482664925,0.019636769861890405,0.010108253736648743
263,0.08000589881591,0.7790039127730597,0.05479396982245737,0.06725733864594095,0.01893887994263223
264,0.07145566102011362,0.855008463775314,0.04512007784527595,0.02077968840966696,0.007636108949629562
265,0.09825877034889835,0.7555695141116102,0.10096460711507364,0.03475313018600152,0.010453978238416149
266,0.030947264435824844,0.6946647101933296,0.2502882237250909,0.015174495998015857,0.008925305647738904
267,0.23716802127170697,0.6271542117382563,0.01408002837740791,0.03509770433540708,0.08650003427722176
268,0.13129919946855736,0.676226683444392,0.030375755545611536,0.07135022036066822,0.0907481411807708
269,0.028802891498471497,0.023885803824097933,0.00017759538430710096,0.008824777350339525,0.9383089319427839
270,0.38074076557726705,0.07029114380924918,0.0005222267285835598,0.07124111273157686,0.4772047511533234
271,0.03244020037860021,0.05329451613426897,0.001646619626758579,0.006168215629051675,0.9064504482313205
272,0.32474840030712643,0.162046308328289,0.004105288015305428,0.050326357760496675,0.45877364558878236
273,0.09452407158382888,0.10374258449431997,0.0027038790501705125,0.021183564090193674,0.7778459007814869
274,0.3039694700012824,0.03890812248375514,0.0001496820200753486,0.0559006875343528,0.6010720379605344
275,0.16413372389026687,0.07816735327182432,0.001582023917549272,0.03795458368586082,0.7181623152344987
276,0.06873727273932306,0.0038535465556718052,1.8810567677690873e-05,0.0035255356545316648,0.9238648344827959
277,0.48413333696134075,0.2185137119159445,0.001188724284027757,0.041600691817817496,0.25456353502086954
278,0.34648794207571165,0.27205078325597254,0.004843373569515605,0.06780299401969457,0.3088149070791055
279,0.23254881737476263,0.6510824053302054,0.023324712262392456,0.046962206141601945,0.046081858891037435
280,0.1461192712793616,0.7756335160525748,0.03189115622994376,0.03275842245496915,0.013597633983150734
281,0.11789283101880507,0.7639652485044679,0.07109830716057206,0.038866169223338874,0.008177444092816247
282,0.007898597774454376,0.2779608023268642,0.7023933612792869,0.005214475553842817,0.00653276306555166
283,0.042472349493427555,0.7679077282500207,0.15232117652498103,0.018404762926295247,0.018893982805275385
284,0.06836122454586872,0.7073927869720662,0.2095585076672755,0.006987931085628778,0.007699549729160873
285,0.022394520305152342,0.7782359222796601,0.19002441950744775,0.0051235096599839235,0.004221628247755952
286,0.0028683921931686725,0.29691902101839557,0.6950941373805422,0.0016484526341594683,0.0034699967737341505
287,0.043374668589391444,0.8757595664240422,0.039954986292265036,0.015181830275689874,0.025728948418611442
288,0.02630812170065961,0.8900779346515569,0.0688730405957349,0.003160392228852971,0.011580510823195661
289,0.07946397963243146,0.8698314390077628,0.028166271392124076,0.0038393032585185153,0.018699006709163246
290,0.09792364109805278,0.815726419379989,0.08348213064368129,0.0006460141827337633,0.002221794695543108
291,0.018436704954365255,0.8275837717041872,0.1494650621879009,0.0010005359585209728,0.003513925195025737
292,0.00638376723183269,0.43109199953385313,0.5615981553316872,0.00011968643594581606,0.0008063914666812085
293,0.004708522396924069,0.5098548449834212,0.4811377693745586,0.00031443664423028514,0.003984426600865863
294,0.0020825934309278735,0.290468998202277,0.705774409605705,9.877913159744979e-05,0.0015752196294926209
295,0.00033874536735818835,0.08454580106702665,0.914588679528624,2.1661626090755457e-05,0.0005051124109003333
296,0.00020958845134147705,0.07109554037155971,0.9282832926594247,3.458089167999547e-05,0.0003769976259940121
297,0.0001674291703205507,0.024806502072414468,0.9748546267182666,2.99457870828484e-05,0.00014149625191553142
298,5.7257308099169194e-05,0.011413945180934184,0.9884115759608325,8.432102698746966e-06,0.00010878944743533168
299,7.761045086241531e-05,0.012633499734194968,0.9871259096824649,5.712529376696846e-06,0.00015726760310098557
300,0.00024795789632192677,0.014938264164168772,0.984490447413206,2.5846173533423372e-05,0.00029748435277001626
301,5.993617326526717e-05,0.00797295175843876,0.9918691796302203,1.0430411744188217e-05,8.750202633151652e-05
302,0.0010895227614766798,0.04641764325705088,0.95139098111626,5.146693688567199e-05,0.0010503859283269345
303,6.905777141152273e-05,0.01013701287232183,0.9896204948039206,1.641670246387827e-05,0.00015701784988214203
304,0.00013091789893859487,0.013817705849003397,0.985821687126821,2.145650183561034e-05,0.00020823262340143435
305,9.678564775650766e-05,0.007273647610649136,0.9923177045739969,1.6788621272350798e-05,0.0002950735463251225
306,0.00012177891752890254,0.011740331890099367,0.9877045417664124,3.033214590594463e-05,0.00040301528005337427
307,6.447837002718804e-05,0.006340614914622693,0.9931881017432909,2.1113057558794905e-05,0.00038569191450027836
308,0.0002758751600533168,0.013800405977624716,0.9854651173430161,4.1204484579820654e-05,0.00041739703472622495
309,0.00033877561707574557,0.04230254520623962,0.9566027397606512,5.8376212389320484e-05,0.0006975632036440039
310,0.0011718629332295916,0.10492633955413588,0.8929159601385346,0.0003305412567925722,0.0006552961173073313
311,0.00039107159336064946,0.03666608010860333,0.961552306964094,0.00029709851613602463,0.0010934428178059645
312,0.003298890521880542,0.1563610880915595,0.8368214203696441,0.0008327346609126343,0.002685866356003223
313,0.0053867219884502025,0.1619517762703126,0.822682931395854,0.005823310994758784,0.004155259350624519
314,0.036676049494106994,0.5880867582125112,0.31903720695998855,0.011427991958011325,0.04477199337538204
315,0.2643854857414509,0.32838093250985045,0.033812261298553165,0.19198054860547367,0.18144077184467197
316,0.08483041989653341,0.3999475718203785,0.18034748091675767,0.2573139633203965,0.07756056404593382
317,0.2667438703092642,0.24480874563035285,0.004354793971330753,0.3044543905042853,0.17963819958476687
318,0.05845570349915117,0.25073688715509324,0.0005291499280581151,0.675031029311803,0.015247230105894516
319,0.028435207901785355,0.12403055576673802,0.0004599967392664583,0.8293169740345098,0.017757265557700314
320,0.02947021942283716,0.27085460411524875,0.0023875454948583358,0.5818984977243112,0.11538913324274455
321,0.03341097999438042,0.09488888266313168,7.370832172945047e-05,0.8224130964111437,0.04921333260961475
322,0.040225304121274015,0.21639882855567688,6.216300320349232e-05,0.715796205978668,0.027517498341177494
323,0.0962983598423354,0.24722378234658596,3.6497844920573806e-05,0.6333816638391714,0.023059696126986644
324,0.06793787927309818,0.020766377020986604,0.000516078285809021,0.5803711561464858,0.33040850927362037
325,0.06119727964195101,0.05206640277892575,0.001352277038335046,0.8710197256930228,0.014364314847765252
326,0.050060276441405815,0.029303277551536607,0.000381501464352162,0.9117723772283371,0.008482567314368151
327,0.04587707988709185,0.016409753131613077,0.0003738320336880085,0.8978660100650573,0.039473324882549884
328,0.05183736738431001,0.024290208939455146,0.0002846959621758262,0.8648524194107963,0.05873530830326278
329,0.20931900755645258,0.006101924651769551,0.0011967676663574651,0.6661414923897088,0.11724080773571167
330,0.07110186173909572,0.005534300367426254,0.0005287917960128139,0.7766604317699163,0.14617461432754886
331,0.027064166734264403,0.004472487163132404,0.002261377146367696,0.3239891425051222,0.6422128264511132
332,0.1067537917715663,0.00942587385180706,0.0002871174639892373,0.6555677094814797,0.2279655074311577
333,0.1556562359715589,0.02763636066952487,0.0018192903865594065,0.6857711128802922,0.1291170000920646
334,0.1153647201061711,0.009318477749653258,7.082373469177817e-05,0.7854237922067488,0.08982218620273498
335,0.06219495052210074,0.02791673808492464,3.4871093666609834e-05,0.8921299036859648,0.01772353661334306
336,0.04431120104407935,0.034116624622520006,4.122149402657234e-05,0.9114096024303847,0.010121350408989307
337,0.09526584273119196,0.04543108735689815,3.6660784061339384e-05,0.8379553321997291,0.02131107692811962
338,0.037579288728766515,0.05710176547818405,6.597673605805795e-05,0.8992997340794282,0.00595323497756308
339,0.044160390566218566,0.1975161231114567,0.00027475629199122056,0.7316669097895886,0.026381820240744727
340,0.02456327161318145,0.11047080955626046,0.0001154770005638653,0.8457416775396829,0.019108764290311372
341,0.014655863037991478,0.024700136249071993,2.173478667447631e-05,0.9528343845675159,0.0077878813587461794
342,0.023952194916548875,0.03833378666347198,1.4307135812938756e-05,0.9296721312552111,0.008027580028954978
343,0.055637611141340346,0.09373980301825068,3.489941836359464e-05,0.8434993718946064,0.007088314527438883
344,0.06658984620790781,0.1513551843474816,0.00012758570511201938,0.7680038416471678,0.013923542092330805
345,0.0485241486962554,0.5776194180035005,0.0006997906109579354,0.35773021580936665,0.015426426879919634
346,0.04468748098015436,0.27622385368961566,4.266982649195628e-05,0.6684964608658106,0.010549534637927438
347,0.0845839649805615,0.6371013194337828,0.0003830754362540266,0.26406666102859544,0.013864979120806413
348,0.12575649035164946,0.21925475658373156,0.0009705776959592916,0.5718768374271347,0.08214133794152513
349,0.18902690306568862,0.3958587772565176,0.0019040042313332173,0.3736107028125452,0.03959961263391539
350,0.018749987205379598,0.8810239295673844,0.008132313415255226,0.0878999983132985,0.004193771498682451
351,0.025681105871659986,0.3697190418026125,0.001418920034704405,0.5953654812404536,0.007815451050569442
352,0.02346638696363518,0.652444867634353,0.00970804686637545,0.30835552939791877,0.006025169137717485
353,0.06265812091791009,0.19472866602607708,0.00059925152604571,0.6663427286476049,0.07567123288236235
354,0.11601378507389623,0.6085329222579092,0.012390847461379823,0.24826298418766776,0.014799461019147002
355,0.0814005204009925,0.6140025482370269,0.03280139106686651,0.2521283529399707,0.019667187355143452
356,0.09810292712587974,0.735776855525897,0.05293328346214556,0.08353847510667357,0.029648458779404092
357,0.012522080245483585,0.5158852606527905,0.4478118700877684,0.004414684378284929,0.019366104635672458
358,0.08422564145815112,0.8394349797509748,0.03987341471943646,0.017646679935127453,0.018819284136310056
359,0.060862618539213625,0.7842615273047727,0.1177138914635522,0.007472879875485872,0.029689082816975593
360,0.13065576273547025,0.7046892395435614,0.13385735496113796,0.007129698554559298,0.02366794420527093
361,0.11335323079590834,0.8176724409811599,0.03309870964680577,0.020049716655462565,0.015825901920663514
362,0.038124533774343106,0.8203981763786683,0.11809136735832575,0.008434361688333314,0.014951560800329592
363,0.02425336161452948,0.6103235745569614,0.29043485506542377,0.0027051697937164033,0.07228303896936895
364,0.10320213992939442,0.8333183783610273,0.028964826227018077,0.011741174132112607,0.022773481350447797
365,0.17547656324387678,0.6855840938988513,0.018619117772824097,0.019907390040213874,0.10041283504423414
366,0.09919384068454669,0.8134915382778795,0.033852743660279336,0.0059691680205077305,0.047492709356786726
367,0.09176449036875017,0.6180830003256632,0.024760090155260674,0.00596541223033857,0.2594270069199873
368,0.18654574672684482,0.2487916111075501,0.0016672747707514482,0.009082590753965935,0.5539127766408877
369,0.10276208608555046,0.8530755069409027,0.011653788876997606,0.006129712602141363,0.026378905494407898
370,0.06884593799607613,0.8759409915198554,0.002893373754620835,0.03263039969545766,0.019689297033990014
371,0.10435674279917678,0.809602693459996,0.014427429788561813,0.03350666347211541,0.03810647048014999
372,0.1746310726972451,0.3576617132400046,0.002161149871974317,0.2722666446968996,0.19327941949387656
373,0.1197651130733099,0.7948714851895531,0.005448785664773112,0.06287768368355082,0.017036932388813333
374,0.35263948822510865,0.4914283637050469,0.01338078189448907,0.09275333373568544,0.04979803243967007
375,0.1202494588193997,0.8231113221024765,0.002496430395378062,0.027702470678138816,0.02644031800460699
376,0.11444361958683476,0.8133651943972955,0.014261704496283775,0.051297257363004514,0.006632224156581583
377,0.034577545618833326,0.9012290010261353,0.05467397798206013,0.00416640757547924,0.005353067797491966
378,0.016979045560497775,0.8896454093441631,0.07503747256090613,0.007724588759379546,0.010613483775053435
379,0.019718871751018826,0.8125852375908367,0.16180003297754036,0.0023709151716127586,0.0035249425089915053
