epoch,N1,N2,N3,R,W
0,0.0008067925777736494,6.75002414207949e-05,1.0899108354097565e-05,1.3231449575512491e-05,0.9991015766228759
1,0.0010529339522850195,5.9901544429047256e-05,3.4400556076802516e-06,1.175937879264768e-05,0.9988719650688856
2,0.00021052716371750742,1.3319272960392447e-05,1.5107679831809973e-05,7.429576151653902e-06,0.9997536163073386
3,0.000709422112140786,0.00010041358568990124,1.4001042808100725e-05,5.90310591463489e-06,0.9991702601534467
4,0.01425319312332577,0.00035596545058042076,3.0690851411297864e-06,2.518319281392321e-05,0.9853625891481388
5,0.0007817658364498032,6.180933273416434e-05,4.772184171941275e-06,5.797756731787415e-06,0.9991458548899123
6,0.0037427049707366633,0.0001876971180910147,9.268562519218407e-06,9.50823492860901e-06,0.9960508211137244
7,0.01081749492914953,0.003667733541011501,1.3736066784117926e-05,9.833694052587165e-05,0.9854026985225289
8,0.005675227679100075,0.002357401657046753,3.553058133110795e-05,7.943148314308926e-05,0.9918524085993788
9,0.03569589160435314,0.01149960650411531,0.00011882597137242672,0.001081973753966451,0.9516037021661926
10,0.0015952843489863415,0.001160471376817542,0.00011576068610721414,7.838174776946907e-05,0.9970501018403194
11,0.016960238248109744,0.005863326660644939,0.00022732705290578003,0.0002572061643280461,0.9766919018740116
12,0.010204825342786798,0.008180560766466035,0.0008499522349145208,0.00012254333022413932,0.9806421183256084
13,0.05219711634068658,0.15640869817874362,0.02467715502970639,0.001492113232662257,0.7652249172182012
14,0.04941456706432049,0.22065794531907312,0.012318924372526059,0.0019676237770931667,0.7156409394669871
15,0.08140979738870285,0.45715221624543645,0.013039498560802264,0.002258667471202501,0.4461398203338559
16,0.2390873539611948,0.5370496088215208,0.004660915239977449,0.007450293775410357,0.21175182820189675
17,0.03963658563401847,0.7115162565198531,0.17818281077058304,0.0006582563732505706,0.07000609070229483
18,0.1211369029680272,0.7379176856769907,0.04603816673957288,0.004987493190513925,0.08991975142489528
19,0.04781097469213299,0.04446415089976165,0.001837203201232895,0.0016690893101488932,0.9042185818967235
20,0.21081305213149285,0.5340653099026267,0.012165729665478233,0.007064256830858084,0.23589165146954408
21,0.14653448308935027,0.5707114751702738,0.020039208633994682,0.004569763981662409,0.2581450691247188
22,0.038160239082512246,0.7607984833783639,0.14415736181598743,0.0009040248193286579,0.05597989090380797
23,0.11394715268427548,0.7603943319827402,0.006752951795995128,0.01004077132472535,0.1088647922122639
24,0.21701650340707865,0.5142849972966189,0.00384174505521418,0.015601121948115849,0.24925563229297235
25,0.26936005709374383,0.3224850408127062,0.0030676817869451766,0.02675065770172731,0.3783365626048776
26,0.07188811995825915,0.4100353452541445,0.015005736759110436,0.003595460008305631,0.49947533802018024
27,0.004175191060595697,0.004454980871536347,0.00035775266623551465,0.00028270555502720503,0.9907293698466052
28,0.022897094069344818,0.01785707499113961,0.00012231841045110884,0.0003275833019070667,0.9587959292271574
29,0.027643524114230683,0.021899839230236865,0.0004758982969736759,0.0002131006096488138,0.9497676377489099
30,0.022397837169858794,0.0025806706313617547,4.0998927641181165e-05,0.00011131745118658381,0.9748691758199518
31,0.107510314532023,0.06119849223606208,0.0005473851745266305,0.002253987776101876,0.8284898202812865
32,0.10321033126569343,0.033998836901780814,4.901912256383108e-05,0.018378598014787657,0.8443632146951743
33,0.09551284028511127,0.08930318419900299,0.00042953179530384684,0.002768373817858661,0.8119860699027232
34,0.21533682212948438,0.44897245862246005,0.0016553233868660286,0.012904379030756795,0.3211310168304327
35,0.0030666849771197953,0.002971601884643085,0.00021766504710442602,0.00014679613355141966,0.9935972519575813
36,0.23223954110310935,0.12952791616564308,0.00021643868049964885,0.0034151617815443985,0.6346009422692035
37,0.12545712931847836,0.3156323470147503,0.0008686162491597031,0.0010453524224960761,0.5569965549951156
38,0.15609549514219317,0.2649871641303506,0.003933567198117173,0.0010970173976698285,0.5738867561316694
39,0.12369084516061085,0.8176285376755696,0.006304122979147564,0.0008702068267935177,0.05150628735787848
40,0.07243447099280295,0.8500061951952524,0.008259903128725017,0.0024561215187589277,0.06684330916446067
41,0.10908317106859608,0.7145104739038015,0.04265043904839828,0.001286464593406815,0.13246945138579733
42,0.02349787334297774,0.9586075550849812,0.006091150920786195,0.00041620296113913173,0.01138721769011582
43,0.06982833060841419,0.8942686685816778,0.014221617307291741,0.0011879206731751685,0.02049346282944114
44,0.030807949866647824,0.941040240378343,0.0224255287510054,0.00024984297178046514,0.005476438032223385
45,0.017777141341864155,0.928831402044982,0.04714282369734116,0.0003974963122982599,0.0058511366035143885
46,0.017517790485728428,0.8834145858939838,0.0912448377530749,0.00036898453175851313,0.0074538013354543565
47,0.020330651644969493,0.9495413035622701,0.023901025883479428,0.000912736393662085,0.0053142825156188645
48,0.04915306330672833,0.8686662889316341,0.05552686796185649,0.0009595798849137433,0.025694199914867332
49,0.014508764995895864,0.8935887890097525,0.08278386747394277,0.0005490689612085653,0.008569509559200253
50,0.015161198647360746,0.7026077840358758,0.27787167880968155,0.0004283858416320439,0.003930952665449932
51,0.03861381576026594,0.8262901244373219,0.1130832259971162,0.0008046775323450489,0.02120815627295109
52,0.024430155680440477,0.7510163670198411,0.21702087646474058,0.0007716075084028317,0.006760993326574962
53,0.007158068940543258,0.4514539247166454,0.5363881506760279,0.0002917420424676794,0.004708113624315756
54,0.030567290612805074,0.9114764439360179,0.051412908304055954,0.000750981041405378,0.005792376105715563
55,0.005727037761894105,0.5583201430882879,0.4324063755769841,0.00022654839850962978,0.003319895174324311
56,0.010363269553008788,0.7440541797340778,0.23900291478863933,0.00033927576541323723,0.006240360158860928
57,0.0036163912968292782,0.5121074425608021,0.48063636380838476,6.711141155370071e-05,0.003572690922430135
58,0.0008587445646536958,0.44474324752763306,0.55141183358774,4.3193764529548656e-05,0.0029429805554435843
59,0.004416812450984571,0.2185267125379367,0.7732130046053339,4.4956347895261496e-05,0.003798514057849441
60,0.002588613711377954,0.25844778189545786,0.7316609702390822,5.20577914268644e-05,0.0072505763626551445
61,0.0018571644298196574,0.24338317996172926,0.7507872101864744,4.457444192057787e-05,0.003927870980055971
62,0.0026678178384229186,0.30139302805747925,0.689996941136464,7.186370869390715e-05,0.005870349258939889
63,0.0014072232750951756,0.19764261852661713,0.7981765887382304,2.126052202236509e-05,0.002752308938034891
64,0.002056955570157036,0.32307916980427237,0.6700904690770805,5.5261877553909184e-05,0.004718143670936248
65,0.0019277815828003802,0.20449775062059147,0.7895581623049537,4.566245779432796e-05,0.003970643033860174
66,0.0030673626659137414,0.2796208716988289,0.7126239579574992,8.078423302256301e-05,0.004607023444735449
67,0.004231797593095271,0.5030292187863312,0.48149001288672555,0.00011773629578844273,0.011131234438059546
68,0.003617020801330763,0.39151310990617894,0.5942731172239252,9.129573157874974e-05,0.010505456336986366
69,0.0017456221258245863,0.4114110760679615,0.5737632683801176,8.410309141734478e-05,0.012995930334679032
70,0.35698135840560496,0.4463519156011505,0.17090999451789002,0.00035856897726385776,0.025398162498090713
71,0.008609842331226561,0.4609461679401278,0.5129476541418938,0.00024128902689376716,0.017255046559858014
72,0.06846833151111482,0.31934630761245325,0.5621407415512194,0.00035716765906456446,0.04968745166614793
73,0.005297407779931389,0.21891583366440526,0.760932242399838,0.00039583086838120994,0.01445868528744411
74,0.0026346568734424937,0.256344711063645,0.7300115074598371,0.00034442001607339735,0.010664704587002001
75,0.0015543196179800501,0.08596085560044496,0.8983255224542323,0.0002777055092729093,0.013881596818069844
76,0.003913414929077686,0.10690096579689813,0.7365478678285373,0.0003127999672019476,0.15232495147828495
77,0.042697121133003925,0.0645396502350383,0.010970170457618531,0.0006869673586369503,0.8811060908157022
78,0.07779915702417751,0.4790459458423058,0.24548110541636503,0.0007122776334863375,0.19696151408366525
79,0.21817497774413308,0.667867615950929,0.06865711274264798,0.0009790905070779228,0.04432120305521199
80,0.038544402425060506,0.8031795720616636,0.12452838559531154,0.00017990501302143151,0.03356773490494297
81,0.04066427057096849,0.7846613453460476,0.14180071460869806,0.00064410183831105,0.03222956763597481
82,0.023235198026211292,0.6939529647007662,0.2715547444167787,0.0015688279982871386,0.00968826485795687
83,0.013365527508568854,0.6979486726837291,0.27340808220816304,0.0018485711108778718,0.013429146488661127
84,0.02234672128620634,0.726079628672562,0.24464023287076092,0.001755231189927738,0.005178185980543053
85,0.0030270840141503374,0.29467389133981575,0.6983860262694547,0.0004037079239002858,0.0035092904526790986
86,0.06874888176376277,0.8768969680746876,0.04732070405917309,0.001953128025551315,0.0050803180768251065
87,0.002907622066760152,0.19946241939425083,0.7954993335854388,7.564723535420714e-05,0.00205497771819592
88,0.01832442264946802,0.735999251985321,0.22735387499902313,0.00046490772358963263,0.017857542642598173
89,0.010185515541554233,0.4233972131014513,0.5536763180258886,0.0002451274116740113,0.012495825919432019
90,0.01126222631465825,0.39750990014918425,0.5626718303805013,0.00033221071994465597,0.028223832435711513
91,0.045645501216063485,0.35512543150999426,0.5853012230670451,0.00031276750393916165,0.013615076702957947
92,0.005934918869208848,0.19588672304121715,0.788708318893471,0.00021354895737356783,0.00925649023872947
93,0.001650659191117405,0.15002706424623588,0.844085813238604,0.00012064579988376948,0.004115817524158927
94,0.0054030801315626716,0.18002514279757773,0.7994440748878413,0.00014304139577579148,0.01498466078724245
95,0.0006811173295568553,0.08584911549843745,0.9114215157745778,4.5365235140228594e-05,0.0020028861622878565
96,0.0028567277342542016,0.10465124693986758,0.8894816202382045,0.00012438922729549157,0.0028860158603780874
97,0.005044231242225216,0.2173827995371538,0.76980887699761,0.00015677751997149992,0.007607314703039431
98,0.0005689720579348524,0.11453274165067447,0.8815011035607537,5.003921794856632e-05,0.0033471435126882984
99,0.0005240962473507658,0.039987266610245965,0.9578587624869699,3.938383166350582e-05,0.001590490823769775
100,0.00036602819140581466,0.04642060614770051,0.9523124230727874,2.916214819602829e-05,0.0008717804399103141
101,0.0025942508491931544,0.12835049213371819,0.8666458618764121,0.00014206917650583099,0.0022673259641704927
102,0.0006328471422335074,0.05414171989976601,0.9440275455517126,5.406973973033697e-05,0.0011438176665573229
103,0.0005682582196177022,0.1283763698244219,0.8696042214467571,7.120006519732499e-05,0.0013799504440060585
104,0.00012681726300676715,0.03663319371511618,0.9627731048821453,1.7572607754665432e-05,0.00044931153197713236
105,0.0003478825069232015,0.05083031252282305,0.9474277688796594,4.2169431801424385e-05,0.0013518666587930093
106,0.0006493829906078376,0.06619301850482154,0.9320119292904842,3.037330795682248e-05,0.0011152959061295222
107,0.0023221067542700136,0.253508477114322,0.7399027218745976,0.00015414639809424317,0.0041125478587161575
108,0.0006338309024150606,0.08621421000578622,0.9119625400309105,6.87149921250937e-05,0.0011207040687629332
109,0.00027411150261997944,0.06637678191095628,0.9322575943181468,2.5764065206893154e-05,0.001065748203070122
110,0.0005287535038649316,0.10076595032807312,0.8971319835466847,3.9353415794014075e-05,0.0015339592055831556
111,0.0005261755324329874,0.07822942371716148,0.919797027061746,4.6653629558955954e-05,0.0014007200591006944
112,0.0009033452631717766,0.09212178726920792,0.9054817628255359,6.408157963072295e-05,0.0014290230624536926
113,0.0002384619472838625,0.10649524039762125,0.8913094163820043,5.3538541203607775e-05,0.0019033427318869945
114,0.000502885299824959,0.029964803715775895,0.9688003760536843,2.758220521941107e-05,0.0007043527254953698
115,0.0022855866933288484,0.10831489035804752,0.8881266617881207,6.174362306035844e-05,0.001211117537442465
116,0.001828960194148433,0.03926486209466441,0.9577489770081016,4.4199920125224156e-05,0.001113000782960382
117,0.00013507481349036264,0.027564237665846533,0.971826987257418,1.4518217100007587e-05,0.00045918204614515685
118,0.0001546186735795259,0.019386129551370396,0.980051111467694,1.0880736967366189e-05,0.00039725957038887655
119,0.000228072143323519,0.013161630826952792,0.985441741487116,3.049795068557255e-05,0.0011380575919220381
120,0.0005372984890670901,0.045963046836985676,0.9520485826911309,4.045419707061113e-05,0.0014106177857455852
121,0.0011310177452754898,0.05573718264174081,0.9423048975234755,2.511663661844368e-05,0.000801785452889933
122,0.00021700095835297246,0.017287279501810297,0.9819746118722725,1.2929697355403728e-05,0.0005081779702086153
123,0.00019189549475349894,0.04428166641155796,0.9548715899362703,1.716986847076322e-05,0.0006376782889475198
124,0.00018560784896630138,0.02750017438683551,0.971918439309803,1.0856200528119279e-05,0.0003849222538672076
125,0.0002415059407759546,0.02936165210031639,0.9698406174946582,2.0231245829984068e-05,0.000535993218419451
126,0.00043228110964810203,0.028387062390017617,0.9703427327416375,2.5480179780050452e-05,0.0008124435789166755
127,0.00018799170264520882,0.03877062573320494,0.9605325512280541,1.5757643001627022e-05,0.0004930736930941387
128,0.0009521459415941275,0.054800671788559435,0.9430295178730735,2.9753291075148547e-05,0.0011879111056976646
129,0.0002613377167551432,0.07253447435498386,0.9265971841027526,1.975765923833477e-05,0.0005872461662700427
130,0.0011026186667958842,0.1750986644524449,0.8216364766677587,6.642724541845149e-05,0.0020958129675820365
131,0.0006454453636486607,0.04370671278462786,0.9547241910564596,4.723962449059799e-05,0.0008764111707734657
132,0.0007057939941298669,0.03367482007889901,0.9644414844465303,4.774722421967334e-05,0.001130154256221189
133,0.0011908195005358427,0.06785866514801328,0.9289617832314043,8.311304432621527e-05,0.0019056190757204224
134,0.0014794142416597613,0.11059808874812439,0.8844119521776225,0.00022097572973204163,0.00328956910286137
135,0.00024108089565768784,0.040973679922057145,0.9573698861075213,6.619782406452384e-05,0.0013491552506993678
136,0.0011643401713093383,0.055946404489512186,0.9407620569272374,0.00030654502694025577,0.0018206533850009463
137,0.0010842501758685456,0.06717497542022359,0.92911522894512,0.00023773903191123575,0.0023878064268766626
138,0.005275653668174082,0.15238393286912277,0.8388014202021357,0.00041500883325905726,0.0031239844273085998
139,0.020061141233896764,0.5879742821211796,0.3578725107289124,0.0033385416523641943,0.030753524263647053
140,0.10144384429247208,0.2052988512055074,0.20409076591743774,0.007972600791016835,0.4811939377935659
141,0.0392103477111648,0.5958892734248257,0.33890762128910557,0.0061351715104901615,0.019857586064413738
142,0.3522532546873555,0.38896591832130706,0.220238432684144,0.004312820188529752,0.034229574118663696
143,0.06269016787086353,0.3328011277688826,0.5610587962422652,0.005103547627937369,0.038346360490051225
144,0.01897357010942407,0.3593410684652258,0.5678610549601821,0.012722120326702141,0.04110218613846577
145,0.050010985416182596,0.5321912443952985,0.4035904560628273,0.002262217856994665,0.01194509626869702
146,0.018916184344418482,0.3317016757737853,0.6282017498820772,0.0030244267539798644,0.018155963245739214
147,0.006050391880858049,0.2832503818663407,0.6974342971528229,0.00229210624327436,0.010972822856703804
148,0.008576204435896474,0.13082424406182566,0.8525624744192062,0.0021678074511746036,0.00586926963189695
149,0.08592223648671578,0.4563880465857317,0.36121910232908006,0.006844548861023022,0.08962606573744934
150,0.05054574470941879,0.1060241522091689,0.13321787068173876,0.009299994117096432,0.7009122382825772
151,0.3074392669545739,0.4972158007645248,0.06527847193160818,0.0282152117273441,0.10185124862194894
152,0.298391460051497,0.5780145004798448,0.03083290582224256,0.012732194855437211,0.08002893879097835
153,0.14835874801223245,0.7685236270222882,0.0618577691133914,0.0062046229231381,0.01505523292894982
154,0.03920946708490067,0.7770098991464557,0.1476829473874134,0.019726056499376705,0.01637162988185361
155,0.06684036691581077,0.7381775865248625,0.12424768690446923,0.021754451413505193,0.04897990824135231
156,0.15296494918553052,0.6658593777999265,0.021628601230627417,0.05725107690391151,0.10229599488000397
157,0.12993736330036765,0.7484843354225048,0.08514779839160841,0.01513532310820287,0.021295179777316372
158,0.3114651830634264,0.4359748277955294,0.005166773620030177,0.02445039254086649,0.2229428229801475
159,0.2619668755770828,0.49827509026505296,0.01791662594669142,0.024406772493099207,0.19743463571807368
160,0.14483579962185464,0.8001702145224057,0.005515751319549739,0.01755955565965114,0.03191867887653893
161,0.11644453867512669,0.8209673116133824,0.007636970019681522,0.006210516337336532,0.04874066335447276
162,0.09595556850782287,0.832608787938709,0.01985374475779709,0.008225654313581228,0.043356244482089745
163,0.05365179149866353,0.8436804575741652,0.0331145692205189,0.009009399633627046,0.060543782073025465
164,0.17841423324143807,0.757749585923221,0.007509328620864211,0.01942143657634816,0.036905415638128596
165,0.028053703723441438,0.9070076725595451,0.048963961869992606,0.0020732786859595535,0.013901383161061367
166,0.010400693688639545,0.8486365094760367,0.13671980075202828,0.0008200689246969598,0.003422927158598499
167,0.029567049932233445,0.8641836813087445,0.08988996344001274,0.0023132211362100596,0.014046084182799162
168,0.026667869131045432,0.9022208463561989,0.054470737950820934,0.0033992259712534697,0.013241320590681121
169,0.010695417918111775,0.8079704559299297,0.1732671051511783,0.0033823997230816466,0.004684621277698508
170,0.011107250884905471,0.6434101414000453,0.3238478782984022,0.0027728889493807856,0.018861840467266182
171,0.02931950396540961,0.7654093791777158,0.16928313756563196,0.009984833597596967,0.026003145693645775
172,0.09845885800980296,0.4833370886811314,0.011633235978094016,0.024182830437004813,0.382387986893967
173,0.10700753332543685,0.7049602378257542,0.006314285298624086,0.1019164738058291,0.07980146974435576
174,0.12625162809216586,0.35301451205079104,0.0012005569818427544,0.4479400692491799,0.0715932336260204
175,0.0863664158663197,0.3849655416169306,0.0056564578832692764,0.09278705831271539,0.4302245263207649
176,0.1097636451606988,0.33890794629940263,0.0010729079903294492,0.24635643162422705,0.3038990689253421
177,0.09649388186187284,0.283213108477345,0.0007141012356175855,0.21524095888402495,0.4043379495411396
178,0.10603565777852024,0.23731500793182142,0.0006036853861545072,0.3435832969896355,0.3124623519138684
179,0.14232608758089701,0.1437805345803774,0.0004733633192194409,0.547126397204497,0.16629361731500916
180,0.10202691651008794,0.2500200075073715,0.0004023475931074484,0.6118561564558452,0.03569457193358784
181,0.11634134572303541,0.20184447067268507,0.0005975654427960771,0.5289247324166626,0.15229188574482083
182,0.08864531005454206,0.17963101490507885,9.071386298685302e-05,0.6972670719991443,0.03436588917824795
183,0.139870079940455,0.3130339196215147,0.00020457436982531272,0.4697162689120613,0.07717515715614377
184,0.17227504885421127,0.19646421334555433,9.50060941092246e-05,0.6113884183314969,0.019777313374628222
185,0.0670099733188217,0.6279588916816501,0.0016709008982031446,0.23364095313085298,0.06971928097047207
186,0.13642569281715344,0.14424323530655844,0.00023773245637641503,0.6257354591666429,0.09335788025326877
187,0.08974190628471239,0.050111040510571477,8.017681011864301e-05,0.8120036863933606,0.04806319000123694
188,0.10769540368704895,0.13641979632297566,0.00016905827102125953,0.7039653273598842,0.05175041435906992
189,0.09081525057663585,0.20307325903318196,0.00039862789985114914,0.42477505926834525,0.2809378032219859
190,0.03755097328779917,0.22152356619714836,0.0008573875099922927,0.6416297685249482,0.09843830448011186
191,0.02938790492210327,0.04084302851135724,0.0002447829065210562,0.8463034704652866,0.08322081319473171
192,0.03938994181790495,0.019179948462535085,6.103922635199576e-05,0.8518532168177513,0.08951585367545677
193,0.05758018652097321,0.03389592777237481,4.3467475116036116e-05,0.8539611558819867,0.05451926234954919
194,0.11855650339218828,0.02494789510618849,4.686566567427941e-05,0.8186327942328799,0.037815941603068996
195,0.21728090508307138,0.0511976456963026,7.011695554162485e-05,0.6711298530398689,0.06032147922521537
196,0.12110776860632068,0.028856523611787324,6.149916834919174e-05,0.6093030182497071,0.24067119036383575
197,0.2036920066396799,0.1719721610704328,0.0004360367424095352,0.422962350024819,0.20093744552265866
198,0.21713666163138493,0.2013015309280206,0.00022917862170824036,0.47157952383386625,0.10975310498501997
199,0.16967266281896803,0.035390282582863884,4.8456583287182746e-05,0.737004083247468,0.05788451476741271
200,0.10459621912725098,0.10106176888551589,0.00011545006480350607,0.6551939233860395,0.13903263853639017
201,0.17351952122511352,0.1285760579525576,0.00038196411624269683,0.5586191513467357,0.13890330535935055
202,0.04177931788405898,0.02626397609872277,0.0002255463889028909,0.057179580338012334,0.874551579290303
203,0.47225955093282834,0.18142326095534075,0.0001543421706207479,0.25127530184201263,0.09488754409919745
204,0.31934249384033636,0.13279522314699307,0.000278428554557207,0.19232799365648956,0.35525586080162375
205,0.3955410663213267,0.14378823526507017,0.00026741647053962335,0.06136893821535628,0.39903434372770713
206,0.23523864059648805,0.2163487854074909,0.0004175676403230912,0.26542053202752264,0.28257447432817534
207,0.16816601350160723,0.31254409988747794,0.0008149839760421174,0.21769110988698684,0.3007837927478859
208,0.29635075765639346,0.17484518715770955,0.000575659220896445,0.1153281971244147,0.4129001988405859
209,0.1486674209018144,0.45605940182153915,0.0031487955190338743,0.18825415258734488,0.2038702291702679
210,0.15145538282170173,0.39591130295511684,0.0015080254098443254,0.2954729181649305,0.15565237064840665
211,0.21488594195671543,0.3032463187895697,0.0008228840401968968,0.2699525029666945,0.21109235224682343
212,0.19878775704130344,0.2634531247309586,0.0007684988338482721,0.15691972411762697,0.38007089527626275
213,0.18673794853494902,0.577086322346077,0.002026282025983089,0.09399820223053956,0.14015124486245126
214,0.15201967890993484,0.6107359204165738,0.0006587561189356183,0.07829900092557199,0.15828664362898376
215,0.2816427304711707,0.44948411380093284,0.003990633667469393,0.19990599257509492,0.06497652948533215
216,0.184993143785429,0.39223191370928373,0.0016954379414109327,0.28095918556458116,0.14012031899929517
217,0.23148624825790412,0.4704972552149921,0.0008580342712523189,0.10053686480793578,0.1966215974479158
218,0.18778978370474583,0.5523693942429767,0.0038930122507754086,0.08830448301558566,0.1676433267859163
219,0.12524164116165754,0.7445883912533348,0.008601103576241104,0.0489475703124494,0.07262129369631717
220,0.44216280788080387,0.30167568503357584,0.000624106569501316,0.20713888021015697,0.048398520305961826
221,0.19923727956266377,0.5089594414486216,0.00523310839043498,0.06923878449429402,0.21733138610398564
222,0.18498293936104,0.6457520052168424,0.005334009124161006,0.02180152549290779,0.1421295208050489
223,0.14124072378764954,0.3446656908289877,0.0019661105893289186,0.14495393478416146,0.36717354000987246
224,0.037776581307073655,0.020893430950211952,0.0001953790512287633,0.009956187946557253,0.9311784207449284
225,0.24722496671364175,0.25600743027597916,0.0022362487072587,0.047414966830848,0.44711638747227256
226,0.49114486258235895,0.3385346747261072,0.0023015954338267883,0.028692510100928943,0.13932635715677794
227,0.15196088629532778,0.5852637161777009,0.0013964987927136433,0.0381118071414696,0.2232670915927881
228,0.44350050781415834,0.4111947906594448,0.00857476791821742,0.048411182788331085,0.08831875081984826
229,0.280219950499997,0.4764594018382375,0.00314260534273384,0.1383567081677632,0.10182133415126851
230,0.19181748475732335,0.7006497188738339,0.02026005760153319,0.02971147711293483,0.05756126165437478
231,0.168867562773773,0.7680466337698875,0.00706449721128687,0.0407350804852828,0.015286225759769807
232,0.15208768808633275,0.7933943445349932,0.008265735648266897,0.02772950062353536,0.018522731106872005
233,0.021839154495576038,0.9071246407390068,0.03484676180697895,0.026025242740396273,0.010164200218042027
234,0.08673862274163387,0.8741488292718891,0.018564676616374107,0.015059140865606632,0.005488730504496383
235,0.1127695776348879,0.812672875226308,0.03085405359727964,0.03240823773394593,0.011295255807578545
236,0.06685186699619894,0.8434607785063146,0.03462018312771511,0.044919534648406666,0.010147636721364697
237,0.01999798294838891,0.8530324821908596,0.10977712286620289,0.011255282367431467,0.005937129627117236
238,0.048912759972512126,0.8979922743350763,0.02270241698599421,0.015301720300160117,0.015090828406256907
239,0.007782804640996874,0.8474594072396392,0.12932120645306888,0.010396831462661453,0.005039750203633676
240,0.009062841274097058,0.9223637111734847,0.045211970837306964,0.010774761818203644,0.012586714896907747
241,0.009383376893589762,0.8951847305344074,0.08472396941709189,0.007105513315383472,0.003602409839527523
242,0.003901864982505088,0.6407473286946271,0.346272121448377,0.004982192658351222,0.0040964922161395596
243,0.050922071860552705,0.8314850846302264,0.10185650485467475,0.008369708030739925,0.007366630623806199
244,0.04575332674758011,0.7825854454809824,0.11669079675339081,0.04378544288288506,0.011184988135161666
245,0.0746379695595156,0.8791831788927,0.03479839413929931,0.007486110736381327,0.003894346672103659
246,0.009873769532434504,0.8630869645578434,0.1040820800510526,0.009650003678262936,0.013307182180406576
247,0.0414415127155294,0.8706466663064488,0.04779962042134025,0.027353185056440528,0.012759015500241258
248,0.009881541223401076,0.6700033472648833,0.30163728499510156,0.00979774182501074,0.00868008469160336
249,0.05651228805402525,0.8475974170664673,0.07379352295364487,0.01606459750535939,0.006032174420503028
250,0.024662185383154647,0.8845609093746001,0.07016869529775614,0.009276310912501966,0.01133189903198717
251,0.022030393668872886,0.8608062630341398,0.1017049566610224,0.0063855241633623055,0.009072862472602587
252,0.011248915850885841,0.7939152226367598,0.1872999426204414,0.00215104557102241,0.005384873320890447
253,0.01923404540698787,0.852262890845083,0.11780815445685529,0.0033345498515371576,0.007360359439536715
254,0.014559024490491802,0.901203233730453,0.07521452083148991,0.002932242522161892,0.006090978425403476
255,0.037288418557949114,0.7885169177254203,0.16482774575247897,0.0013798319935680809,0.007987085970583488
256,0.00954666349984324,0.8553603095974001,0.12815354182386693,0.0016602824883648754,0.005279202590524867
257,0.005558472413768799,0.803074504037218,0.1845687749462198,0.001271563577936585,0.005526685024856823
258,0.0036550767919195817,0.7338870609388854,0.25459247129690615,0.0007794578155314208,0.007085933156757514
259,0.011796046599633793,0.7536187635005991,0.23054376411890984,0.0006330478436744625,0.0034083779371827413
260,0.012951843853036295,0.8670071952469409,0.11341623204072583,0.0012871970171185547,0.005337531842178422
261,0.004141282877641797,0.6543312112206223,0.3334185568864878,0.001519804827910241,0.006589144187337867
262,0.0031400232428805044,0.4843517997327483,0.5101993992397104,0.0005944398763223517,0.0017143379083384915
263,0.007326212235255815,0.4601573729933842,0.5288050110901708,0.0011684777841550237,0.002542925897034148
264,0.0008193208517790011,0.26957590110994756,0.727517028235551,0.0005693841633668367,0.0015183656393555043
265,0.00464762154029432,0.533138385738439,0.46034626600576034,0.0007067120049558364,0.0011610147105504264
266,0.0012370318983138421,0.431480852915142,0.5642109313319086,0.0007138310230435306,0.0023573528315921012
267,0.007299817590023349,0.6793062417288293,0.3101951502600204,0.0009026612983072737,0.002296129122819641
268,0.009934971970529883,0.48965424559085874,0.495360176441748,0.00189846272092811,0.003152143275935244
269,0.002716458692514698,0.2983217195132913,0.6933254411300224,0.0013982486592961653,0.004238132004875519
270,0.006102319881084244,0.5219946648423285,0.4664351251577606,0.001777632918509231,0.0036902572003173076
271,0.0007256128177476445,0.2149320245305445,0.7827276529497987,0.00042716128751255945,0.0011875484143964415
272,0.0020515594384251934,0.13932019535245982,0.8563291127841599,0.0007527360042771928,0.0015463964206779766
273,0.004135207411840761,0.44561901454163827,0.5465464509680679,0.0011205909029703138,0.0025787361754827207
274,0.0015648530017553376,0.18366812353503462,0.8127584830199259,0.0005729871406889834,0.001435553302595104
275,0.0051531898633909385,0.2115757503039768,0.7797355875330673,0.0011234859442720228,0.0024119863552928772
276,0.0011610509376004108,0.24997617130030997,0.7472810848765881,0.0005905676784330549,0.0009911252070686164
277,0.0023410545561848247,0.15303338802147742,0.8402979497550412,0.0014206343379096484,0.002906973329386807
278,0.00042444262724983196,0.17879855901415867,0.8199326077535921,0.0003047162782307525,0.000539674326768403
279,0.0014475823468470352,0.1625918058883115,0.8350635831289602,0.0003121319338249316,0.0005848967020561758
280,0.0011454478345250547,0.16381757629795612,0.8334432867704934,0.0004355051386446842,0.0011581839583808848
281,0.0014752704535138021,0.19331041624406087,0.8040091656076601,0.00036058735131559933,0.0008445603434495306
282,0.0008594066245379634,0.11815346933790363,0.8801695243407404,0.00024503975249681986,0.0005725599443215048
283,0.0036170264916601702,0.24422209305182876,0.750974887848769,0.0004207942575033553,0.0007651983502388833
284,0.002926809455438399,0.17645361421609343,0.8189718559880551,0.0006804226292278299,0.0009672977111853009
285,0.00026849581429935147,0.04963777356053125,0.9494052156055609,0.00024633511415000946,0.00044217990545850045
286,0.0022172914209838642,0.11260750710651826,0.8838584638636076,0.00044064712957419513,0.0008760904793161766
287,0.0004066910534654429,0.09564814321376884,0.9030899919205648,0.0002901015592154373,0.0005650722529854119
288,0.00039754875992184746,0.030824852471205772,0.968114052940069,0.00018548002007149288,0.0004780658087317701
289,0.001665842667585675,0.08726685703069757,0.9098364049826262,0.0005275797836183592,0.0007033155354721804
290,0.0005821752375628183,0.11926386595102753,0.8782210272124309,0.0004182986641913515,0.0015146329347874507
291,0.0006036595080968818,0.052372046925930116,0.9462839604227871,0.00019093455047980825,0.0005493985927060531
292,0.0027154376619862516,0.12374610033361283,0.872474218821798,0.00025492454652655883,0.0008093186360764555
293,0.0016594543804792628,0.20667887415437622,0.7903438430006069,0.00034091807133110455,0.0009769103932064842
294,0.00033477154325005696,0.03498751952571096,0.9642125898238986,0.00017030423524527495,0.0002948148718951772
295,0.0016208689582530797,0.08564985992506932,0.9114055695436464,0.00037792958978441325,0.0009457719832468905
296,0.003668812284036623,0.17158995376469574,0.8231878905758793,0.0005064333661793151,0.0010469100092090468
297,0.000560342955923602,0.03271363739303664,0.966062832497083,0.00013333297297036425,0.0005298541809865157
298,0.0012561085010562073,0.08991179630638084,0.9080566324428412,0.0002004302053687382,0.000575032544353141
299,0.0004260248520011021,0.04846495087361273,0.950442382704087,0.00012685049125397258,0.000539791079045161
300,0.007501932875743673,0.25315961592868225,0.7356209194421892,0.0014785483888037564,0.0022389833645810636
301,0.0003398291962832874,0.07802316230097611,0.9207948096298216,0.00024434566012897284,0.0005978532127902485
302,0.001730434746142788,0.10004361028201574,0.8962758590679161,0.0007199071634791039,0.0012301887404461889
303,0.0006686751924774651,0.08347373115814512,0.9151389004714886,0.00015782504284472397,0.0005608681350439803
304,0.0025983228475690303,0.14836796527431914,0.846949171816183,0.0007532224344481635,0.0013313176274807174
305,0.0006861364974844667,0.1217131216389576,0.8767038028005134,0.0002739724472255984,0.0006229666158189748
306,0.001023822668944152,0.2766724833919605,0.7203892619592244,0.0005241723747771715,0.0013902596050938216
307,0.00033864677989110293,0.05863456308715946,0.9404172285714393,0.00018074112830886795,0.0004288204332011666
308,0.0014037390210333333,0.08583279667511388,0.9112727530831289,0.0005085986118929064,0.000982112608830908
309,0.001819638209967333,0.12309813662707836,0.8739468910750062,0.00032738482382058305,0.0008079492641275728
310,0.001368308458693304,0.10882774744034751,0.8885707806819854,0.0004139407429444251,0.0008192226760295086
311,0.0012987601580458578,0.0650392264890069,0.9326535339624767,0.00030820313370477577,0.0007002762567658388
312,0.003110021118637115,0.15815795667236632,0.8367960691245308,0.000625815593142661,0.0013101374913230238
313,0.0009968374706106997,0.07695514010443494,0.9209876335250585,0.00040035038715612086,0.0006600385127398695
314,0.002378388324847665,0.0991901969990266,0.8965038068458756,0.0005413705406893738,0.0013862372895606413
315,0.0008862090937072374,0.15803911836975548,0.8395776102273902,0.0002812719177769131,0.0012157903913701449
316,0.001959049907289645,0.3844322898594543,0.6114478078574664,0.0005465058479404222,0.001614346527849174
317,0.0002476749751690568,0.05746069093437792,0.9415946309493436,0.00018207476825284638,0.0005149283728565411
318,0.0014332172628336991,0.13466443163538658,0.862753163905367,0.0004749454249880565,0.0006742417714246658
319,0.002257242467306353,0.1300895153497636,0.8655022799116603,0.000582815226833018,0.001568147044436535
320,0.0010131728214670334,0.08437658001583727,0.9132675560017885,0.0005316804056038687,0.0008110107553032703
321,0.0010263779171547957,0.1005808884325387,0.8972894423026282,0.0003805574521037196,0.0007227338955747346
322,0.0008251211962755132,0.04759053924446591,0.9503640672147933,0.00036152680896572387,0.0008587455354995501
323,0.0014574181841163043,0.0820517976054071,0.9144102702121929,0.0006787659046522922,0.0014017480936312726
324,0.0003851022494679502,0.03698795803258422,0.9621667548629035,0.00010593883750962583,0.00035424601753470135
325,0.0006971735821930792,0.1303371067791845,0.8683387293323802,0.00015385394387347826,0.00047313636236878025
326,0.0003825461962821702,0.018906936122904006,0.9802521782905572,0.00012928403195779735,0.00032905535829897645
327,0.002923684681283528,0.1906588825387203,0.8044692423272864,0.0006781162890684427,0.0012700741636412763
328,0.00036962813831433453,0.08798143493495361,0.9112062343178821,0.00012695404185913883,0.0003157485669908945
329,0.002544225295247191,0.12285535610291738,0.8723509027132167,0.0009669611357098997,0.0012825547529089272
330,0.0038624780457634897,0.19134567416965031,0.8008288301229856,0.0011831859971069602,0.002779831664493782
331,0.0010806189130647124,0.08243583408193739,0.9147919204714561,0.0007535777838649058,0.0009380487496772415
332,0.0039398557208663665,0.1711504948866833,0.820977649529442,0.0010509567063843783,0.002881043156623917
333,0.001446116901412591,0.05875413052876415,0.9382086763205949,0.0005623416509299395,0.0010287345982983908
334,0.001026726459268315,0.09692687066511987,0.8999988780577585,0.0006430223453695561,0.001404502472483796
335,0.006341614823340468,0.18379799943292124,0.8047881772199015,0.0014278328778619496,0.003644375645974873
336,0.010429764044319686,0.5825388447853422,0.4024466266169402,0.0016125385493967023,0.002972226004001251
337,0.0013152554614196412,0.19565127055739023,0.800677904483325,0.0010579520313801342,0.001297617466484972
338,0.003226205252506238,0.21505787489426625,0.7790595194758959,0.0013102814010401437,0.0013461189762913241
339,0.0029938149470378995,0.18158404876739884,0.8120988647200733,0.0017664262385003906,0.0015568453269894627
340,0.013905455755282741,0.618006985162004,0.339314868978413,0.01888709874363331,0.009885591360666975
341,0.013875070340167082,0.5904510173037046,0.3626461756392034,0.022054581337756275,0.010973155379168726
342,0.005945902392909658,0.17951870909954903,0.7747722285922847,0.022630277593894712,0.017132882321362057
343,0.07548242796250446,0.26062173053189497,0.22747095847351434,0.08523381914395448,0.3511910638881318
344,0.17655352834410487,0.6117859208099096,0.015549086817453197,0.14497709961037022,0.051134364418162076
345,0.18060705332821372,0.42753147249785917,0.17238305807013662,0.1371040063665717,0.08237440973721889
346,0.3798172030850234,0.22602589765374345,0.04163177382106929,0.13726581172077507,0.21525931371938886
347,0.24513669832141433,0.40820870657947755,0.10066810902766427,0.17229262311220167,0.0736938629592421
348,0.2589557585137997,0.47978824392824343,0.08563452589264889,0.09814843903988589,0.07747303262542206
349,0.05916939544446192,0.17341929294117306,0.01806983288302413,0.033369499487081136,0.7159719792442597
350,0.39373840229819534,0.31684041641119276,0.01623993481953111,0.04507520235594789,0.228106044115133
351,0.2751652078636757,0.592024536723565,0.011302936792639983,0.01592382976895316,0.1055834888511663
352,0.4351525392085163,0.47056777285371826,0.003966381841368289,0.01756989437953723,0.07274341171685982
353,0.37480163023700186,0.5554630396357955,0.007570307437276932,0.016345057043424545,0.045819965646501225
354,0.24287055721396925,0.6434033460675828,0.03932739394657772,0.016745098384067993,0.057653604387802274
355,0.33231535185547184,0.4633445379458961,0.022432863945075043,0.015527343894423593,0.1663799023591335
356,0.01156729149878696,0.023443840859950407,0.006542705592915472,0.001365356196771517,0.9570808058515756
357,0.2503526848775921,0.19471926580986856,0.004119748006494611,0.009517774160589163,0.5412905271454556
358,0.2378421367071023,0.6080193063639161,0.012834951169574881,0.01136345518245422,0.12994015057695252
359,0.38680634725452717,0.47002162908824735,0.015961398353845777,0.008921835753720386,0.11828878954965935
360,0.24033465295567147,0.6468704641803428,0.060895006463141374,0.02264862861235503,0.029251247788489417
361,0.02126790861181266,0.7195686429722744,0.2024579932746946,0.03223101904145416,0.02447443609976419
362,0.23525899892589502,0.5939016341702289,0.021769861354058277,0.08084164004426629,0.0682278655055517
363,0.1698487846513309,0.7350869134944507,0.012921422846586766,0.046839211383519534,0.0353036676241122
364,0.2131527235613083,0.7114567109093854,0.018200620021711866,0.03412416074701398,0.023065784760580493
365,0.19023089330252088,0.6595237921387855,0.019247536948925503,0.06724422701381641,0.0637535505959515
366,0.121850056822319,0.7328617754281291,0.03402518654359714,0.06261520855533345,0.04864777265062122
367,0.06819604528727329,0.75496817555857,0.0723187712811911,0.05503961686689029,0.049477391006075545
368,0.17942252683825535,0.5814376770642099,0.014908530407189795,0.16941876939921913,0.054812496291125876
369,0.008594668003112184,0.7657892897453149,0.19484528111144334,0.022697906666631733,0.008072854473497777
370,0.15085932948666295,0.45796961187565993,0.0014505102773191725,0.22370263602780108,0.16601791233255694
371,0.06752278098061733,0.242977942069311,0.0006947324732451809,0.6661202786435807,0.0226842658332458
372,0.04152581422809149,0.07873620717317248,0.00017211609082300495,0.8616386142377658,0.017927248270147193
373,0.028932120978548838,0.027152094807731193,2.1876589092112156e-05,0.9364225615696824,0.007471346054945458
374,0.06326981831707376,0.04049975403855516,4.5218364193042274e-05,0.8874552143481222,0.008729994932055922
375,0.05789195165763862,0.024916600647785846,2.239746932101015e-05,0.8975858099214508,0.019583240303803883
