epoch,N1,N2,N3,R,W
0,0.008013710002911798,0.002368420495090283,2.5325376189228344e-05,0.0029638079732516,0.986628736152557
1,0.014596695087204174,0.007012201224407272,5.8579285580208776e-05,0.0033067541175629198,0.9750257702852454
2,0.009498941459065255,0.0033334512138367056,5.5153389913144766e-05,0.0024507316128054607,0.9846617223243794
3,0.008865362318897759,0.002879633301510183,5.0803234624648975e-05,0.001936543952498637,0.9862676571924688
4,0.01040893696128119,0.002649939416457984,4.764374860273019e-05,0.0016812984480980937,0.98521218142556
5,0.007507343361839596,0.0016369449388651206,2.086700478409627e-05,0.0011431693552164787,0.9896916753392947
6,0.08881871904220222,0.016455493380876804,0.00016131034580053023,0.002853140035647854,0.8917113371954727
7,0.08520944443663288,0.022062113751070696,0.00021537252864199484,0.005026186934464365,0.8874868823491902
8,0.10660297808466784,0.0518553344878228,0.00036595665320982777,0.02117640968985152,0.819999321084448
9,0.018246968292906104,0.02108041565688195,0.0002672124248793695,0.002732347352109036,0.9576730562732234
10,0.011515319862975482,0.01396349230925619,0.00020316110269762332,0.002743711316784993,0.9715743154082856
11,0.03201893738564724,0.016489361689435687,0.0002905615213977541,0.002465629905467957,0.9487355094980513
12,0.04183282660349905,0.018681856309422838,0.00025792520171361597,0.003201025241936913,0.9360263666434276
13,0.13503667976108932,0.09757085737986701,0.0007197529987655662,0.019794327086790124,0.746878382773488
14,0.26239641763718424,0.12451082734078713,0.001150971795440679,0.0620505151943523,0.5498912680322356
15,0.1268799068784262,0.15511488826568004,0.0017911590365525666,0.04380396527760714,0.672410080541734
16,0.06312653597247372,0.12251701266849702,0.000999810161190288,0.013353497067411338,0.8000031441304276
17,0.07934233066680492,0.14865433747217988,0.002343837775771603,0.018494215248885854,0.7511652788363578
18,0.1152206780989421,0.4440130981436415,0.008892889243911024,0.010318691121354338,0.42155464339215104
19,0.10884321815016827,0.7368506800435023,0.015922016958204874,0.0035113158099461775,0.13487276903817855
20,0.07576992934751166,0.6945551851028161,0.02463078704981028,0.002435932560268418,0.2026081659395935
21,0.13450813912286336,0.19830563408110446,0.005208979119119814,0.0024616289346946897,0.6595156187422176
22,0.14738902176338717,0.6633860678278648,0.051767778512691126,0.00034040571739842393,0.13711672617865864
23,0.034090573043428794,0.9164803681879982,0.036411132922118,9.228121069246884e-05,0.012925644635762536
24,0.0645358984005525,0.8113670078506143,0.09151643752449141,0.0002748509660623427,0.032305805258279405
25,0.025961884751093667,0.8579956504171693,0.09590686503740771,0.0002376084539034514,0.019897991340425816
26,0.006600030714763266,0.7515436779580348,0.2294653924921947,0.00014562421089909331,0.012245274624108132
27,0.004211982692318343,0.6212526849027694,0.3601358484218168,0.000267811349745718,0.014131672633349869
28,0.0024299896394777186,0.49231794898428394,0.49386898237088683,7.1110573488701e-05,0.011311968431862916
29,0.0021306450020914503,0.47799082410259175,0.5088879931109889,5.6762677157951975e-05,0.010933775107170045
30,0.00268191992453204,0.42957704739393937,0.5579352085560293,0.000102284173963953,0.009703539951535348
31,0.0014677177839056124,0.4635234657796817,0.5268664085805284,2.246452667481817e-05,0.008119943329209551
32,0.001031032822998806,0.41653728740934864,0.5751988116784982,1.8173529555413504e-05,0.007214694559598872
33,0.0023308477487914234,0.539838233218889,0.4454960929267527,6.950435394997602e-05,0.012265321751616955
34,0.0007271112795108405,0.5896411663871416,0.40525464140269296,3.908491737065452e-05,0.004337996013283947
35,0.0008297944636577862,0.49059126780329915,0.5033778714917073,3.650153759890305e-05,0.00516456470373682
36,0.0011539207670229123,0.5097295281020877,0.48260484828577455,4.107356795696818e-05,0.0064706292771579835
37,0.006347580111753911,0.6532065732259595,0.32772208442169226,0.0006757827656982275,0.01204797947489604
38,0.006314779739154518,0.7021573681717239,0.2621710487614078,0.0003776074459640466,0.028979195881749666
39,0.03020289137813668,0.3215248279614367,0.15828218322797827,0.001023384884232392,0.48896671254821594
40,0.07516510307901711,0.01579026310435849,0.0005344498104723527,0.01840521333632663,0.8901049706698255
41,0.02579784102327106,0.01164718671606525,0.000360010536137166,0.0035674908806318977,0.9586274708438947
42,0.3111664090934521,0.08962346463756943,0.001029381538417426,0.004149204529827688,0.5940315402007333
43,0.14174908061046285,0.024963752307464237,0.00011591132454813519,0.01295081320787028,0.8202204425496544
44,0.10681012123960042,0.021607198879716617,9.73648148443698e-05,0.006758799517275015,0.8647265155485636
45,0.019552044061594585,0.004983184956010246,0.00023984573268078082,0.0004970747754335759,0.9747278504742808
46,0.007463069848571861,0.003956585700911592,0.00039147762995100064,0.00033517791208334335,0.9878536889084821
47,0.005272312610495578,0.0033203181235834742,0.0010414003086327084,0.00014846843884450608,0.9902175005184437
48,0.003921036455806433,0.0022675827190183134,0.0001769219174173067,8.963201534298933e-05,0.9935448268924149
49,0.005404840827205791,0.0019474921088629925,0.00023951860628129487,0.00023781522825274312,0.9921703332293972
50,0.05338511365172903,0.0027031244497441624,5.497204098360465e-05,0.0035484373625055787,0.9403083524950375
51,0.10730042949601866,0.007641949753624651,7.13764705858906e-05,0.003954835348204184,0.8810314089315666
52,0.20858522538297714,0.11099127603962779,0.0026708150692917303,0.013412509503143596,0.6643401740049598
53,0.23818585771536627,0.11458420751744458,0.0004333110372256011,0.015672533871741747,0.6311240898582218
54,0.24253948530462743,0.42420787096044277,0.00134750327577618,0.02490920454021482,0.30699593591893887
55,0.08368486636941154,0.13408173257035277,0.00047521696373842466,0.012119919209987494,0.7696382648865098
56,0.15445299498295062,0.050771835915314825,0.00011141185730373162,0.024851136577606774,0.7698126206668241
57,0.0856308260832773,0.025042792838260348,4.340687266428643e-05,0.015378015527376662,0.8739049586784214
58,0.14142582278337598,0.03167464753768704,4.0451307554600524e-05,0.0227096086832019,0.8041494696881805
59,0.08207474628764816,0.06528548426766065,0.00014705219288241184,0.005639534074678148,0.8468531831771307
60,0.0969040435470175,0.015211523510912367,6.739975129504573e-05,0.005826827646269727,0.8819902055445054
61,0.2526069283603632,0.0792085844481394,0.000335724909773694,0.034407421065098406,0.6334413412166252
62,0.22264704185634565,0.05333815931902816,0.00023877679604602029,0.032483263446632944,0.6912927585819472
63,0.03540520094109097,0.01346344086617085,4.24231094626137e-05,0.0038597634436278905,0.9472291716396478
64,0.23886316766478652,0.03498456028387769,0.0002519871090742276,0.04091697616656502,0.6849833087756966
65,0.22107405650528497,0.07337078367154577,0.00015057353276049526,0.028732359746046553,0.6766722265443622
66,0.4071457383108358,0.11718563083009469,0.00018117422996428677,0.15849791096251067,0.3169895456665947
67,0.11172566240688893,0.04043070203525449,8.073320444096328e-05,0.08932220070670004,0.7584407016467156
68,0.2369127260866305,0.1151544819513392,0.00021085239020287086,0.292219080628481,0.3555028589433464
69,0.16514756305143924,0.08676675028080526,0.00012214483056339554,0.07807036377380398,0.669893178063388
70,0.30803420247774926,0.13162227876662103,0.00056573559767989,0.07633142310487404,0.4834463600530756
71,0.2708633001432863,0.08622160967062321,0.00041701500044419933,0.04695089442135987,0.5955471807642864
72,0.29120638568959706,0.37518444424490976,0.0011459177926528145,0.04481948995446122,0.2876437623183792
73,0.13279551703293013,0.22483506879771578,0.0013510523814939752,0.031800512379493016,0.6092178494083672
74,0.05100246000545624,0.02177300065168087,0.0002746223208454849,0.006127242724524011,0.9208226742974934
75,0.042512726241015014,0.030267479957741848,7.880831922357621e-05,0.004396755921859497,0.9227442295601601
76,0.06314701562101824,0.011924405302683483,0.00011195591456950487,0.002545696013907892,0.9222709271478208
77,0.03281801260471889,0.008438270004370472,0.002021053765721185,0.0013261833572890483,0.9553964802679005
78,0.06573193133739724,0.005473766847927302,4.537205222574941e-05,0.0014289059261052624,0.9273200238363445
79,0.03228671931433144,0.01336139833428012,0.0001488306144914127,0.0004794435448951611,0.953723608192002
80,0.07891174276147703,0.00724724070851461,6.304284907854506e-05,0.006315044716500932,0.9074629289644288
81,0.017089305174602727,0.004887158287847181,5.078966414577055e-05,0.001312144344290777,0.9766606025291135
82,0.09374716063444376,0.006139406236406548,5.97030526829137e-05,0.00463792947059237,0.8954158006058744
83,0.0452854336742912,0.008974731538386592,9.710078243865623e-05,0.008213659574541687,0.937429074430342
84,0.09345246550989036,0.022220124665199122,0.00012969666134929092,0.028050055669911932,0.8561476574936493
85,0.050598449928595,0.009655960477453464,3.020552259507848e-05,0.019683308945992586,0.9200320751253638
86,0.05245257646052183,0.009081768058135825,7.617787848233963e-05,0.018035091422106204,0.9203543861807538
87,0.04233028479819882,0.008698468392511267,0.00019684097437509392,0.012109234799598606,0.9366651710353162
88,0.04659907456679794,0.01060418593051397,0.0002490937637803144,0.012804200625312106,0.9297434451135957
89,0.02502285075025022,0.00753969723321909,0.000132246417137734,0.024747482493432355,0.9425577231059606
90,0.044994723754818826,0.005729676309419723,0.00010669319928474625,0.021146349125155568,0.928022557611321
91,0.0639881102826345,0.01615194082591357,0.00015457182313224454,0.0559268433309825,0.8637785337373372
92,0.13695171412493287,0.054425181854336084,0.0005667420496495777,0.2818492809251899,0.5262070810458915
93,0.04034130546921856,0.02982320576483472,0.00043371211419976374,0.09685417227655359,0.8325476043751934
94,0.06100046707519105,0.12074966246912823,0.001905160929419753,0.28888043454113005,0.5274642749851308
95,0.01195834220106684,0.0077761830960867235,0.00012756942600733757,0.05307796474986235,0.9270599405269768
96,0.12349768105444042,0.07743789867386056,0.001745101191065187,0.1467503139793255,0.6505690051013084
97,0.1000592442500387,0.1724149269497439,0.004376302497813754,0.24434548538915676,0.47880404091324696
98,0.012120734461630643,0.016588539477984405,0.001766041729174562,0.006207452510247019,0.9633172318209634
99,0.009825024392766132,0.006188195609264004,0.0001929406552055999,0.020475243090680828,0.9633185962520834
100,0.017632250869803728,0.003351053023620929,6.819994293977902e-05,0.009848168447723134,0.9691003277159125
101,0.10685428889664615,0.030851078491707793,0.0005387656982268997,0.03539018561802124,0.8263656812953979
102,0.060604981583836204,0.020969810418045066,0.0003629339855988522,0.011410178113586219,0.9066520958989337
103,0.03712076373508676,0.01859435112242214,0.0004597428383155628,0.012069174920939984,0.9317559673832355
104,0.03321658032211336,0.009007206105147478,0.00015237464532446947,0.01210003408827396,0.9455238048391408
105,0.01931981801834525,0.004584221872248777,0.00011235657435221965,0.004658176549323568,0.9713254269857302
106,0.011621070274804513,0.004251057488512995,7.74262638316421e-05,0.003676137792088612,0.9803743081807623
107,0.013684202905906216,0.0038468327497696085,0.00010707664363170615,0.002907880281090682,0.9794540074196018
108,0.016321323600593195,0.0024316983850318297,5.457414705522744e-05,0.002427575359256667,0.9787648285080631
109,0.04165443925309094,0.005191227653082855,4.765289546900982e-05,0.0026316472696586027,0.9504750329286987
110,0.042421776182918945,0.007774965475603734,7.768184041221912e-05,0.004655908888317427,0.9450696676127477
111,0.34047814400237264,0.05337218017964424,0.0008383637069186763,0.04665199188258807,0.5586593202284763
112,0.0255637079816444,0.005133906038143238,0.00011246605612753787,0.0069967785233203805,0.9621931414007644
113,0.017341154433284014,0.0020119380244163405,3.330287973939507e-05,0.0012816852059419472,0.9793319194566183
114,0.031565673856577915,0.005030666327150697,3.649969334432994e-05,0.0022935479688081925,0.9610736121541189
115,0.02646959691972073,0.003366706968124634,3.304102145443388e-05,0.002142467437805466,0.9679881876528948
116,0.49756493093650495,0.0362960316860589,0.00020575870460208764,0.02145298604690983,0.44448029262592426
117,0.19635678273634335,0.044074807683231104,0.0003611265990970538,0.03121160553454765,0.7279956774467808
118,0.22844927135274404,0.05483078834433297,0.00042233401239727723,0.048969689150978796,0.667327917139547
119,0.34932946655653396,0.09017548844592678,0.00014693697420261776,0.03200638811319973,0.5283417199101369
120,0.39139740481050395,0.09864458641001168,0.0002488954706745673,0.015042282652444519,0.4946668306563653
121,0.5580405659109182,0.30852282034454753,0.001398438805119143,0.033389459355426365,0.0986487155839887
122,0.3246534058729551,0.5397452229584108,0.006002297771946525,0.035186100221128565,0.09441297317555908
123,0.14088128060284913,0.7698244194758221,0.03232856060839857,0.014392591406884528,0.04257314790604566
124,0.04320257813335226,0.8857686069413844,0.044518702737873804,0.015018537087763243,0.011491575099626523
125,0.02640699618295418,0.9213034587769245,0.03542010815916478,0.006654630579581044,0.010214806301375586
126,0.035529265774944044,0.10650593892569926,0.005094124749811555,0.012201657007956572,0.8406690135415886
127,0.008175057543959635,0.016879879357599475,0.0026873904556964606,0.0004095340027577651,0.9718481386399866
128,0.010039818914663278,0.011908906526217023,0.0002171940944048672,0.0008735205190593948,0.9769605599456553
129,0.012509957763450853,0.012429212993442984,0.004531374734046641,0.0005406888931093688,0.9699887656159503
130,0.009115712194181527,0.0017492804588601315,2.891198402572079e-05,0.001194441569947987,0.9879116537929845
131,0.01648436152274058,0.001737853414195836,4.732276504807594e-05,0.0017389661836977755,0.9799914961143177
132,0.0037340093467318784,0.0020234428790935704,5.1982249580493064e-05,0.0007744641109477679,0.9934161014136463
133,0.01663633410036604,0.0035566603042314917,3.682426773735085e-05,0.001626970630622223,0.9781432106970429
134,0.021857147583979296,0.011264056764320813,0.00012521622080741254,0.003011967453365802,0.9637416119775266
135,0.05311867174269406,0.007653391182474637,0.00022078426116623146,0.010813893575859003,0.928193259237806
136,0.011077576139651714,0.006557726057614009,0.00015690545859836768,0.0012837766367227845,0.9809240157074132
137,0.026356018757563653,0.005440786846560034,5.08732826487911e-05,0.0019445302808377889,0.9662077908323897
138,0.03990797841411238,0.004096250461652265,2.8605950464747117e-05,0.0031251143838744947,0.952842050789896
139,0.03648224847389154,0.008604042837740857,0.0004507330524776089,0.006607688191480912,0.9478552874444091
140,0.03659642103165905,0.0013972695546802412,1.1598846955689196e-05,0.00208955534330185,0.9599051552234031
141,0.04367954341369709,0.004248018654433719,2.712256350115719e-05,0.01032686965382531,0.9417184457145428
142,0.08704688392914006,0.009201325578971341,4.673941597028808e-05,0.01420131662517211,0.8895037344507462
143,0.0835644896657171,0.018426162180218485,3.479823317932696e-05,0.006922097959722554,0.8910524519611625
144,0.006092465438512392,0.002642592695932395,9.422115990269905e-06,0.0024144528753524386,0.9888410668742126
145,0.05412571261298504,0.008244477434938684,5.3140407974655364e-05,0.008439760517268705,0.9291369090268329
146,0.03466522293041191,0.007220164917468901,6.797990414457715e-05,0.02099519845344756,0.9370514337945272
147,0.014794489167855987,0.0025498367347900897,1.4984213843113387e-05,0.009115914734161339,0.9735247751493493
148,0.026012197364153267,0.0026874119432208805,2.927725099720005e-05,0.00888995686359201,0.9623811565780366
149,0.03575097008788536,0.010710823726169981,0.000267715312338237,0.00477015847769163,0.9485003323959149
150,0.027124216384872675,0.002938515983120191,5.859001936035488e-05,0.0021236981964303466,0.9677549794162165
151,0.006089313582305603,0.0016045261084935579,0.00010703711823985604,0.00016438682022361348,0.9920347363707372
152,0.02619676950930675,0.002449051956587399,2.7288788748227983e-05,0.0017383519631248956,0.9695885377822328
153,0.07576358808382276,0.005408592062079687,1.751667830167947e-05,0.007271848049301743,0.911538455126494
154,0.017564514302313223,0.002645071276750136,7.910422242819284e-06,0.004681796701172394,0.9751007072975214
155,0.020578177948212435,0.004772564236887867,0.00011752948753343793,0.004285057694014097,0.9702466706333521
156,0.02299730224853899,0.003820508639942921,0.00013993614626286343,0.0025425638724007166,0.9704996890928546
157,0.04243863119201601,0.0037928975113638826,7.258020307334032e-05,0.00488505024204566,0.948810840851501
158,0.014733015262447295,0.002389040139003642,4.148006406262926e-05,0.002097578095082671,0.9807388864394038
159,0.13485198798735573,0.010257761879334342,6.808102685702515e-05,0.010028620900128148,0.8447935482063249
160,0.14134624964697654,0.01027185860631565,5.084168947309877e-05,0.02884686049181041,0.8194841895654243
161,0.14938535959978283,0.017090468328519046,7.021395017163664e-05,0.04420650322409553,0.7892474548974311
162,0.0076457091265210286,0.00274957361022782,0.0037815730785513823,0.0017977944969705538,0.9840253496877291
163,0.022982120178992222,0.005183369199122564,0.00011948135701340489,0.003030613225925879,0.968684416038946
164,0.03612286169583004,0.0026986888051088735,3.256525987221659e-05,0.004835108208355268,0.9563107760308336
165,0.05054965193174911,0.002195679923216371,6.607581380552117e-05,0.004109265957018679,0.9430793263742103
166,0.16070813386811322,0.008778563465295076,1.2716045726583273e-05,0.0066945572335013115,0.8238060293873638
167,0.1714209844521517,0.011638849252399183,1.6651612103441047e-05,0.014479919113813765,0.8024435955695319
168,0.2938288791713827,0.017511995170894263,3.4306244438626587e-05,0.04730802439365182,0.6413167950196327
169,0.1188082932135876,0.03770062030179004,0.00016918262952574523,0.04924398066538025,0.7940779231897164
170,0.05728265435000923,0.031722818480102735,3.8283168572912186e-05,0.027321185330516348,0.8836350586707988
171,0.10634465211770075,0.010394530161301123,2.2761994786643656e-05,0.0514981331209408,0.8317399226052707
172,0.2837912300198333,0.03595952432160737,6.824101747525609e-05,0.10341359416163144,0.5767674104794527
173,0.20333545240409484,0.05211018412249695,0.00014228485012998814,0.17283952806880537,0.5715725505544729
174,0.15008410806305297,0.05713088212038872,0.00030982373518550913,0.32446559482066584,0.4680095912607069
175,0.1383149521783128,0.03372194678529224,0.00013793887040069525,0.21728582829537807,0.6105393338706162
176,0.1677692650147605,0.04970930647931073,0.00024013548545895734,0.49177846629633,0.2905028267241399
177,0.14450316538953542,0.022453570346018407,0.0001686862657033624,0.20278472858589827,0.6300898494128445
178,0.13795156084437224,0.018908527128597027,5.287031071217617e-05,0.15403214506914603,0.6890548966471725
179,0.14569027357914796,0.010384519657587367,4.6970824445392854e-05,0.23233280481155963,0.6115454311272597
180,0.11800576129734237,0.010997096808486437,5.1408966302220884e-05,0.25151664833157744,0.6194290845962916
181,0.2758933624208662,0.030265911505639242,0.00016868104131410658,0.38175917359714384,0.31191287143503665
182,0.1731203174080014,0.02406442372787899,0.00017828431769801965,0.43160812489927075,0.3710288496471508
183,0.09248732639214934,0.09097391184127912,0.00026128331792259056,0.6471627695206209,0.16911470892802802
184,0.03825898252003763,0.018585871201672932,5.581165482768014e-05,0.2712315697153653,0.6718677649080965
185,0.04128641669992953,0.00832850625960414,2.31190249421223e-05,0.0973822433559029,0.8529797146596212
186,0.017715769536745047,0.008643234893438732,2.5321665367607453e-05,0.03508923733057858,0.9385264365738699
187,0.2797685027895873,0.020413705849809997,7.915347542600369e-05,0.12601815905318545,0.5737204788319913
188,0.15723857785097717,0.02063215504949503,9.708937240153816e-05,0.0896961002477251,0.7323360774794012
189,0.09770271526132517,0.014427045107819676,3.627737987690585e-05,0.10606159796633198,0.7817723642846464
190,0.2376074572272046,0.02288743662301979,5.549773727645853e-05,0.2850994306669125,0.45435017774558667
191,0.06039418562151631,0.02573446535394345,9.756383289004849e-05,0.13038145144032842,0.7833923337513219
192,0.08745200191674435,0.016966389152617542,4.3300973330341986e-05,0.16013841441610122,0.7353998935412066
193,0.09477580998251509,0.012155413881068975,2.3058317432007497e-05,0.1505647478507942,0.7424809699681897
194,0.18942777845776806,0.018089005311380676,2.5924571665586912e-05,0.24607338996105843,0.5463839016981272
195,0.03342415679513981,0.01290210477144904,2.1404392056622383e-05,0.07651740814939376,0.8771349258919608
196,0.021124470447936677,0.008549039587845678,7.346563912255655e-06,0.034706764055173416,0.935612379345132
197,0.10716486896985175,0.008048463622202047,2.4731551916233735e-05,0.07484717654662178,0.8099147593094083
198,0.16141777001620147,0.009668071957427643,2.859896858060324e-05,0.1198972339784881,0.7089883250793022
199,0.17560923432730136,0.018276496924537693,8.402419512696985e-05,0.06514076217528456,0.7408894823777494
200,0.11817439714600615,0.012479270179481089,0.00016274913984839045,0.0802956982947696,0.7888878852398947
201,0.14798498539081528,0.02126990412902171,0.0001163071852875111,0.07738214049138975,0.7532466628034857
202,0.06754182166134962,0.006664099883333646,7.914965958582019e-05,0.03803170988687785,0.887683218908853
203,0.011158119289766922,0.011312689705193934,0.005476918631575135,0.0011679029444411086,0.970884369429023
204,0.04404686776995139,0.010782906851748708,0.00017956803127178403,0.0018913749059239393,0.9430992824411042
205,0.03188110540093677,0.007667785174076233,0.0002067538280999616,0.0015945167815129306,0.9586498388153742
206,0.026818004994958188,0.0028189854832757428,5.0309150008018454e-05,0.001796678524877332,0.9685160218468807
207,0.3018326862643031,0.011503320639840378,0.00011239699533285651,0.009159990755880388,0.6773916053446434
208,0.24168664471348802,0.011348743811743016,6.97729064190825e-05,0.03644377808415295,0.7104510604841968
209,0.04057044026872061,0.005732857957221286,1.816406829093368e-05,0.01860763948413355,0.9350708982216336
210,0.0705000661717576,0.010830999754055805,4.8510989648022414e-05,0.02528705739325703,0.8933333656912815
211,0.03167665046541239,0.01048316399504175,5.494632264554389e-05,0.016742833570661645,0.9410424056462386
212,0.2205191925172332,0.017053889530756924,9.639806398331193e-05,0.06726662725872012,0.6950638926293065
213,0.10670837511476858,0.02535874949097613,0.00012519024650276358,0.044323205490850746,0.8234844796569019
214,0.023828776649875913,0.006107732415021916,4.643267370089726e-05,0.027987273756570438,0.9420297845048309
215,0.14298431358078434,0.017503781827776364,0.00012504634482216967,0.056240027045353046,0.783146831201264
216,0.19457408097043127,0.03186352288370868,0.0001732056671235154,0.07672596080732186,0.6966632296714146
217,0.07841184478955197,0.009660250934431118,7.333022039849335e-05,0.03714013093114861,0.8747144431244699
218,0.1532592193688384,0.03181642571929186,0.00012523038851040992,0.13157458617557635,0.6832245383477831
219,0.026073213708489938,0.006457607456452575,3.159858375399116e-05,0.05078179784563305,0.9166557824056705
220,0.2215711626479648,0.03490550873060582,0.00033362718430347474,0.12551664144277389,0.617673059994352
221,0.14058080689652228,0.011004184722063734,7.848586622761608e-05,0.04162167634434462,0.8067148461708418
222,0.18001933115068766,0.017986128962861173,9.543693895878046e-05,0.10321058506647603,0.6986885178810164
223,0.5283546539781488,0.07001335135517765,0.00032136292617316437,0.20528645421950176,0.1960241775209986
224,0.47036522440301504,0.14892671315062395,0.0005615855134478917,0.30867982163596597,0.0714666552969472
225,0.1604229717949076,0.33909319170707397,0.0009578146030568669,0.4856759579325699,0.013850063962391822
226,0.07819626231049602,0.15733648075491602,0.0006260010231655804,0.7496182519372764,0.014223003974145968
227,0.11004277632507073,0.09170086243367549,0.0006792699559695087,0.49947862868706533,0.298098462598219
228,0.09782365157867934,0.1101195026391278,0.00030440159005450644,0.7767605359052824,0.014991908286855916
229,0.11071094805073907,0.22300425532185525,0.0007288400436574703,0.6491593260041898,0.01639663057955848
230,0.09111204665757262,0.4148625730735636,0.0014163600176311298,0.48184551422915467,0.01076350602207801
231,0.07989340491970534,0.14348366542453989,0.0005401634987948588,0.33962001433629113,0.43646275182066874
232,0.026769385536917045,0.028466662650051728,0.00040251582037565846,0.02382102240211704,0.9205404135905385
233,0.013364052040916497,0.004471102921785815,4.840203386215988e-05,0.006789680581559896,0.9753267624218755
234,0.023234382360172164,0.004880421752450647,5.35716642517818e-05,0.004626670482376644,0.9672049537407488
235,0.6895138826457908,0.020446967626506607,0.00023749172243070472,0.022896587534165517,0.2669050704711063
236,0.10790548648476124,0.010001714321821762,0.00010854156496274563,0.032184417610949645,0.8497998400175045
237,0.4653230431948254,0.053284189985782375,0.00028228152418620047,0.18416449767954798,0.2969459876156581
238,0.34813511222810295,0.09754176235384085,0.0002916418136745729,0.3181181399827793,0.23591334362160224
239,0.3894848080354568,0.1064878609822672,0.0003436602531779748,0.35731286829191544,0.1463708024371825
240,0.17531351170838566,0.13760860323751256,0.0004106065963166627,0.16121534801345588,0.5254519304443293
241,0.11634624952258363,0.06548621986760808,0.00014643425300274706,0.14877234081543317,0.6692487555413724
242,0.021269379463024356,0.015615299646048207,2.5316800202583062e-05,0.02549158206702188,0.937598422023703
243,0.0759810367642911,0.018640693227093573,5.076431367984959e-05,0.02338233474335849,0.881945170951577
244,0.05926746100313327,0.012851136984604841,4.967190010321726e-05,0.0434392129353317,0.884392517176827
245,0.106303383513225,0.016384881702893123,5.811694596580928e-05,0.026540996601354297,0.8507126212365617
246,0.22979593077943233,0.03041936976223915,8.519555420193047e-05,0.0317229009482784,0.7079766029558483
247,0.05282598262368424,0.006446369097809704,2.4895606465105584e-05,0.025876070336512805,0.9148266823355282
248,0.10756438229932483,0.01329970090455529,5.546542884631169e-05,0.042699825205787814,0.8363806261614858
249,0.06127320367447542,0.006194998783316192,2.4946475584006755e-05,0.03582148385493547,0.896685367211689
250,0.07607207152777039,0.006955205067559703,3.4034841577833185e-05,0.056560157265574486,0.8603785312975175
251,0.06987386424680488,0.008492996387046458,6.073306870573772e-05,0.06842570877171336,0.8531466975257296
252,0.13403062645165642,0.007653687579204138,6.18772372643389e-05,0.11354195619604211,0.7447118525358329
253,0.15232822115043715,0.012571076712771674,0.0001735126646618034,0.1370383924607057,0.6978887970114238
254,0.14862716753920077,0.01952888948465777,0.0001170037415970993,0.1952931458104571,0.6364337934240872
255,0.1083616569018236,0.01078554310391892,5.336298853427691e-05,0.18302851492822922,0.697770922077494
256,0.10191576568597949,0.013216847899157098,6.674114265368913e-05,0.18356982417306922,0.7012308210991405
257,0.11335629099448986,0.01283246080655099,7.23558856111883e-05,0.1810189014137892,0.6927199908995587
258,0.09815308054952997,0.008917402544830465,4.1117350861790684e-05,0.1437383606714527,0.7491500388833251
259,0.10589106941018889,0.012913562846244495,6.513641933247885e-05,0.21410537274964908,0.6670248585745849
260,0.29870873455959435,0.03460846445614553,0.00017077646526730356,0.42017181282501964,0.2463402116939732
261,0.05581476374040209,0.021524123443493474,0.00037727915448257,0.09290723745176696,0.8293765962098548
262,0.03890413560763769,0.009082682168227838,4.42649032312034e-05,0.04192346763531528,0.9100454496855881
263,0.08097664577496376,0.009857567072854692,4.655912607172453e-05,0.08081273294481206,0.8283064950812978
264,0.2719962834247195,0.029960363162438552,9.896680788157369e-05,0.09458507020753279,0.6033593163974275
265,0.08952978821580508,0.009472700310693005,2.6687813271179307e-05,0.05420221685555693,0.8467686068046737
266,0.4061678343297065,0.10354425065289145,0.00022496720044168513,0.13357722503819264,0.35648572277876767
267,0.04454824387941725,0.044209222693352895,0.00029123875346829387,0.015175090060964607,0.895776204612797
268,0.06786785603105132,0.039321409922283536,0.00022231498738564532,0.014961555084662861,0.8776268639746166
269,0.10895789165760279,0.014819681151161569,5.541199769071944e-05,0.01858943743456886,0.857577577758976
270,0.06250233397043001,0.017317814647054508,0.00012649314556744065,0.00876556417976383,0.9112877940571843
271,0.1076734926732274,0.008829122319145354,6.917676065557916e-05,0.0214370150997364,0.8619911931472354
272,0.08723204798447409,0.006176808761417715,3.9951167456881346e-05,0.035347802289474546,0.8712033897971767
273,0.19475805499910598,0.017447669597640717,0.00011338592822534229,0.08435216167465387,0.703328727800374
274,0.2491141207060937,0.032136004291485706,0.00016424241859475078,0.12943708933766698,0.589148543246159
275,0.03780083275221214,0.014788967105810725,3.803339909218736e-05,0.038261454016452506,0.9091107127264325
276,0.02219448855612554,0.007483449765852375,9.657653197396936e-05,0.006271102182811117,0.9639543829632371
277,0.028946774751722935,0.009746004699226327,0.0001272839270704331,0.003910621681529409,0.9572693149404509
278,0.23210619643069047,0.04871154819417272,0.00022639344811557812,0.008478170191955058,0.7104776917350663
279,0.11228880060237934,0.012042562729517958,4.075205786103784e-05,0.0037704020730942108,0.8718574825371475
280,0.47902476933739263,0.08163217229115262,0.0003164432831769517,0.039478756927366285,0.3995478581609116
281,0.1230316658689695,0.03358166831351809,8.878667142475962e-05,0.03695516239794663,0.8063427167481411
282,0.19166620416002017,0.06552821155131003,0.000165010531811863,0.08668509000136332,0.6559554837554946
283,0.05355314171983892,0.015372444519931751,3.0354789371931943e-05,0.013414313078848217,0.9176297458920092
284,0.2900440867875234,0.03335995181082958,6.766507927674425e-05,0.038271961706491886,0.6382563346158783
285,0.10663914741699769,0.026144042757887117,0.0001496750914227999,0.012547364934709515,0.8545197697989829
286,0.632113890777802,0.09920980076259626,0.00015965708631420622,0.02228403265080056,0.24623261872248675
287,0.6613066684671908,0.288030110310039,0.00039228229601714795,0.02876667860878584,0.02150426031796735
288,0.2951491471858571,0.6709456993020205,0.0013635943201918666,0.025112730773364123,0.007428828418566527
289,0.33225421329062005,0.5365331816924829,0.0010174412609568631,0.1079648502274798,0.022230313528460464
290,0.2498200095648324,0.5997142606550457,0.001287678118615432,0.12779766526350744,0.021380386397998982
291,0.033575466919593976,0.9315101078470516,0.008781582360287525,0.024264079990670456,0.0018687628823967318
292,0.02262422760003329,0.9379341904018411,0.027904183314465987,0.009340397830891672,0.0021970008527678405
293,0.0477205205917725,0.8770863361630847,0.03853370048742246,0.032973043126342305,0.003686399631378094
294,0.026738317807702562,0.8002417035481213,0.15786234492042417,0.012477013181898422,0.0026806205418534977
295,0.010650549282017618,0.8474475074040267,0.13612232501298213,0.004826918504439283,0.0009526997965344674
296,0.04099568504933279,0.8730587693128429,0.05967104789070264,0.02286924007534661,0.0034052576717749556
297,0.045476050844941225,0.7864584224948191,0.14767549162049592,0.01528902888497472,0.005101006154769011
298,0.023463134101160892,0.8685246787109606,0.09545965063763402,0.00944749018395709,0.003105046366287109
299,0.004266672385690762,0.8078990475830921,0.18516768259135158,0.0014375273185636267,0.0012290701213020236
300,0.03936271603919257,0.8628696399336623,0.0803063922622145,0.014455207537784048,0.003006044227146573
301,0.028052902484573716,0.8365033484897549,0.08875998824398389,0.04332651792276623,0.003357242858921289
302,0.11029937649824995,0.4121452881442052,0.004202718555676792,0.4529275491607962,0.020425067641072065
303,0.037303302309673804,0.8110574843268415,0.010123762184205715,0.13819223308281514,0.003323218096463859
304,0.1153785373162108,0.12997022512036352,0.0010524093518756677,0.06019829706092143,0.6934005311506285
305,0.22654862509022575,0.46257925884033135,0.0004487110802089257,0.09077817281721014,0.21964523217202384
306,0.3068021457004441,0.4016482748072404,0.00036474657987181495,0.24201907337174966,0.04916575954069397
307,0.06385914615047186,0.1148825279794702,0.0003962447015805392,0.02914518054991386,0.7917169006185636
308,0.030114816485800673,0.05437770764677446,0.0007960602090591883,0.02008615562146785,0.8946252600368978
309,0.09659385606041304,0.06559107499858584,0.0016182501987211863,0.06787084060561704,0.7683259781366629
310,0.2765664141999683,0.046286668962050116,0.0030313357150397987,0.13742794478341752,0.5366876363395242
311,0.057312991286669605,0.03481517859190937,0.002099297055885283,0.09386292260980586,0.81190961045573
312,0.059232806712974026,0.02395377645092119,0.002879516260905424,0.11200401475074284,0.8019298858244565
313,0.037732511546543154,0.024869970407428832,0.0031356649763573476,0.021053587029818466,0.9132082660398523
314,0.007665353584731028,0.003494744879702662,0.0013774816836900617,0.0036565616118596415,0.9838058582400167
315,0.01388714665766029,0.002437735430364436,0.0003527482633559164,0.0043872928493012345,0.978935076799318
316,0.007611708972459477,0.001325014636967744,8.241155035484878e-05,0.003496302589158591,0.9874845622510594
317,0.00386561995869594,0.0016502358731196659,9.243442414092452e-05,0.003205034227895594,0.9911866755161478
318,0.032674167505596485,0.004442855944155519,0.00016617745937498382,0.01140782572019557,0.9513089733706775
319,0.03200960399917334,0.007424908180238889,0.0002737174510152816,0.015736537166553207,0.9445552332030193
320,0.02230544503132036,0.006403960155159115,0.00020795020065072868,0.024228966292082477,0.9468536783207874
321,0.028162584857610928,0.010277696665928981,0.00012017439515955363,0.020165678599524894,0.9412738654817757
322,0.01941009749529238,0.011344610087566596,0.00022923262242397621,0.053492324063755294,0.9155237357309617
323,0.018948552259257845,0.012691265319494376,0.0002065983094525439,0.029405537740821552,0.9387480463709738
324,0.02823478606448761,0.01047204186889196,0.00016186604722168212,0.03782246631891208,0.9233088397004867
325,0.06406140288621501,0.013089697012439682,0.0002941854129966458,0.06890750863535912,0.8536472060529895
326,0.019075332159298655,0.007302026765840206,0.00013438478872750725,0.020802487475939078,0.9526857688101946
327,0.0751506957355988,0.012868939069733418,0.0003137268173897917,0.05360292310187504,0.8580637152754029
328,0.09919992990432835,0.026166422587096557,0.0006130349166083846,0.07538809280253224,0.7986325197894344
329,0.06933056404667348,0.012339203690390101,0.0004132505527072698,0.03693974839742483,0.8809772333128043
330,0.10764551760328063,0.03583501909778937,0.0003360469046729991,0.03643652963826032,0.8197468867559967
331,0.0876189533821842,0.017973743638151494,0.00023138341167325803,0.038889504021261616,0.8552864155467294
332,0.03499885877427444,0.0054796479252315145,7.898694134708244e-05,0.009478863719427551,0.9499636426397196
333,0.09480737019212858,0.004706147366188471,5.9851475073519844e-05,0.062040101341602504,0.8383865296250069
334,0.23583216581299202,0.00810631729227453,0.00017161101878882386,0.09591942454588397,0.6599704813300606
335,0.17094501927477615,0.00893376222370026,7.199898646114686e-05,0.18762091095750588,0.6324283085575565
336,0.09646283540578351,0.009132793464461594,3.0070086469854174e-05,0.0869281758191599,0.8074461252241251
337,0.026831216352218475,0.00752246209145532,2.933291934053241e-05,0.04219246418905235,0.9234245244479333
338,0.24505023066101292,0.0554258535149477,0.00011221155237714974,0.22978477663321475,0.4696269276384476
339,0.10725055468621192,0.020804437429324873,3.058043992012841e-05,0.07465519097766626,0.7972592364668768
340,0.03973774432655836,0.007847107918515046,4.347042224460068e-05,0.040307792072216436,0.9120638852604656
341,0.15564442426751152,0.020720406511865644,0.00011184794447307131,0.30346271117551904,0.5200606101006308
342,0.1675557518589816,0.01139327293795308,8.53506609691181e-05,0.1527726596256114,0.6681929649164847
343,0.12269933220668054,0.01064131121986985,7.437262531632754e-05,0.07951301893065535,0.7870719650174779
344,0.22926678814425294,0.015463302255004037,5.847688508538461e-05,0.08841267315134052,0.6667987595643172
345,0.06919958413942583,0.028413038608047326,3.301258575622789e-05,0.02331451445135713,0.8790398502154134
346,0.08194552694214895,0.005371820464846178,2.5965945614795617e-05,0.020789938394693223,0.891866748252697
347,0.004963859513661167,0.007983350230860045,0.0006049617277750759,0.0016463550563458015,0.9848014734713579
348,0.08523043007709365,0.047804350648421486,0.002917166720333595,0.03185383996919922,0.8321942125849521
349,0.1771278672237934,0.060346570335067615,0.002590676420917798,0.05788945129106583,0.7020454347291554
350,0.005389994915237793,0.008738744109536822,0.0014832531811432633,0.0007657353195932238,0.9836222724744889
351,0.0012990096552934168,0.0029106310534618486,0.00018463362595553683,0.0005052599320670121,0.9951004657332221
352,0.0005605793727457262,0.004804468324107715,1.3284817644512739e-08,0.0008590393863248806,0.9937758996320041
353,0.00036536865881820477,0.0014734159759510126,8.32160873246264e-06,0.00012523472951239746,0.998027659026986
354,0.0005079933133252372,0.0009396669498420417,2.3679721150512747e-05,0.00035627143295287973,0.9981723885827294
355,0.0004739135143435348,0.0007814968468235363,2.2352331307187426e-05,0.0003380368778884888,0.9983842004296372
356,0.0006140172196191438,0.0008063906344693,2.660743055143227e-05,0.0005512455751295695,0.9980017391402305
357,0.0011076019667852505,0.0011805636315793215,2.4712449979724797e-05,0.00041214055214525977,0.9972749813995104
358,0.0010767924883859211,0.0014703928693262471,2.138255840685372e-05,0.00019680254418588975,0.9972346295396951
359,0.001059417294258336,0.0019536007766117656,2.9954678377668538e-05,0.00023897847525981305,0.9967180487754924
360,0.10648800031368132,0.01809455623159321,0.0037813415241344972,0.00043595831817558334,0.8712001436124155
361,0.06397729009865033,0.10108698502454933,0.005505975639135662,0.0008218842011311669,0.8286078650365335
362,0.07200615206889774,0.03278430244043856,0.00029773737305351236,0.0004429008516916921,0.8944689072659184
363,0.09892134917997587,0.27356887657720264,0.002952075433491322,0.0036743762761502242,0.6208833225331799
364,0.09766890489076181,0.2286331713383777,0.010995852100578291,0.0038749444318156006,0.6588271272384666
365,0.06714094145591494,0.10754362270542155,0.000999438256322031,0.006482440292479591,0.817833557289862
366,0.07830915047103927,0.10202290304080314,0.0014027261279450664,0.012046307684101535,0.806218912676111
367,0.22163771463162923,0.05588517163178656,0.0003431911377493661,0.0655621019216957,0.656571820677139
368,0.2246228997479806,0.04608158167732602,0.0002010717644510102,0.10112513592820968,0.6279693108820328
369,0.19112704491473648,0.029576752449110965,0.00011465845639349777,0.15846075658834444,0.6207207875914147
370,0.21417535631421156,0.09486364799110454,0.00022185597646536646,0.1744267861659179,0.5163123535523007
371,0.11031793897947359,0.09510545511938996,0.00031460627500736675,0.11359469143077622,0.6806673081953529
372,0.26837740630007495,0.05099984755538471,5.738473384712376e-05,0.1102541189784043,0.570311242432289
373,0.07929174730214983,0.022300272497471633,4.4073309588714734e-05,0.08935656338155182,0.8090073435092381
374,0.12858588004846716,0.02641873477431427,6.762918638572237e-05,0.09455347163942154,0.7503742843514113
375,0.17939041207478004,0.023838615393144646,7.244987352825807e-05,0.09215600884327388,0.7045425138152732
