epoch,N1,N2,N3,R,W
0,0.00043662273413075007,0.00012006255766193841,1.138634858931626e-05,9.14786591893519e-06,0.999422780493699
1,0.0013862203200044863,0.00016404342072015538,5.205946459208559e-06,5.303555388285648e-05,0.9983914947589334
2,0.0018701502004197861,7.538634462531602e-05,7.709427706623882e-06,5.1595327396911004e-05,0.9979951586998514
3,0.0009600134723130388,0.0003142263100282023,0.00021727080508445333,3.4129966136393386e-05,0.998474359446438
4,0.001000977744146773,5.3521846820046734e-05,8.56862012705789e-06,2.1950305046205504e-05,0.9989149814838599
5,0.008014050816277752,0.00014545816989405128,6.086670521171713e-06,6.070483958213301e-05,0.991773699503725
6,0.0052787519384477925,0.00016946518273710718,7.8673048144234e-06,5.0090036565925767e-05,0.9944938255374348
7,0.0383513828398237,0.0006092401093850499,1.5363824558512505e-05,0.0008192775092734582,0.9602047357169593
8,0.09852737531216059,0.0017914738240503148,3.434742208499463e-05,0.0011835030071525655,0.8984633004345515
9,0.08548057653270794,0.008885526799775544,0.00014920221250546055,0.0027419490990250963,0.902742745355986
10,0.3208364500103896,0.008735731264688833,9.736186682971772e-05,0.03166334490834084,0.638667111949751
11,0.001884863609015429,0.0004505027810160136,8.313098862632422e-05,9.96259188267609e-05,0.9974818767025154
12,0.08468619102515748,0.004284559043536244,4.303870684862609e-05,0.0044408657672916,0.9065453454571661
13,0.4569996651020751,0.027065141926282125,0.00041615341299401724,0.015795743389486357,0.4997232961691623
14,0.4462557611434223,0.035535154213437184,0.0006132426341177051,0.015457917994764722,0.502137924014258
15,0.08086197303188651,0.013122583773149501,0.0002144314382226813,0.0060054561067592275,0.899795555649982
16,0.35761983018955174,0.060589862604923966,0.0008522272788285838,0.11549854313876513,0.46543953678793054
17,0.48871523042187526,0.20350356534418412,0.0019015529435949345,0.12364743594143379,0.1822322153489119
18,0.43274822932537216,0.29624376989839846,0.004109266080230786,0.07628131178076147,0.1906174229152371
19,0.14408698363608952,0.6499589227055971,0.0072655492383002715,0.10477661317098802,0.09391193124902537
20,0.03869064144295275,0.03423108401738051,0.0007855229485271178,0.0075593505766521655,0.9187334010144874
21,0.14839920207100632,0.06481577064668376,0.0016071248525575484,0.00307869429702638,0.7820992081327259
22,0.22709002961518313,0.5165405030772541,0.00979009813712251,0.009860772975966124,0.23671859619447416
23,0.3792169853399174,0.4289694703057611,0.010691252425685194,0.003177991867736002,0.1779443000609004
24,0.29365961477507074,0.5601997706026236,0.030855473471082542,0.0017893923656654397,0.11349574878555764
25,0.16507259022207976,0.7026146520636338,0.08303108703782747,0.0026722243120346186,0.0466094463644243
26,0.06576963568110727,0.8604646402868552,0.039199252402790166,0.0012429646922938516,0.033323506936953635
27,0.30686413275773644,0.4080894388619063,0.007740080924718265,0.005860852869921342,0.27144549458571765
28,0.05689304007978815,0.872978330916425,0.05909709157253141,0.0002906937346851741,0.010740843696570043
29,0.11271614241586488,0.8300553675468247,0.04143230602000543,0.00018805950328580046,0.015608124514019297
30,0.038703693627321005,0.8971109557907784,0.053568263183463714,0.00039716166442224513,0.01021992573401465
31,0.06593009583629708,0.8454129743120573,0.07449412392472964,0.0005612612599246463,0.013601544666991237
32,0.02168062581716924,0.8792423282915519,0.09520722150461874,5.714385915090389e-05,0.0038126805275090123
33,0.018917114132114835,0.9046701898042488,0.07026431703464704,6.791188129333142e-05,0.006080467147695985
34,0.010888290616657905,0.876633626840636,0.10499726266844449,0.00016602362592610083,0.007314796248335586
35,0.014692621541200589,0.8143838447057469,0.16572706461973974,0.00015908823825645105,0.005037380895056299
36,0.011965235900457357,0.8351124999873714,0.14200189891225928,0.00047291473647982554,0.010447450463432277
37,0.00869331354590256,0.6023113720443585,0.3822167401826863,0.00023326322051422504,0.0065453110065384745
38,0.006794651765979492,0.5552865151623001,0.4312179488392626,0.0003885472702326057,0.0063123369622250704
39,0.009217395425602784,0.7142918090107218,0.2673003520705423,0.00019728918210276677,0.008993154311030345
40,0.016300014881245183,0.5340294172606296,0.41958565451370566,0.001119330374640124,0.028965582969779503
41,0.009009742029690467,0.3626773095529268,0.6067396535176279,0.0005593711348808638,0.02101392376487386
42,0.010833960348541822,0.3103227569741757,0.6638428075869413,0.0003990622360446753,0.01460141285429655
43,0.007925686795382931,0.33148628938150365,0.6335554721908869,0.00026907138093203826,0.026763480251294294
44,0.007251553806956423,0.34217096947839243,0.6119341530013306,0.00036787587024987134,0.03827544784307064
45,0.004365558857889597,0.24398447254223649,0.7137279819845973,0.00029514612094925943,0.037626840494327234
46,0.0040767149774497136,0.15030727350476217,0.8153337184131961,0.00024268749097852523,0.030039605613613504
47,0.0022902405524064065,0.15094832791911028,0.8151571381817577,0.00017050905469498265,0.031433784292030545
48,0.003588929025645363,0.1730998841627252,0.7874151790567393,0.00023610412429966553,0.03565990363059033
49,0.0030800910979075957,0.15038706513237587,0.8217355434823627,0.0002060343551814612,0.02459126593217257
50,0.003694554031514772,0.15719134496514076,0.7939747809969379,0.00017924087852125482,0.04496007912788526
51,0.005710804956457721,0.2013501526443806,0.7087402353098476,0.0002780743855982282,0.08392073270371565
52,0.008448123262158512,0.21136674106520098,0.7197109824192595,0.0003383588308879974,0.0601357944224931
53,0.008170583910786598,0.2973871196697951,0.6097923644266756,0.0005121064137107201,0.08413782557903206
54,0.011216022282408308,0.28280631432742326,0.5945986114871153,0.0005690136961060458,0.11081003820694695
55,0.006824289301307543,0.31526201437320167,0.6167406697909228,0.00035011952207816523,0.06082290701248998
56,0.012656535083284378,0.5428159348833143,0.3501110687309592,0.000617757260791668,0.09379870404165051
57,0.00523289189430975,0.2617410805393858,0.6857055661151972,0.00032012519309971345,0.04700033625800759
58,0.007127350576350219,0.24491798022984512,0.6852629157279285,0.0004014049392777123,0.0622903485265984
59,0.006666388291959301,0.2484581586024793,0.6824412692073811,0.0004576728510368702,0.06197651104714334
60,0.006934581908563942,0.27688408747427923,0.6354220161421227,0.0003783146124112341,0.08038099986262294
61,0.008318569070909299,0.36234012066772153,0.5257568822114751,0.000513930583625144,0.10307049746626891
62,0.0027537054171946815,0.13257981287850934,0.8277344358917215,0.0001678031622498681,0.0367642426503245
63,0.008173909680918525,0.3789565156969872,0.49295457295160233,0.0005391977940012817,0.11937580387649065
64,0.00789344068540896,0.3446522805135274,0.5308458254667257,0.0004414226832632777,0.11616703065107464
65,0.012415914550070174,0.5027838339474124,0.3550289187046896,0.0007786811907461972,0.12899265160708162
66,0.006355936215872423,0.29248308888040847,0.6007646120611302,0.0005259266213678357,0.09987043622122106
67,0.007886003018115718,0.362559169268636,0.5109858095474699,0.000652320882036271,0.11791669728374209
68,0.004883399410665524,0.17881692583219938,0.7529612422584602,0.00038691270752694984,0.06295151979114799
69,0.0056907289520289825,0.2260571699438253,0.7056415630400564,0.0004930278018292586,0.06211751026226001
70,0.005418639826388798,0.21256096568638325,0.7230719163613808,0.0004342163689953439,0.058514261756851906
71,0.0013921449297102295,0.08057962693328445,0.8931617022007609,0.00010442532781630281,0.024762100608428164
72,0.003981595946182906,0.19053477010292072,0.7578693323821406,0.0003234290447612791,0.04729087252399449
73,0.003275746503325282,0.1809700865659309,0.7500157150996541,0.0002451434907576635,0.0654933083403319
74,0.005851962754916445,0.19683523749789922,0.7330942717077492,0.0004700659674099555,0.06374846207202522
75,0.005707878186935365,0.2196469658103085,0.682171471337138,0.00043244807261939237,0.09204123659299866
76,0.005322760438798368,0.13438833352727397,0.8107378817361816,0.00039406425359110576,0.04915696004415495
77,0.0032993545709243534,0.1396740359542984,0.8227307413627905,0.0002912019221886234,0.034004666189797965
78,0.001993412489593051,0.08076122767785966,0.8983422636063821,0.00015373553557579872,0.018749360690589415
79,0.0028576005947810695,0.12623110289912912,0.8480779629523857,0.00023061023778881185,0.02260272331591528
80,0.002384043118469935,0.09387066518056196,0.8921446836315213,0.0003692375824066805,0.011231370487040097
81,0.003877998001725069,0.16303558358224418,0.8120028563778573,0.0008175773884526892,0.02026598464972073
82,0.0035953237288380755,0.19115046906193867,0.7888127322668922,0.002552819748306917,0.013888655194024008
83,0.041905713270008464,0.2592521798339871,0.31443444523564995,0.002812403083742282,0.3815952585766122
84,0.09463263264283185,0.5796299416086202,0.19883891471228737,0.01258952633716526,0.1143089846990953
85,0.03593872067215976,0.8660589622024789,0.07194684529224465,0.0026943335462410066,0.023361138286875825
86,0.10478664249089323,0.7730700425318401,0.05539731426020202,0.001300233399772438,0.06544576731729222
87,0.11304634325208521,0.7877954959563455,0.0556586330652923,0.003978879488857554,0.03952064823741956
88,0.0768740239412053,0.7633255014281749,0.06300464589565533,0.005085789156204174,0.09171003957876028
89,0.10147843144675371,0.7883679980170821,0.08027746823021772,0.0017152938696549842,0.02816080843629156
90,0.06379191233354531,0.7147380230912759,0.11057835280680495,0.00515825324358894,0.10573345852478508
91,0.3055384379852334,0.5725630539174886,0.04498608621873116,0.002888861617369603,0.07402356026117712
92,0.025369484866691844,0.9204781073620328,0.04197631843607041,0.00017735857592206112,0.01199873075928271
93,0.03374065541607866,0.8384760534409059,0.11420167595236029,0.0004830611378131428,0.013098554052842085
94,0.07382556547425344,0.7584710414421163,0.14236073635264154,0.0019118852521654408,0.0234307714788234
95,0.03623934799554121,0.6994621898799667,0.13196810289837727,0.003114094227720902,0.129216264998394
96,0.04952763529831091,0.8333067677544009,0.08484852814347288,0.001133087811204444,0.031183980992610754
97,0.043225332532040896,0.772053397992422,0.1133880683573447,0.001681869665214593,0.06965133145297793
98,0.014395611218466952,0.029300781805740146,0.0025197221071206403,6.701990320077446e-05,0.9537168649654715
99,0.08055007987764186,0.7492899788925554,0.11646708951627775,0.0026509891502430744,0.05104186256328187
100,0.05208316922568721,0.7867799691607468,0.05879239875556335,0.0013656803718428252,0.1009787824861599
101,0.03641239324351579,0.7740692015655524,0.14285484852648211,0.0024120273565181516,0.04425152930793152
102,0.014203853254719657,0.7099317222720876,0.2567606555934013,0.002951947760491609,0.016151821119299956
103,0.015406594949366864,0.5571029337942497,0.38805326108920557,0.0024145545096306313,0.0370226556575474
104,0.01571833926511955,0.47598213878024415,0.47846756643132476,0.003367185211645748,0.026464770311665792
105,0.010611236645508126,0.5664469894014739,0.41242027262619113,0.0008024226621091909,0.00971907866471781
106,0.012025630357664376,0.44679451117432356,0.5298649708887694,0.0012726939554817426,0.010042193623760957
107,0.011677896498808576,0.34567290534230677,0.6341150038300722,0.001116208331736759,0.0074179859970756185
108,0.014271945667328654,0.492377216065007,0.4806252667198817,0.0012291984192171564,0.011496373128565534
109,0.007340972633573681,0.2764760756346954,0.7053363132640914,0.0008252227484295784,0.010021415719209857
110,0.009852227721430627,0.20578469027249535,0.7677364295263553,0.0007842612458438594,0.015842391233874716
111,0.011585463985143575,0.2664137067911629,0.7147430024451326,0.0009135061341974189,0.006344320644363499
112,0.02957631009895966,0.4322448000166609,0.5080896419015889,0.0011587885928621363,0.028930459389928317
113,0.006351243722229632,0.3057735166240656,0.6749991882766708,0.0006488320012648066,0.012227219375769281
114,0.0024621860957787004,0.09480592617999047,0.8955747486415765,0.00026805515443711973,0.006889083928217264
115,0.004293397265501663,0.1976749383423053,0.7900442237352275,0.0005522110420084501,0.007435229614956987
116,0.006579136622441173,0.2519383380492158,0.7266757746275181,0.0008396399634608062,0.013967110737364207
117,0.0034624977787489374,0.09893461202469798,0.8938085780680436,0.00040797346014518867,0.003386338668364134
118,0.0031639364976527966,0.1359146584426014,0.856865923031011,0.000589987074226501,0.003465494954508241
119,0.008740498732498,0.2350260102297997,0.7443150604333628,0.001543036712611261,0.010375393891728178
120,0.012355975748952162,0.5146244592929885,0.4534938855062235,0.004163212583739619,0.015362466868096268
121,0.00439447760594289,0.24542400441698017,0.7453401138164553,0.0022392898107511795,0.0026021143498702504
122,0.011251721999603732,0.3564994112758816,0.6056974163753363,0.007500350049858927,0.019051100299319557
123,0.07908999965256372,0.745221330818192,0.08223931095991763,0.014473448427520401,0.07897591014180633
124,0.10816706982718206,0.7240000977902793,0.09083961436830683,0.02249004663718726,0.0545031713770444
125,0.1506943862994974,0.5430361394929807,0.05586318718938579,0.026789758697659125,0.22361652832047696
126,0.28554866324880307,0.4731979664122874,0.03375866763687287,0.019765173147599634,0.18772952955443706
127,0.16150691931811909,0.5050614414279787,0.06165250108582526,0.012050154878834332,0.25972898328924265
128,0.17079969967871333,0.2147635920115196,0.04888169218035734,0.009796946104778536,0.5557580700246312
129,0.15165015952500616,0.5223275352914769,0.04344364470794546,0.00785368742040902,0.2747249730551625
130,0.249844573227998,0.4104075691243026,0.020840829500128007,0.00872265961558784,0.3101843685319837
131,0.14044182547859244,0.4760428140301557,0.016562586173278368,0.013408591087154182,0.35354418323081943
132,0.09150932919822688,0.17641714628725927,0.013805451399666135,0.0042541412911700225,0.7140139318236777
133,0.03450393998971765,0.0649604335178771,0.007495018245658558,0.002258286067332157,0.8907823221794144
134,0.2119923060894131,0.3789800778424837,0.014735513842057403,0.014968360506542006,0.3793237417195038
135,0.2414281471312995,0.2371386188389544,0.009269008310232049,0.020380633560269812,0.4917835921592444
136,0.13478587106909776,0.3980721519670329,0.031431514418625496,0.008373897196584571,0.4273365653486593
137,0.012791125394103332,0.045897709529454975,0.0035063464037213216,0.00043644393010217454,0.9373683747426182
138,0.264240194795889,0.6126442439989865,0.027546131542301917,0.0108195706488479,0.08474985901397449
139,0.1672523984665429,0.688151461417717,0.06252673979849739,0.024064950624159195,0.05800444969308353
140,0.04029081606803719,0.9119172754592855,0.029906821224682068,0.002990160343254672,0.01489492690474064
141,0.06089483419456695,0.20860888990976104,0.010994191279024611,0.0018535701972893807,0.7176485144193581
142,0.09080623189446321,0.7809737669687875,0.01247757036474354,0.0029676981289112597,0.11277473264309419
143,0.06056616281852673,0.8919473803971145,0.03205432883195602,0.0012467402111762573,0.014185387741226645
144,0.08615039057105087,0.8515849043888618,0.04412721253571624,0.0017275991135030165,0.016409893390868128
145,0.04055378556996052,0.842090578406118,0.10434809376291257,0.0026641299821610824,0.010343412278847868
146,0.034875715782729994,0.8616391732400138,0.09203003796917184,0.0021658100034321103,0.009289263004652376
147,0.03383606339106359,0.7916274222082451,0.15593231821557993,0.003688407137988285,0.01491578904712301
148,0.031105054176183436,0.8401223793928466,0.10888584865809842,0.004858822632274504,0.015027895140597032
149,0.028911179027573695,0.9277353611011792,0.03858684592988613,0.0009592984039192095,0.0038073155374418206
150,0.013958609525011802,0.9054503314595489,0.0781631239399815,0.0002818197699614831,0.002146115305496381
151,0.03174770160547151,0.8115505585394872,0.14550559177217398,0.0028162576858680576,0.008379890396999155
152,0.03495927393306462,0.7719091943615585,0.18060179701570742,0.0029092221919364905,0.009620512497733075
153,0.02191320535790222,0.7530174901253973,0.2036498576130564,0.0052679257744254505,0.016151521129218555
154,0.005758829474440058,0.8420398366538001,0.14958785574821962,0.00018179990983239154,0.002431678213707896
155,0.031023697924763425,0.7859128648091508,0.12932876044095856,0.005076061807336525,0.04865861501779077
156,0.031683226663101985,0.7815700889859096,0.15713136425058308,0.006029541495061834,0.0235857786053435
157,0.06479357614015847,0.8646853366211319,0.046455960818852345,0.0033904732922830786,0.020674653127574216
158,0.016344261690444988,0.763488688827838,0.2173669558431748,0.00020366908514226045,0.0025964245534001455
159,0.02175485136765815,0.8456839951249042,0.12912539068373732,0.0005160470079521247,0.002919715815748309
160,0.05815047076618641,0.7395198586473175,0.18941763336311826,0.0038906068764829613,0.00902143034689494
161,0.018438505481208765,0.8879951579020521,0.08717040406270225,0.0010108528498260709,0.005385079704210856
162,0.025790167675501796,0.6951863498116967,0.2552153581918774,0.004157995000824571,0.019650129320099338
163,0.015638705786330847,0.8049082725497323,0.1703572318809122,0.003956033924034123,0.005139755858990604
164,0.015969333762710314,0.7241422357096872,0.24326927504046694,0.004096004125695297,0.012523151361440207
165,0.02257542166321264,0.6420127528386412,0.32015760386979286,0.005135002089556409,0.010119219538796869
166,0.012578084268722794,0.6201938103181206,0.353192378325071,0.0052996666905233605,0.00873606039756232
167,0.01398704891517475,0.7164335470652623,0.25201310926438747,0.008233806831805498,0.009332487923370077
168,0.030386354612982062,0.8849522193755673,0.05649590153010924,0.00210609572900259,0.026059428752338725
169,0.016184871681331845,0.9021292599404839,0.07285987601688831,0.0022713189430330584,0.006554673418262799
170,0.025800725924779777,0.7490616899114203,0.1928340381957683,0.005509818166694106,0.026793727801337482
171,0.11572558983819874,0.6160592309072608,0.017926605508523052,0.02549192365840619,0.22479665008761138
172,0.05069004667771134,0.11047327637095905,0.0025294404158008035,0.011179808007018285,0.8251274285285105
173,0.07530951948830834,0.29439127729116144,0.020422572482193268,0.04689293474133506,0.5629836959970018
174,0.07159550410026543,0.22191168534300904,0.01000461645025359,0.016538276422632753,0.6799499176838393
175,0.003887337289572526,0.00430612282230252,0.00025770215805579703,0.0006526594856613485,0.9908961782444077
176,0.003957047442073463,0.0012167378917589953,0.00012848526750462673,0.0002979867583182326,0.9943997426403447
177,0.015385804367784342,0.0024654706675651707,3.935903901002569e-05,0.0006125626263065877,0.9814968032993339
178,0.039853290438426676,0.006896988838851587,0.00024046490296335206,0.0014407370856502329,0.9515685187341082
179,0.1670195734589836,0.012742254180496118,0.00015743365962847736,0.004126764939212418,0.8159539737616793
180,0.10051611137992486,0.040495655229029745,0.0005829731662008847,0.007871100711165072,0.8505341595136794
181,0.19889155997992483,0.3810113156283923,0.00781842356959394,0.020920968365052858,0.391357732457036
182,0.06730826495982911,0.08611390844004047,0.0008035184253355204,0.06253737153250508,0.7832369366422898
183,0.10293625920820026,0.2463311658937254,0.001029913703923345,0.0908719485083833,0.5588307126857677
184,0.004907214265842623,0.005805633222534635,0.00026640162515547734,0.0014384551488843475,0.9875822957375828
185,0.15386382945475174,0.1727757102850896,0.001393010473836152,0.030513396745758984,0.6414540530405636
186,0.020633233242545308,0.02516096070259619,0.0010605335769643188,0.0028450822340076692,0.9503001902438866
187,0.24777812177421002,0.2777663860391828,0.0011547523731027939,0.05271063064960835,0.42059010916389616
188,0.06836363843773319,0.8109182488334424,0.011698456568732514,0.05394920750310159,0.055070448656990234
189,0.028312668966449142,0.8326065085969137,0.010607337946838546,0.05722261738774639,0.0712508671020523
190,0.005638284811605201,0.006132019427264994,0.0003640462645773586,0.0014251554547251727,0.9864404940418272
191,0.2328120215674634,0.06814327877214842,0.0010450076434095786,0.02371212780827958,0.6742875642086992
192,0.2933054273303388,0.31668988111352736,0.0011748094478032042,0.033369035401557015,0.3554608467067737
193,0.1992388601381156,0.2567109901342451,0.0008963409751352685,0.05100042447027518,0.4921533842822289
194,0.0877325140632879,0.696260184155577,0.0031970711930060457,0.07641939699971802,0.13639083358841106
195,0.12794585617717327,0.5771529623907442,0.0008709651390566764,0.22393259918236846,0.07009761711065732
196,0.047996758253755836,0.05867918682118519,0.0016242297639511311,0.03435001377119781,0.85734981138991
197,0.37378314038986105,0.18821085008065142,0.0008738497353833268,0.13891474904381468,0.29821741075028957
198,0.4348570959413962,0.1250698339929939,0.0006160975622470221,0.08028128930015574,0.3591756832032072
199,0.29614170098391696,0.49902926612961446,0.004686120812458178,0.04951120478162242,0.15063170729238806
200,0.32878093763385013,0.459397820935006,0.002888964861880686,0.10749802734928295,0.10143424921998019
201,0.2075682280958195,0.42637453382663787,0.0027279567045207127,0.14631820198044895,0.21701107939257294
202,0.10551060476754769,0.11633530376396793,0.0009352724720386288,0.0826610669466854,0.6945577520497603
203,0.14827640534794517,0.27974750165376683,0.0013713026662420765,0.1536113661924366,0.41699342413960927
204,0.23159518356644612,0.41234629370398934,0.00169196372998106,0.11295262573811622,0.24141393326146732
205,0.04477456059891525,0.9167590128076438,0.0012484674642511248,0.020891900333892214,0.016326058795297596
206,0.020179853760701617,0.024853267431742588,0.0005502566115416071,0.006630800709929513,0.9477858214860846
207,0.013617072806827836,0.01035167995122282,0.0005819718561119284,0.0024246626441399213,0.9730246127416974
208,0.07126013950642666,0.0351648650953835,0.0007522835905390478,0.0027773917257614836,0.8900453200818893
209,0.45195623735882934,0.5034356165575236,0.0016139059100898567,0.004128346725758261,0.03886589344779892
210,0.07196909428744548,0.8825907386504378,0.03232808636064729,0.003660342426221038,0.009451738275248448
211,0.32599653412743995,0.5758101868956618,0.002367602715622014,0.04542001596311202,0.05040566029816418
212,0.005517341092615616,0.9669450168387568,0.01561148151359171,0.009399063862739317,0.002527096692296646
213,0.015132230148830743,0.9377280379902929,0.007846559988508042,0.036697261034606576,0.0025959108377616425
214,0.011242560564243682,0.9547092433800863,0.0029886866136214704,0.030021563048820754,0.0010379463932278447
215,0.06456382336836805,0.3470203713302745,0.0013368592037977295,0.5773755820217225,0.009703364075837165
216,0.07496483323453826,0.23417795882660125,0.0012346068268445903,0.6841343703243362,0.005488230787679694
217,0.05426117680102935,0.49786291267796084,0.001565614709183844,0.4380334996015951,0.008276796210230952
218,0.05781391885223211,0.08624749376968634,0.00026813892339790617,0.8515570815074515,0.004113366947232255
219,0.06759176516982367,0.11952984684318746,0.00043067035873564337,0.7937427012239431,0.018705016404309945
220,0.028967670690462025,0.02888535393104012,0.00014445352827675923,0.9379927781208797,0.004009743729341382
221,0.0479308794635918,0.05405694320603821,0.00032113081967973656,0.8918534913971361,0.0058375551135541985
222,0.019518475263369733,0.03913142092767162,0.00016971125612267292,0.937736448213133,0.003443944339703026
223,0.032854869148620125,0.03922093201024356,9.28074126834415e-05,0.9236528804717364,0.004178510956716482
224,0.01974642942227656,0.02323075241621672,8.193226592353032e-05,0.9541019008479847,0.0028389850475983584
225,0.055323581241652514,0.028167120390646564,0.0001304431099281573,0.9113070176593311,0.005071837598441715
226,0.04967526156524059,0.042806453540269004,0.00034162603273746593,0.8955018757621042,0.011674783099648757
227,0.03345024475738148,0.0351487839424557,0.0002926586663800342,0.9225559477780267,0.00855236485575601
228,0.023424934058051624,0.024631207202671538,0.00018947095461494489,0.9477044552602599,0.0040499325244018535
229,0.06295185109170613,0.0358662104883651,0.0004426959672390677,0.891636410089514,0.009102832363175583
230,0.03782641279413819,0.04044383461292298,0.0003801957568862076,0.9140471986527776,0.0073023581832751035
231,0.053315763744941465,0.13054646539317732,0.0007776136566990681,0.8000630358642936,0.015297121340888628
232,0.02806475336800663,0.04101256931817242,0.0002588182416938782,0.9233032112045915,0.007360647867535718
233,0.029459094669987612,0.02178556019468381,7.761867101498613e-05,0.9418886978732814,0.006789028591032128
234,0.02622310576280091,0.012460414566833809,0.0001243268586568749,0.9540076747380584,0.007184478073650073
235,0.33288251924961,0.10532894003868316,0.0002007170213959851,0.39328666470111745,0.16830115898919346
236,0.19596029575326915,0.058406356093597324,0.00022352091036264784,0.7234000589183814,0.022009768324389504
237,0.07242006722026482,0.07823188509367862,0.0005727173829777879,0.8383414479885748,0.01043388231450395
238,0.05158277417015398,0.04801308609106886,0.00025038141571607705,0.8859683871581533,0.014185371164907796
239,0.025396782421967502,0.017108585946464725,0.00010141140829758512,0.9520423733565356,0.00535084686673449
240,0.026879239615605253,0.011192296177755683,8.969959447303706e-05,0.9574016344174666,0.004437130194699469
241,0.13444021930072902,0.08212555621282955,0.0003156373310315737,0.7640913028743515,0.019027284281058522
242,0.24524257791545412,0.06275376129303983,0.0005818954008052391,0.6414392694922609,0.04998249589843983
243,0.10649018883643656,0.05580681712669763,0.0004360186890250739,0.8147660045468486,0.022500970800992233
244,0.10626781963413412,0.30847447727504734,0.0011649672167180383,0.56019297266121,0.023899763212890494
245,0.06369176203227692,0.05978849979486499,0.00020155748414314397,0.8556285189636373,0.02068966172507755
246,0.07219363421093133,0.08481843464887193,0.00035238304203776965,0.7878840961403815,0.05475145195777744
247,0.12837146485053616,0.15626361460517876,0.0003163058457800816,0.20074709883859881,0.5143015158599061
248,0.2932722328920477,0.12074557810067041,0.0002303275151184208,0.329928064887477,0.2558237966046865
249,0.3163350717752317,0.1523571130667506,0.00035988729341017894,0.48975985830184404,0.041188069562763614
250,0.2802834787367275,0.09873156739702164,0.00023770969877438627,0.5727837134347025,0.04796353073277398
251,0.150218644032198,0.08679315237101548,0.00019251245107437353,0.7333008027122586,0.029494888433453593
252,0.12195472840361088,0.1613590644319645,0.00047955813580024946,0.656198714834272,0.06000793419435234
253,0.10731420882675527,0.08939212129452442,0.00037369989061802455,0.7774010455019335,0.02551892448616873
254,0.051445524126256956,0.06554845690925701,0.00033563402028296657,0.8681474759841935,0.01452290896000949
255,0.06560448115659566,0.07441739105746453,0.00023783567293671722,0.8408742082958447,0.01886608381715852
256,0.08757846130512775,0.053721376457118664,0.00012258196501982674,0.8391613678334733,0.019416212439260328
257,0.11481695999893368,0.20254356966279663,0.00030329305673782516,0.6607299622230156,0.021606215058516266
258,0.10763858567424256,0.15741353673332545,0.0005267931105367486,0.7215495394396234,0.012871545042271873
259,0.06151385886011703,0.06936678410465023,0.00012536815497654475,0.8490823312443398,0.019911657635916374
260,0.07505085671443291,0.12410371818325897,0.0005819351255304594,0.766639066290357,0.03362442368642069
261,0.04458632445147992,0.08269138198784093,0.0002918244804313298,0.8615308260159618,0.010899643064286016
262,0.12940270176582244,0.24146969387592673,0.00016837778840661405,0.5840773629625897,0.04488186360725449
263,0.25206059056557023,0.15681466212173337,0.00038596842896374884,0.31121929455001485,0.27951948433371776
264,0.22353460082125862,0.17247643303445917,0.00045328197219394616,0.5846527257705264,0.01888295840156186
265,0.1413299583778614,0.06878562961520403,0.00036111475261617695,0.7699292535833591,0.01959404367095936
266,0.20250070008432816,0.09750853831124233,0.0004403392230351091,0.6845475209955587,0.015002901385835592
267,0.13234004257663487,0.17206272008125498,0.001187586206884146,0.6775642255626108,0.016845425572615386
268,0.1367342210217211,0.5178661621856753,0.0009781166967966722,0.33486705708708303,0.009554443008723849
269,0.06491146152431829,0.4309544810005902,0.0010595726747150952,0.4960624789535403,0.007012005846836174
270,0.04362974062472253,0.757882218912429,0.0010144773768704035,0.19165195737385615,0.005821605712121851
271,0.07724974236582394,0.5038185200585358,0.0007406351184137063,0.40682510278069434,0.011365999676532316
272,0.013631706238209217,0.9222503780469147,0.0005613709845571014,0.061307907119585656,0.002248637610733198
273,0.04317478429832403,0.8335844065041562,0.0008096641298076987,0.11857308899614204,0.0038580560715700332
274,0.015454344093067196,0.9395848302589076,0.00035653589929444577,0.0411554756993317,0.0034488140493990275
275,0.015092507213472548,0.9675933902488824,0.0006169356394943665,0.014886556274468835,0.0018106106236817454
276,0.014234562362494159,0.9771118429524893,0.0007707412887518847,0.005489074021810117,0.0023937793744542167
277,0.016465174342844363,0.9594724094750912,0.00016558567248072456,0.017662643944182696,0.00623418656540111
278,0.007090848026414574,0.9859585370907572,0.0006633994328521709,0.004290976837978778,0.0019962386119972615
279,0.00684011182603558,0.9798317631173378,0.0002966161131016576,0.010568623804645773,0.002462885138879369
280,0.010311375243919783,0.9843821936577969,0.0006672810647346932,0.0032247825585932028,0.0014143674749554963
281,0.0036121489493661173,0.9907197952267494,0.0015698924362235022,0.003154970538065107,0.0009431928495959438
282,0.006732281443148818,0.9794167511198016,0.000751670261913638,0.011781521008657859,0.001317776166478033
283,0.02371434410953142,0.963547677028707,0.0008513063353597308,0.010028329495119932,0.0018583430312817998
284,0.006408340569006065,0.9879290428130263,0.0036215691792748413,0.0012077756981167095,0.0008332717405760795
285,0.016366905198626883,0.9741097457405984,0.001769288243263487,0.006434062403403088,0.00131999841410806
286,0.011646693531105198,0.9800105048605324,0.005698350991096838,0.0017797417248782818,0.0008647088923871989
287,0.0056985988588959206,0.9903856580655072,0.0022615409232429125,0.0008774048692106214,0.000776797283143475
288,0.007687982600970281,0.9803528130558341,0.009421971147597087,0.0018380135504788007,0.0006992196451194009
289,0.018047184403055288,0.9673696458479454,0.005651090522414497,0.008022789870210222,0.000909289356374526
290,0.004228259546266032,0.9661511980853672,0.025908052398733734,0.0030891224330449637,0.000623367536588009
291,0.0023035557348728406,0.9791789173627213,0.01659577649904056,0.0014250640836283815,0.0004966863197369807
292,0.007647239314753561,0.9569521216415574,0.023418061860169592,0.010984124109441865,0.000998453074077492
293,0.0020103138328887295,0.9493435996246373,0.04530062500148939,0.0020152092428121827,0.0013302522981722123
294,0.004281293227054673,0.8268251013932207,0.1673083029329184,0.000698378889752887,0.0008869235570533301
295,0.002032955267825173,0.8216396984154767,0.17522934454443603,0.0005749605408224426,0.0005230412314395518
296,0.008247868912708739,0.8598851913433949,0.12958260223054124,0.0012113715963094668,0.001072965917045569
297,0.003204550623891557,0.7482232320294991,0.24610789899525534,0.0012829512548537833,0.0011813670965002594
298,0.006364365995392508,0.6815121657030861,0.30875095128661,0.0021300091806136998,0.0012425078342977645
299,0.002872442758066986,0.651775689956302,0.34211723017020423,0.0019065535326432753,0.0013280835827836363
300,0.0033739093717513116,0.7404914165599346,0.2536674918420887,0.0013718555806296435,0.001095326645595748
301,0.0005019499083527803,0.6494015478152617,0.3489829428186064,0.0006045590785459952,0.0005090003792330677
302,0.006051609621949784,0.641603560349402,0.3480536012498082,0.0030180803406244998,0.001273148438215493
303,0.0021406390962740015,0.5482798616987343,0.4429772821215721,0.004726304083374848,0.001875913000044702
304,0.0014497604308612146,0.5176186607270407,0.47730507173538206,0.0025522947645708876,0.0010742123421451993
305,0.007267148911899446,0.6494488742971788,0.32679423148738124,0.011409293741160734,0.0050804515623796695
306,0.032735841010811145,0.6580439635413187,0.28540791737121957,0.014775607278423886,0.009036670798226759
307,0.06389409338290784,0.8591892672726819,0.05863331606976184,0.008188398447575677,0.010094924827072747
308,0.04504192476407292,0.8636500360130553,0.08498135121584008,0.0037040188772134845,0.0026226691298180645
309,0.08355895936687373,0.8728389338407515,0.0243900640954486,0.010992716601520626,0.008219326095405653
310,0.01288115260079489,0.9433346714091748,0.04127338984191716,0.0010796178492235384,0.0014311682988895349
311,0.02383163693466259,0.9202313813329067,0.05328933409059305,0.0012917420773987816,0.001355905564438858
312,0.03361120416708063,0.8808091714504672,0.08317912249814134,0.0012377408632035427,0.0011627610211073568
313,0.030759151661649692,0.8876912740854404,0.07685870795343643,0.0029100744597744975,0.0017807918396992083
314,0.018023966822780766,0.8446918367736944,0.13259512646615107,0.0029486359097790835,0.0017404340275946947
315,0.018963564385222644,0.8043877184848295,0.17198428118704734,0.002754293341827546,0.001910142601073118
316,0.012187335119921412,0.6546429681915693,0.33073036169850073,0.0012016185966564439,0.001237716393352162
317,0.011178683813471922,0.5980860685939052,0.38829429868072185,0.0011916814033248358,0.0012492675085762517
318,0.007352884655247222,0.5264306123700886,0.4643682243212266,0.0007586759836920218,0.0010896026697455178
319,0.002603420099999189,0.29776110143954804,0.6980729394609584,0.0005494671683572925,0.001013071831137144
320,0.0038071411312129073,0.23221146974121906,0.7612678334367394,0.001514118676232007,0.0011994370145964456
321,0.0030604630491106104,0.20143010635637656,0.7934924551874888,0.0010003999015951494,0.0010165755054287909
322,0.002532309230541105,0.19993064071046573,0.7953389028521575,0.001138182573100792,0.0010599646337347585
323,0.0035437286723233367,0.352781949073449,0.6411367089425771,0.0011891694631029689,0.0013484438485474714
324,0.003086461754970821,0.241030238192274,0.7531597107007542,0.0014593821992350462,0.0012642071527659933
325,0.0012832570655924064,0.11326348409255675,0.8832498327782177,0.0008807238039587039,0.0013227022596743415
326,0.00145090886007349,0.11618866156660158,0.8798121133502266,0.0011418136603490877,0.0014065025627492671
327,0.003087644762217794,0.14682331104260432,0.8448728815261406,0.0019154887629404943,0.0033006739060966613
328,0.006493659251607465,0.34022884885810345,0.6446968762709288,0.005283446529238984,0.0032971690901213617
329,0.006014088452559397,0.24900564256769156,0.7362095164806975,0.004808839191482188,0.003961913307569284
330,0.05297778418709488,0.617863608273523,0.28373339515110707,0.010069989883207585,0.0353552225050675
331,0.08831143302039066,0.5077961292098013,0.32277162240588686,0.03363010268626852,0.047490712677652744
332,0.13356079489643677,0.6841813177863995,0.14050262345695944,0.02281670594205092,0.01893855791815327
333,0.09494222092534353,0.7988857524292583,0.05537476265555573,0.0314009849794855,0.01939627901035697
334,0.08357170489513956,0.8390121907592425,0.053073983957527826,0.012522722670594323,0.011819397717495921
335,0.050533770499525635,0.858153405099727,0.07183258130489434,0.007428374445929771,0.012051868649923149
336,0.012180484633842272,0.9354042931018983,0.04917172586436979,0.001027027379741741,0.0022164690201480403
337,0.010022639658219978,0.9502155629259802,0.03642965849636655,0.0014757514145580467,0.0018563875048751876
338,0.011439133772757773,0.9569381032900031,0.02788459238793932,0.0018328102240194543,0.0019053603252804196
339,0.009876415792570384,0.9492658357748117,0.0377580151650054,0.0015928611106669393,0.0015068721569457281
340,0.017467462807926774,0.9408223251617988,0.035577690578063564,0.003200359137654182,0.002932162314556843
341,0.021897986203367314,0.9049279443772861,0.06669775016017604,0.003833997238720507,0.002642322020449994
342,0.009445251234662737,0.8568825925607171,0.1266517719569056,0.0034346484567387516,0.0035857357909758534
343,0.00658891069605207,0.8378995865036516,0.15298830163668495,0.0012653342175200817,0.001257866946091443
344,0.007565901044110317,0.8953220248397127,0.08807848773909971,0.004879501441001606,0.004154084936075521
345,0.10062207549993503,0.44309927414449407,0.1477487832227217,0.006282331940031871,0.3022475351928173
346,0.030505605275472122,0.902514497869541,0.061216386512260045,0.00332982252358062,0.0024336878191462976
347,0.020703579368179216,0.9390761517044433,0.03421775392288414,0.0023367671147271583,0.0036657478897663192
348,0.019260073170702278,0.9501691801248561,0.022684389155665983,0.0006179141622284492,0.007268443386547268
349,0.01290615151136238,0.9084620434448504,0.0762582395305887,0.0007268547260457284,0.001646710787152887
350,0.009046872642829851,0.9206702316731337,0.0674852785871396,0.0006076146972495662,0.002190002399647415
351,0.015854860423874094,0.8959826915092176,0.08363869797623924,0.0008211545141703496,0.0037025955764988187
352,0.016914246848804618,0.8099831625048626,0.1601803973539794,0.007024772628072396,0.005897420664280914
353,0.0079541210174429,0.7574981805042805,0.22349019381622845,0.0069896059552416205,0.004067898706806395
354,0.006478318042242041,0.8143749340045368,0.1770420195013536,0.0007238475023608061,0.0013808809495069858
355,0.006396494604109968,0.8831940053436316,0.10665089987330577,0.0011301497397207694,0.0026284504392321416
356,0.00947812714702222,0.8321619001618769,0.14804008190757725,0.005320857365108821,0.004999033418415054
357,0.006643863314260914,0.7748835080309029,0.2136904641929362,0.0016578631881913983,0.0031243012737086524
358,0.009958187918083918,0.8350254870734038,0.14648428276760647,0.005006647764176413,0.003525394476729423
359,0.013864148420485828,0.6269101963980453,0.3336183931232649,0.010797722921101864,0.014809539137102238
360,0.011204372387517248,0.841018572226383,0.13624823239744874,0.007531237520126189,0.003997585468524612
361,0.006780707351704564,0.8927795616725586,0.09039543525619056,0.005279677604316187,0.004764618115230053
362,0.016935311216859407,0.8903926517924282,0.059524495500685295,0.021468418114075544,0.0116791233759516
363,0.012021184518191206,0.0807366072178879,0.007180622909157538,0.004035229852822928,0.8960263555019403
364,0.18466661638221596,0.5605825752505137,0.019053729957622455,0.0287586638500486,0.20693841455959927
365,0.3125861361237477,0.510344532716429,0.02143167675154046,0.01327954395075931,0.14235811045752364
366,0.2687873934116493,0.6136529122674932,0.02504710548286848,0.018858326748840096,0.07365426208914895
367,0.07769741565792383,0.8472352894188915,0.014535767976459234,0.02853591629948424,0.03199561064724122
368,0.18962865741566096,0.6370819617320624,0.024494578590950694,0.08461261682140246,0.0641821854399234
369,0.04642008322577069,0.8821285522835656,0.036506786137053125,0.010150333546987925,0.02479424480662262
370,0.11032689609162853,0.8177553614945177,0.03132480752420018,0.01726614559397832,0.023326789295675127
371,0.10445223795537499,0.7378138996397974,0.028519449977066545,0.10644552323152011,0.022768889196240975
372,0.039016576509442666,0.8524789153439675,0.03435345708390266,0.04996045476792099,0.02419059629476643
373,0.16002048415337572,0.7373694568055399,0.03207077018753686,0.05793697012190784,0.012602318731639655
374,0.11714969202266667,0.7750118926941011,0.027310858116557344,0.07244154679558838,0.008086010371086408
375,0.1081022511973985,0.7677976029882834,0.03164365541861311,0.07405398276926044,0.018402507626444558
376,0.042863347054148015,0.9126628031233415,0.022407954311587097,0.016951281017819814,0.005114614493103488
377,0.0692136984920198,0.8265128423692784,0.0778319760862236,0.02107026102929616,0.005371222023182073
