epoch,N1,N2,N3,R,W
0,0.00024275403295900743,6.730427884098745e-05,2.182004064390088e-08,1.2420663710692654e-05,0.9996774992044487
1,0.00042186548354342085,6.80224695215661e-05,7.147301402417288e-05,1.8189126157793825e-05,0.9994204499067532
2,0.0005673906401346978,0.0001221534310609957,0.00024225550040155112,2.9293229669627797e-05,0.9990389071987331
3,0.0009586360951665212,0.0003110094020147001,3.686939925926543e-05,8.974198418203548e-05,0.9986037431193775
4,0.0018257538136561727,0.0007351392721367703,6.765051763098116e-05,0.0001378016415935102,0.9972336547549825
5,0.002001206871196521,0.0010337208783058381,8.24245908050244e-05,9.514576515960686e-05,0.996787501894533
6,0.004248154128756559,0.0014628595914650568,0.0002063046865376866,0.00020061920584442058,0.9938820623873962
7,0.00238770479070198,0.001087336112231197,4.887888333902814e-05,0.00010269711520011771,0.9963733830985276
8,0.02332917449727165,0.0029790531193901234,3.015890061338375e-05,0.00033888287370503143,0.9733227306090197
9,0.01931086174749872,0.001426307070066323,1.9802785933517585e-05,0.0004383100249022644,0.9788047183715992
10,0.015231215434802665,0.00481504488786686,7.866234869344855e-05,0.0008617531998652694,0.9790133241287717
11,0.005123207634695765,0.001229333881789988,7.040633154103082e-05,0.00037881784375013404,0.9931982343082232
12,0.07044728976531961,0.07873748203121368,0.0013309599482570164,0.00816199689870602,0.8413222713565037
13,0.08832197996457906,0.09325313363653004,0.0007481209879537095,0.011470051684738561,0.8062067137261986
14,0.04351198397207698,0.017374142423700986,0.0002915996382927247,0.004842081372751279,0.933980192593178
15,0.2616868364086657,0.12522085328128882,0.002217398052054922,0.10114554288204398,0.5097293693759465
16,0.06787805248297894,0.21553452571867784,0.027621771210980566,0.03369357278121181,0.6552720778061508
17,0.054044610018656326,0.061664618986337044,0.0018523133274998536,0.01674708496628293,0.8656913727012239
18,0.09649403410919906,0.6538682363439531,0.006567453385131578,0.022141274945504632,0.22092900121621178
19,0.07516444924788121,0.6474194240433777,0.029418730910433677,0.05747174355861226,0.19052565223969517
20,0.1138246894662325,0.26530612460466046,0.007291218777830783,0.05408140710398315,0.5594965600472931
21,0.05852075236052613,0.7203063335789442,0.05828074709725538,0.044043482966825226,0.11884868399644902
22,0.07417954176142287,0.7123353516244858,0.04657854719343241,0.05930055230337013,0.10760600711728883
23,0.15167242813282816,0.6197452969326097,0.0023938306364281116,0.10381278827184616,0.12237565602628804
24,0.07538552909996754,0.7166908328398887,0.05882530156378192,0.047485364267662894,0.1016129722286989
25,0.05213684898235586,0.6982137437833058,0.07224456434005529,0.03166708815785237,0.1457377547364306
26,0.08407705069895431,0.6030017502871675,0.047295367905474756,0.055166556576455056,0.21045927453194838
27,0.05019829724050153,0.46145384822687974,0.0392450255488441,0.0293422728262376,0.4197605561575371
28,0.010168519046408237,0.011267511675234603,0.0005574245987760018,0.003924909887929104,0.9740816347916521
29,0.09514359377044397,0.5314334145947354,0.011226891458818175,0.04752208534708972,0.3146740148289128
30,0.05174687958672326,0.1119899027611203,0.007784664209377837,0.0182836200702664,0.8101949333725122
31,0.04578973814622151,0.07724232309036586,0.004143949672318676,0.008586986687851314,0.8642370024032426
32,0.023720604977437353,0.7779391099798265,0.021131739110500824,0.020406830269251847,0.15680171566298345
33,0.0322982593560333,0.053024671616415435,0.0010676795431805424,0.010518476635325904,0.9030909128490447
34,0.11530221051012794,0.2514278590201764,0.010315427987194677,0.03703812484646033,0.5859163776360408
35,0.28203124231316273,0.11085365511443798,0.001521038157805767,0.04920919036894358,0.55638487404565
36,0.13973999498372017,0.4009270095693919,0.02942461708505875,0.024764438142710437,0.4051439402191187
37,0.12368579065391638,0.5533439912821343,0.043198828742168044,0.007629026500648851,0.2721423628211325
38,0.22279022755579983,0.49159565567955527,0.04053367556679922,0.009190086190499816,0.23589035500734581
39,0.06820981629356011,0.6674192027931604,0.04362030153263761,0.0008909985614151889,0.21985968081922674
40,0.1515671368019011,0.4065436937223589,0.0611806322970417,0.0008464431501427794,0.37986209402855553
41,0.03622777345868699,0.5792083440372782,0.2610414837479588,0.0005881260383347127,0.12293427271774134
42,0.10519224177852379,0.6486230974477607,0.04425895264997628,0.0010933121488893717,0.20083239597484984
43,0.07616342404518554,0.5041449981763846,0.11160748130614417,0.0005320427827610987,0.3075520536895247
44,0.07180759103099486,0.5365956989993574,0.28955960224663413,0.0009373171626461027,0.10109979056036751
45,0.026440400965561592,0.2695615145552821,0.5872446956384632,0.00076115349630979,0.11599223534438331
46,0.06316971441817801,0.3309966670819201,0.10379893452306899,0.0019684013040006023,0.5000662826728323
47,0.16845253887424327,0.2710548251603179,0.1754522283422807,0.0013590320380587298,0.38368137558509924
48,0.047342698884751865,0.33246699038475075,0.18577439804567397,0.0012089268842921425,0.4332069858005312
49,0.05250047705492238,0.4384200756962172,0.09186764229223839,0.0011609032279309873,0.416050901728691
50,0.2360379169554795,0.13183130099953055,0.14741580625346634,0.0013658642841904386,0.48334911150733323
51,0.31064533914274994,0.3886910030096514,0.15427514764460407,0.0010071598256390232,0.14538135037735547
52,0.03074833290720626,0.18074483630376537,0.5894431246632311,0.0008172086647814312,0.19824649746101586
53,0.11879771941872203,0.22301317803217133,0.34963094287791296,0.0008684690179600895,0.3076896906532335
54,0.20368862405672064,0.2475991901403145,0.07390651997353104,0.0008774316167474714,0.4739282342126863
55,0.07203271552475211,0.16649225675890653,0.4827672770416115,0.0007633960460596193,0.27794435462867034
56,0.0968621690069315,0.3121389191307378,0.154592229521165,0.0029011827423913276,0.4335054995987742
57,0.02923350393880718,0.19617316002236848,0.6119471444485476,0.0008303477216366491,0.1618158438686401
58,0.0164507741761683,0.19994639063753603,0.7027040479093364,0.0005811056543256678,0.08031768162263378
59,0.0528023077810256,0.2760724287558919,0.5968046087951746,0.001139965109402541,0.07318068955850539
60,0.009333481243517787,0.18633699909734788,0.7599214976904723,0.0003610743043975688,0.04404694766426445
61,0.03661001053038851,0.37633606765856087,0.4935703249826236,0.0006750369914611602,0.09280855983696602
62,0.02549465224868049,0.2571327183942448,0.6868296151757034,0.0004556233846002207,0.03008739079677109
63,0.0046954149233304,0.11711336050957466,0.8715845493917507,0.00017897664157705165,0.006427698533767096
64,0.003645293395599098,0.11992866325599431,0.8363856795487475,9.915952194000558e-05,0.03994120427771908
65,0.001994645290969049,0.09292859277744843,0.8884142736898457,8.413964317203332e-05,0.01657834859856484
66,0.003205747476282497,0.10453548435895132,0.8722106522852697,0.00015666664265354854,0.01989144923684289
67,0.0067028716046219124,0.13911263025299514,0.8118328041702221,0.0005093608651728813,0.04184233310698792
68,0.00902465672426773,0.22210049467102805,0.7521866076798819,0.0004943641473036698,0.016193876777518566
69,0.006107221768164621,0.1945419467540334,0.7291694369714729,0.00037254200661332004,0.06980885249971569
70,0.011533726860451858,0.20506739719430492,0.7677334761066978,0.0002587877001617261,0.015406612138383834
71,0.003639274548483788,0.1272199959225305,0.8614605678886075,0.00020204398579660345,0.007478117654581617
72,0.0044866326915689045,0.10824228329406059,0.8832613323767814,0.00020580887782257375,0.0038039427597666093
73,0.00337687953799634,0.06608669342939864,0.9284591831243427,0.00010492135492365765,0.001972322553338654
74,0.0033756094946714747,0.06234948632632301,0.9318682925008824,0.0001246369024375164,0.002281974775685401
75,0.0012517176785923792,0.039528565067102665,0.9578923755359849,7.969435356251654e-05,0.0012476473647573347
76,0.0013793559601802214,0.04323718482741786,0.9526624579387998,0.00011881738957494565,0.0026021838840272283
77,0.001570040464125413,0.06540869505965027,0.9292687649584532,0.00021267746916240926,0.003539822048608719
78,0.004071689337644707,0.051777088210737815,0.937836488061485,0.0004640204306223979,0.005850713959510168
79,0.0049706585982368535,0.04475638054875825,0.9436655942048521,0.0005200637222755116,0.006087302925877194
80,0.008858073980102134,0.04128051930615984,0.9359750701995405,0.00045505757826277754,0.013431278935934673
81,0.0856137024269375,0.17514835029720152,0.037855002948329476,0.012149289298587801,0.6892336550289437
82,0.2871018627200326,0.3134410643663159,0.016634007957502743,0.018550802646207634,0.36427226230994114
83,0.15611811812045046,0.3184778407168704,0.026995051091737884,0.0037215924615801948,0.49468739760936115
84,0.37917125377423483,0.45318541113750255,0.007916285094220805,0.014923795141745341,0.14480325485229642
85,0.10276524423840179,0.5641410498404497,0.022287068426430013,0.009745652053380339,0.30106098544133825
86,0.1235884237451423,0.693610598613917,0.009300577900122427,0.05116360503788359,0.12233679470293465
87,0.17890517156404645,0.6019983903109796,0.007076596895386816,0.03329205833161741,0.1787277828979698
88,0.05418787913936476,0.5687455467949606,0.018205064428005815,0.009085990351995154,0.34977551928567363
89,0.10787276510768394,0.2973428552298202,0.004529218908203014,0.016465808071141782,0.5737893526831511
90,0.13848314015933902,0.12809516746113817,0.0009573166853513053,0.007673324936716107,0.7247910507574554
91,0.2424755257421936,0.37445470863024866,0.001601959452664921,0.00934822010961319,0.37211958606527956
92,0.16899872418668363,0.6455702834976494,0.004485428773776433,0.0061886459570507524,0.17475691758483985
93,0.22939459467929085,0.6138882614237684,0.006803886011747413,0.00838716498784384,0.14152609289734958
94,0.17840242643398466,0.6723164968771036,0.03070184215183686,0.013809414457062779,0.10476982008001227
95,0.07098640519847986,0.808929054634873,0.053573783069242036,0.005259162507799434,0.06125159458960551
96,0.14227397547537432,0.7222031505817419,0.009341962064396586,0.004238648429841622,0.12194226344864566
97,0.03306992120132647,0.7768110843983452,0.12769897644089612,0.001821563922954324,0.06059845403647788
98,0.036711668498553125,0.03750759973977433,0.0017953576616857021,0.0016994943930441833,0.9222858797069425
99,0.23404901116865992,0.1113352265705578,0.0013142567311710141,0.0014657777861207051,0.6518357277434905
100,0.21953841187762477,0.38486883736352506,0.0041492890319108034,0.0026351418344345793,0.3888083198925048
101,0.2349914764374866,0.387709463376634,0.005733141184863564,0.0011854372915950685,0.3703804817094208
102,0.18086154188349185,0.483869475643616,0.04890726573158939,0.0042444785280869035,0.28211723821321577
103,0.19517641519999027,0.5324158958657046,0.027114997950322284,0.010920007509960422,0.23437268347402238
104,0.12491944398022566,0.5360163450318745,0.01537894060116487,0.005534149539818621,0.31815112084691627
105,0.14366594551026032,0.6210269475544755,0.01462948868571137,0.003026216914049724,0.21765140133550312
106,0.19775908313444426,0.6836913367500781,0.07511337674708826,0.002654104614409081,0.04078209875398025
107,0.1337986272508303,0.7169330060772903,0.11037157640853809,0.0028736929912348544,0.0360230972721065
108,0.11605814311744338,0.7171638520165157,0.14731470540126856,0.0030396916081044216,0.016423607856668066
109,0.04790787815561643,0.6326535113578735,0.3044386661349784,0.002854530902539256,0.01214541344899239
110,0.01828672549728373,0.6701593242146995,0.298135583513967,0.0012579173539806075,0.012160449420069214
111,0.011824195148331752,0.5075113117131916,0.47756552390577284,0.0006087420607264126,0.0024902271719773653
112,0.02472652633852417,0.5956595589521227,0.3722821173112914,0.0017635309512062378,0.005568266446855409
113,0.011948918861253733,0.3994467696883991,0.5856371644218791,0.0007204108912699062,0.002246736137198263
114,0.010716680762649049,0.38689275399171413,0.598133035984892,0.0008576643132425364,0.0033998649475023342
115,0.010801331139236927,0.24613571745534937,0.7354831982557237,0.001007055851178401,0.006572697298511594
116,0.007876286310548005,0.24772466502759055,0.7370895902017389,0.000735585319067694,0.006573873141054811
117,0.005126078083218099,0.20738594702982144,0.780822683852929,0.0004923121332754586,0.0061729789007559845
118,0.00833216863723428,0.18694618321932205,0.800579284233075,0.00043326224629379863,0.0037091016640747993
119,0.009349039167649065,0.2566218596684625,0.7264545367057857,0.0008117537362854639,0.0067628107218172485
120,0.01500380457432352,0.3365242981662133,0.6342700658278514,0.001571736163814105,0.01263009526779767
121,0.010056324842429168,0.28047602981145914,0.6984205184569604,0.0006785463230593753,0.010368580566091945
122,0.009643911456377755,0.31453689615906727,0.6571732724525846,0.0013616594311999916,0.017284260500770296
123,0.01263577596160362,0.35669951112609694,0.6176903482220081,0.0015518301179405197,0.011422534572350828
124,0.008901257015533568,0.3235484815545093,0.6567546366249656,0.0010315863044782687,0.009764038500513253
125,0.00886829914378963,0.20391246802236923,0.780200906882609,0.001038436021223578,0.005979889930008479
126,0.015234736470325434,0.2057089921227662,0.7720021926472761,0.0010733084596539005,0.005980770299978477
127,0.005438095131278239,0.09674615836710904,0.8912134874934204,0.0005848869461707058,0.006017372062021511
128,0.005723989718117735,0.18882545466521056,0.8007693499274978,0.0007991379284113212,0.0038820677607626056
129,0.0024249702571180367,0.08372348388986611,0.9106918397294201,0.00026154410324370786,0.0028981620203521142
130,0.018357651526800547,0.4995759292089462,0.46830086234939694,0.0036716655253726973,0.010093891389483602
131,0.014881969050874765,0.3064354295696022,0.6649675433374401,0.003986769401816466,0.009728288640266602
132,0.007056397685597531,0.500680165657746,0.4860134305636786,0.0021830005538099988,0.004067005539167831
133,0.02257675448189943,0.42570678971316467,0.5450451050516458,0.002665051651647701,0.00400629910164233
134,0.008206088786430666,0.27015012416880213,0.7162377512226604,0.00219867764350024,0.0032073581786065666
135,0.007812865192335908,0.2725420908572865,0.7137849703883958,0.00178526607717546,0.004074807484806262
136,0.003586656818898857,0.21897180613441186,0.7746304317128007,0.000777184173849078,0.002033921160039652
137,0.0027771178787821546,0.16491597376216863,0.8305400853335744,0.00033168390452739747,0.0014351391209474764
138,0.005839201143085951,0.28114542644393753,0.7081835086237745,0.0011027396702286052,0.003729124118973405
139,0.005649296387130762,0.1932777033454939,0.7982517259700409,0.0006279379653913983,0.002193336331943216
140,0.0059558577593595225,0.3141719594079747,0.6708767939995709,0.0011890130393897652,0.007806375793705075
141,0.03352570604324751,0.6612406864667736,0.2842833744209255,0.004454727766396965,0.016495505302656484
142,0.006101271525346866,0.19788009901855003,0.7925017798259995,0.0005862686954568783,0.002930580934646702
143,0.007498349241068165,0.171152200647413,0.817314822858941,0.0005905863263788018,0.0034440409261991055
144,0.016840713897439352,0.2903762207846683,0.6864091155232239,0.0016598796315065757,0.004714070163161775
145,0.0033128503882715763,0.07526261895672967,0.918787421467729,0.00033153813454642975,0.0023055710527233107
146,0.001919665242789643,0.06942157219919422,0.9267934795193351,0.00012516644653579625,0.0017401165921451854
147,0.0027501356477714137,0.09542924021349339,0.8993176176624007,0.0002664693896143995,0.00223653708671999
148,0.0035408610452381147,0.09870937719001936,0.8955605649526137,0.00022274641318126284,0.0019664503989477
149,0.0029652792631004667,0.04765222836838783,0.9473230004831222,0.00015930022494397905,0.0019001916604456538
150,0.0008246262183170231,0.04198070196104405,0.955951239063701,7.42353090079896e-05,0.00116919744792992
151,0.0016157491030217527,0.03236220738802302,0.964741331867978,0.00011250552095830821,0.0011682061200190177
152,0.0005217651958823912,0.015025597529180583,0.9835336008309418,0.00010249328195081226,0.0008165431620446059
153,0.00041517174742901575,0.03365904750612514,0.9649475400374175,4.2877021876895934e-05,0.0009353636871512933
154,0.0006304827133955869,0.021409637338572585,0.9766511735467008,5.9573514278729696e-05,0.0012491328870521765
155,0.0006410572131828545,0.03047553639199997,0.9674916816614114,6.593795445964933e-05,0.0013257867789460865
156,0.0014658759944950845,0.03357204680714252,0.9624082847041578,0.00011026943385348811,0.002443523060351014
157,0.0005527603248369994,0.015613676646306723,0.9825159422709377,0.00012749019041057447,0.0011901305675080132
158,0.0009810117310669886,0.03458166768772532,0.9631165745186547,9.880723148073987e-05,0.0012219388310722164
159,0.00030541048986171564,0.020045986677842954,0.9789509382144183,6.363317237503507e-05,0.0006340314455018173
160,0.0010939102216326608,0.044952179967959076,0.9524573490752855,0.00013180424953359131,0.0013647564855891227
161,0.0006906316942903197,0.025743535148664797,0.9724556250856228,6.492999224149215e-05,0.0010452780791807552
162,0.0005395750321055756,0.016906079559473743,0.9815355129283572,0.00014920777783584169,0.0008696247022277102
163,0.000893589523209541,0.02505131243285769,0.9730654612781975,0.00010000227392003877,0.0008896344918152056
164,0.000304383046009256,0.020970089994884228,0.9778143625342005,7.191191792132238e-05,0.0008392525069846216
165,0.000639504170966064,0.02696413885919488,0.9709294035970002,0.00011310815253112508,0.0013538452203077438
166,0.0006684990972075054,0.03484358655516881,0.963240479958187,5.887249199558739e-05,0.0011885618974410274
167,0.00038296328127462013,0.014251689621797427,0.9842226077169228,3.676533653439507e-05,0.0011059740434707234
168,0.00034784779385830616,0.020815510465384934,0.9769452247480325,0.0001008602117737986,0.0017905567809504107
169,0.0025234372969164726,0.06100323349316927,0.9331407865212311,0.00030883376417439916,0.0030237089245089385
170,0.00019835566404405688,0.019495244197270847,0.9794593959486826,6.893801758580149e-05,0.000778066172416925
171,0.0002646915630099694,0.015651074384587075,0.9822203991429628,0.00015233811970689207,0.0017114967897332645
172,0.001629000464384227,0.047187679134871596,0.9463238953587113,0.0007369807233066048,0.0041224443187262315
173,0.0001459131856605155,0.018623189419331238,0.9803553793193518,6.10863054408761e-05,0.0008144317702154728
174,0.0014148621864401114,0.03745959191965254,0.9572789984001852,0.00034468893920338846,0.0035018585545188033
175,0.0008972044290062986,0.02734951566583054,0.9676035370344426,0.0003037690326960052,0.0038459738380243733
176,0.0004581664679239355,0.01872803872034825,0.9787249400226511,0.0005829899981961954,0.0015058647908806132
177,0.0017005379774934198,0.03809330209762496,0.9564289269366396,0.000893434151571033,0.002883798836670845
178,0.002578506037177212,0.05173565518589308,0.9391855838267527,0.001155453189878559,0.005344801760298364
179,0.0016421752176730337,0.023488747476844353,0.9707213466581863,0.0006578666551822958,0.0034898639921137607
180,0.010258594792080336,0.09688987198655664,0.8782319692747268,0.004613141779862891,0.010006422166773362
181,0.011885513130108225,0.045254324335060235,0.03218647801227685,0.013786403471341262,0.8968872810512135
182,0.07782900752015713,0.07986019006481775,0.00568961376387557,0.020903269479632725,0.8157179191715168
183,0.12371659994047993,0.12576593296703042,0.002684133215521546,0.005454461662860921,0.7423788722141071
184,0.2785734271440272,0.31566613972891144,0.013785675441741807,0.005935518060110345,0.3860392396252092
185,0.4649129037692464,0.3920211757721823,0.011483984979891277,0.013903196631870682,0.11767873884680928
186,0.12616299610159512,0.7496905496369458,0.024192326695018238,0.07074419757488058,0.029209929991560246
187,0.06578784017873439,0.8164080513922345,0.006826691083310243,0.07683846896181432,0.03413894838390649
188,0.09997236654894999,0.5016554980532156,0.004663467142589719,0.36251320022755984,0.031195468027684862
189,0.05039685025342297,0.7949586074208805,0.004325120233916327,0.1261771792749512,0.02414224281682895
190,0.041124857874344244,0.8477588330072454,0.0037326768701934523,0.0894929273650999,0.017890704883116972
191,0.03422988420037087,0.8333315261428855,0.006217082181336071,0.11038823967272142,0.015833267802686273
192,0.1164595424756333,0.578409832882249,0.0021375464533823696,0.2545715152219074,0.04842156296682792
193,0.08473698766105234,0.5412350255536772,0.004620167303057843,0.3142300178049267,0.055177801677285934
194,0.05862386942901217,0.4548898801650293,0.007619574966281106,0.437350684171996,0.04151599126768147
195,0.08736244052835669,0.11371580292232672,0.00240285336248924,0.60271392520646,0.19380497798036725
196,0.07448925720034137,0.09769449736773266,8.805994713094806e-05,0.8146817650070051,0.013046420477790104
197,0.04801121666508352,0.0567771244586979,0.0001374921595641554,0.8855423687506438,0.009531797966010619
198,0.050386046272555426,0.05499190694511488,0.00024150914546805128,0.886052690761637,0.00832784687522487
199,0.06773448276810555,0.17312886862046942,0.0002168597646125311,0.7402757098467817,0.01864407900003087
200,0.06428550792998301,0.058077802551324956,0.00014500915305335174,0.8706714210070571,0.006820259358581637
201,0.04645587214672348,0.27491282500485553,0.0022851590025881855,0.6575997248829534,0.018746418962879395
202,0.09936589394517496,0.2003194558966111,0.000921599676984102,0.6810746277954189,0.01831842268581084
203,0.08125582100823753,0.24786695469002493,0.0006152000613694561,0.6348225397729678,0.035439484467400355
204,0.0909957835503747,0.4130824053380389,0.009209449334915956,0.4526944277311282,0.03401793404554214
205,0.08992711732643616,0.17513123433779335,0.001320137339982093,0.7235114136394794,0.010110097356309144
206,0.07311926994178256,0.1240093711484571,0.0003811755168473641,0.7898092464553467,0.012680936937566192
207,0.05918664174359203,0.12782335390553115,0.001528901601222838,0.8004390652106498,0.011022037539004175
208,0.047333839418686775,0.21014051581756896,0.001515555235187155,0.7230693506002541,0.017940738928302866
209,0.05297280257972749,0.18341686107699187,0.0017268009185881304,0.732481535280383,0.02940200014430941
210,0.10373918650161701,0.17682704947634845,0.0006045818994222025,0.6237594215696249,0.09506976055298734
211,0.14432926913283145,0.32056125606981123,0.0005051747227538348,0.4752540985277893,0.059350201546814266
212,0.10450488931927232,0.2651681356422047,0.005488889117595136,0.4126336570679792,0.21220442885294866
213,0.16283851257405532,0.17591511883837274,0.001661603448325789,0.5470631480658846,0.1125216170733615
214,0.11415816415638702,0.3048951069972665,0.006001929584611589,0.5308071827754413,0.0441376164862935
215,0.11124046699014324,0.15596564827348178,0.0005976069265071618,0.7060564538175991,0.02613982399226871
216,0.1290016756959284,0.34650573862699674,0.009648146300449243,0.38659013952155985,0.1282542998550659
217,0.09182717409206609,0.17052090305592457,0.0018886151796140577,0.7195937902352878,0.01616951743710745
218,0.06024970190764354,0.13455399636804471,0.00042886743418375306,0.7891709026774685,0.015596531612659417
219,0.05201005256028375,0.29958964657847487,0.0007792518705443713,0.6399101386975522,0.0077109102931448995
220,0.062185961117859914,0.18627232863865922,0.00013970763541287903,0.7434979815020699,0.007904021105998117
221,0.054831730255686675,0.14835999592667906,0.0003639300832293995,0.7833342143785856,0.013110129355819214
222,0.08873420156954605,0.15513991523089166,0.01055807983733464,0.7102548992556849,0.03531290410654283
223,0.09905486532296018,0.13716878619258427,0.001123664520677806,0.5914104496524375,0.17124223431134034
224,0.14351968834022608,0.21525585356967633,0.0032376450706206403,0.5882697424792125,0.04971707054026443
225,0.12042556445178938,0.22554994785256502,0.0017430952666347716,0.5721191710015496,0.08016222142746128
226,0.05808364797168981,0.030745094933425924,0.0007141615441802897,0.8154785289546319,0.09497856659607198
227,0.07789037889302929,0.03383089685371453,0.0004978787170530965,0.7412346414218766,0.14654620411432648
228,0.11681930043466628,0.019458886537693777,0.001406364369866199,0.3660786320796497,0.496236816578124
229,0.16028810595397042,0.018201373300401644,0.0002745091471686284,0.3278484207965557,0.49338759080190353
230,0.12874789724738414,0.08358998806165985,0.000951991489076969,0.2479879706816876,0.5387221525201914
231,0.12087104863731925,0.08280874363971619,0.002118613497800021,0.18843248758030282,0.6057691066448617
232,0.1171396870413246,0.23500586984184854,0.002889346461494443,0.39786587600401985,0.24709922065131262
233,0.07863096917136626,0.23160375264881508,0.007464328791256908,0.5550826368207239,0.12721831256783786
234,0.1352618459474404,0.09884574674753223,0.00202156169146005,0.22699145454206288,0.5368793910715044
235,0.16039840534763836,0.1930075993461826,0.0021288900540217693,0.3086310330165724,0.33583407223558476
236,0.2255244592035721,0.31615218002042306,0.013047059290203437,0.14579413815911682,0.2994821633266845
237,0.08909322253217801,0.09418144909874444,0.002410916760775126,0.026338552109744735,0.7879758594985578
238,0.11698525678595899,0.40880713719941986,0.07015977379917275,0.02138821303087308,0.38265961918457525
239,0.08103150218029753,0.14212657520278063,0.003696968420439298,0.039862916815155525,0.733282037381327
240,0.16007647260207575,0.2863204011233137,0.06439705958196312,0.05863114388803229,0.4305749228046151
241,0.11637244247737667,0.3210475217881018,0.006731223721806864,0.21689915721345343,0.33894965479926115
242,0.1559982591396729,0.49999145561346475,0.002709536440017942,0.2824363468145385,0.05886440199230584
243,0.12530070548070132,0.380712999014512,0.0158390539456712,0.03874842217225184,0.4393988193868637
244,0.16185786693992918,0.6517178647183439,0.035514076301360595,0.048057391839836976,0.10285280020052927
245,0.15682697261119463,0.34478920352612763,0.007990898417909445,0.03404297517653371,0.4563499502682346
246,0.07708895697764939,0.2897597027299689,0.0009442546302776706,0.027417258225553985,0.60478982743655
247,0.09146338875103621,0.36214905080892484,0.020696823835583703,0.022131462675908244,0.503559273928547
248,0.27118246948070857,0.3586600454766116,0.004592333496592315,0.02001352253912224,0.34555162900696523
249,0.14269398311345707,0.34201467385530804,0.003920147990457265,0.02230799673363116,0.48906319830714634
250,0.2936556983807375,0.30799810881610573,0.016558516691509633,0.026896929707114756,0.35489074640453233
251,0.17764232980619893,0.3893223307631021,0.0573684001305796,0.011527096393665904,0.36413984290645346
252,0.1912995481728092,0.625435137366393,0.03662213574623127,0.011792680563781612,0.13485049815078487
253,0.07929208008372213,0.3116157268132435,0.048503845276497086,0.009518700862089528,0.5510696469644477
254,0.19260658147110832,0.6893301307891108,0.007073539479143339,0.037403728376091454,0.07358601988454613
255,0.05531821963413978,0.8688354355998623,0.042541798572004436,0.02266753280791878,0.010637013386074734
256,0.09783749429752987,0.7974726269997129,0.041904190709422334,0.036588604616613854,0.026197083376721046
257,0.058457149172449846,0.8641684188454009,0.045461021462790824,0.017489721169792645,0.014423689349565684
258,0.016199319658206097,0.8228237484356868,0.12400754767185532,0.019631594840488636,0.017337789393763285
259,0.04223780501417754,0.8916573180962047,0.017593858507002492,0.02915329262040433,0.01935772576221084
260,0.054237019224501866,0.8887136925094595,0.027689890086450928,0.017436994350591463,0.011922403828996212
261,0.03939654970475209,0.8205401044395002,0.1063989655327559,0.021124867965436455,0.012539512357555432
262,0.057956748475746785,0.8375314682137929,0.07106021293122651,0.01676776111935075,0.016683809259883258
263,0.04484592722542676,0.8280424674674383,0.10478302367138896,0.014306435780658953,0.00802214585508696
264,0.03610212938364626,0.7682048992279162,0.17041208169652208,0.01838934699633652,0.006891542695578934
265,0.06915586647629034,0.7860847050528869,0.106853375096261,0.01433263061381102,0.023573422760750754
266,0.032816527610135884,0.6445309001717706,0.28489314082183315,0.0264057167024668,0.011353714693793546
267,0.035541985776836336,0.7341006104046524,0.1885522304399582,0.03216891024883999,0.00963626312971298
268,0.06049330464560172,0.7589711497644238,0.1023425707647307,0.04290303251253098,0.0352899423127128
269,0.020160080153514136,0.7653013108482785,0.19964008632017866,0.009092531160755915,0.005805991517272787
270,0.042140285188374246,0.8590897058994119,0.07546413939959065,0.010615508031246671,0.012690361481376498
271,0.030994836866454392,0.8456652842667226,0.10824409140105758,0.004654711671471005,0.010441075794294432
272,0.051150796542512686,0.8592744088012609,0.07002134490136214,0.006276195116316029,0.013277254638548142
273,0.011230094626313882,0.604332082242478,0.3763559663406279,0.0027136973018550784,0.0053681594887251115
274,0.010847272462984274,0.5440011917508194,0.4419122486567517,0.0013038921407491012,0.0019353949886954272
275,0.030238327354509677,0.7091817777553101,0.2335996302794414,0.0040324424856883765,0.02294782212505055
276,0.007646729880558652,0.34113174463095475,0.6469612847419907,0.0014829511263100004,0.0027772896201858697
277,0.025767001825487655,0.5852724533854217,0.37958625623459974,0.003461766389355552,0.0059125221651353315
278,0.012690230666102835,0.5487129970671702,0.4288749729778792,0.003560849171854233,0.0061609501169935825
279,0.01740163092663007,0.532237980248999,0.44057287373134857,0.00499601451388197,0.004791500579140318
280,0.021742064825238615,0.7502037263537171,0.2185131690345238,0.004844023041884443,0.004697016744635984
281,0.01940519140618449,0.5441762527894528,0.42539928826545603,0.005947556809268023,0.0050717107296386794
282,0.012660803839521576,0.660020056022894,0.3199865328085399,0.004326268567287918,0.00300633876175655
283,0.012077619304166412,0.7053362249542976,0.2745839001388542,0.002833231939029599,0.005169023663652051
284,0.0147858522219333,0.5244865275815357,0.45629239380612513,0.002251858409250838,0.0021833679811550646
285,0.008918078881153115,0.5498745161910178,0.43845041369455695,0.0015774401620616523,0.0011795510712105598
286,0.008388754925620048,0.3742400831386747,0.6129894492645408,0.0016852053365922002,0.00269650733457223
287,0.005061103404631025,0.4013861348738728,0.589662933571724,0.002424051599130205,0.0014657765506421506
288,0.0035384011622060095,0.3450516564381986,0.6480088270717462,0.0012834672916210406,0.0021176480362281357
289,0.007226061933520835,0.5199389186415699,0.469915760599717,0.0011670486759472072,0.001752210149245005
290,0.00372693798630826,0.3466697569096388,0.6477578174557653,0.00046645930020850857,0.0013790283480791064
291,0.00348029206096414,0.2994495311466887,0.695169690140905,0.0004434073632774891,0.0014570792881644075
292,0.004163241009650904,0.41202285136907923,0.5823342892155277,0.0003914481789274043,0.0010881702268147368
293,0.007223401453788167,0.44654762058328656,0.5397997302198364,0.0021274314793606527,0.004301816263728272
294,0.007043642921406232,0.2720565675006051,0.7182499244323461,0.0011659666190772728,0.0014838985265651636
295,0.002876371768849102,0.155319043202584,0.8400064447958572,0.0005981958457743168,0.00119994438693541
296,0.003744740630550269,0.2701844126643059,0.7231609179370494,0.001181907226108369,0.0017280215419861005
297,0.008602512315598547,0.46659635815970707,0.5180614362925605,0.0024233404938682882,0.004316352738265722
298,0.003619192528046867,0.24592472131041881,0.7471701457444353,0.0010418852886268546,0.0022440551284721695
299,0.002471312861613698,0.26672075362697173,0.7279177048457443,0.001137447086587072,0.0017527815790831733
300,0.0035754296197127292,0.20298104120323932,0.7917478118011061,0.0006315714294142802,0.0010641459465274372
301,0.004902839376774735,0.19579139875107596,0.7959693692747476,0.0011451832303989308,0.002191209367002846
302,0.003460546493363863,0.324923187020829,0.6676474173979671,0.0014589298677182528,0.002509919220121847
303,0.002591977245995606,0.28251630746497614,0.712241143725797,0.0009137990592208538,0.0017367725040103978
304,0.005584139241645898,0.399822756188925,0.5888913424799769,0.0020646135423957605,0.003637148547056485
305,0.011488512013851513,0.37920927035622887,0.6042202338467091,0.0018083192740443264,0.0032736645091660434
306,0.0033758334831565746,0.25829129993537936,0.7351545391345179,0.0008660017485617947,0.0023123256983843526
307,0.0022335019389432306,0.08748590343850504,0.9083004712564579,0.0007008585154543687,0.0012792648506393806
308,0.003921829908428188,0.20781899945527602,0.7857091835001392,0.000773440276103161,0.001776546860053315
309,0.005709280877099506,0.1902396703765571,0.8008384361583979,0.0007275973333251492,0.002485015254620478
310,0.0035331005073314147,0.15020911757902497,0.8435389045464701,0.0005953940086621454,0.002123483358511306
311,0.007111480849680475,0.19377477274750243,0.7952399763273849,0.0009564231597985036,0.0029173469156337766
312,0.003110861286509534,0.15181632753313895,0.8419549418520417,0.0005973465675886517,0.0025205227607212064
313,0.0018472078770414811,0.10907500045715354,0.8865298353795223,0.0005361899821396056,0.0020117663041430553
314,0.002159340638769444,0.11087773735632489,0.8850771532785948,0.00035550768854189643,0.001530261037768985
315,0.0006541940153322561,0.05124170096888215,0.94704326369007,0.00020737199993313673,0.0008534693257823234
316,0.000670086681244988,0.02568307355805656,0.9714585416111354,0.0006550357886923923,0.0015332623608705566
317,0.0025965919570195574,0.06434458421302516,0.9306892862815515,0.0004954948681017924,0.001874042680302004
318,0.0038192044639453865,0.1244366515017486,0.8684923938480874,0.0009079090051361187,0.0023438411810824153
319,0.008777194301517171,0.12448126239737325,0.8624936708519597,0.001559968699533175,0.0026879037496166003
320,0.003384181169737616,0.11959772490190823,0.8740161282441774,0.001468798510963113,0.0015331671732138493
321,0.0058438546293461124,0.11014133159189912,0.8802359317316368,0.0018106160249043016,0.001968266022213486
322,0.012704210812290694,0.1627369460622211,0.8147482856947674,0.006356196269963681,0.00345436116075723
323,0.013987401857622123,0.20860027006645301,0.7682077941263622,0.003546201161940582,0.005658332787622049
324,0.06028978777949736,0.17682123000122338,0.1711567519339882,0.043979113936174055,0.5477531163491169
325,0.3059098397035426,0.40381549931590444,0.0904199231064163,0.021587439676587158,0.17826729819754944
326,0.41990054320223347,0.41004371347678553,0.018973227171528023,0.00442602908906586,0.14665648706038734
327,0.13688714192528428,0.704407523820515,0.10326646665921459,0.0014426778266184025,0.05399618976836781
328,0.07929805821411569,0.7724330169103647,0.039361086418918806,0.00924771642350296,0.09966012203309778
329,0.05274896845810675,0.870185807223297,0.04008145414891526,0.01510058601318693,0.021883184156493967
330,0.04248167140207736,0.8381329580614209,0.028927353121629005,0.02007478717642372,0.07038323023844899
331,0.061862835186689294,0.7894414334730044,0.013735497776137279,0.0769448854328404,0.05801534813132869
332,0.046030383361861604,0.7729246463949745,0.03592646249569505,0.06765152454954573,0.07746698319792328
333,0.1010022900135991,0.7890403316614201,0.008438226644178337,0.07522356215860473,0.026295589522197738
334,0.044465340707253324,0.8660104459582274,0.0293375905959801,0.04492280006830032,0.015263822670238718
335,0.041039346953895266,0.8476417185275719,0.032158485955965946,0.04759332843522171,0.0315671201273452
336,0.07608217818816758,0.710470907736042,0.006201057671148816,0.13348077380651574,0.07376508259812602
337,0.14379195545210852,0.604269003421852,0.00922972978870844,0.20817352997093838,0.03453578136639256
338,0.038152591027545084,0.8721999335785607,0.015154179030888575,0.0664338881930053,0.008059408170000261
339,0.07608785299534725,0.7980516687351321,0.019721546568494532,0.0876150954451622,0.018523836255864002
340,0.09240468310252603,0.7700027324639201,0.03673355687827224,0.08638004584239922,0.014478981712882387
341,0.06171856268300538,0.777389387303608,0.05097872585114564,0.09354632570684761,0.016366998455393116
342,0.030882846861051652,0.7908738819387724,0.08288400822930692,0.08624692022228474,0.009112342748584442
343,0.040808853798509744,0.7852548742131658,0.06671223339810972,0.099306952718032,0.007917085872182702
344,0.024862452019479998,0.8111001382495344,0.11180004567041378,0.039448263661822025,0.01278910039874968
345,0.040857607753302876,0.8721475305828436,0.024137745805392838,0.049610390858526185,0.01324672499993445
346,0.020147238926545418,0.7998176461596351,0.13621462664898926,0.04055032613921481,0.0032701621256152977
347,0.045056148192191045,0.8234953593943185,0.09462341097432721,0.02480841671398276,0.012016664725180357
348,0.05547158502972932,0.7819367048843225,0.10693571424599883,0.02931480736486749,0.026341188475082117
349,0.04049999033113282,0.833637306500134,0.07887280942878985,0.03861499924561568,0.008374894494327736
350,0.026170130861471453,0.7780769896185287,0.16009942924433695,0.027896494897815666,0.007756955377847136
351,0.06802178538233598,0.8227445176840655,0.04866352064657251,0.0545081244766201,0.006062051810405963
352,0.03269342841349034,0.817132494176367,0.1291459372642434,0.01772729873974698,0.0033008414061525275
353,0.03395648196977717,0.7942013847718872,0.13572455704426756,0.025634929725649215,0.010482646488418962
354,0.019036645189056584,0.7304015853348605,0.21266208636770303,0.03075261824927516,0.0071470648591046414
355,0.04891237083231301,0.7534405968870442,0.14883678845074264,0.038101362905218414,0.010708880924681813
356,0.04464937036651844,0.7000154430903549,0.21803267184908753,0.025585883474272958,0.011716631219766235
357,0.03527952431775982,0.7688207146775957,0.14673576852888026,0.039460197210425305,0.009703795265339083
358,0.023611840455706044,0.7547586568304372,0.19268133009166322,0.024054072306942387,0.004894100315251218
359,0.019718102564920976,0.7023085633918871,0.21897743663600044,0.051803864288048604,0.007192033119142786
360,0.013985122909459531,0.7918289920489467,0.14995028060097068,0.0375694268512624,0.006666177589360442
361,0.03241719324443832,0.7227026933752569,0.15424721483906323,0.07282687727754615,0.01780602126369546
362,0.05850359105122687,0.7294930226654117,0.11811768929070098,0.044765908762474535,0.04911978823018599
363,0.09076661374683943,0.5569914208002619,0.035192491710646506,0.1413361481878963,0.175713325554356
364,0.18539726692405312,0.6287076473731991,0.05408215900904923,0.08093117592899106,0.05088175076470759
365,0.18064178757253255,0.6549082589352057,0.04680034590385618,0.07019790277318766,0.04745170481521807
366,0.20447442723867298,0.5489231487544247,0.023661268717515383,0.1838826837512856,0.0390584715381014
367,0.09375576157770908,0.534170037865594,0.021801223947611525,0.3238463119486032,0.026426664660482015
368,0.06684684786822512,0.32271634721570297,0.028812565384238018,0.5710271409334918,0.010597098598342083
369,0.0535716721884118,0.43387467111352623,0.01605437382179901,0.4818530555059574,0.01464622737030546
370,0.043913144573501615,0.3440370987820496,0.017180869478425898,0.5873240977670338,0.007544789398989014
371,0.02579685890288708,0.772774415171702,0.014608957444705677,0.18179512774213344,0.005024640738571757
372,0.04468411514889641,0.6694205658835257,0.01985972812811566,0.26102087637272187,0.00501471446674054
373,0.06935152489108783,0.7291888812054629,0.03424797848631832,0.15947271027056378,0.007738905146567191
374,0.12078532915344062,0.7170227457919673,0.021256059899225674,0.12984041626663015,0.011095448888736321
375,0.024490669097503696,0.8371470609789241,0.060948798307601665,0.07404322999895471,0.003370241617015923
376,0.04075102622710662,0.7586919023539287,0.09523067342273542,0.09639114930661968,0.008935248689609671
377,0.038182647035662966,0.7231622489284947,0.16288927578762846,0.06914855382038454,0.006617274427829288
378,0.020008564282213218,0.7369379799006249,0.1508734800027963,0.08697131121958301,0.005208664594782658
