epoch,N1,N2,N3,R,W
0,0.004067618560688776,0.0006449632058391254,1.7830724438137432e-05,7.528068051187948e-05,0.9951943068285221
1,0.0002323950009681512,7.05002887879405e-05,4.745795406442918e-05,7.860231947892834e-06,0.9996417865242316
2,0.0011371508823166062,0.0002027932678616066,6.156111491194927e-06,2.9656918208965664e-05,0.9986242428201215
3,0.00020993058414057542,4.606834732473364e-05,1.6108918192794413e-05,9.687444073371902e-06,0.9997182047062684
4,0.0018677493836199237,5.8988766312412884e-05,1.2618311065269308e-06,1.979018256840971e-05,0.9980522098363928
5,0.003523190786571019,0.00016450421481774077,1.8468533944047424e-06,3.96191010658229e-05,0.9962708390441509
6,0.0054735213356153995,0.0002729657916587282,3.4982303205425463e-06,7.152953577077666e-05,0.9941784851066345
7,0.22982963967934603,0.0037514399629761776,2.886432550880783e-05,0.0020895015128123383,0.7643005545193567
8,0.17350214924188784,0.0028503649143254263,2.1799374529973654e-05,0.0011303562822085422,0.8224953301870482
9,0.0038299984458110034,0.00014048836417609003,6.7479950509589955e-06,0.00015815978407654317,0.9958646054108853
10,0.26731722909856426,0.003443667108405812,1.3487974391883692e-05,0.0017030663305844882,0.7275225494880536
11,0.1943004948503912,0.010060957374079485,2.7543956779128917e-05,0.0013082239266523545,0.7943027798920979
12,0.17847676177184305,0.005605179549012338,4.352217591180258e-05,0.0011212336891216364,0.8147533028141111
13,0.18931551527865945,0.049132834998105133,0.0006173587520839498,0.00522159690804713,0.7557126940631044
14,0.05748050838551633,0.014181019217102377,0.0003450585770894251,0.0035588176956267504,0.9244345961246652
15,0.05001651397445529,0.0018140620858213682,1.182505622915214e-05,0.001213503415143303,0.9469440954683509
16,0.7637840699157685,0.04896528720574922,0.00013702410367954533,0.00534878418639008,0.18176483458841258
17,0.8043849927368737,0.018402992515155852,7.572950071475567e-05,0.0019732490552017714,0.1751630361920539
18,0.1174399199172025,0.6165342421637151,0.04572580169642622,0.0013632875188480987,0.2189367487038082
19,0.036780668059566986,0.8478763281233772,0.030624541581344863,0.0015783434261277015,0.08314011880958339
20,0.012676427572319612,0.015273576659883763,0.00016776482539906603,0.0005147091809202786,0.9713675217614773
21,0.1355928621031842,0.5706356679217238,0.00122224722494563,0.009687250263611282,0.282861972486535
22,0.0031515156298652256,0.0006318511550852439,1.6563964494583047e-05,0.0001416264717647679,0.9960584427787903
23,0.16164907212014273,0.05477745054994293,0.0007039718077235775,0.0011718473988270041,0.7816976581233637
24,0.07880566900574494,0.040147762194707476,9.659774587514262e-05,0.0017510474228595219,0.8791989236308129
25,0.002053411933478787,0.0008435156283813605,1.601936275618745e-05,6.80509274524444e-05,0.9970190021479313
26,0.0006292674753121809,0.0007119521044511578,1.579995184407504e-05,4.37027305311942e-05,0.9985992777378615
27,0.0018123096335439124,0.0007164687305727841,2.0872473834333287e-05,3.502583184678867e-05,0.9974153233302022
28,0.00200079497283172,0.0014376526676092127,4.533981260970309e-06,4.037697107712729e-05,0.996516641407221
29,0.2114660560234898,0.003192941464166392,1.8617741975782967e-05,0.00013900688806463195,0.7851833778823034
30,0.33078196612772653,0.005825930194059126,2.238761725396653e-05,0.00024955726903189515,0.6631201587919285
31,0.1371145676972891,0.02352827648126379,7.421830055706902e-05,0.0006567006653015247,0.8386262368555885
32,0.020555781132203074,0.007292489223526895,1.5286964781794635e-05,0.0004154374762583218,0.97172100520323
33,0.11772409963959796,0.024606430737965153,2.97878970818001e-05,0.0035382908172579166,0.8541013909080971
34,0.042195686906222954,0.16282326198301067,0.0009140840581943648,0.006250516306338047,0.787816450746234
35,0.12780311444136477,0.30435478676112143,0.0015318832167594912,0.010775843283602536,0.5555343722971517
36,0.1061703512568506,0.5388195787617914,0.001876927282086834,0.023134384537102995,0.32999875816216817
37,0.11404256624765383,0.5711652962801196,0.03821873977900767,0.0021032819316323926,0.27447011576158653
38,0.3395607276131928,0.3683929681532412,0.000593701354473133,0.06242461986916446,0.22902798300992855
39,0.15949391928308898,0.7776836436584373,0.0032017132341422582,0.004464530287539784,0.0551561935367916
40,0.05506997248315701,0.8909132867207944,0.01034110457322264,0.001986085424743009,0.04168955079808286
41,0.15027051695678476,0.7538377746093156,0.017010352883628465,0.0021860158273464235,0.0766953397229247
42,0.39406744150120454,0.5412639723266829,0.0005695174579574766,0.01146151291301266,0.052637555801142474
43,0.05396544846682511,0.911018870018443,0.020979065829215233,0.0012818755612886029,0.01275474012422789
44,0.03882341679432166,0.8638685681490967,0.0813389989559135,0.0008048316894021677,0.015164184411265838
45,0.20194768056306994,0.7480724185535199,0.0028021537324156454,0.002798751188464817,0.04437899596252966
46,0.0224407009605916,0.881903321202606,0.07926940121197536,0.001941583346724885,0.014444993278102095
47,0.14311795333013588,0.8007707453480349,0.021866854378579458,0.003071508041112648,0.031172938902137067
48,0.14921707393320546,0.7898603069210529,0.007235140326478299,0.0009843161967755787,0.052703162622487774
49,0.02047445603385953,0.9398028039108154,0.03302466508370368,0.0006328962038594712,0.006065178767761937
50,0.022944310437788808,0.9413825758042926,0.028120658495764447,0.0006134266109619534,0.006939028651192288
51,0.010730342291767584,0.6350925704024402,0.3418323048911461,0.0005345894713285166,0.011810192943317824
52,0.11083223297615392,0.855102336452256,0.004781778027528874,0.009566231050452883,0.019717421493608195
53,0.019752517176661013,0.8530538606716638,0.09774006380872259,0.0014210275349884702,0.02803253080796397
54,0.07584677892978649,0.8841742983850439,0.02280844078104734,0.0010058364242683914,0.016164645479853898
55,0.009771523460714616,0.8428100448861171,0.13868899184386677,0.000535674393159364,0.008193765416141892
56,0.02290360284838347,0.6228298119417414,0.32051617422869066,0.0007379906509128792,0.033012420330271464
57,0.023767220655513923,0.9251257826392705,0.03505689065872984,0.0021028823484293495,0.013947223698056573
58,0.021232197752532527,0.7845121266961868,0.17264813312415853,0.0015122914157501568,0.020095251011372127
59,0.23918338508863182,0.7254974366319746,0.003264821739305185,0.007000854593951039,0.02505350194613733
60,0.08004775736084482,0.8853030846893446,0.008977191487862322,0.0008127845667241008,0.024859181895224167
61,0.08204571541722876,0.8762540322154501,0.021112724242726623,0.00101564803291701,0.01957188009167749
62,0.09270305252938076,0.8735917554394812,0.013347063042614222,0.0008620873725840544,0.019496041615939652
63,0.012026493594057447,0.8995384135300046,0.0822139482461648,0.0004021220252767032,0.005819022604496569
64,0.011144202615728451,0.8061733974817202,0.1761801836280204,0.0006320886842373923,0.005870127590293454
65,0.009574739731428703,0.9361848707855296,0.04666233506510217,0.0006990341907840618,0.006879020227155554
66,0.017101629169776734,0.9346112078896407,0.037978376958594615,0.0013005522391373496,0.009008233742850497
67,0.006501369532679357,0.6901082656126527,0.29322292200938355,0.0005964400957005778,0.00957100274958377
68,0.016691971168163892,0.9479546821929787,0.0223078078191097,0.0010501054587121182,0.01199543336103557
69,0.0045166551244559755,0.41909537521175005,0.5716241631705404,0.0007521266470117207,0.004011679846241834
70,0.038128736610999095,0.05079598103129001,0.0012854321514094932,0.00027889846305160116,0.9095109517432497
71,0.5348065671413901,0.3867998969665445,0.0037646687663992523,0.0012998402491067739,0.07332902687655933
72,0.05920765753196863,0.7199428847581756,0.19656609592496507,8.038880993464183e-05,0.024202972974955838
73,0.05825108412284468,0.7806718096270998,0.14494595204128288,5.16765022782094e-05,0.016079477706494334
74,0.010713091921549945,0.7629432485551813,0.21674824702391773,0.00013846297434845343,0.009456949525002669
75,0.007049803943282695,0.6280175729063509,0.35475498180694093,0.00029018081437227753,0.009887460529053387
76,0.00040401027365129406,0.15528493999454676,0.8424780270250223,2.9418488520599026e-05,0.0018036042182592391
77,0.00038587345869394465,0.08680932684033596,0.9113683945487526,1.6092955924497014e-05,0.0014203121962929552
78,0.0002207921475271143,0.1009628045661151,0.8972651294165971,3.4539397098211344e-05,0.0015167344726623546
79,0.0002172209185086158,0.04528811743405918,0.9528697004285123,1.809309031842613e-05,0.001606868128601445
80,0.00013347449682637967,0.023758618195830302,0.9751265762706751,1.6722282396772294e-05,0.0009646087542712392
81,8.915670827200509e-05,0.015233395119490817,0.9842587221022099,8.3794790603867e-06,0.0004103465909670052
82,9.574481357849884e-05,0.018485281572139207,0.9806085673263937,1.1757628066395195e-05,0.0007986486598222075
83,9.920207453928679e-05,0.014509349581512785,0.9846483599408475,6.709789022914958e-06,0.0007363786140776064
84,0.00014856011897971527,0.019468182675164862,0.979781302242831,6.338032365931584e-06,0.0005956169306585837
85,7.40769168085985e-05,0.010542103894788192,0.9885141645474502,1.305507253261944e-05,0.00085659956842029
86,7.951531645450676e-05,0.016328487447150045,0.9829269838764378,1.1827322206148278e-05,0.000653186037751477
87,0.0002532654012680099,0.03748749472898849,0.9611006422338322,3.2545786584096754e-05,0.001126051849327062
88,0.0002170071740447141,0.01821011717664541,0.98024574703354,4.991319257929374e-05,0.001277215423190535
89,0.0003904094642405628,0.0223851862357255,0.976461883340491,7.251016806414513e-05,0.0006900107914789034
90,0.0004884688790660998,0.0272752396830811,0.969205659564423,9.512713045278437e-05,0.0029355047429770477
91,0.004623023794598034,0.38718893401314836,0.5905572451004314,0.00022549221508981024,0.017405304876732416
92,0.0020432038315550253,0.10667325378244118,0.8874759535757094,6.203488886229351e-05,0.003745553921432185
93,0.0046964236248925135,0.4372596703890055,0.5495365625824463,0.00025332423421445537,0.008254019169441238
94,0.001458396878766825,0.11716409601150653,0.8768786014520904,3.1490513679065624e-05,0.0044674151439570795
95,0.008818422379350195,0.6468081259428731,0.33468227980123516,0.0002712687450147276,0.009419903131526797
96,0.0007709256371998018,0.12017999346266668,0.8770813296669585,2.9126386952493724e-05,0.0019386248462224785
97,0.0005534535454060324,0.13119955615518702,0.8658616770545954,3.7465454576762044e-05,0.002347847790234848
98,0.0003593978735928975,0.08716810360775196,0.9112254539804153,3.1954111497526604e-05,0.001215090426742179
99,0.0007929958144424236,0.06355816462498833,0.9343970393925791,4.679502439312477e-05,0.0012050051435969354
100,0.0002429479540086593,0.05163103004827572,0.9467873247084898,4.132970564457642e-05,0.0012973675835810515
101,0.0007118172864318783,0.033402948618855705,0.9651276374559407,3.752200154486481e-05,0.0007200746372268855
102,0.0001616000030851083,0.01735284940305881,0.9819977096366855,1.1611238590428031e-05,0.00047622971858020575
103,7.60176292334498e-05,0.01454937086521604,0.9850636133399797,6.876217880217089e-06,0.0003041219476906278
104,0.00010584320127580566,0.017384540584131126,0.9816790893238656,1.935246647049275e-05,0.0008111744242571114
105,0.00020190980159132146,0.012583470102127573,0.9865644902173859,1.0185845885555772e-05,0.0006399440330098604
106,7.953708818638686e-05,0.0070082061000952735,0.9922200856128176,1.059628796977324e-05,0.000681574910930917
107,9.620801194076475e-05,0.012430206650090371,0.9870075746908111,9.47357416171307e-06,0.0004565370729961548
108,0.0001273869396383061,0.011355962929241587,0.9881400065117475,7.04329678749939e-06,0.0003696003225848727
109,6.898341718588229e-05,0.009833689981320837,0.9890869319573491,8.382924772962962e-06,0.0010020117193711455
110,5.772318114283855e-05,0.008345663174191149,0.9911862951922585,4.791491522760446e-06,0.00040552696088487695
111,7.45189288112284e-05,0.007820927498440168,0.9914285477646715,7.709048795637695e-06,0.0006682967592815057
112,9.287675294587984e-05,0.01399037564675115,0.9850889387182515,7.722729919049864e-06,0.0008200861521324174
113,0.00021619238692323665,0.02456272430955548,0.9739496236514974,1.9411778220736514e-05,0.0012520478738032204
114,0.000256977292240899,0.0233362088903966,0.9748450023176828,3.554533719290969e-05,0.001526266162487086
115,0.00013700566309933878,0.015466730356916956,0.9824097962246804,2.081763493554649e-05,0.0019656501203678674
116,0.00029553926560331554,0.018461105351031456,0.9796491609611101,1.8277075418296135e-05,0.001575917346836643
117,0.00016807548450008535,0.012646751473492177,0.9862020208818072,2.118791071107008e-05,0.0009619642494895782
118,0.00018408188176310584,0.012539028440884566,0.9855132188683347,2.1124289431229315e-05,0.0017425465195864795
119,0.00014126183519141874,0.0315078415937828,0.9672609637008909,1.0922444853292534e-05,0.0010790104252817753
120,6.330860412396885e-05,0.017249550345894902,0.9822514855024367,7.732145820168808e-06,0.0004279234017244768
121,6.43547571236806e-05,0.013090851155233401,0.9862065009211313,1.980364394608197e-05,0.0006184895225655546
122,6.617384319155563e-05,0.011807821390345636,0.9877977575603807,1.3265431570212905e-05,0.00031498177451187145
123,5.270320610942934e-05,0.014492320831761343,0.984912436767308,1.3304494097113333e-05,0.000529234700723963
124,3.263829656584645e-05,0.007547723357260556,0.9920866426420482,8.629452458207604e-06,0.0003243662516673661
125,7.228164220799221e-05,0.014956191424041492,0.9843845675263897,1.636118102538843e-05,0.0005705982263354532
126,6.691372495130068e-05,0.011179583052453923,0.9882483793548531,1.6280104285120314e-05,0.0004888437634566614
127,0.0001049882128258065,0.015161101033464136,0.984232352462046,1.3184939842646162e-05,0.0004883733518214256
128,4.783842266891536e-05,0.006786987284093342,0.9927831564979158,1.549220390213629e-05,0.0003665255914196611
129,5.0024405795554976e-05,0.008157669601383864,0.9913103257721321,1.5597528188169512e-05,0.00046638269250037654
130,5.983993134627851e-05,0.008740923919670225,0.9907511179468484,1.236683689993494e-05,0.0004357513652350232
131,6.439532522407671e-05,0.009360700694402554,0.9899143657866621,2.2733200502859664e-05,0.0006378049932082589
132,3.9565172572545146e-05,0.0055375327160254355,0.9940340433769758,1.3137245572877366e-05,0.0003757214888532664
133,4.4852832176498565e-05,0.006860255445810523,0.9926289699644768,1.8363807829629572e-05,0.00044755794970641964
134,6.11026175610692e-05,0.009213696723045693,0.9903124280523751,1.2901667668238558e-05,0.0003998709393497777
135,3.184834380987914e-05,0.005366567756672413,0.9942231103059537,1.1581546721548077e-05,0.0003668920468426305
136,3.927886223639186e-05,0.00682008344988322,0.9927953597956701,1.1864555720656248e-05,0.00033341333648973366
137,7.316740816489835e-05,0.009866939454555988,0.9895924879769793,3.9904224926053446e-05,0.00042750093537384493
138,6.234048540118472e-05,0.014955567985991075,0.9845931784879284,1.571532223679489e-05,0.00037319771844273675
139,0.00013335241806243647,0.014096855771606347,0.9848408020095633,7.315379002571276e-05,0.0008558360107423252
140,0.00020366693943616834,0.027855283730135297,0.9712086199971575,9.329517080325528e-05,0.0006391341624678663
141,0.0003030803482229279,0.04444120024793695,0.9542824827337125,0.0001204796301675396,0.0008527570399599669
142,0.0008509169589497659,0.06679419716943509,0.9299432010933273,0.0001251454623907249,0.002286539315897122
143,0.002537384383004966,0.2027966362727608,0.7898363118608112,0.0008019341461141806,0.004027733337308946
144,0.011815540334546496,0.4226760209944929,0.5532490310824739,0.002073489562684668,0.01018591802580188
145,0.0029129417705169797,0.3371129203122328,0.6547550286043925,0.0006881621349756946,0.004530947177882017
146,0.014398034650508974,0.29219763827535883,0.6820510503999717,0.0049638233445675846,0.006389453329592881
147,0.016177743505177426,0.8457809803119963,0.11793861640762308,0.0050446506008726705,0.01505800917433046
148,0.01099267137254188,0.6272847357736532,0.3291193285057142,0.01474579069937218,0.01785747364871876
149,0.05641720112976849,0.8194235001597742,0.017356675619863853,0.096873461050621,0.009929162039972716
150,0.16537902489558964,0.6576656790585247,0.04854575443215739,0.05638908357440627,0.07202045803932207
151,0.1195729196468502,0.6165753567322222,0.006449587650000752,0.23324927342071694,0.024152862550209923
152,0.04231848711577567,0.830668916158913,0.005876068417690372,0.09869765488313238,0.022438873424488474
153,0.060546473142646905,0.5909469685073889,0.0017263924662623718,0.3195997639897939,0.027180401893908072
154,0.05580122553716606,0.48054473243642853,0.0006194843889861011,0.4248524534500573,0.03818210418736196
155,0.05199451256619332,0.3091890395924244,0.00036328457826335524,0.6026180761958121,0.03583508706730676
156,0.06623334416428243,0.3773782042608737,0.0003969511606056069,0.4873603453272198,0.06863115508701861
157,0.08766311746769688,0.08223057861211351,0.00011712602697931633,0.7816052927020822,0.048383885191128094
158,0.07331882718205737,0.2607179964834363,0.000756875043928536,0.5936237458260712,0.07158255546450645
159,0.17005127018961744,0.07261903160216258,0.00022901269184298276,0.22278210622889483,0.5343185792874822
160,0.2652761711814965,0.0724044355695338,0.00017742466634142258,0.6249639348744643,0.03717803370816404
161,0.0995819404518488,0.06609925360135725,0.0003720103599229372,0.8225632315813236,0.011383564005547448
162,0.1221279512815599,0.17875084974148295,0.00044937092031807646,0.6686871064654399,0.02998472159119921
163,0.016701155110828578,0.011608841394832628,4.91987671340542e-05,0.9652324604329837,0.0064083442942211005
164,0.011043230327525713,0.013343714165477678,3.644984952577117e-05,0.971710625722085,0.003865979935385912
165,0.022103673753595805,0.012793228788725129,3.896304084430935e-05,0.9501993983211933,0.014864736095641583
166,0.029200671095495078,0.009286610249305485,1.6861141577705424e-05,0.9510808521547393,0.010415005358882368
167,0.048019289696549235,0.011574240835268404,4.8979480214359895e-05,0.9235594929492007,0.016797997038767356
168,0.05172818107624237,0.009476951217248787,0.00019701536994264386,0.12897811048208202,0.8096197418544842
169,0.14190839898500784,0.0057168053290699615,2.072354909247367e-05,0.8127052708726105,0.039648801264219165
170,0.17342838538498076,0.006654035398514192,3.443271329575546e-05,0.7477217291280134,0.07216141737519574
171,0.061070275850384555,0.014572012156524358,9.463019327938079e-05,0.6337582989000434,0.29050478289976833
172,0.06661111317419266,0.009283828472227956,4.3307001345292825e-05,0.860982741978195,0.06307900937403917
173,0.03945495824285058,0.004866769628074285,3.0123849310596514e-05,0.9378057399639709,0.017842408315793517
174,0.0612663969104252,0.007772517279493164,5.20928092508873e-05,0.872289658237676,0.058619334763154715
175,0.10185749776005222,0.009793489265441734,7.030328235134327e-05,0.8087578725072369,0.07952083718491776
176,0.050904235454965606,0.008439942724564909,5.575435952350145e-05,0.9168243274266147,0.02377574003433128
177,0.07857216752440639,0.014642871288256719,0.00011484027999879922,0.843352905305943,0.063317215601395
178,0.0458902802060541,0.00904690861743397,4.4674611696745495e-05,0.9286141776632784,0.01640395890153674
179,0.057366793113756066,0.02271608118623688,5.332159980157521e-05,0.9023646787010452,0.017499125399160143
180,0.04689352821272683,0.012506826809101841,7.674277118757276e-05,0.9061455286295557,0.034377373577428066
181,0.027885494743512027,0.007291285640236159,3.225149046139905e-05,0.9523479639212552,0.012443004204535217
182,0.033965929419888116,0.009601062882860282,3.1127839345625835e-05,0.9302132635460489,0.026188616311857028
183,0.05879415154021928,0.015578420800228135,4.4882125426331845e-05,0.8530748263771186,0.07250771915700768
184,0.06686578782887148,0.01305494756849106,8.120731550468897e-05,0.804688942566924,0.11530911472020884
185,0.13617505523762571,0.020218208557732306,6.960499061813083e-05,0.762529660327069,0.08100747088695483
186,0.032494835437154354,0.007978343340464914,2.4945619467678277e-05,0.13512047396910354,0.8243814016338095
187,0.31853367876989314,0.034791945295978524,5.976349779241489e-05,0.39170716593581506,0.2549074465005208
188,0.6927839958962589,0.06214648901106654,4.786346011631285e-05,0.14707931496238014,0.09794233667017807
189,0.7771547675337059,0.09508669986475538,6.849010914785004e-05,0.050695439692415786,0.07699460279997496
190,0.2975695478447961,0.5085285426956383,0.0009117410839144949,0.11692208717142566,0.07606808120422552
191,0.2875155238862616,0.37067020624887725,0.0017581544545862565,0.17145319081767307,0.16860292459260176
192,0.0715876052226033,0.8501772506003323,0.002330211589944487,0.06094147043082162,0.014963462156298315
193,0.34707897593704534,0.5341131543617692,0.0003569663967471203,0.07097915060773596,0.047471752696702306
194,0.16568756620354044,0.8020864150926678,0.0013050412658350097,0.019879644758577494,0.011041332679379375
195,0.009644720571882788,0.9788881323668868,0.006417039435567619,0.0033193145393672226,0.0017307930862952708
196,0.0630331779391054,0.9104306905650512,0.0010901496046235482,0.014371824026722128,0.011074157864497709
197,0.018168891525674608,0.9690428633169118,0.002169230392540704,0.006273926854520963,0.004345087910351955
198,0.020963424431500306,0.9682700151491367,0.0031975205681523443,0.003629613954959964,0.003939425896250649
199,0.029820445550285467,0.9623207596375287,0.00160486539354291,0.0026360599371821032,0.0036178694814607395
200,0.0095007336603817,0.9746894466054905,0.012666041156345417,0.0019064577097685882,0.001237320868013739
201,0.021442822996502343,0.9686928711403328,0.002455140073831624,0.004951602628033843,0.002457563161299312
202,0.009916702134570908,0.9613983856067086,0.022484919748534938,0.0026443510040264255,0.0035556415061591693
203,0.008230610331471093,0.9697950957326272,0.01883325909363881,0.0017608769246890794,0.001380157917573856
204,0.010803347419144663,0.9526199313147405,0.030315101452367155,0.0038089118595912262,0.002452707954156158
205,0.007973927519550604,0.957347929440191,0.029551436576687736,0.0028941734103925076,0.0022325330531782015
206,0.010793978302168312,0.9791205989593834,0.0031949964097137706,0.0040688017632949,0.0028216245654397393
207,0.009554216573202922,0.9487991750927369,0.03558318448256862,0.002022060633261387,0.004041363218230143
208,0.00671884097582284,0.956185362122882,0.03177337859382233,0.002022589580503783,0.003299828726969295
209,0.20026874906505027,0.7736451605424683,0.0009730448835096556,0.005082274762617553,0.02003077074635409
210,0.05314945891770857,0.929065214458889,0.011861529280833227,0.002082557510464888,0.0038412398321044637
211,0.026738639011496593,0.9473145939144806,0.021987437320893005,0.0012556341090625043,0.0027036956440671203
212,0.03147843648957819,0.9554586311757164,0.009493360199592678,0.0006662664211519432,0.0029033057139607856
213,0.007791683589241691,0.960459101568579,0.028819687539533324,0.0011534588836667704,0.0017760684189793558
214,0.005495390701783028,0.9526204946730877,0.03853734661874775,0.0013917844405159391,0.0019549835658655367
215,0.022337257661725306,0.9566557204386985,0.013259055403455384,0.0024432759153480686,0.005304690580772678
216,0.006239965310477352,0.9198987467252009,0.07031937123855297,0.0013290509526878106,0.0022128657730810164
217,0.03991224657501133,0.8934480604609886,0.04500058924659013,0.0007972895998805094,0.0208418141175295
218,0.012993641813430911,0.9718116187100935,0.012172595477384144,0.0007794172812293409,0.002242726717862067
219,0.03604983522741102,0.9282550710662885,0.02479513143709169,0.0016743105431631304,0.009225651726045598
220,0.011466507977164017,0.9496152836621581,0.03568652283175371,0.0007590742420697153,0.002472611286854607
221,0.016317390985843644,0.967630778189614,0.012146577895357521,0.0012347526488348723,0.0026705002803499808
222,0.010865803052913315,0.930381392097101,0.05330259826608333,0.0026983996435433573,0.002751806940359065
223,0.014076154286743935,0.9753924095391345,0.005803926010838784,0.0029734255620960564,0.0017540846011864998
224,0.005567604236472897,0.8477246814983704,0.14067989655802757,0.0018386343163545645,0.004189183390774382
225,0.019466484669094175,0.9387349361790868,0.027048821995806577,0.0031889397672914877,0.011560817388720971
226,0.01693211884941912,0.9679174159817866,0.005495575873475408,0.0037051452123260083,0.0059497440829928
227,0.07214242830278476,0.522926427471301,0.027499244124274045,0.001501178682810776,0.3759307214188295
228,0.29872814466704384,0.6762033479961748,0.004458486414575048,0.00146444647292744,0.01914557444927904
229,0.026293961299988275,0.9459121004224676,0.024695437339882054,0.000332809308870023,0.002765691628791928
230,0.04066362766595136,0.9357714227997962,0.019829959136873816,0.0003896925873388543,0.003345297810039815
231,0.005018031387328391,0.9699096016766979,0.02247856795054232,0.0007605698636190566,0.001833229121812124
232,0.003997960950769778,0.86331666416577,0.12898989978057085,0.0010520226128435718,0.0026434524900455854
233,0.009070949787848328,0.923852204518595,0.06034609710176989,0.0015666151680600472,0.005164133423726716
234,0.006661151769414551,0.8752943939523697,0.11340698250985251,0.0010858976987581461,0.0035515740696049737
235,0.008968098076244001,0.780741913483356,0.20311750901954242,0.0016106616032050694,0.005561817817652439
236,0.002241631566978393,0.370112505899575,0.6265455134963924,0.00021146059817760875,0.0008888884388765988
237,0.000982668323753131,0.2552220429169078,0.7428502658847859,0.00010677483311239475,0.0008382480414408744
238,0.002349068631732657,0.524288202775143,0.4716748499082227,0.00017463135117953704,0.001513247333722052
239,0.00030275390138960825,0.17751998113539927,0.82166690527977,3.7683764603504356e-05,0.0004726759188376565
240,0.00044143482632923224,0.17615210485988225,0.8227483236039055,7.841667070713325e-05,0.0005797200391759108
241,0.0005017113728500955,0.3158637210027429,0.6825496328400481,0.00011503887698323797,0.0009698959073756323
242,0.0008020264122062909,0.15748112653344729,0.8408774540089613,0.00012660381212300945,0.0007127892332620369
243,0.0005158070784071976,0.16455999827916537,0.8332623608007488,9.713742728179035e-05,0.0015646964143966665
244,0.0010704485560983157,0.07546274740791299,0.9222553284588175,0.0002479987153627909,0.0009634768618083505
245,0.0007339327023616481,0.16385635274864493,0.8341247474211807,0.00014527565275477828,0.0011396914750579348
246,0.0007909113066962833,0.16826393747258075,0.8296435462461565,0.00011879691346333345,0.0011828080611030129
247,0.00045905495888283297,0.05962078095765494,0.9392791999420111,5.938832789375613e-05,0.0005815758135572516
248,0.000301704801682766,0.11881429863010669,0.8800484962400348,0.00011167181790410268,0.000723828510271518
249,0.00013455705871806382,0.02777007153996143,0.9718687169285399,4.747093207314052e-05,0.00017918354070737384
250,0.0003772734666311695,0.03235527540543351,0.9666783984460814,0.0001511311735365665,0.0004379215083174185
251,0.00013875681449136874,0.029454253816335315,0.9700448876911426,6.690888122638034e-05,0.00029519279680441065
252,9.463491643566857e-05,0.014879691419835578,0.9848083241481198,4.201588471413952e-05,0.0001753336308949184
253,0.00010061633160984741,0.018745171518430397,0.9809250638282428,3.180245228007847e-05,0.00019734586943679266
254,7.308542347214396e-05,0.018420021084459316,0.9812884637004918,3.408067521517307e-05,0.0001843491163614776
255,0.00012334141764349147,0.012217130037259931,0.9872730258843547,3.692998225746932e-05,0.0003495726784842523
256,0.00010416739538428306,0.014178007241557706,0.9853370943289922,4.439277039098896e-05,0.00033633826367476
257,0.00020174806519432313,0.018949870891644252,0.9803227607388026,6.112073045378432e-05,0.00046449957390503477
258,0.0001817184591244404,0.014535095127312474,0.9846533266497817,6.123301511279829e-05,0.0005686267486685757
259,0.0001430358543765563,0.018036495781260563,0.9815185713926846,3.7055313925989245e-05,0.0002648416577521677
260,0.00015752530327520366,0.024923423160836088,0.9744806352317068,2.9916564525798486e-05,0.00040849973965623247
261,9.35105935181787e-05,0.012055611166925176,0.9875360136164121,3.408524761159541e-05,0.000280779375532939
262,0.00018622809637160265,0.03341340909470177,0.9658405249122745,3.9450964647681595e-05,0.0005203869320044322
263,0.00015563409214492635,0.014554235323226382,0.9848322289551477,5.4899526654659964e-05,0.00040300210282642285
264,9.191115600366293e-05,0.01217958389299465,0.9874187323529853,3.4633484196862345e-05,0.00027513911381949754
265,0.0003560836703479601,0.04493623091215793,0.954012072557374,0.00011033067541230473,0.0005852821847077786
266,0.0003108919774529363,0.026964867795350962,0.9717923884325154,0.00015554432453490565,0.0007763074701456789
267,7.822477693616338e-05,0.012439643444478655,0.9872347458176526,3.086153384620666e-05,0.00021652442708643095
268,0.00027332193929999296,0.017726247538496106,0.9813952082435994,8.958105763642892e-05,0.0005156412209680763
269,0.0001441314189170556,0.017856994656571118,0.9815200606840334,4.7547850608647216e-05,0.0004312653898697332
270,6.319772308018171e-05,0.010686393721806246,0.9890320510332489,3.2145106377486645e-05,0.0001862124154871165
271,0.00013890305375395054,0.01909277601797787,0.9804098723576226,4.301056819922868e-05,0.0003154380024465982
272,9.214436059184763e-05,0.009032616826132331,0.9904848028847636,5.222969811997165e-05,0.0003382062303924022
273,8.6178655429863e-05,0.013714566010853963,0.9857396344363077,6.539101562983292e-05,0.000394229881778582
274,8.158341886076413e-05,0.013425811536206917,0.9858831286853128,5.301340598082908e-05,0.0005564629536386087
275,5.392834593689982e-05,0.008323988177589526,0.991350948111941,3.0543548807737775e-05,0.00024059181572507778
276,5.0249706335744166e-05,0.007910111091048798,0.991857892824308,2.0325719516387774e-05,0.0001614206587912965
277,6.197137263514699e-05,0.008833108916388542,0.9907960350992557,2.9861048669909266e-05,0.0002790235630507786
278,8.262169190957737e-05,0.0155044578590313,0.9840291348449132,3.800434240066411e-05,0.0003457812617454086
279,5.859722465260628e-05,0.008891322148010108,0.9907152735008641,3.0952882344211134e-05,0.00030385424412913726
280,8.911849949070213e-05,0.013000157765746817,0.9865504231635212,5.915442296303268e-05,0.00030114614827827206
281,0.000104578767086425,0.01085020063888193,0.9887064074043567,4.517763476012414e-05,0.00029363555491500565
282,0.00011889260525758091,0.014733940458594996,0.984613885497396,7.937988030332203e-05,0.0004539015584480506
283,9.544968619095395e-05,0.015457627138399923,0.9841790647990598,4.421639667364974e-05,0.0002236419796756665
284,0.00011781323833972048,0.022801865977810372,0.9763128082288389,8.297287955626695e-05,0.0006845396754547652
285,0.00013653026856923765,0.016247630167127824,0.983070509218197,7.503260463516459e-05,0.00047029774147072016
286,8.562340493106871e-05,0.012474682347511269,0.987030955737918,5.8409806050526926e-05,0.00035032870358928575
287,0.0002247920334217822,0.02519867583533003,0.9735678652278995,0.00015472747855933312,0.0008539394247893461
288,0.0001395807856026878,0.020888934395121427,0.9781577669505461,0.0001246456652626187,0.000689072203467134
289,0.0001444409878464148,0.014109262170587004,0.984924024393817,9.8303693874668e-05,0.0007239687538748628
290,0.00012781198711634038,0.013020598597390774,0.9862478361169672,8.450171466884018e-05,0.0005192515838569042
291,0.00023524970328090764,0.020752088495536742,0.978451034206724,7.629278849650842e-05,0.00048533480596186563
292,5.778015000670412e-05,0.01353499780494987,0.9860849968190323,2.943159853003046e-05,0.0002927936274812023
293,8.038634805589851e-05,0.011173867727988835,0.9882711300563196,7.882005034972142e-05,0.00039579581728583666
294,0.00010939687915183509,0.011391061728677931,0.9878913752404037,8.34299170018179e-05,0.0005247362347647307
295,7.526996587009707e-05,0.011443890652644345,0.9877633011121723,6.698340231897333e-05,0.0006505548669942303
296,0.00019014717071400732,0.01900219411394416,0.979210872557338,0.0001127220003688204,0.001484064157634995
297,6.495540390695159e-05,0.011074367666496908,0.9880754765096684,5.437458602600141e-05,0.0007308258339017735
298,5.5784895726648046e-05,0.013379494562879866,0.9859104179337682,4.5881800483320285e-05,0.0006084208071419269
299,0.00016984260436165728,0.013588440895569227,0.9855182521162954,5.920463087491151e-05,0.0006642597528988886
300,8.067418033998689e-05,0.01022864349205218,0.9891385339239904,4.570100729399763e-05,0.0005064473963235271
301,0.00013738281990208947,0.011838728931465998,0.9873753768683327,6.337448162390004e-05,0.0005851368986753056
302,6.675138305557974e-05,0.010881522905577052,0.9888031506464011,3.105857656619245e-05,0.0002175164883999392
303,5.7543985611554104e-05,0.010851010798859667,0.9886594049351155,4.837662348575176e-05,0.00038366365692750135
304,5.7568572497005906e-05,0.010996524547883775,0.9886069161692876,3.96067378108847e-05,0.00029938397252051856
305,5.5021673584749136e-05,0.010191236563902,0.9895088943104239,3.691793079903871e-05,0.00020792952129053123
306,8.422922721075426e-05,0.0130605442214618,0.9865639707445497,4.683038219407624e-05,0.0002444254245834954
307,4.218454459412751e-05,0.007907330018964527,0.991757002756286,4.109098471531487e-05,0.00025239169543987564
308,0.00011423463183428927,0.010492619822788514,0.9886958822427659,0.0001232583025566622,0.0005740050000545181
309,9.832708597500882e-05,0.01466254519671539,0.9847410948963433,0.00011500579087185385,0.0003830270300945532
310,0.000123057284832623,0.01598240927563062,0.9829780964251255,0.00020951230971125357,0.0007069247046998736
311,0.00021946791667082707,0.017929431075473994,0.9811477346086998,0.0001399571528443726,0.000563409246311065
312,0.00018572390899493664,0.016390998311647878,0.982305478173662,0.00022572915886976297,0.0008920704468255041
313,0.0005754696845021725,0.040071372722254896,0.9571045937438442,0.0004832965644064927,0.0017652672849922356
314,0.0005562972170790267,0.033129533201535666,0.9650629792596818,0.00016361678213959818,0.0010875735395640186
315,0.019625821007160572,0.06021906129146568,0.03620579570631028,0.0013981542953928297,0.8825511676996706
316,0.03139644728969792,0.43264648557936125,0.5286719163007176,0.0009937263767600883,0.0062914244534630305
317,0.04113696010086747,0.7614533178766292,0.18631516784593377,0.0009539157855534348,0.010140638391016194
318,0.04957871207599783,0.6869525921736298,0.24933847206266924,0.0013956958819279122,0.012734527805775032
319,0.004126340277076856,0.4628877949773884,0.5273238237899447,0.003334772143479519,0.00232726881211043
320,0.007518269494707961,0.8018620699240568,0.1675769411165777,0.01933428947936377,0.003708429985293547
321,0.006292505344369342,0.4421784469095338,0.5360021814542831,0.013428665098625064,0.0020982011931886925
322,0.01664455512328396,0.33498451997364265,0.5894812026615398,0.047637320618793666,0.011252401622740079
323,0.19345298870662764,0.46183628899517903,0.06381880702307474,0.24621327224260697,0.034678643032511586
324,0.08255116601975619,0.0471418601490432,0.0007229627944556886,0.8598279376386856,0.009756073398059456
325,0.024773306523216968,0.06647639767894212,0.0009492592259338265,0.8961220428493352,0.011678993722571992
326,0.009818771518130367,0.01306126686123495,5.683487122079899e-05,0.9746489768108917,0.0024141499385222876
327,0.01178640518018059,0.008096007634959075,2.4699840782267703e-05,0.9752634770127273,0.004829410331350951
328,0.006559933163426534,0.010107880325832114,2.280309565742856e-05,0.9799843532172651,0.0033250301978189093
329,0.013906008974500337,0.011261186629091431,1.7526121343675682e-05,0.9694184706463429,0.0053968076287217665
330,0.013272477276859873,0.015228343519536256,3.704033099687103e-05,0.9691841936425487,0.0022779452300581795
331,0.013829596299399375,0.032715766563066864,6.779697474230194e-05,0.9483469586754325,0.005039881487358796
332,0.015257774568317797,0.008053609074391793,1.5813604463864795e-05,0.9731429603836058,0.003529842369220666
333,0.008814863645323152,0.003948774544259584,1.1258381404848122e-05,0.9841011103432542,0.00312399308575812
334,0.009332484898824989,0.016360400990318567,2.4222086963625323e-05,0.9712705425342787,0.003012349489614006
335,0.016058887484810377,0.010119639979621772,1.7629934956870706e-05,0.9694370902375619,0.00436675236304903
336,0.020993559931341707,0.008188303182946319,1.243494525664852e-05,0.9660319579493473,0.004773743991107916
337,0.04893530316207207,0.01444949091726067,1.0710109723783769e-05,0.9083864616809074,0.028218034130036134
338,0.0552537840653792,0.010229979687734056,1.60992148546869e-05,0.9264500306702934,0.008050106361738713
339,0.10644108257457756,0.011756341305075777,4.558189711836324e-05,0.8623205790543793,0.019436415168849166
340,0.060289030147362234,0.022110665219941022,5.439713784306613e-05,0.9049622117583076,0.012583695736546057
341,0.013444428139870268,0.015597235330878345,1.2764165792768672e-05,0.9592926171431304,0.011652955220328285
342,0.02000132614618532,0.007876915438558488,1.9115568323641626e-05,0.9678215594797759,0.004281083367156483
343,0.018042706487937953,0.006699295123166399,1.6087763068939172e-05,0.9666264142496163,0.008615496376210516
344,0.026936813597170328,0.01057148456422678,3.603016057205104e-05,0.9519872095909375,0.010468462087093405
345,0.02774716899763874,0.008081670588120067,1.551925217038422e-05,0.9559148549735041,0.00824078618856678
346,0.020505389694359624,0.0059152450239336124,1.055938531145659e-05,0.9673974538605311,0.006171352035864065
347,0.031018622534501158,0.012199050545478575,2.858115723480179e-05,0.9502897898696135,0.006463955893171849
348,0.044255825081142425,0.015361254635897159,4.2581258273015805e-05,0.9229045237016301,0.017435815323057196
349,0.04641672345728597,0.01021724556352162,3.318957437368772e-05,0.9147500519113797,0.02858278949343897
350,0.05491256463861164,0.02378307177298875,6.475726248941827e-05,0.8500225069809085,0.07121709934500167
351,0.04310799928864443,0.019063411774804213,5.092542621822574e-05,0.4021599829568474,0.5356176805534857
352,0.14969404159695188,0.04776823235619391,5.715049467242396e-05,0.5488990588769779,0.25358151667520396
353,0.30908680418337825,0.06029777827059299,0.00014111325493103074,0.4163005792330811,0.21417372505801652
354,0.3871561848202284,0.05217697664909478,6.589084083873126e-05,0.5253663163614712,0.035234631328366746
355,0.1561065310964716,0.02992110085015843,7.615286844678956e-05,0.7879702441494368,0.025925971035486415
356,0.08096089907747898,0.05536076841983632,0.0001259231894029837,0.8166111532748491,0.04694125603843261
357,0.07800942480011089,0.0654730964264609,4.4713079166409095e-05,0.7029796273517509,0.15349313834251105
358,0.216512264123779,0.05782054553267718,5.3997522900306007e-05,0.6736849129419703,0.05192827987867328
359,0.13066596643958267,0.09899999346287115,0.00019617610213630164,0.7544651422375274,0.015672721757882518
360,0.15214414622984276,0.06318092744970426,5.450398989362163e-05,0.7413130443858339,0.04330737794472562
361,0.0668212439595446,0.022552594531781125,4.997363963357873e-05,0.8920818728573237,0.01849431501171705
362,0.0901140217832122,0.10989935373311578,0.00013172296043110771,0.6231849060270592,0.17666999549618176
363,0.18279224575739,0.07902219459615005,7.266856797543528e-05,0.5154121944016656,0.2227006966768188
364,0.13573309833776137,0.3376501465508124,0.0004890971293695955,0.3796996075981243,0.1464280503839323
365,0.16292530273705777,0.2783829547351728,0.0004918505128246738,0.35069339248295694,0.2075064995319878
366,0.15035218275485204,0.07776834839024409,0.0006923279972685937,0.055083516040097764,0.7161036248175376
367,0.657876811834886,0.19103628161763672,0.0006239545481438522,0.10871930776010122,0.041743644239232214
368,0.6477424460800297,0.29046325391865474,0.0006770732275838579,0.039520378135191096,0.02159684863854063
369,0.03860283359944472,0.9384643143016015,0.011291741249393214,0.008184717119303813,0.00345639373025682
370,0.04202018389246289,0.8477734144945616,0.0010559691928199205,0.1016785842142236,0.007471848205931956
