epoch,N1,N2,N3,R,W
0,0.017191294745621883,0.0011651918803244046,5.051225793779597e-06,0.002057701095856573,0.9795807610524034
1,0.005702551498627982,0.00048501929559897217,3.778221494741204e-06,0.0011503097397779077,0.9926583412445004
2,0.006119870771679791,0.0005569972078664942,1.6041479985849636e-06,0.002009678621726933,0.9913118492507282
3,0.001437251117687326,0.00023418182394977142,3.707697857255178e-06,0.001164056965124689,0.9971608023953809
4,0.0013230356084239442,0.00016761094072517232,8.349288084192224e-07,0.0006195848944699345,0.9978889336275726
5,0.006143134163653011,0.0003419134259889853,3.1699896617838216e-06,0.0021214044224172708,0.9913903779982789
6,0.004181369110684597,0.00033381855920480355,2.9918958291899727e-06,0.0006702486875999579,0.9948115717466814
7,0.03257618047343545,0.0016566100111596862,1.4229049127413972e-05,0.002184809754213207,0.9635681707120642
8,0.03465865949752251,0.004269578835497291,1.9441011247577548e-05,0.005090191378981464,0.9559621292767513
9,0.012702670329188523,0.00383185152364537,2.4493878683168765e-05,0.0038315948839143313,0.9796093893845687
10,0.010324565626092578,0.0012371009531471342,3.643342673062061e-06,0.006078050713336421,0.9823566393647508
11,0.015299668269099419,0.0016347601669713815,6.865836938767721e-06,0.004188258798701144,0.9788704469282892
12,0.020532713455316334,0.003033043397359272,1.4479916613762815e-05,0.005384915209618668,0.971034848021092
13,0.008156212925993151,0.001358465205328652,5.745421567443957e-06,0.007297126971825247,0.9831824494752857
14,0.07539116228798352,0.006657007141831962,4.97349343549338e-05,0.010831957682728224,0.9070701379531013
15,0.06681738788073593,0.009628936444979749,4.857242419110868e-05,0.012874321909522236,0.910630781340571
16,0.03642063320759477,0.00535188317012359,3.389132096940903e-05,0.016831537462677175,0.9413620548386351
17,0.1293365277171035,0.06936341733104225,0.00013648558488167967,0.027773589126838465,0.7733899802401342
18,0.047486444800381514,0.02031629587867465,4.5500545892838e-05,0.01463549823990838,0.9175162605351426
19,0.0427985664275771,0.03552605946390135,6.123174446362593e-05,0.018815079952904677,0.9027990624111532
20,0.048548500510653445,0.021877994710214656,7.164622194912276e-05,0.020610784789704746,0.908891073767478
21,0.12333229150077706,0.030033331007028926,9.676421520314221e-05,0.03134617407050406,0.8151914392064868
22,0.06807334532014021,0.019983490992985718,4.4271056381909175e-05,0.023765220392231286,0.8881336722382609
23,0.18849363387765963,0.037454021361810926,7.785541739905392e-05,0.03312119572402038,0.74085329361911
24,0.16180252771820836,0.10121404960957577,0.00010604933279433087,0.10989947619941459,0.626977897140007
25,0.17261122775608048,0.0653318308176709,8.542793415648956e-05,0.09042551969798404,0.671545993794108
26,0.19389371121334778,0.09481830350830056,0.00014360686680936133,0.22001321184646994,0.49113116656507244
27,0.1608404831832947,0.25696839568816365,0.00024525693932336856,0.305078469165504,0.27686739502371416
28,0.15191263863059368,0.16202458914018583,0.00015761976436528782,0.3494386886941072,0.336466463770748
29,0.13726303753901814,0.28408230692585307,0.00038115967197153473,0.2664658058899444,0.31180768997321284
30,0.0757722910618838,0.11418435222403676,0.00019296467253114772,0.13678853945984235,0.6730618525817059
31,0.20819253870422663,0.21098014808145626,0.0001406261599895898,0.2069776374485024,0.3737090496058252
32,0.1859162461025844,0.2932449279454857,0.00024188276736065398,0.10953702089092085,0.41105992229364835
33,0.002041229264325492,0.0019132116043449228,5.1573318819312065e-06,0.0014054557333824124,0.9946349460660653
34,0.0011679378398367782,0.0009384605789626399,1.7646156242854185e-06,0.0004307739965151337,0.9974610629690612
35,0.005086431015776539,0.003987306358041029,6.136819782598618e-05,0.00037424425331921996,0.9904906501750371
36,0.0011879190300936344,0.0005333692262320847,2.7174213895595885e-06,0.00010353817730300658,0.9981724561449816
37,0.0011585816003266618,0.0005694679242607157,4.5733573382444835e-06,7.404580451944039e-05,0.998193331313555
38,0.0018435833503280179,0.001158968652229937,6.403367513571664e-06,5.23129211284913e-05,0.9969387317087999
39,0.0015323254158890495,0.0007441544263516136,2.9158671839576148e-06,0.00019251317757602672,0.9975280911129992
40,0.0008653886174509105,0.0005074980925805876,1.6589787094191903e-06,0.0003335423122472491,0.9982919119990119
41,0.001022653268872488,0.0005462444813351984,1.4106078674549975e-06,0.0002443008305473354,0.9981853908113776
42,0.0019906898298865665,0.000892927003065941,2.8886069349674706e-06,0.00025383857854525076,0.9968596559815673
43,0.0022929740050693682,0.0008361977572679458,3.7374336017084175e-06,0.00023237430927070004,0.9966347164947904
44,0.0026839560822096865,0.0008324978392521357,3.3178726598131674e-06,0.00024667628853667717,0.9962335519173416
45,0.003551237316385022,0.0013293885805160206,5.0430132164822645e-06,0.0005742583089346164,0.9945400727809479
46,0.0023020105961912766,0.000877502639955708,3.6746899907907337e-06,0.00028838071958285644,0.9965284313542794
47,0.002458387483277304,0.0010746713911620163,2.8491993958781243e-06,0.00038405650146886987,0.9960800354246959
48,0.011741265458733807,0.0018119174460084395,1.0376158206955286e-05,0.0006781445092097021,0.9857582964278411
49,0.007910869905609061,0.0012701170289725206,4.4690184534340254e-06,0.0006621183014928557,0.990152425745472
50,0.008242869455968391,0.0010376664407357786,3.184719697181508e-06,0.0006125738266441525,0.9901037055569545
51,0.05722915531106411,0.004765942550281184,2.378663879810367e-05,0.006821185593468857,0.9311599299063877
52,0.11678637547715792,0.005902568288668299,6.960873425963016e-05,0.008344834614863173,0.8688966128850509
53,0.1345682740388702,0.011310233644494407,8.701113984100351e-05,0.00969435274027195,0.8443401284365224
54,0.15902392434959473,0.046134643863536634,0.00013823289926186976,0.030382001652407273,0.7643211972351994
55,0.10099681945499069,0.02560573196693169,0.00012406607573998483,0.022337760015572965,0.8509356224867647
56,0.13536100364675396,0.03866481915576864,0.000179444502058508,0.03272984253894771,0.7930648901564712
57,0.14982395808690802,0.07080051988327857,0.00010365197482581712,0.0840407015622959,0.6952311684926916
58,0.11923169536376624,0.042579379450546885,6.822650482969119e-05,0.04414453057402341,0.7939761681068337
59,0.26801837612625506,0.037404351062075805,8.101686056981292e-05,0.07815419081810387,0.6163420651329954
60,0.242839423174715,0.08043083555990353,0.00011867534686863279,0.0852951555850377,0.5913159103334751
61,0.30069866077531504,0.19673052368748387,0.00012855140654496772,0.11460324609344293,0.38783901803721316
62,0.2885274349736221,0.3031703349060423,0.00013866178930352715,0.28821263429047506,0.11995093404055707
63,0.19817154139079987,0.34594998483427325,0.0002303949573141264,0.3832141199825121,0.07243395883510063
64,0.10757273157174561,0.7330917001134879,0.0005811498698900556,0.1303513491590618,0.028403069285814816
65,0.12957644127420043,0.3950826185578945,0.0003245759744254171,0.3916211275094614,0.0833952366840182
66,0.21703542045723345,0.304350499036286,0.0002452157495478229,0.3473268244128008,0.13104204034413172
67,0.22927774559486477,0.2917042020553509,0.0005567176309581671,0.39927615206558625,0.07918518265323982
68,0.22772647213269046,0.6547978293950376,0.002539922144674075,0.07914895378037287,0.035786822547225046
69,0.20879116293190245,0.6477432546188847,0.0015303547405098557,0.008500035789676697,0.1334351919190262
70,0.2676547628847982,0.6489406153000743,0.0031969864178433022,0.04154844242842993,0.0386591929688543
71,0.19378496459425815,0.6966722143624557,0.0027068098336196673,0.057584698862571816,0.0492513123470947
72,0.22606918794300684,0.6594287935537729,0.0016272722978446965,0.01739855023544057,0.09547619596993481
73,0.09016354538442733,0.8796732473560659,0.0014464248354653262,0.010269705568392878,0.01844707685564845
74,0.06161498439247046,0.9186231139240398,0.0029182458175519657,0.004667426263009201,0.012176229602928567
75,0.08017931635341662,0.8881688916518157,0.007569297903570332,0.005541726862026633,0.018540767229170547
76,0.12224430548754447,0.8176032813503491,0.006881506352017622,0.01873666433814038,0.0345342424719484
77,0.18747971161900542,0.7345763190604425,0.004156377314462423,0.03463513830098232,0.0391524537051073
78,0.03443952788690154,0.9382570359179456,0.007457844076732035,0.007049317646908616,0.012796274471512131
79,0.10474435679825525,0.7888685497270441,0.005124343454153657,0.08688309900141267,0.014379651019134144
80,0.0557120683392019,0.8206437763499393,0.002130088363647688,0.0976326421000095,0.02388142484720151
81,0.11535246055092323,0.12218756624049684,0.00047879994508149876,0.051194303724919066,0.7107868695385793
82,0.28200340549320246,0.1061147547057894,0.00026674120558608936,0.10026063681605471,0.5113544617793674
83,0.5702120095739497,0.23647940449959037,0.00018029332880338528,0.09505083447868834,0.0980774581189682
84,0.3346184289461212,0.12523916729080065,0.00012960741054926535,0.012399834188076202,0.5276129621644526
85,0.4942917508827642,0.3170298819551879,0.0001782320134708051,0.041178801834098416,0.14732133331447875
86,0.49100468771112726,0.3310105908253227,0.00042712616448569265,0.12901531191131346,0.04854228338775093
87,0.13416679357331357,0.791939291090134,0.0014420950132549534,0.04675482647359074,0.025696993849706837
88,0.2463275378323366,0.34989415178911437,0.0008354550606597279,0.2590947751654387,0.1438480801524507
89,0.1264650723411186,0.5435135119225571,0.0008390758442719185,0.29572925375702025,0.03345308613503195
90,0.25021056155025584,0.3150250743888071,0.0009716794697064563,0.3886430255297973,0.045149659061433145
91,0.08650189762635957,0.8116328339678854,0.004155971949467154,0.07365837452298027,0.024050921933307615
92,0.23591756682849835,0.4809596931082978,0.0012814871641460108,0.24027056083010123,0.04157069206895659
93,0.3648174840302069,0.3097457287844823,0.0007298718722745152,0.03628767326308322,0.28841924204995295
94,0.46071990166408566,0.4238710248000056,0.00048410595236305173,0.048941754881313276,0.06598321270223241
95,0.5682558081607442,0.38103089694075054,0.001074632131378272,0.02307499596491262,0.026563666802214368
96,0.6019756585234391,0.3484914141757492,0.0014081399793429668,0.016782765767034618,0.031342021554434135
97,0.06797511729442025,0.9039697593740381,0.00377090838570696,0.0035551323281324976,0.020729082617702118
98,0.2162322653711563,0.7248795279966703,0.003917656913653403,0.01112820011742175,0.043842349601098125
99,0.15250079843627543,0.8025664114276706,0.009403960641533897,0.017577046650644485,0.017951782843875594
100,0.08688996622025538,0.8743632941704126,0.010472536795901734,0.015129572526177451,0.013144630287252702
101,0.11215126155559636,0.8162478228214252,0.010799923210330943,0.04416626791206622,0.016634724500581143
102,0.02681274841300074,0.8907435095797792,0.024207149885116994,0.04731796901908195,0.010918623103021073
103,0.045704158039688955,0.7535594255957412,0.03613283455939436,0.1131422733710945,0.05146130843408077
104,0.10102099389504682,0.5283028001386537,0.013468560272685514,0.143881924121338,0.21332572157227592
105,0.023515434128308116,0.0175448757471289,9.114127535185255e-05,0.0460597906268654,0.9127887582223457
106,0.0013937300795550146,0.00342964168722624,1.640121574211306e-05,0.0010166952688439568,0.9941435317486327
107,0.003161866478854836,0.0024490372090683007,1.0958225959308214e-05,0.0005593877158012377,0.9938187503703163
108,0.002943207947495017,0.0015829731032449838,3.888754298058666e-06,0.0007294376837103752,0.9947404925112515
109,0.003312267450125882,0.0016947923571078564,1.1551863555479229e-05,0.0003244561250826108,0.9946569322041283
110,0.004919408413841769,0.002486945029519355,9.818661338136372e-06,0.00036938625167263334,0.992214441643628
111,0.002832256020583398,0.0012350329643131632,4.387700059408787e-06,0.00029742261162499044,0.9956309007034191
112,0.003048207025373245,0.0013156724886188428,5.650004867370836e-06,0.0001715627598961577,0.9954589077212445
113,0.00698806981003211,0.00426424716051065,2.8588943639801455e-05,0.0005515251658723513,0.9881675689199451
114,0.0026458543085723526,0.0021396830431536238,1.1500715980167484e-05,0.00027075211729011444,0.9949322098150037
115,0.005538548038804477,0.003394709409475616,8.342889640027286e-05,0.0005271922160666698,0.990456121439253
116,0.0032274638110127815,0.00323718320903163,2.3976249352287637e-05,0.0005606732389501588,0.9929507034916532
117,0.0065228474904269074,0.0026184677856611513,5.266139917193671e-05,0.0006138986747562196,0.9901921246499837
118,0.003647878343366095,0.0014674691010293246,2.5560555986926663e-05,0.0002929599986116776,0.9945661320010061
119,0.007337940386692571,0.0013910338938132546,1.7761147999345355e-05,0.0002481800680537819,0.991005084503441
120,0.0006791322633124649,0.0005257808584943587,5.764310919398863e-06,0.00010233787597349237,0.9986869846913004
121,0.0006836502828063249,0.0006466399694125864,2.091986901412673e-06,0.00034384062709320634,0.9983237771337865
122,0.0018474439272658596,0.0007940420217287998,5.414339416790319e-06,0.0004622417606398045,0.9968908579509488
123,0.0007873219080636416,0.0003290234421417447,2.8530590232056096e-06,0.00028386491556343766,0.998596936675208
124,0.0009404271616381926,0.0003729552299057713,1.993992207868601e-06,0.00016030945593858368,0.9985243141603096
125,0.0009742791812119052,0.00043550015585606163,1.84568063100679e-06,0.00019062995001738282,0.9983977450322836
126,0.005825473230665879,0.002559195362450976,6.0599593291392604e-06,0.0006964758475201106,0.9909127956000339
127,0.001906515304807328,0.0009753277256033633,1.5674668781167586e-06,0.0006362986192299835,0.9964802908834812
128,0.00804196252362782,0.0008348632562364094,3.088224398651269e-06,0.0011169326077995186,0.9900031533879375
129,0.014432829628454854,0.0020907345460962233,4.2761740929402975e-06,0.0031054154310752604,0.9803667442202807
130,0.04462234355886158,0.0030162833860691483,8.72372281965059e-06,0.0036464191104568795,0.9487062302217928
131,0.06020682241126564,0.008791233383546523,1.4761202412241246e-05,0.007411015003805298,0.9235761679989702
132,0.2187944171223586,0.015334483336879293,7.067618758244903e-05,0.022244163710439576,0.7435562596427401
133,0.2108842960361371,0.04072061581021229,0.00015563118132652082,0.042891039490104935,0.7053484174822192
134,0.37863962440434223,0.11285784502154599,0.00031065652917925155,0.22830680135042236,0.27988507269451013
135,0.2663793715362236,0.06426067350094493,0.00028182586494059466,0.566472940905688,0.10260518819220289
136,0.13937187455197173,0.12429425797616728,0.0002763856617998953,0.5382246063457472,0.1978328754643138
137,0.15018493815633407,0.09309802954927185,0.00038377483741384587,0.5508683311321666,0.20546492632481358
138,0.1699575340714896,0.28365652990385565,0.0005122291741135107,0.367273172395055,0.1786005344554863
139,0.3113155591163826,0.16940316748948836,0.0005637531452479874,0.3215259234817026,0.19719159676717846
140,0.27191009124220533,0.3404849846979907,0.0005201134133277928,0.33550389273103665,0.051580917915439485
141,0.1200924494941145,0.376707547501999,0.0004090605491678054,0.4741164961736517,0.028674446281066936
142,0.09002805451600858,0.4036992043492776,0.0015120954480307962,0.48105325495798945,0.02370739072869376
143,0.13544596396556732,0.18063358403312815,0.0006084955813607431,0.6211682326629887,0.06214372375695507
144,0.1587731135998639,0.518405687190339,0.0037985837920355725,0.21312129494035817,0.10590132047740329
145,0.24349870282097683,0.45299331459385217,0.0009668954110526765,0.2552994286447553,0.047241658529362934
146,0.40085892213302043,0.368925737741787,0.0006701721158893286,0.18336423098394142,0.046180937025361836
147,0.20120003554540392,0.6697921138900976,0.0012560465069367027,0.09279254089344526,0.03495926316411642
148,0.25223099642108443,0.6484935611349246,0.0008921668155721521,0.06541249481534778,0.032970780813071136
149,0.16514920005010827,0.7576550308494628,0.002115793664048899,0.029545967927592856,0.045534007508787146
150,0.14420345448423663,0.7763152480012014,0.001153739080313535,0.06122505405406254,0.01710250438018579
151,0.1696960919066153,0.7609414504785313,0.0018706351389710463,0.051450591509054726,0.016041230966827906
152,0.27840509708907424,0.6318810349085736,0.0008908384171879015,0.05132282183082355,0.03750020775434079
153,0.10814339110526115,0.8266931958912713,0.0023109417387557865,0.04217376877210705,0.020678702492604745
154,0.10291806886232388,0.8448450578087439,0.003350720944651403,0.03602950131368643,0.01285665107059437
155,0.1534908817360108,0.7959997219198904,0.0019535350466703947,0.03398593265402499,0.01456992864340321
156,0.09965033281282575,0.8578333951617446,0.0020210572061070643,0.028805178434993122,0.011690036384329304
157,0.2004138114799473,0.6856575746916904,0.002661421809770625,0.06644999201004306,0.04481720000854856
158,0.14948967885279504,0.7840855349577848,0.0032916445171099875,0.04585423680312397,0.017278904869186137
159,0.04282341696613597,0.9373781394424451,0.006683733396117053,0.0071903439482926676,0.005924366247009354
160,0.07594894286734516,0.8928641999732138,0.0028962088954486527,0.02117255078863627,0.007118097475356032
161,0.1145991861510976,0.8575956436900432,0.005637332930573339,0.016006296080023782,0.006161541148262306
162,0.050732209851313735,0.9175042945033043,0.013367080498123527,0.014098990216825395,0.0042974249304331014
163,0.02810473255434604,0.9433604561278163,0.01806685871958312,0.004385881839073398,0.006082070759181224
164,0.029446785641892265,0.9379774545147401,0.02156954990759263,0.0036484713802316282,0.007357738555543595
165,0.02947080300573281,0.9272300043741266,0.02682962931160418,0.009092602047418978,0.007376961261117268
166,0.018726597563027924,0.9110236312849196,0.06135746038374109,0.0030405364957128474,0.00585177427259852
167,0.01149324139107311,0.8858144270951532,0.09470275541374053,0.0019310517545152324,0.006058524345517938
168,0.026472520808949185,0.9114831806622166,0.05584445127628231,0.0018764935463642415,0.004323353706187716
169,0.010210099798681847,0.6836351158643801,0.29919473366332355,0.0006612135945873012,0.006298837079027139
170,0.013578128405838165,0.8966684856308563,0.085524867657918,0.0004963584995140924,0.0037321598058733993
171,0.01971513199410606,0.9227338414084502,0.05324384485201965,0.0006971467632276931,0.003610034982196312
172,0.015161080623253598,0.9047358383692974,0.0725048109685951,0.0009728839234979928,0.006625386115356114
173,0.0069329900170126595,0.8683061231542241,0.12098737231505582,0.000438609066155538,0.0033349054475520453
174,0.013336223862183,0.8052944112104337,0.17278622980219546,0.0010248806245005463,0.007558254500687379
175,0.021959401764251697,0.8595830418300482,0.10972117489826669,0.0017754993394437381,0.006960882167989656
176,0.021310715155768743,0.8508756798603828,0.12010949843193033,0.0017194823998532937,0.00598462415206493
177,0.015458647380766929,0.8929782925191431,0.08487399158250598,0.001333330718261902,0.005355737799322139
178,0.008685088516989587,0.8026424797229829,0.18329442752589528,0.0013559849207161645,0.004022019313415981
179,0.021125989070811008,0.8243280724397131,0.14711398054111255,0.0015354495257194874,0.00589650842264392
180,0.008334649467427664,0.8005159979140752,0.18507002485587298,0.001627656963655069,0.00445167079896904
181,0.01878273190314829,0.8404033658286963,0.13207434752781894,0.0018892437984257176,0.0068503109419106945
182,0.019310747063447223,0.9246355466089515,0.05226380134608439,0.0012314586459971054,0.0025584463355197012
183,0.02162136733816335,0.8893905336976958,0.08301556497861408,0.000988809778588747,0.00498372420693797
184,0.009070154455517966,0.9097385371271216,0.07833498444210767,0.0003509270509274989,0.002505396924325377
185,0.006491689855191152,0.7963347894607127,0.19314998954816948,0.00045741672010772463,0.0035661144158189435
186,0.02316084642989936,0.8883935523146728,0.08331675318936696,0.0011138156134538346,0.004015032452606801
187,0.007177380856871889,0.6146088285774053,0.3741818333977686,0.0005949946476144041,0.003436962520339714
188,0.011060008684918786,0.7868170220198069,0.19475279454848515,0.0013218286167674096,0.0060483461300218045
189,0.013174036628738242,0.7417056519411033,0.23545858624546587,0.0011087789841652859,0.008552946200527302
190,0.018886875041900026,0.803517377771197,0.1702544063830984,0.0010231786874835827,0.00631816211632078
191,0.00589300480632238,0.7791529333197638,0.21197106877781172,0.00037251841851544524,0.002610474677586579
192,0.0036812189750015075,0.6260067717457046,0.3669469168099358,0.0003620329836141752,0.0030030594857439405
193,0.008459928339427226,0.7184450381159109,0.266632511875457,0.0006870916071969869,0.005775430062007811
194,0.007827399150764773,0.6970281449577388,0.28955334029970903,0.0008085550088922205,0.004782560582895281
195,0.02459216912045114,0.7428015383597193,0.21942851880633824,0.0020653228396221913,0.011112450873869013
196,0.017603973947189926,0.8706934656663399,0.10441377245055494,0.0015329041479649047,0.005755883787950413
197,0.004466192235613736,0.6620162915150454,0.3295029914343401,0.0007329981192621351,0.0032815266957387013
198,0.009743472658548103,0.7407095710582154,0.24085779265585933,0.0019647027753308946,0.006724460852046184
199,0.014033740907509041,0.8549234604456291,0.12561531553346664,0.0014455966621504778,0.003981886451244715
200,0.04165986678411669,0.8224874732289746,0.12235445525351525,0.00403619422113805,0.009462010512255436
201,0.037659895039427266,0.7983462488355642,0.1414844259958607,0.00432985653794185,0.018179573591205964
202,0.029672886110632974,0.8691296995657654,0.08844602130286176,0.0022524295940086793,0.010498963426731352
203,0.024578227426522693,0.8137498080141092,0.15317574578240295,0.0013038839130913925,0.007192334863873761
204,0.01776715841696366,0.8675170464209935,0.10819796192618279,0.0012962197103596781,0.005221613525500505
205,0.018820473113477225,0.8570430969403735,0.11873727486080095,0.0012186828322075193,0.004180472253140623
206,0.005175951991960799,0.7949293310984733,0.19619158966033245,0.0008104614847469286,0.002892665764486413
207,0.0101888581401236,0.8716397860382994,0.11397642624913787,0.0010370013437610815,0.0031579282286778748
208,0.012741815449783353,0.8316343155384986,0.14950419711448298,0.0015968432365532379,0.004522828660681899
209,0.015402960034450632,0.8696147429519112,0.11033725448053595,0.0010021819852760858,0.0036428605478260245
210,0.006475167412547544,0.64503814718274,0.3412238858138933,0.0007415721025953856,0.0065212274882237966
211,0.011040565285797835,0.735273805534528,0.24631532422198468,0.0012010834270450015,0.006169221530644395
212,0.0136255985089701,0.8324709958821346,0.14921848911828806,0.0009877222115659099,0.0036971942790414514
213,0.008419919626328798,0.7579704370474698,0.2289360743839982,0.0014298488965859314,0.0032437200456170855
214,0.007790410057797721,0.6829370868856888,0.3023338401264273,0.0015505072911652905,0.005388155638920727
215,0.023309685871168793,0.855367195920932,0.1140802229959244,0.0028495098333994437,0.004393385378575306
216,0.05158352538933961,0.8573095314182175,0.08062594466392628,0.004706169985584923,0.005774828542931542
217,0.016435439804686622,0.8689235722484141,0.10953943348815405,0.0008643447983647169,0.00423720966038044
218,0.015693789823847754,0.9072483398611839,0.07363881893894225,0.0009612037677426756,0.0024578476082833707
219,0.029340422693552377,0.8624531533894941,0.1030028681426116,0.0011056325453359544,0.004097923229006042
220,0.006586240111348756,0.849651284461624,0.14052779330531054,0.000698451816964282,0.0025362303047524377
221,0.00742255741812,0.8644663873382293,0.12509466335728886,0.0005180699522221073,0.002498321934139745
222,0.0074853684326229575,0.8040642651365766,0.18271557380440237,0.0013039691674911838,0.004430823458907067
223,0.008125355703088522,0.8305193144415529,0.15635358212427175,0.0016162118218094395,0.0033855359092773572
224,0.007999116481308981,0.8008567526146789,0.18457263059524548,0.002583240614370386,0.003988259694396427
225,0.008614426848566182,0.7580905100803426,0.2270293265276865,0.002153484843558259,0.00411225169984639
226,0.005155604904803238,0.8290302740362017,0.1614081813870665,0.0019510187882198866,0.002454920883708631
227,0.010136301399629179,0.7591667840890972,0.22182757542613488,0.003025374280637778,0.005843964804501006
228,0.014339496371478681,0.8492175100508397,0.12961610028866008,0.0033643163292811384,0.00346257695974041
229,0.019504507255368474,0.8631605012252802,0.10486525545407226,0.003382258354198746,0.009087477711080358
230,0.024412549151861487,0.8802145754576561,0.079845184599795,0.005449102549004797,0.010078588241682599
231,0.02084411745433696,0.9027856770872046,0.06502563473467736,0.003787911076915938,0.007556659646864974
232,0.04637814539351948,0.8888453797941613,0.053130455984015446,0.0053815699846129815,0.006264448843690608
233,0.02586786237649108,0.8322539869524525,0.12896030596140498,0.003610371899623777,0.009307472810027606
234,0.11245972049146552,0.828600916442531,0.027576435039758592,0.023845879854842336,0.00751704817140237
235,0.02491783597394094,0.9144715661341606,0.042775183072344396,0.012350260634142499,0.005485154185411543
236,0.012040454712727515,0.8759972910883298,0.08639904857731477,0.019804064436779314,0.005759141184848511
237,0.13060689493107555,0.6976724299942888,0.011157707327363108,0.11851192406413616,0.042051043683136426
238,0.15442889387740497,0.6302495366397239,0.006573082337324551,0.18953097543650804,0.019217511709038536
239,0.09756008549904152,0.7341638436038549,0.01296646081039022,0.13457626806815248,0.02073334201856086
240,0.1742912286072312,0.6108940784891156,0.001827468411094759,0.19212941004997697,0.020857814442581585
241,0.13637992398228208,0.3982921305450218,0.0019165922739615101,0.4506848873115418,0.012726465887192883
242,0.07975828420366161,0.36244224984868156,0.0031619095465287178,0.5401944346907639,0.014443121710364267
243,0.06202584155615967,0.6221365509769801,0.0008641448513537225,0.16669606368169654,0.14827739893380992
244,0.005951614326636235,0.02222805184008072,6.634010214411385e-05,0.03767073220937216,0.9340832615217668
245,0.02603220121443386,0.021593142515889986,0.00010277862229831018,0.02345773315864404,0.9288141444887337
246,0.1821928715962838,0.07436603753986781,0.0003435600335683682,0.017631292606678083,0.7254662382236019
247,0.6337547129228737,0.03483501948686732,4.1113577312877676e-05,0.04091789233833013,0.290451261674616
248,0.5542617885271588,0.06472720548119128,3.491166053265641e-05,0.06377986438060111,0.3171962299505161
249,0.06877833114303153,0.01646121995541406,7.703600925523812e-05,0.021433321241269496,0.8932500916510298
250,0.004126762003224393,0.0031947209098747756,2.7046085807364436e-06,0.010375413231592197,0.982300399246728
251,0.006657920844237508,0.002531752433125164,3.8418564939185504e-05,0.012216437393311443,0.9785554707643866
252,0.004579611709580264,0.0018672013297848394,9.20577050870662e-06,0.00624224738702462,0.9873017338031015
253,0.004429826404787576,0.0018448170255917981,1.1266186165159486e-05,0.006728748451117672,0.9869853419323378
254,0.052577019072347915,0.0038097406824872146,2.4703873327960653e-05,0.03086228322449379,0.912726253147343
255,0.3968873556474188,0.02294311431730101,8.543601420339508e-05,0.1400744224087424,0.4400096716123344
256,0.3694763429486892,0.03597100467804263,7.760136998806538e-05,0.3735041985993005,0.22097085240397962
257,0.2507900766244954,0.045227648100640894,0.0001076296372862273,0.33611511212381634,0.3677595335137612
258,0.1654703620173506,0.08660045831392005,0.00018912881819291348,0.5081717232520407,0.2395683275984957
259,0.10587809633838981,0.044717817543735584,8.730777200885762e-05,0.7680291311735261,0.08128764717233963
260,0.061133403768476174,0.04519441614544543,8.110509837647719e-05,0.8775074632423251,0.016083611745376897
261,0.08439135630759086,0.0728063919262452,0.0001100414288710536,0.7531455764139953,0.08954663392329762
262,0.07787316054003597,0.07214147970578845,0.00010536002425613445,0.6644813313274878,0.18539866840243152
263,0.0995608830101439,0.4027031984023085,0.00025727380106992017,0.45895219242364726,0.038526452362830456
264,0.037757026810582184,0.09934078713860854,0.00010101890024440206,0.18436927042771023,0.6784318967228548
265,0.08358617831009969,0.12712994221298335,0.0001825943805190008,0.2236872529579887,0.5654140321384092
266,0.17512850894860632,0.14142846692425534,0.0002380261820954704,0.5006206097898461,0.18258438815519681
267,0.09503953512813325,0.05740850622409376,0.00023416820216440602,0.08455223194881169,0.7627655584967968
268,0.07351041135590357,0.011647077909290818,4.7930536828125284e-05,0.3320069772302681,0.5827876029677094
269,0.19120331121946713,0.09486477384972788,8.201090688642732e-05,0.4627733122352908,0.2510765917886279
270,0.04877156313146211,0.01864131091338195,2.9962402566275496e-05,0.0581362920850015,0.8744208714675881
271,0.3063449794807027,0.026308744078154204,1.9894641917642596e-05,0.20964909776624166,0.4576772840329838
272,0.1961132688144657,0.028998826664238073,0.00012868073496652137,0.09103671771921018,0.6837225060671196
273,0.5166193520718599,0.04247464497075409,7.574122494934427e-05,0.2032371460807242,0.23759311565171234
274,0.3136045890187121,0.06372187317053347,0.00010725261016656603,0.3771731044103427,0.24539318079024533
275,0.18411362986020716,0.0813547891221175,0.00015223100686505286,0.2954760857429633,0.438903264267847
276,0.06924411949725269,0.05882873038666622,0.00015248507267365697,0.8525159681602094,0.019258696883197986
277,0.03770963571136703,0.08129696383424594,0.0001877192487817149,0.8425090332513935,0.038296647954211956
278,0.04478129490253112,0.022219991187604905,8.736510730993791e-05,0.7431709374393486,0.18974041136320544
279,0.01982285476080643,0.01915251785736686,9.723316484627568e-05,0.21471203371180522,0.7462153605051751
280,0.09891976079369898,0.05091035284796427,7.166057596580646e-05,0.5182314103263393,0.3318668154560317
281,0.40976402698591113,0.10406824977936988,0.0001068575151079675,0.4200740501716796,0.06598681554793126
282,0.21410739404711499,0.110303587662852,0.0005315789048733302,0.34027708984665034,0.33478034953850927
283,0.1265746101892831,0.10848047262750038,0.00017731730371039648,0.5700929923144964,0.1946746075650097
284,0.04782535950485828,0.06961560119188916,7.456752064638974e-05,0.8536777462284059,0.02880672555420021
285,0.11913937121609207,0.10488312577765777,0.00013390443027834787,0.5741697564618954,0.20167384211407655
286,0.14162592724688292,0.07224154400723573,0.00047507275016910543,0.610209319022822,0.17544813697289016
287,0.06010592165048854,0.08576604843823578,0.00012497248873527116,0.8242334218558478,0.029769635566692446
288,0.0618024307710563,0.049740877760644876,8.656329373647394e-05,0.87306913895856,0.015300989216002505
289,0.0457101499728209,0.04161207392355432,0.00018303480577016806,0.8778645291675174,0.03463021213033728
290,0.01913615480979417,0.01698707457684458,0.00038382026012472606,0.49193721630774195,0.4715557340454945
291,0.076812768167787,0.03856900923843017,0.00032193285692768813,0.608050560895418,0.27624572884143717
292,0.217473085651225,0.06525491436473904,0.00024259411696484946,0.4390025798847694,0.2780268259823017
293,0.21665788573884343,0.09891024252670011,0.00025600418329962905,0.6690973279162592,0.015078539634897699
294,0.10655860570869055,0.08156831650071773,0.00048334588385791995,0.7396010136263594,0.07178871828037427
295,0.05394821373613053,0.0418756852603906,0.00040686469591199253,0.8436290442443423,0.06014019206322468
296,0.02749518889468375,0.17621802269678388,0.001652634804870835,0.6886989658477365,0.10593518775592504
297,0.03529809282310715,0.12168833083856592,0.002253024644566945,0.6209592764709102,0.2198012752228498
298,0.041532761256327044,0.02179058981861421,0.0003904278094410963,0.393970389860313,0.5423158312553047
299,0.10359834366268193,0.04113058721225211,0.00033505000051581443,0.6020277876571704,0.2529082314673799
300,0.0822367565071061,0.09743003057944602,0.0004082760382412638,0.7378431035110389,0.0820818333641678
301,0.15730583864045702,0.37521003264665254,0.00037550842884277237,0.23444580943869137,0.23266281084535625
302,0.031572386852170946,0.12163930473571224,0.0005410433547878883,0.13140098926105057,0.7148462757962784
303,0.01648018348946537,0.016325805023911164,1.398118513956796e-05,0.04510831443661291,0.9220717158648709
304,0.07829961147114088,0.050877300595863616,5.8953135656475686e-05,0.02765787281552813,0.8431062619818108
305,0.04691200543613854,0.03295724138897178,5.2534080817255986e-05,0.01737712768186892,0.9027010914122034
306,0.129704781477896,0.045213674940605665,4.430073932248348e-05,0.009173278516468052,0.8158639643257077
307,0.004235224334560441,0.003969740649284915,2.372977406221264e-05,0.001744181798457385,0.9900271234436351
308,0.007741464058110519,0.004406621217821573,9.578137938406737e-06,0.002934997200207967,0.9849073393859216
309,0.00382363481002637,0.0021399413055506245,5.9254827620895934e-06,0.0015341782891525309,0.9924963201125084
310,0.01404750672266092,0.0068020905709346895,3.2875126474539235e-05,0.0016244423797152903,0.9774930852002145
311,0.036722820695785426,0.014678461156943833,9.341299586943804e-05,0.00416729994064884,0.9443380052107525
312,0.007832113201002104,0.008197236184799226,2.4514999583368462e-05,0.0019628246692617963,0.9819833109453535
313,0.0033904983097407023,0.0026515182681683958,2.1389750498601634e-05,0.0019911813139307627,0.9919454123576615
314,0.007281923661351239,0.0051353573241100054,1.3855309069341375e-05,0.005217539526889511,0.98235132417858
315,0.00241025818842753,0.0030545503392247425,6.736678466470128e-06,0.0008386065228429754,0.9936898482710383
316,0.004121029663512304,0.0034668270294947972,1.8135399087412966e-05,0.0014011614360502937,0.9909928464718551
317,0.0026685633035257927,0.0020278542346145348,1.3906062867138638e-05,0.0015793751341967295,0.9937103012647958
318,0.0017614528639003661,0.0014447258525099834,3.0507529645763548e-05,0.00032306370759551295,0.9964402500463483
319,0.0057013660936952966,0.00549784394032932,0.00029648246830425647,0.0018430956497065703,0.9866612118479645
320,0.00114770043790263,0.00111095654750374,3.482963672560827e-05,0.0008259988916391003,0.9968805144862288
321,0.002330929257355726,0.0023437822451353924,3.8150762089618834e-05,0.0011441474586973601,0.9941429902767218
322,0.00208445348733508,0.0019174849266346584,1.805478404128673e-05,0.0007773909623292897,0.9952026158396596
323,0.0037490612126371463,0.003645224502299211,6.658827516491367e-05,0.0017935910156282992,0.9907455349942703
324,0.0013963737761302753,0.0010267849482585745,1.3166548252191678e-05,0.0011467952314557577,0.9964168794959033
325,0.0034621689109178276,0.0013846266494690984,9.897723231456232e-05,0.0019637432815165497,0.993090483925782
326,0.0028203599509706695,0.0018417489369260416,0.0003202675924833436,0.0011544613501860816,0.9938631621694339
327,0.0046545932916653475,0.0030645352552159267,4.132759027643043e-05,0.0005531584500156016,0.9916863854128266
328,0.012520686394484488,0.004412752452908367,0.00018530712100394404,0.0007045529602141167,0.9821767010713891
329,0.00856374502636403,0.004638077532697975,2.3960549377507798e-05,0.0005857583701385503,0.9861884585214219
330,0.006796771216392076,0.002724444481965954,8.824173725182022e-05,0.0007146777293173963,0.9896758648350727
331,0.0059581552299652635,0.0020539497145611097,0.00015370130638221106,0.0005440989670774988,0.9912900947820139
332,0.006147989918141148,0.0026254526776613267,0.0001395952772906169,0.0007667143140456388,0.9903202478128613
333,0.0033323901021113404,0.00703958989645459,0.003208291168056834,0.001271673556094909,0.9851480552772823
334,0.0033648474382312714,0.0037891003718442807,0.0018537584419497004,0.0009727682651061706,0.9900195254828686
335,0.0027403959448733277,0.003327371135042859,0.0007934736343529251,0.0006471586935793475,0.9924916005921516
336,0.01320417698822144,0.004876114820765057,0.0011939972674267997,0.0014584570102988863,0.9792672539132878
337,0.005842845853572437,0.0022550995131822788,0.0003056664215385111,0.0005636074904826734,0.991032780721224
338,0.005208528709751512,0.002792801377941402,0.00010157251673591031,0.0007094034541490285,0.9911876939414221
339,0.004591037097606798,0.0026973787077210717,0.00039372793441303086,0.000689824160673811,0.9916280320995854
340,0.007610271031541532,0.005243780324631037,0.00048155910714359,0.0007211856468607071,0.9859432038898231
341,0.007174362083120367,0.0054699915950546865,0.00012847055412439792,0.0006947202151551942,0.9865324555525453
342,0.008298913939654763,0.002753146804357433,0.0001447769828521927,0.001158349632452748,0.9876448126406828
343,0.001301367519614159,0.0022002250838915748,9.711086616591923e-05,0.00034784365089264444,0.9960534528794356
344,0.006224149335887121,0.003144438158584301,3.245486299206112e-05,0.0007232424753078501,0.9898757151672286
345,0.0027082198109455173,0.0013723418369592437,2.0167220209517225e-05,0.0005812096364288253,0.9953180614954569
346,0.0020084195285855993,0.0014011077916072907,4.009711018309494e-05,0.0002528631216805184,0.9962975124479434
347,0.007067873714535331,0.0028834165643596694,9.375711269789983e-05,0.0005424756894364661,0.9894124769189706
348,0.011589986898856486,0.0030187523026786963,1.6648586483175827e-05,0.00045338032140585194,0.9849212318905758
349,0.0017703358340914915,0.0007222186841210138,6.5332198037209075e-06,0.00010255037194137142,0.9973983618900424
350,0.0024218867869097737,0.0005473012586769754,1.5670015078463367e-05,0.00013397548109766772,0.9968811664582371
351,0.004092152784583801,0.001539564680344245,2.0954311982751607e-05,0.000363844945559614,0.9939834832775297
352,0.0059066795052195795,0.0020353351032149193,6.791323291604417e-05,0.0008372014297165601,0.9911528707289328
353,0.0015772448575372344,0.0014971290492310368,3.812564121301905e-05,0.0005976743300630539,0.9962898261219556
354,0.007480740935048713,0.003902717717668937,0.00010979868644169049,0.0005856383781628118,0.9879211042826779
355,0.002622182037506192,0.0013971162609696525,1.6550029265657137e-05,0.00027917005372946855,0.9956849816185289
356,0.010316933107023547,0.0050748149793462365,0.00010499630866354551,0.0007975895931401053,0.9837056660118265
357,0.0038933913084559903,0.005938261304164843,0.0004780450618821416,0.0008086527824462396,0.9888816495430508
358,0.002127741889441273,0.0032804610935968496,0.0005359921929956364,0.0005533557788475329,0.9935024490451186
359,0.025245867126641317,0.005087964869400435,0.001183769714549025,0.0023154434911945567,0.9661669547982146
360,0.0047366229098275755,0.0027211303479091403,0.0005627493329021723,0.0021371726367742628,0.9898423247725868
361,0.002467529604779449,0.00166917931340756,0.00011387191780241089,0.000943236964762869,0.9948061821992477
362,0.0036329542432645373,0.0029948023298595364,0.0001462691235424726,0.0009612090341380226,0.9922647652691955
363,0.007269177345573906,0.0020847238397621983,0.0012469756274382925,0.000495808938612442,0.9889033142486132
364,0.005965781425723938,0.0028562061392368994,0.0011206256688259713,0.0004746876959985795,0.9895826990702146
365,0.005390678998327385,0.001663387162066698,0.0007634731908029256,0.0004713286926306212,0.9917111319561724
366,0.008228924171654077,0.00435282102019843,0.00042019014344142906,0.0008203372345113845,0.9861777274301947
367,0.004864786655886081,0.0012947536033059489,3.9431586358711276e-05,0.0005464533149545332,0.9932545748394946
368,0.0033790899518509237,0.0022964014804123774,4.158210996770791e-05,0.0009254783864105847,0.9933574480713584
369,0.0031456255309024366,0.004453560268659995,4.536762736984558e-05,0.0010389869217235842,0.9913164596513441
370,0.003497156120089931,0.0028889669146529916,2.8523685709104913e-05,0.0012519537296625987,0.9923333995498854
371,0.002125909754210392,0.0014154557725891987,1.7293995529001807e-05,0.0010493612731588978,0.9953919792045124
372,0.00715533623476125,0.0016954804789778943,1.3761388315442546e-05,0.0025605717241139335,0.9885748501738315
373,0.004009396195201257,0.0018006282944169763,1.5554984870352146e-05,0.0016774783512833536,0.992496942174228
