epoch,N1,N2,N3,R,W
0,0.08048132068037613,0.017065639801439304,4.6745215775054603e-05,0.010461171255864913,0.8919451230465447
1,0.1372634055220498,0.02653442537621784,0.00013911441136194128,0.044141279166822193,0.7919217755235483
2,0.12265163292869251,0.022957478441046245,0.00022147463622596686,0.0419542329258772,0.812215181068158
3,0.03578886691417704,0.024517280656278572,0.00029716497883848606,0.025334422857600267,0.9140622645931056
4,0.1818802472844379,0.03338979010018962,0.0005741121257051134,0.07072191628543376,0.7134339342042336
5,0.04158740031107045,0.006956355688730176,0.000293598606180097,0.028641670960732692,0.9225209744332865
6,0.1620204685054564,0.08246899606025929,0.000973880823404092,0.15863769905734967,0.5958989555535306
7,0.07512780420721801,0.02076503603890049,0.0011027217704086786,0.012127684067446678,0.8908767539160262
8,0.006745396981616173,0.004624926768239052,0.0008119503704210651,0.000635734104897844,0.9871819917748258
9,0.022872839563904825,0.006191345467980973,0.00041420342868852595,0.00670787860483022,0.9638137329345954
10,0.00900072096184152,0.002067123615240405,0.00025966922004689257,0.0019120729229334648,0.9867604132799378
11,0.021763969647594063,0.022197562916954253,0.0003523876847158521,0.004582642381736957,0.9511034373689988
12,0.05634446135623302,0.017210456514391608,0.00022940410283182934,0.010871647305512913,0.9153440307210307
13,0.03777538659248753,0.04608123981686136,0.00119434553449852,0.011565890048927815,0.9033831380072247
14,0.020880039061147476,0.04472808136217187,0.0007475882961632483,0.01581726880738757,0.9178270224731297
15,0.07384950857899744,0.03203494774796945,0.0010494136913578958,0.06747428478296627,0.825591845198709
16,0.05376497597856695,0.04419888925809537,0.001285303375091367,0.05813819157012038,0.8426126398181258
17,0.01902245998153599,0.005309624328591663,7.21688547161382e-05,0.05985200825122158,0.9157437385839347
18,0.1229219379862626,0.024625354563590725,0.00023715034288123254,0.04272083485115499,0.8094947222561105
19,0.07700251788058714,0.031252303727549474,0.00032769500709718344,0.028449438059732834,0.8629680453250334
20,0.031972085144873326,0.006563000845571921,0.0002962752186998314,0.03182148691314565,0.9293471518777093
21,0.15079858643054136,0.03210389749838024,0.00023001389590110815,0.13345760552909927,0.683409896646078
22,0.09016802385141677,0.017031798779894695,0.00010469390124349514,0.07407819857587052,0.8186172848915745
23,0.1350208918894621,0.03500923881545157,0.00026256395873715553,0.1448360534257724,0.6848712519105767
24,0.016404485692066796,0.004624340764717825,0.00016832088798876104,0.007123463970204307,0.9716793886850223
25,0.036079730207338505,0.005351508124522632,6.625147631716328e-05,0.039686812527892704,0.9188156976639289
26,0.07031901446282324,0.005690278478889567,7.330703078429812e-05,0.06317054418679732,0.8607468558407054
27,0.02469357043396742,0.00266524800196347,3.480121190006443e-05,0.02528783647076496,0.9473185438814041
28,0.04755929870617743,0.003406453939228251,7.408943720209892e-05,0.05387503448379602,0.8950851234335963
29,0.07972175063113551,0.007232021296895537,4.530654911245738e-05,0.059288644285409246,0.8537122772374471
30,0.01933912957530173,0.002112679619099243,3.760978326572143e-05,0.02756285521462179,0.9509477258077114
31,0.03434239844670809,0.007875920465317264,5.5645639352062185e-05,0.03110196213312853,0.926624073315494
32,0.08773222772774372,0.005761300915093314,6.598252994803807e-05,0.052399865900899,0.8540406229263159
33,0.05659643663764638,0.02972701179467865,0.00023246483712134275,0.07500180048927536,0.8384422862412781
34,0.08225066671665902,0.010731643677078496,0.00012020795558077572,0.02429294082900952,0.8826045408216723
35,0.034249350724635905,0.010560794806784594,7.102708828090916e-05,0.028876794027814512,0.9262420333524842
36,0.1448898808350011,0.016431659803465313,0.00011175596783649903,0.11456922222007303,0.7239974811736241
37,0.07720717221037253,0.009001040631950834,9.946737915526118e-05,0.07125723193726809,0.8424350878412533
38,0.04982120282420719,0.0028284360517542954,7.06389223282852e-05,0.03796015189008181,0.9093195703116284
39,0.09196055306260761,0.003159643589457377,9.458987644110684e-05,0.03303706074049882,0.871748152730995
40,0.16290043915192004,0.004035249350202447,8.75919842779918e-05,0.018438116670736297,0.8145386028428633
41,0.284722928576335,0.005859697564038248,9.696485543207185e-05,0.032653830408621465,0.6766665785955732
42,0.20480292664516633,0.00424185589733699,0.00011664294919607562,0.009321601882479429,0.7815169726258211
43,0.12062732628250028,0.028676052395947452,0.00012307479077469814,0.010330078768987117,0.8402434677617904
44,0.20473263621147086,0.011070144616972189,6.59714363761387e-05,0.012927971117872066,0.7712032766173088
45,0.3139445143847507,0.014691303781997476,0.00010241944422535788,0.018865433686124946,0.6523963287029017
46,0.18975620493246567,0.05793918186039433,0.0001538728589410617,0.021272476921936574,0.7308782634262624
47,0.02015137732306959,0.006029393810265255,7.294336095112116e-05,0.01628812771847055,0.9574581577872434
48,0.011260918933843104,0.002732711391776228,5.300864806233271e-05,0.01761328931093966,0.9683400717153787
49,0.07887838792152148,0.00836671102215196,8.298507591809114e-05,0.022555694282881653,0.8901162216975268
50,0.23794838963341888,0.00541507378119894,8.140484866066614e-05,0.03288782349585383,0.7236673082408678
51,0.054978852425695356,0.0024634469491857146,6.51780110160219e-05,0.020309109482057303,0.9221834131320457
52,0.217601255633445,0.03227906066541761,0.0003257614923025764,0.11401052725298688,0.635783394955848
53,0.2857484019283436,0.02819029635935321,0.00041869352712266505,0.11460758109734649,0.5710350270878339
54,0.2025964486620981,0.017701879560392254,0.0001813749491317945,0.09477376641786563,0.6847465304105123
55,0.126482850068755,0.028973966621707346,0.0001662641750167895,0.042157743930640375,0.8022191752038804
56,0.13417948850858716,0.018428489203956074,0.00015588375704919164,0.034652016378878665,0.8125841221515289
57,0.12893598666166156,0.011393970848369,8.598544010253524e-05,0.024415998963334483,0.8351680580865324
58,0.16198398302014874,0.05925902622239466,0.00030582094878329634,0.03220036497785751,0.7462508048308157
59,0.03943501072555147,0.0046830075128841435,1.936802399094746e-05,0.012564566305397786,0.9432980474321757
60,0.37287672782803444,0.05749519949934729,0.0002860626448174208,0.18254992073223708,0.3867920892955639
61,0.02448715720032209,0.011223691773376406,8.95362695565057e-05,0.007987500700883853,0.956212114055861
62,0.1305710429521774,0.004535415479423477,5.136479255713961e-05,0.028805398378982314,0.8360367783968596
63,0.11802023173258391,0.009219734067877159,0.00010701683897208365,0.031430267014331215,0.8412227503462356
64,0.1251864888429182,0.006850656455410235,6.093990318936577e-05,0.01539696533393936,0.8525049494645428
65,0.22189422721013555,0.021395253250442545,0.00014948771682432444,0.04648504481078679,0.7100759870118107
66,0.08648737141004105,0.004447917159481248,8.425959072842768e-05,0.02323016538330328,0.8857502864564459
67,0.2374674651576541,0.014284124395709901,0.00016977306886634824,0.0974633630997436,0.650615274278026
68,0.2629385192382068,0.01298790354241231,7.420166941550557e-05,0.038629838664912645,0.6853695368850526
69,0.14124379785801794,0.007287789408579736,0.00012756730940577266,0.009887440366477051,0.8414534050575194
70,0.0339697023409799,0.012076966965312722,0.00016435413315947235,0.005093610773335743,0.9486953657872121
71,0.03922959404846479,0.003564008153258955,5.687945016448172e-05,0.002904203723496905,0.9542453146246149
72,0.0871328197401885,0.006389157963264535,4.268297350277957e-05,0.003455180010794338,0.9029801593122497
73,0.011061925766649819,0.0014725316076736052,1.7949150159360353e-05,0.0005594187512527292,0.9868881747242644
74,0.00792565102647048,0.006200802640927507,0.0008099519889801348,0.000138912888389947,0.9849246814552319
75,0.003187957087724364,0.0004859914025885113,0.0002816029877264663,4.053044192838744e-05,0.9960039180800324
76,0.02558238657542615,0.002805355196654211,4.190775720126474e-05,0.0002968722657553566,0.9712734782049631
77,0.01577650687806626,0.0026534516486415843,6.200266813895685e-05,0.00029466928069242526,0.9812133695244607
78,0.0021423858630193362,0.0008591943931341203,0.000294213403581295,0.00019593577314333527,0.9965082705671219
79,0.06761933353163285,0.009024703310423082,0.0011909082498201158,0.003283162452987559,0.9188818924551363
80,0.02383276962739023,0.004517564927566153,5.595148376781869e-05,0.006300270878688235,0.9652934430825876
81,0.025742399167691714,0.004437364109417894,7.817522638202785e-05,0.017091063705096922,0.9526509977914115
82,0.025740661081064514,0.0064132822613829285,0.00011568092841652618,0.021139011309679632,0.9465913644194565
83,0.07610479994602946,0.005751465366499572,8.316433442997807e-05,0.018724646388436822,0.8993359239646043
84,0.04420527628350212,0.009677120415895232,0.00010801751972939585,0.011899274629545565,0.9341103111513277
85,0.04442225682187652,0.002203423755864854,6.260467688730741e-05,0.015073587212332125,0.9382381275330393
86,0.05071836210331266,0.0020270949349241447,2.4901895797327667e-05,0.006478111407775884,0.94075152965819
87,0.021268369664173205,0.0021247899075344046,2.3253221570981268e-05,0.004759749581973299,0.9718238376247482
88,0.07071497037913231,0.0025711787795145284,4.1589384081556345e-05,0.0074315926805234795,0.9192406687767481
89,0.008448810544226514,0.002970357373682795,3.537198813019411e-05,0.0034459331954186196,0.9850995268985417
90,0.013455605553835865,0.0037721732644511053,2.2634651872528623e-05,0.004867642572766486,0.977881943957074
91,0.020202422354921923,0.0032144485921867727,5.862817942926046e-05,0.004955168696472204,0.9715693321769899
92,0.013668585425412823,0.002083811053035574,1.5708974374728613e-05,0.000985671295063655,0.9832462232521133
93,0.012431419322035408,0.0017793100266683868,1.789434108187566e-05,0.0020434958803850468,0.9837278804298292
94,0.01916231229833028,0.001850922448340374,1.4588164471031915e-05,0.0007513265701095557,0.9782208505187487
95,0.01032487506735036,0.002261111540765554,1.8592174325459207e-05,0.000430621994549102,0.9869647992230096
96,0.03245905521934896,0.003218687790837411,4.9229691054488867e-05,0.001533199527002319,0.9627398277717568
97,0.05569248353545926,0.004416689895755426,0.0001550524948824303,0.005052547924969473,0.9346832261489334
98,0.041205875822597826,0.0026121561577527206,0.00012673622249418146,0.003658400834291783,0.9523968309628635
99,0.024741832624002175,0.00194512535050131,0.00011140675816228423,0.006821409835861904,0.9663802254314724
100,0.027310911654838375,0.0017261550388511199,3.8089369375420185e-05,0.0037151023283297246,0.9672097416086053
101,0.015527210336647926,0.0011898101652043332,4.274922565529553e-05,0.0021351398646470804,0.9811050904078454
102,0.013747872390148243,0.0012572804772722338,1.0557807000727274e-05,0.001436882680855477,0.9835474066447233
103,0.025027802944022393,0.004741358610347937,2.5710132572160623e-05,0.0037748048959883908,0.9664303234170691
104,0.012275516818622635,0.0028200344332022856,2.1042149139831652e-05,0.002597659900377158,0.9822857466986581
105,0.034000174978082026,0.004144166976946455,0.00010034211766586237,0.009753021385021824,0.9520022945422839
106,0.007016954375666388,0.0021983442077265773,1.1006897911656326e-05,0.001539651255325571,0.9892340432633698
107,0.008512231485196704,0.0017573982317250472,1.3438434890978077e-05,0.0012143314073768997,0.9885026004408103
108,0.07351086418780152,0.0034034894918583878,3.3974783897873314e-05,0.0043925516509025955,0.9186591198855397
109,0.013250353444835175,0.002303818001258936,5.813706491517353e-06,0.0012880138783337425,0.9831520009690806
110,0.03794410449445564,0.006581013320636995,0.00010912140772455913,0.005041581215903125,0.9503241795612797
111,0.08348685236987338,0.011321658462931438,0.00014663221296002524,0.007158370418072725,0.8978864865361624
112,0.00890725572964441,0.0027880666393133146,2.560637680788499e-05,0.0009290167638449147,0.9873500544903895
113,0.057783920646758094,0.005114383284717506,8.64242136791329e-05,0.004186562353099903,0.9328287095017452
114,0.03697605279318836,0.010027942602716817,0.00020821258214249772,0.0038181053118485743,0.9489696867101036
115,0.0053777193282218945,0.0033771615303632226,5.2169748154682176e-05,0.0005344259234644984,0.9906585234697958
116,0.02172815545066797,0.005819040695714096,0.00014493986033577998,0.0011595896300020591,0.9711482743632801
117,0.01935242560287306,0.0016261239184736515,3.7944852318960284e-05,0.0018154367340112508,0.977168068892323
118,0.01062385890250009,0.0023985921961633483,3.135249070918354e-05,0.0011906258761140854,0.9857555705345132
119,0.023390480684254585,0.0017862328753311416,7.174505535624663e-05,0.0025103402594082247,0.9722412011256498
120,0.014259299809553481,0.0018065733017005245,5.624748971080612e-05,0.0019707252963157597,0.9819071541027193
121,0.027852940872664215,0.0022544192744122773,0.0001024182436370395,0.003363399088515714,0.9664268225207708
122,0.03032672681892502,0.0016067794636775582,2.599457384845723e-05,0.003107141112626095,0.9649333580309228
123,0.02044007878960013,0.002198441668330981,6.296968183893595e-05,0.003899615241724865,0.9733988946185052
124,0.0009362219892251796,0.00022328655420587705,9.683267481781638e-06,0.00025058660559979374,0.9985802215834875
125,0.0005430986466075045,0.00028253627909753274,0.00016451132648224315,3.076720588881154e-05,0.9989790865419239
126,0.004690287711189732,0.0005471582038101649,0.00015446407005261837,6.589428904494888e-05,0.9945421957259024
127,0.002047147360529552,0.0002576963076486887,3.1137881972677505e-05,2.6794892818724335e-05,0.9976372235570303
128,0.011235857620391376,0.001235491908175271,2.9494204831043897e-05,0.00012794774039283412,0.9873712085262094
129,0.02805760176724601,0.003631691276650978,2.06875271816181e-05,0.0003866574673612873,0.9679033619615601
130,0.022295783122053988,0.009839962418729779,5.340799785089806e-05,0.0017379994392376342,0.9660728470221276
131,0.022306447289737023,0.01021447101175118,4.14971999156503e-05,0.011377581278165535,0.9560600032204305
132,0.008180179169614043,0.0041932877852844126,2.312231084800984e-05,0.01771128644759334,0.9698921242866602
133,0.012517239300206248,0.004128740675036582,4.0718619200542584e-05,0.015188474545037372,0.9681248268605191
134,0.04075142793476244,0.009792151472147032,8.839425942063433e-05,0.02905137603992741,0.9203166502937424
135,0.039122336296449366,0.018187051554675766,0.00015324505795243776,0.03863670299613061,0.9039006640947918
136,0.04236363798952501,0.007909856591062865,0.00014658925085060147,0.02270608982099404,0.9268738263475675
137,0.059475383096120486,0.009565437959716197,7.248140235410716e-05,0.08061397122506361,0.8502727263167456
138,0.10982444419638437,0.030688845835332552,0.00021765671492317336,0.0792301359782234,0.7800389172751365
139,0.13384942400985864,0.05379908072240432,0.00019728158026269735,0.052408016024121234,0.759746197663353
140,0.08330889855902847,0.03440153639198064,0.00021924260046779083,0.21604343637343537,0.6660268860750878
141,0.0970487777543188,0.043924634751857164,0.00021156234330536617,0.2047268725438926,0.6540881526066261
142,0.11005859765598427,0.049422486997919284,0.0003047922164078706,0.4584209111204291,0.38179321200925936
143,0.12295539837423702,0.07891874052011495,0.0006902151364701447,0.4515580475065316,0.3458775984626464
144,0.09196887351348518,0.07200131134079489,0.0006711898950132113,0.3764011576434709,0.45895746760723594
145,0.10408767655806697,0.06560397518310586,0.0008251691755491766,0.4584407248514661,0.371042454231812
146,0.09080506086940553,0.09927720322413469,0.0012863200859964108,0.3294200359103174,0.479211379910146
147,0.14240047392949234,0.17348680336275815,0.002427269724604573,0.05903786279898232,0.6226475901841627
148,0.08886120601166893,0.10887671788603298,0.00181085384537375,0.026509133804885038,0.7739420884520393
149,0.11585215790870379,0.09648128515039323,0.0016618857410079949,0.02906264302379341,0.7569420281761016
150,0.15654350509891496,0.15546414318076798,0.0029257549255765243,0.026976426254007837,0.6580901705407327
151,0.2050965886114716,0.1330870308921841,0.0015843735678954577,0.014243568658784088,0.6459884382696648
152,0.23568326217447924,0.16507146990153396,0.0027385440628688897,0.026652461344302984,0.5698542625168148
153,0.1559117392331277,0.13865384885978455,0.0027246937937894385,0.017285268157924326,0.685424449955374
154,0.16632100931000365,0.17563281500979003,0.0025742456558403458,0.009433091336808867,0.6460388386875571
155,0.050566865668649826,0.10119527015369689,0.0012530716884510368,0.005700639130404374,0.8412841533587978
156,0.10605599343328621,0.11522872177645896,0.0026172974737379727,0.008512081107758078,0.7675859062087588
157,0.045293735154115326,0.09758747138642732,0.0014993943374118559,0.002252019402569023,0.8533673797194764
158,0.039071979663192834,0.04214653145816721,0.001042187770680275,0.0018422586431419935,0.9158970424648177
159,0.12182604928778118,0.1371716662796799,0.001578123533893891,0.002373529536477828,0.7370506313621672
160,0.12794864363405906,0.12881403616351766,0.001148702376181435,0.0017739495208551478,0.7403146683053866
161,0.027166043030798052,0.9443187777491644,0.0020700036943180227,0.0012352210962314602,0.02520995442948799
162,0.03983031489312979,0.07173041017685568,0.00044627709872906905,0.0034464567037069665,0.8845465411275785
163,0.11023890452128689,0.22921829597631466,0.0009264764224037468,0.013403540411685217,0.6462127826683096
164,0.10723961699547778,0.17044158964480458,0.0014535264706470145,0.02243274113731556,0.6984325257517551
165,0.1136239376571142,0.07840251071578289,0.0007792497047371068,0.01971524606140272,0.7874790558609631
166,0.11030608781805176,0.11480716997951453,0.0008094807861072706,0.01958652914510282,0.7544907322712237
167,0.09698851467264108,0.07399790034915084,0.00044520791991316364,0.0043546169931547776,0.8242137600651401
168,0.3409083441906304,0.1959230822252703,0.000863102559275444,0.03344179695201002,0.42886367407281384
169,0.04618760201163095,0.04378777583416802,0.0002610084501442234,0.004681483191958741,0.905082130512098
170,0.13968151229789763,0.09834471008599645,0.0004735439008940941,0.014527315858330109,0.7469729178568817
171,0.11294861610529212,0.09119996355361937,0.000515489475149437,0.023084986077602617,0.7722509447883366
172,0.2606815827926771,0.17059125406419878,0.0009532598820935215,0.046791998659244084,0.5209819046017864
173,0.07735796087679742,0.11231925630070015,0.0005278185680634924,0.10030827094104192,0.7094866933133971
174,0.16605676343419423,0.25950628562118033,0.0019816176230871316,0.044594918008785435,0.5278604153127529
175,0.030747716682466376,0.05899646260059093,0.00032767092132577046,0.008173851468180025,0.9017542983274369
176,0.0261420339772373,0.09523762319951236,0.0005759441609632771,0.002846258718292523,0.8751981399439945
177,0.03432057619356641,0.058878532181662495,0.00045531324035365576,0.0034750637625135024,0.9028705146219038
178,0.14744272315370038,0.1535336719076317,0.0007521132281797923,0.006222969236063224,0.6920485224744248
179,0.03404438822761399,0.03206288091556192,0.00010416227063664631,0.004467114277652866,0.9293214543085345
180,0.13812016347258155,0.08247123397514139,0.00021682797287718753,0.014182829850278439,0.7650089447291214
181,0.14315067479977556,0.09899509190109763,0.000383748868928095,0.024620393355142364,0.7328500910750564
182,0.13582725271308577,0.0846813904802062,0.000560667583560539,0.021780601606194085,0.7571500876169535
183,0.1704128761022414,0.0939144664884935,0.0007838666867296739,0.18943590601961813,0.5454528847029173
184,0.09385559884592336,0.09403737448796098,0.0006068007479476296,0.09329703118336033,0.7182031947348076
185,0.07161173063396664,0.08575817708746926,0.0007080383145600772,0.07135134413423573,0.7705707098297684
186,0.03917152708135964,0.04962179016909183,0.0008099941691842583,0.019558394719422004,0.8908382938609422
187,0.07425162698660229,0.04514163965872456,0.0014116637380060205,0.0232383490905641,0.855956720526103
188,0.03967546167615542,0.012675020789186404,0.0005822478182762243,0.007342343141219012,0.939724926575163
189,0.12133206544963109,0.04230978739356971,0.0008570041212793651,0.006226719686703046,0.8292744233488168
190,0.0275418680824146,0.024011414195584654,0.00015059790835711428,0.001449516240869034,0.9468466035727747
191,0.03591823953730663,0.020670270692094064,0.00023853627560241198,0.0012886258569535201,0.9418843276380433
192,0.2160884749520586,0.05772901891720756,0.0009321427576956256,0.009711173951200016,0.7155391894218381
193,0.1843706142498719,0.09670440166787454,0.0011890586261628453,0.04167458527282919,0.6760613401832616
194,0.14130850591167196,0.1119399120184771,0.0012140690622805999,0.06204415023426602,0.6834933627733043
195,0.019974438332514572,0.039854218005908736,0.0004157593286762636,0.01584995928049821,0.9239056250524021
196,0.03241797586166204,0.023874337158410766,0.00014042587289823442,0.008716249320188696,0.9348510117868403
197,0.07450899729491224,0.03577467095427817,0.0001751915571829526,0.016772993075103746,0.872768147118523
198,0.03222283286538209,0.01750624256328497,0.00012508510545045505,0.01130949255520412,0.9388363469106783
199,0.05330818899225691,0.02517723772385247,0.0001403738850716717,0.011560720084952134,0.9098134793138669
200,0.09471491129126745,0.07314080290513832,0.0007746317343839692,0.05407162244678187,0.7772980316224284
201,0.15902716826598984,0.10826675826920633,0.0013360384350232662,0.046049642460020475,0.6853203925697601
202,0.21743737059934823,0.0748419211932728,0.0012432574995064633,0.033067420681996966,0.6734100300258755
203,0.1517313206252693,0.059801531835179944,0.0013730030237445435,0.23273934789355716,0.5543547966222491
204,0.35987756223181755,0.08275217386425011,0.0011329543228069787,0.2670647524751213,0.28917255710600415
205,0.15823473617860306,0.06554239566099736,0.0008833875146537699,0.6214888939696538,0.15385058667609197
206,0.08130263568088915,0.041270260474084046,0.0007706308750655356,0.28625901886480415,0.5903974541051571
207,0.08129275899920765,0.06468180581286302,0.0008025293740608901,0.7068318931705639,0.14639101264330445
208,0.20732210477088497,0.16515621323928342,0.0006573521895568859,0.276854325115072,0.3500100046852027
209,0.11091500015613714,0.0946401342740631,0.00033437595857526147,0.614830407307602,0.17928008230362258
210,0.16629558568314948,0.0899151648130864,0.00043318917736777406,0.4224138998313138,0.3209421604950827
211,0.20024300505364992,0.27080483522296006,0.0003719139565843221,0.33911385433279434,0.1894663914340114
212,0.259899674141782,0.24111026955585796,0.0007520160163449448,0.11645378966547221,0.3817842506205429
213,0.2180562604741339,0.17561716537949698,0.0005029872383934394,0.16777292801635202,0.43805065889162365
214,0.21635579671386532,0.18721143753684333,0.0009506586693703148,0.24301547923278125,0.3524666278471398
215,0.06158253054954425,0.04442994667099859,0.00022923639852441723,0.027231697354065568,0.8665265890268672
216,0.025867705356814177,0.024101449269515775,8.495696323043299e-05,0.004206388468418806,0.9457394999420209
217,0.08435585431085382,0.03757370941906358,0.0001450666417691884,0.059512024307857576,0.8184133453204558
218,0.061823347808939534,0.025143030398913684,0.00011532626745266226,0.04409795837401816,0.8688203371506759
219,0.004306600458622618,0.001165004477884495,5.1992089389330186e-05,0.002274350000530797,0.9922020529735727
220,0.019869717908064598,0.005046743100101841,3.982283433683863e-05,0.012170381038974097,0.9628733351185227
221,0.07500795422995198,0.010692693892908525,5.566250584039326e-05,0.028407308047047122,0.885836381324252
222,0.13419255732438073,0.009756478958199543,3.328443032502405e-05,0.030880033095957642,0.825137646191137
223,0.3193672869549114,0.03041829715669472,9.417752742120324e-05,0.1282765660931924,0.5218436722677804
224,0.1966637648743838,0.03781038148492966,0.00013805148740701656,0.19520554566503198,0.5701822564882475
225,0.14402355365972724,0.026149611971965425,0.000173445209496796,0.29639795860694923,0.5332554305518613
226,0.06255899486442905,0.049893871209065674,0.00021192153944766184,0.07744733457905588,0.8098878778080018
227,0.09406931891176111,0.02451451153172221,0.0002909287999474238,0.1849277996090488,0.6961974411475206
228,0.1040177318701187,0.03884503713902899,0.00036796436041493984,0.3477086560113767,0.5090606106190607
229,0.03230786335187635,0.008091892197210255,0.00010933539945633975,0.018054426980469544,0.9414364820709875
230,0.1459955289748089,0.0119504646850226,0.0001543576849478126,0.09378053063506378,0.7481191180201568
231,0.16550963947953165,0.01610164183877601,0.00018047613920007006,0.35896535499034404,0.4592428875521482
232,0.1889650679447191,0.017588473663343377,0.0001492739751201599,0.3170726773267668,0.47622450709005054
233,0.10011525885692825,0.024055666083936965,0.00013990498943470135,0.7420647602044703,0.13362440986522983
234,0.0771230193500539,0.023403608146005814,0.0002597044563098462,0.7180832943522446,0.18113037369538573
235,0.05059866094260857,0.019123326372943603,7.119070532644298e-05,0.615359694267144,0.3148471277119775
236,0.09229694776047813,0.0653823751055186,0.0001519375365344991,0.6966155040451334,0.14555323555233554
237,0.05944136853238888,0.021011515450753655,0.000126734254833014,0.7004329623727593,0.21898741938926525
238,0.047888047735302745,0.020841058326486132,0.00012412781242785153,0.7692615502557637,0.16188521587001958
239,0.03169324054134118,0.01718015002511952,0.00012208290174807993,0.7952160749260879,0.15578845160570323
240,0.0386993138792794,0.012735767010423067,0.0001334200605482783,0.6643667601634494,0.28406473888629996
241,0.032586722425408665,0.016016218604148705,0.00014503856390014018,0.796027627914654,0.15522439249188844
242,0.042303442246201875,0.01946752272392504,0.00016977839609858236,0.6793950867052404,0.25866416992853414
243,0.037455451338696565,0.008696450388526806,4.597038855644569e-05,0.8544972224075263,0.0993049054766939
244,0.046979054920384074,0.022940701609848603,0.0001098189037109322,0.7667387308085779,0.1632316937574784
245,0.07121054632948856,0.026662909737555574,0.0003617062701653147,0.6539311010730204,0.24783373658977007
246,0.023742150636779376,0.019843295224886176,0.00017695658206120398,0.06980193865069433,0.8864356589055788
247,0.0664390806859774,0.037458106760489676,0.00017315261564206837,0.07477147275962266,0.8211581871782682
248,0.12225698439091746,0.028671482576846267,0.0004258640467973157,0.06316759461675474,0.7854780743686841
249,0.10897433526666907,0.018811532475446573,0.00029786057231296216,0.033303126451051344,0.8386131452345201
250,0.04468186578122236,0.08751354980136943,0.0004787438872569897,0.03083725053591996,0.8364885899942313
251,0.02159984907094989,0.02364447009401365,0.0003313557572381297,0.013127652190784872,0.9412966728870135
252,0.10686591316847636,0.04133232516852034,0.0007888239786539663,0.052076619249798076,0.7989363184345513
253,0.15190062801716792,0.11596593797451671,0.0009293824702451856,0.048877934581881735,0.6823261169561885
254,0.1326087872625927,0.07561109596747108,0.0006096440822898465,0.04112341124883844,0.7500470614388078
255,0.013467762150351247,0.016532108088588206,0.0002107860138343632,0.007229664566011989,0.9625596791812143
256,0.12676303238581674,0.06318880644507031,0.0011517796760650684,0.030691766602060386,0.7782046148909875
257,0.21238416223743795,0.08898333996645408,0.0009966556849174172,0.027965610991257432,0.6696702311199331
258,0.0440892676965725,0.04130711888940263,0.00043003176613883417,0.007123286903917642,0.9070502947439684
259,0.11533883768994176,0.07036871856062767,0.0008699090021479745,0.021017493323905605,0.792405041423377
260,0.24472390908538602,0.06511198131977271,0.0015666968074630524,0.022736869331378907,0.6658605434559994
261,0.41134949064559406,0.11284199536560709,0.0020653894763332237,0.03909087730857426,0.43465224720389134
262,0.3096300096211841,0.2627022868161185,0.002232161787684418,0.06015536245714371,0.3652801793178693
263,0.25962379479376935,0.2067659991396805,0.001462950262845011,0.07459406791512516,0.4575531878885801
264,0.1661270275558475,0.08912039236530823,0.0013244293495094726,0.4945927696697752,0.2488353810595597
265,0.18294395390423654,0.15860717783541306,0.0015292028274827669,0.566824524410436,0.09009514102243162
266,0.06805291897348528,0.08156216838450017,0.0008162869054039946,0.6696898476066353,0.17987877812997524
267,0.07561649206530567,0.10198047438595227,0.0006761612179145871,0.2642939189555892,0.5574329533752383
268,0.15860172868754494,0.09062692666353125,0.0009004624952380404,0.36603831729249403,0.38383256486119177
269,0.2658557800109401,0.11408454601701354,0.0009723735595768836,0.357463833121087,0.2616234672913824
270,0.3241670553093758,0.23354551650674604,0.0007367305955615103,0.17135624222349882,0.27019445536481795
271,0.19816776485066892,0.16037637046813613,0.0010650116366761023,0.13009121269881932,0.5102996403456995
272,0.07476066169444918,0.8047240974286187,0.0006737337115404159,0.022198430743159955,0.09764307642223187
273,0.028364326400017577,0.05390581378817127,0.0012687601643398476,0.009553090187450434,0.9069080094600208
274,0.09416583820974816,0.09004202268050439,0.0019105477484440308,0.04731541750637811,0.7665661738549253
275,0.12820964738712357,0.14593940187622587,0.004058984021644081,0.06179929290385509,0.6599926738111515
276,0.10937858562958047,0.36994536232107383,0.0017921522853749383,0.0332222020383235,0.4856616977256471
277,0.09664343453460404,0.11023094298289741,0.00178044406514437,0.040279016610225406,0.7510661618071287
278,0.08453831123045008,0.17237481404456703,0.0015663288201237444,0.05538852169446777,0.6861320242103914
279,0.04887703153951746,0.05592721312146892,0.0007006813353422358,0.029084938249655027,0.8654101357540164
280,0.17859783124935585,0.07563255960054935,0.0014796983781456303,0.03244066794411469,0.7118492428278343
281,0.18439447550380245,0.12426804130169461,0.0011239086504957264,0.03778638471990953,0.6524271898240978
282,0.10052361769154679,0.05381633695136424,0.0005033114637557808,0.012655386728009413,0.8325013471653239
283,0.14264313165356626,0.10340153655882221,0.0007291757521388552,0.05215021168256948,0.7010759443529032
284,0.1234589906042832,0.08536840663994123,0.0008252284421077219,0.067002166151261,0.7233452081624069
285,0.2070029191738322,0.11828016624752727,0.0005705727648904706,0.039454351251232984,0.6346919905625171
286,0.22952925720954023,0.15170426518486563,0.0008463492529051021,0.061206782387921196,0.556713345964768
287,0.04757181133191871,0.07236510393107404,0.0005005716072568251,0.009250819266686073,0.8703116938630643
288,0.15218053456797323,0.10407306841351424,0.0009241173343350213,0.06399091982810913,0.6788313598560684
289,0.13658322007382626,0.07564725743400737,0.0007818442334963767,0.09417896113741103,0.6928087171212589
290,0.1479613828597779,0.10852918894159676,0.00046222036079793705,0.2588295275776511,0.4842176802601764
291,0.006510767449423762,0.013122829302249728,0.00033717141352779094,0.006477299979336095,0.9735519318554627
292,0.11128694433598675,0.026857584813982836,0.0007174115780431908,0.028421314337681094,0.8327167449343063
293,0.07676293314655418,0.028665948767011704,0.000600798361550826,0.023344608304650034,0.8706257114202333
294,0.11012983305906816,0.012703482267762089,0.00025147348753674247,0.009934656297295837,0.8669805548883373
295,0.19415132405256696,0.0736307756898791,0.0009435214933758928,0.025718508871740195,0.7055558698924378
296,0.2552993925885463,0.09283016884638583,0.0008568659523680584,0.05423541203327143,0.5967781605794283
297,0.1409295418049701,0.07640566470250766,0.0007991693579116988,0.04666422665626961,0.735201397478341
298,0.025228990991056525,0.026842988523513057,0.00043838328041415726,0.019719087716660845,0.9277705494883555
299,0.028240285614322177,0.013192135809098319,0.00021061437763559432,0.027791045144401914,0.930565919054542
300,0.059705311360212544,0.021579021001109644,0.0007401804743646296,0.01536337674683841,0.9026121104174747
301,0.012615876011160692,0.006451183007808437,0.00019646507029467408,0.0021548507561274556,0.9785816251546087
302,0.005614255060706221,0.0036222755448533385,0.00024058103911649758,0.0013965569128645933,0.9891263314424594
303,0.010865355408604123,0.0016932858716816265,3.9827964781574255e-05,0.0005775034549188211,0.9868240273000138
304,0.013536605393889912,0.003163564831097849,0.00011971879675320631,0.0014069996620682415,0.9817731113161907
305,0.016566080028172444,0.038097706790745124,0.0024435345777125703,0.00034069137789682614,0.942551987225473
306,0.0069471105844205,0.005885949526796863,0.0002639896326129061,7.634845765624722e-05,0.9868266017985134
307,0.009361974974702638,0.011953676831333412,0.00046746144462606965,0.0009890705816806666,0.9772278161676571
308,0.009110319547989455,0.020527926443644505,0.00031071565810524997,0.0013137815215570883,0.9687372568287036
309,0.27078088577401266,0.03428709987621244,0.01880908673179663,0.004053036497225761,0.6720698911207525
310,0.008500812430674562,0.0013513650001234845,4.495730533616512e-05,0.0003983647032167147,0.9897045005606491
311,0.0016194046800624348,0.00020228836501476335,3.73841298051044e-07,0.00010411269272412169,0.9980738204209008
312,0.011365005764845027,0.000483320572431945,2.150526567009769e-06,0.009159075259911538,0.9789904478762445
313,0.0032192907043657906,0.00022516455103430225,5.917429305774108e-07,0.00030453140162790544,0.9962504216000414
314,0.00620862286771836,0.001269030556017736,4.9839210288360545e-05,0.0009683782784779825,0.9915041290874976
315,0.007785646912772504,0.0007555786809269304,2.2739576844440345e-05,0.001062331705634773,0.9903737031238213
316,0.014446450405086766,0.0019267093921142915,6.889094971591962e-05,0.0023662585165349767,0.9811916907365481
317,0.008536554376490774,0.0027659980602195914,4.941760713815239e-05,0.0034575151672081045,0.9851905147889435
318,0.007683905064950131,0.0013501904837261525,1.5419443050520593e-05,0.0027228392715148964,0.9882276457367583
319,0.008558952678264845,0.0018580761461257876,1.1530932728838259e-05,0.0027135502321579902,0.9868578900107225
320,0.04913521422086627,0.0047124731367330875,7.004477504357281e-05,0.00557572631623257,0.9405065415511245
321,0.15563055784486052,0.008621745395524499,7.20406434552431e-05,0.01095656735499441,0.8247190887611653
322,0.046479375583221176,0.005675838223247109,8.447889539506204e-05,0.015171293968814302,0.9325890133293224
323,0.04383649522744979,0.008751026687337753,9.478375286307625e-05,0.017906968716304712,0.9294107256160448
324,0.07300713099472354,0.019113738317293204,0.00021371684025181124,0.02097267625523515,0.8866927375924963
325,0.04628572488393078,0.00875787473722329,0.0001447314800556764,0.01908423059953763,0.9257274382992527
326,0.09929786930422715,0.031059137133971654,0.0002547290404137505,0.02506946901474992,0.8443187955066376
327,0.14571947584284517,0.020793645735321015,0.00020746900210649394,0.049337547963259974,0.7839418614564673
328,0.09460599769747245,0.010406784518081089,0.00010428435623706396,0.0439954855670401,0.8508874478611692
329,0.17396022438507888,0.02867808039193163,0.00022640646486625857,0.0939468789528823,0.703188409805241
330,0.14223780803473976,0.017951078058289046,0.00017938089780698176,0.08868015377153483,0.7509515792376295
331,0.28330178355366237,0.03763605409306049,0.00046538205677649266,0.1456998210316873,0.5328969592648133
332,0.24340218812956377,0.045543610028873985,0.0002839791228138315,0.3570332804945231,0.35373694222422525
333,0.26527056053461007,0.06042699489525279,0.00030109867570069534,0.3241406038760095,0.3498607420184268
334,0.21521046230052832,0.08146363138655387,0.00045734716372299944,0.340360628206323,0.36250793094287176
335,0.20232201433053074,0.07549613022913555,0.0002783128077439848,0.35225626089806916,0.36964728173452055
336,0.1852328678714845,0.0777461943264637,0.00020743636631900315,0.38125814706183137,0.35555535437390146
337,0.18306793317115916,0.1009049097027507,0.0002914141986962877,0.3275701965310749,0.3881655463963188
338,0.13956033957680328,0.06984028023173536,0.00020684402354813921,0.37242531051599387,0.4179672256519193
339,0.20165970983550363,0.057031675458765405,0.00026095124454019163,0.33915331142671806,0.4018943520344727
340,0.27726449638874245,0.08824947928211506,0.00021421418289634835,0.4091761229625631,0.225095687183683
341,0.2749443467659288,0.05665114451536803,0.0001371466411558368,0.38324142271331574,0.28502593936423154
342,0.1487352305456682,0.09365012172833241,0.0003111961060967247,0.26001359576321864,0.4972898558566841
343,0.06312326276283768,0.04795554858138543,0.00014727393126506857,0.10130461624693486,0.787469298477577
344,0.360538653242364,0.07512932411733561,0.00032931160679596725,0.37840644136032614,0.1855962696731783
345,0.24330966647193372,0.06846907211442574,0.0003413908666952781,0.4427325892450664,0.24514728130187877
346,0.2127604372851391,0.0630430457688061,0.00016635429473262935,0.4995872569294092,0.22444290572191308
347,0.20434532675585085,0.07436750868116199,0.0005003954452336328,0.5392469990978627,0.18153977001989083
348,0.1680422553517851,0.15668128891713265,0.0004731407318701736,0.5994970427051567,0.07530627229405537
349,0.1452762088795238,0.15525043554332627,0.0010711372692390154,0.5302379512494239,0.16816426705848708
350,0.25178972726872,0.16644965102604467,0.0017795979994638992,0.2715532317417368,0.3084277919640347
351,0.24640497135836195,0.11478549804441178,0.0015285336204294362,0.32606916482624554,0.3112118321505513
352,0.09410240353346908,0.626990449779618,0.0005943230923136238,0.24841256342891913,0.0299002601656801
353,0.13493691390498344,0.19384906745167382,0.0008118926984279442,0.5750439904392515,0.09535813550566329
354,0.08876991191472466,0.23851016870733063,0.0013405130923610153,0.3462848122907822,0.32509459399480145
355,0.0750789093632966,0.1855076416126458,0.0008054156872429102,0.48699029293886476,0.25161774039795
356,0.15457996770477464,0.1573715970884122,0.00034839042035826763,0.5028891642227205,0.1848108805637344
357,0.2246017921892305,0.131604035258882,0.0005130388675632497,0.36371045103044686,0.27957068265387736
358,0.21963891888968942,0.12389009374737409,0.0004090100211309418,0.46492687512933883,0.19113510221246682
359,0.12545491874607276,0.23836239039172055,0.0002396153575496811,0.5776376720590145,0.058305403445642494
360,0.13981045368047687,0.1796237112791782,0.0005688968369112809,0.2900419358538749,0.3899550023495588
361,0.11076624063840453,0.38193285053174464,0.0003429442215344878,0.32926591622816115,0.17769204838015518
362,0.06442944450069515,0.12821851460386435,0.0007714195582706082,0.08194354472590767,0.7246370766112622
363,0.21502800792574694,0.12244116268773257,0.0007906932456244269,0.15555207728259962,0.5061880588582964
364,0.08134988202254086,0.056302154325031536,0.0003130597306356745,0.08434756764202926,0.7776873362797627
365,0.4312827854618214,0.08792894209531103,0.0004907833772141459,0.213197001553321,0.26710048751233234
366,0.24346777363528355,0.09456220852507005,0.00041575273043165567,0.13298311232713644,0.5285711527820782
367,0.2935576783819011,0.1527061844655563,0.0007282500955081773,0.05630655583560989,0.49670133122142457
368,0.3959468825635867,0.20491181639965994,0.0009395551260052631,0.016738132351139696,0.3814636135596085
369,0.09748130198161326,0.8179625614615679,0.00045673869234075216,0.004675620872269975,0.07942377699220818
370,0.21669639015518347,0.6431058322897064,0.0019326236470008885,0.005695464476994394,0.13256968943111483
371,0.0750352014493858,0.8235043975061332,0.001110062842152982,0.0025242663986030514,0.09782607180372498
372,0.006591334856835631,0.9896943247438061,0.0012799858865024036,0.0003455086810208336,0.0020888458318352263
373,0.0025116050731293807,0.9909300495289354,0.005558641013273028,0.0001269574478257929,0.0008727469368363696
374,0.000973316750735346,0.9849160340451432,0.012655935104357299,9.264152434770433e-05,0.0013620725754163831
375,0.0007286022597515861,0.8950410765267008,0.10315227957165067,6.724223078364244e-05,0.0010107994111130825
