epoch,N1,N2,N3,R,W
0,0.0023205124515658926,0.0008837173828714507,0.00011182788799720608,4.4550436855495455e-05,0.9966393918407099
1,0.018802989102533862,0.012507598278138951,8.230462269877716e-05,0.00020502183850588503,0.9684020861581226
2,0.043489187264058204,0.02215485423342822,8.573373908920055e-05,0.0004217843184618509,0.9338484404449624
3,0.19713948750466917,0.037258464851643414,0.0005036164969981178,0.0014082801341219853,0.7636901510125672
4,0.042455630700884414,0.04383266128047863,0.0006577130113371994,0.00031839189424477026,0.9127356031130549
5,0.050887352349741,0.02613517003832317,0.00024883881311652813,0.00023743185469521147,0.9224912069441241
6,0.0762859240520843,0.008323405575114495,3.733767385074155e-05,0.00042298351140911746,0.9149303491875412
7,0.025387466112036173,0.007337681542333628,8.959225501576386e-05,0.0001420696441292654,0.9670431904464852
8,0.08812791838743535,0.02040675364349218,0.0001138211117325476,0.0009889396816402931,0.8903625671756996
9,0.053627239454332815,0.006587507433600459,7.836803686906758e-05,0.0004607603064123495,0.9392461247687852
10,0.02052324291334005,0.0030909169387927787,0.0005931138480448463,0.00018389746579535355,0.9756088288340269
11,0.05785721371301442,0.014789857684181415,0.002211320629687335,0.000558240288394129,0.9245833676847228
12,0.03142177846780486,0.0024725912966973877,0.0007223404054217812,0.00013913427575362213,0.9652441555543224
13,0.028700910750454608,0.0020593923794535282,0.0005237570469417835,0.0001853349780681845,0.9685306048450819
14,0.025267421354585286,0.0053481429198048835,0.010726166263412752,0.00045166057705188983,0.9582066088851453
15,0.08593276768110401,0.017710347447620105,0.0036826584730149264,0.000849659458043722,0.8918245669402172
16,0.0020299597186423956,0.001023284485315194,0.0003720053046378252,9.495402979314245e-05,0.9964797964616116
17,0.018746373612244252,0.008724016329738236,0.0013269127301763258,0.0009159754155486538,0.9702867219122926
18,0.02131985507133957,0.00643116277172225,0.0017257738534177298,0.0007507712069222953,0.9697724370965982
19,0.006063541507434339,0.006187162923459641,0.002142530489861505,0.0005283341104703254,0.9850784309687742
20,0.04202039200442782,0.0861593603057978,0.04266127706069109,0.005279275648638506,0.8238796949804447
21,0.0026310059263004223,0.0030466799290549823,0.0005957278804132406,0.0009848288587634509,0.9927417574054679
22,0.036349579175617965,0.07261608542326053,0.011376531351464353,0.006858179047414271,0.8727996250022428
23,0.026052019833880034,0.020517198404820275,0.010603216993055144,0.004181104007978702,0.9386464607602658
24,0.03134867834038015,0.032744413668801174,0.004835527862984817,0.003698829507478683,0.9273725506203552
25,0.07426663222461666,0.055982578624630276,0.005220347546343115,0.004248081109022915,0.860282360495387
26,0.025320350212014526,0.021199787166195482,0.0031275553997112504,0.009294222853496235,0.9410580843685824
27,0.057823400964999126,0.09385518227173135,0.027866226801565523,0.0064638259414611975,0.8139913640202427
28,0.02730661301654246,0.09881692820083038,0.05169569872113411,0.005134819034586524,0.8170459410269065
29,0.1597518111188803,0.06590672165165731,0.010738383461909511,0.006137713482421283,0.7574653702851316
30,0.06548611514857611,0.08354357403147959,0.011349108661813424,0.0068406165721947455,0.832780585585936
31,0.2597537707292638,0.1348555351208835,0.013399463493755358,0.004520430034974761,0.5874708006211226
32,0.42580739867939804,0.2103414155376672,0.022159057922609804,0.002512443853823015,0.33917968400650195
33,0.33064578235766495,0.3182356605997525,0.09195112506291615,0.0036129123077765037,0.25555451967188986
34,0.26939771221494896,0.31797047298799214,0.017651420850331924,0.005171532941652099,0.3898088610050749
35,0.41541497244454767,0.2987779718876996,0.03744481899963539,0.003782808378461345,0.24457942828965615
36,0.3435539086499148,0.3852248905818003,0.0313035599070359,0.002899942581132382,0.2370176982801165
37,0.33619039845205806,0.4314540251655414,0.03645372826206763,0.0022446580140832455,0.19365719010624965
38,0.05030564063310989,0.5340480254340167,0.2656984914716254,0.002272632320213711,0.1476752101410344
39,0.17307360227068389,0.4416824019226063,0.21742236021460062,0.006706336970535883,0.16111529862157323
40,0.13660756309079833,0.5858746557984155,0.03340462704036341,0.004268411667396442,0.23984474240302636
41,0.2906490167269013,0.26107663622927724,0.0036052690549799003,0.006962486751238075,0.4377065912376034
42,0.4284073437929293,0.37850340859434706,0.022179697159556148,0.0005851931735268409,0.17032435727964054
43,0.46904894534600866,0.40105763005423867,0.018934035050170887,0.0006317717370709345,0.11032761781251081
44,0.34988269190647525,0.4682924599226941,0.03603392348046886,0.0004846572556507876,0.145306267434711
45,0.20931528379873957,0.4717772554839911,0.19675664698616402,0.0006330630179850851,0.12151775071312021
46,0.06888649736072301,0.5674590994527782,0.3378411054614717,0.00016677090713341166,0.025646526817893735
47,0.06110468458726836,0.5335673085493814,0.31994906112861116,0.0004082310094874215,0.0849707147252516
48,0.009041740847954819,0.148533600550277,0.826470419968968,6.786178394663976e-05,0.01588637684885374
49,0.009781957133281184,0.14256356681798474,0.8249706814371712,0.00012057934643712767,0.022563215265125947
50,0.0024365962942332893,0.07375147393173163,0.9097944584113871,5.1649617463259863e-05,0.013965821745184855
51,0.0029860851718782775,0.11364642018053038,0.8739747384724521,2.656936104522034e-05,0.009366186814094169
52,0.0022764412364128955,0.18908104007497117,0.8005682432686233,1.4089433437689474e-05,0.008060185986555148
53,0.0020526697568978066,0.048701822778561825,0.9452986744019275,8.902123937012356e-06,0.003937930938675931
54,0.0008629071498832828,0.08686850798361964,0.9098613502515692,5.0559454629513596e-06,0.0024021786694648265
55,0.0006235982451104587,0.023188939361582398,0.9705627339957588,3.2996128730492733e-06,0.005621428784675349
56,0.0009999568543158188,0.037583621324701035,0.9562683469691629,8.182490295035702e-06,0.00513989236152514
57,0.0009936789181173688,0.034907938913310184,0.9600676382075388,1.3966859568439895e-05,0.0040167771014651315
58,0.0024029970661744483,0.2352855736557745,0.7549460252883976,5.089907674623654e-05,0.0073145049129071165
59,0.004067573441015096,0.31656172841112745,0.6719459770465956,5.568900141909262e-05,0.007369032099842705
60,0.001215354759190758,0.04107319023999712,0.9557905423904791,1.4144134887251102e-05,0.001906768475445705
61,0.0046457713054649016,0.15669208462191805,0.8282506460256821,0.00011659190565527432,0.010294906141279704
62,0.0407478858335074,0.6943683570909257,0.23147439454637503,0.00033840725388090186,0.03307095527531099
63,0.013822263863126983,0.2641945610264946,0.7100114144211525,9.028005870602779e-05,0.011881480630519907
64,0.006656084310113639,0.08469496759714765,0.9038046350590664,0.00013757469622197486,0.004706738337450301
65,0.016744377406420066,0.45019665899397593,0.5174488262740732,0.00044477686507618655,0.015165360460454663
66,0.00727747976086785,0.15668636151472218,0.8232943309716033,0.00031749523060288064,0.012424332522203941
67,0.005555239706409801,0.24160719507463943,0.7206031758620768,0.0009683842736362357,0.031266005083237645
68,0.008154576939476537,0.27073562145130553,0.7117124635142579,0.0009219618211476552,0.008475376273812616
69,0.002186256544973587,0.07784035798432677,0.9139037901921246,0.0004513296558826685,0.005618265622692331
70,0.11527531004169625,0.7636101278936931,0.06616297878088682,0.006679636185701648,0.04827194709802215
71,0.030260774979772583,0.7794672350839859,0.1621150456740785,0.0008984461827081893,0.027258498079454758
72,0.09161541771518303,0.767761860460827,0.09207780606481408,0.00228636919324126,0.04625854656593456
73,0.1225640775713114,0.7189138460682728,0.12149239860735336,0.0010607185396900583,0.035968959213372426
74,0.15329409047624523,0.6484648476055929,0.15938026115733983,0.0007034772084298886,0.038157323552392264
75,0.025835649829518886,0.6938912633331075,0.21286683902070988,0.0006372870132313544,0.06676896080343236
76,0.03125420769012429,0.5340845200336254,0.42030138746653706,0.0005781291065698376,0.013781755703143503
77,0.002762415655086061,0.10374734423831897,0.8851597652175908,0.00020242954763093814,0.008128045341373288
78,0.02629025519880876,0.6789123453731588,0.2695449429085275,0.003147375777303178,0.022105080742201827
79,0.021999328961389675,0.4676139110772938,0.4816252468037885,0.0025223542194346324,0.026239158938093518
80,0.015052163565535464,0.49787019190199777,0.4664550758624031,0.0006634447144881924,0.01995912395557545
81,0.009193163027893405,0.17771556288863705,0.8018196786432913,0.000350044463258881,0.010921550976919337
82,0.10005807194782987,0.7714588839596995,0.10235326545939315,0.0011640210375509013,0.02496575759552658
83,0.013705912710558892,0.44290588944345277,0.5067429207020621,0.0008520834815398548,0.03579319366238637
84,0.21864964198826692,0.6762531375170734,0.06626271860484295,0.0014206509474977034,0.03741385094231908
85,0.03475532498555142,0.6464882060332834,0.2917574218291114,0.0007855435964977978,0.02621350355555605
86,0.030674936424237808,0.5336229976769642,0.4192412666083442,0.0006704722342237026,0.01579032705623006
87,0.056813268881145865,0.8429306820342362,0.09055004145377275,0.0008185019369417803,0.008887505693903569
88,0.021303712783818308,0.30691460191258224,0.6635931225146422,0.0007356339149638591,0.007452928873993383
89,0.030787650733635503,0.6555155223289084,0.27039207868474674,0.0023567524213962527,0.04094799583131305
90,0.04153576180476831,0.49800728832794533,0.4396717867170354,0.002053446754301137,0.018731716395949914
91,0.025470097317576063,0.43646541146604484,0.5266984746226206,0.001020580434284456,0.010345436159474081
92,0.02012490496191066,0.7344948084168357,0.22841548907300424,0.0010037641864098109,0.015961033361839665
93,0.012514801991193274,0.7706877785296072,0.20495329382606367,0.0007489593678800015,0.011095166285255666
94,0.04635598972464731,0.717269658186386,0.2148368805879541,0.0006964359385889259,0.020841035562423647
95,0.017905047312411625,0.20602444702256334,0.7657120889640563,0.000191587681491244,0.010166829019477398
96,0.01640516751078624,0.217032701597524,0.7593445293343782,0.00017607744780953307,0.007041524109502086
97,0.010311591693226234,0.12664680718284468,0.8563762928551866,0.0005591238424217794,0.006106184426320891
98,0.03348253409643337,0.17467179516429598,0.7743258932222059,0.002028776370455671,0.015491001146609095
99,0.06407580501582116,0.7280590344401626,0.11795934816372287,0.009343427768825147,0.08056238461146809
100,0.2340328277438268,0.6902683844952541,0.022765261101438727,0.02644054773585714,0.02649297892362336
101,0.1509120361810702,0.7577831260603132,0.024082224710707117,0.004611663976056273,0.06261094907185326
102,0.4053094414283579,0.5491937901121657,0.012222075888379496,0.003477334419803621,0.02979735815129321
103,0.3453831422646339,0.5885738611827203,0.007215143538165442,0.008918591210310928,0.0499092618041696
104,0.29075760680606305,0.5933855249245543,0.008383112258591048,0.011318141518843541,0.09615561449194807
105,0.10928245990113429,0.7816593398239021,0.0268598606008994,0.020822650785969055,0.0613756888880953
106,0.11525969640637648,0.7059146579731245,0.01475551816383051,0.01912651309891122,0.14494361435775724
107,0.33545984066864787,0.6026282320367571,0.021354460308040116,0.0036775428655105367,0.03687992412104433
108,0.3808115516053147,0.5033082316675208,0.017235169398643443,0.006277303350570449,0.09236774397795051
109,0.43456702156686605,0.4679873780883491,0.014288075756161006,0.0036752531370960696,0.07948227145152773
110,0.3994449502100726,0.5232224731976294,0.04425545766533425,0.0009263968310530938,0.03215072209591074
111,0.10461319409075748,0.7580457062335806,0.11717845118912773,0.0005923102609775365,0.01957033822555685
112,0.11048264752296919,0.7794583951866847,0.08281305171549894,0.001062989402616469,0.026182916172230734
113,0.00857938957451617,0.7705665513340144,0.21389542938993855,0.0005527152976304541,0.006405914403900531
114,0.004129500226327265,0.2627604013461562,0.730727649525806,0.00017848401982762825,0.0022039648818830615
115,0.010458694706961147,0.2792971965610622,0.705262334357953,0.0007668079480483805,0.004214966425975085
116,0.006865471918196103,0.13997242202013993,0.8495602132738251,0.0005298839134596972,0.003072008874378993
117,0.006607225456668697,0.3518798501873243,0.5903835120995147,0.0007628169148712617,0.05036659534162107
118,0.03411837512969619,0.8153812804429472,0.12213822246084768,0.003965411619095427,0.02439671034741342
119,0.02804619066026728,0.05703495324916843,0.01683152860450505,0.0007509646900595249,0.8973363627959997
120,0.14946767771564834,0.0793308795796079,0.002828351820177832,0.0002673914577034971,0.7681056994268626
121,0.5885092154830339,0.24205342878541242,0.002866749272410671,0.0007369887753471828,0.16583361768379573
122,0.42170132701613894,0.13784935870102877,0.002185624789963911,0.00043076409891729117,0.43783292539395113
123,0.4470897672815399,0.40304019583602274,0.007120846375210879,0.003028386026623672,0.13972080448060276
124,0.24527320778853443,0.6336506864273783,0.0022921060759249026,0.05856837426517793,0.06021562544298443
125,0.06529866081595412,0.7484039467965367,0.025731311726530048,0.012150819932149276,0.14841526072883005
126,0.12078729901716573,0.7903768672625361,0.00374269307848145,0.022768298317828266,0.06232484232398853
127,0.16341446742548402,0.7221827478979923,0.042202309749906436,0.037817386199154736,0.0343830887274624
128,0.019702276159360363,0.027382937699616906,0.011225951285023149,0.002007047828729964,0.9396817870272696
129,0.12653278981705704,0.1543992581523574,0.011989979821172884,0.004267350169844767,0.7028106220395679
130,0.2086803587147423,0.6636401092641324,0.01896000886764342,0.0038005323700635563,0.10491899078341849
131,0.2311036440865356,0.6215175207801971,0.03504946157408747,0.0034192318761439113,0.10891014168303603
132,0.21175318673620314,0.7005047159416717,0.013375577807997682,0.009209648644724086,0.06515687086940329
133,0.084100480261368,0.7221112113772653,0.15044791064111396,0.01346625491635646,0.02987414280389637
134,0.12281977196372774,0.7231261202453452,0.02171085199748988,0.08840356531696246,0.04393969047647474
135,0.14912690738826204,0.5464111098241262,0.08672339606749756,0.05072661148982861,0.1670119752302855
136,0.28065642237920757,0.5345117816332663,0.013017082368880033,0.14037677876375265,0.03143793485489355
137,0.22020244343208478,0.5674892942398791,0.12045406008348554,0.043356752754609686,0.04849744948994083
138,0.0810827264285518,0.4124761277164531,0.21438827658125728,0.03896871614671054,0.2530841531270272
139,0.2603637173606384,0.5718061713660546,0.005471055924556973,0.09827541673451926,0.06408363861423076
140,0.38070447210678593,0.4870633881352418,0.0065262578185159145,0.06632237207624748,0.059383509863208936
141,0.1164223441806307,0.42210479576173854,0.0014822065416705077,0.014288424895187836,0.44570222862077225
142,0.4086738864007213,0.3676374524223327,0.026443916291021552,0.015367777522402554,0.1818769673635218
143,0.5245618479909048,0.32401139992551564,0.020822244998805303,0.005789427065801537,0.12481508001897261
144,0.5835737475799994,0.36712797555604365,0.006522971302198777,0.005624681850451822,0.037150623711306494
145,0.3681436752812742,0.48565136268006304,0.042835936912814405,0.01732593987567331,0.08604308525017494
146,0.06630920187306047,0.5827929113758616,0.2747004519417968,0.03294187777420403,0.043255557035077066
147,0.09032670713019256,0.6911589353318254,0.08857100849293544,0.04972912026681074,0.08021422877823568
148,0.12671193547438725,0.5701699399478246,0.0223209267891223,0.21152807557446046,0.06926912221420532
149,0.05977205708506744,0.6746022397060768,0.14117503295657402,0.11020046697313923,0.014250203279142705
150,0.1271676373750331,0.5732245427871762,0.09443911241793201,0.11058120781669192,0.0945874996031668
151,0.24734994866401572,0.5915566882996788,0.0028977099368394247,0.11515118825247889,0.04304446484698702
152,0.3697367369798975,0.3213744389149865,0.0005720772909878912,0.2807521766491429,0.027564570164985053
153,0.518957536692724,0.288204875521848,0.0022227678770634276,0.03270706408934189,0.15790775581902264
154,0.5159402107416533,0.3940244483671105,0.0046513426339902224,0.033272734399479,0.05211126385776701
155,0.2961681309802057,0.5856108442953997,0.013545715632376809,0.021785585435904694,0.08288972365611316
156,0.09956042807782475,0.19754028933909226,0.020937877749762412,0.018564205789809256,0.6633971990435114
157,0.26248208891281727,0.321248260739035,0.02524371699848401,0.08276900767445594,0.30825692567520785
158,0.42157361230198326,0.31562378545067143,0.012636668929169193,0.09623636777347332,0.1539295655447029
159,0.08244030051166765,0.6749557159060818,0.06691787415344481,0.05619924062074556,0.11948686880806018
160,0.06771448956650732,0.6844413536282163,0.08199493233272945,0.01669873529326548,0.14915048917928136
161,0.034474592158025986,0.03086660481105753,0.0002482673655534647,0.007768658447937667,0.9266418772174254
162,0.16452240788179928,0.13965926733036035,0.0008165362469700213,0.031868539197713826,0.6631332493431565
163,0.25668869854141607,0.234359256458508,0.0036314470439175973,0.026995134761958122,0.4783254631942003
164,0.30595862526466167,0.252431526988357,0.0016451528074238851,0.012171543092558551,0.4277931518469988
165,0.3805261718961557,0.20114988996000005,0.0007584782417019404,0.02868009927345619,0.3888853606286862
166,0.14482758689458633,0.5839971972070388,0.01546327756969315,0.08066480161825011,0.1750471367104315
167,0.27360093886136855,0.36679360518613363,0.005944312526924178,0.17364834159476683,0.1800128018308069
168,0.10155395793148905,0.2523200847391324,0.009583007883710346,0.05752395462361996,0.5790189948220483
169,0.04413478728781681,0.700818568363594,0.10875724731468929,0.06367822730260601,0.08261116973129393
170,0.2758094639431594,0.3180356410553981,0.0025985929582112177,0.08363370574332978,0.31992259629990144
171,0.2675426769425041,0.24551233700948263,0.0028311506049374475,0.2114296754435299,0.2726841599995459
172,0.07603441816491971,0.13289366590074658,0.003158207935808014,0.046808271853360554,0.7411054361451651
173,0.17034862126217526,0.03314232326511352,0.0005115253648811882,0.01240938069988803,0.7835881494079421
174,0.0937961594392743,0.08167019516319501,0.00799559833349442,0.002962783529867878,0.8135752635341684
175,0.12817362332310364,0.10038464893294077,0.00393601847203325,0.008923779408683292,0.758581929863239
176,0.1406862735579802,0.27954404497276786,0.028666549865760303,0.029088239116250535,0.5220148924872411
177,0.13809428049684325,0.5719610762859222,0.0932142145863483,0.04315488599564628,0.15357554263523993
178,0.03869797156755992,0.6752085868807944,0.1786550464998336,0.019297158006630726,0.08814123704518126
179,0.03760746389502838,0.5286712870141638,0.07533331503721986,0.01675825699867587,0.34162967705491215
180,0.3593317952059622,0.44920832263496885,0.0022458721827343987,0.06402401862429512,0.12518999135203937
181,0.5020908891941457,0.2805954335521159,0.0034084018906199685,0.011746789049808826,0.20215848631330957
182,0.5275985260255849,0.44029612195880724,0.009617176121816746,0.0010204862700585703,0.02146768962373263
183,0.3333795855566611,0.5839690317967339,0.06443536778423008,0.0022417994335888745,0.015974215428786177
184,0.25894592088880203,0.6467735455941498,0.04200418538116972,0.019468792454683463,0.032807555681195
185,0.05316161028711945,0.4369483148947585,0.4456135616745188,0.04154150131810718,0.022735011825495876
186,0.04495646909778258,0.6297127804295561,0.24825680626605376,0.05186880656869055,0.025205137637917055
187,0.09295814922316122,0.3382953845887826,0.39764545760906006,0.10514283925141925,0.06595816932757692
188,0.02528758884766705,0.014780583668674751,0.0009185185113941823,0.012404398966142045,0.9466089100061219
189,0.2733583285544836,0.1819164205677423,0.001489480962460388,0.02987881553507714,0.5133569543802365
190,0.6544500111963285,0.11506756023352312,0.00024355309184829528,0.07183997077213057,0.15839890470616938
191,0.7117882414870796,0.1416214783862936,0.0006125765770349919,0.005383636368580331,0.14059406718101158
192,0.424434229256545,0.5248968886344786,0.0031532745643001233,0.010344321339183301,0.03717128620549297
193,0.22525420152407064,0.6408341549752329,0.009155148592477269,0.08735012653780264,0.037406368370416526
194,0.0693541132226331,0.6493955570480435,0.027648056809008392,0.18863369754741705,0.06496857537289795
195,0.12216098453197503,0.2359896739182667,0.01468555610182167,0.08195544886190383,0.5452083365860328
196,0.23550058530480628,0.26471871543629416,0.0002519808028452936,0.08775597298382444,0.41177274547222986
197,0.3455194651884241,0.4891477307130745,0.004003489069077663,0.07212199540054653,0.08920731962887744
198,0.1387109834976566,0.7447755789425579,0.025113809494037874,0.022198385285090817,0.06920124278065677
199,0.2220314530528739,0.13549703243175182,0.00509795177486893,0.0422687460374439,0.5951048167030615
200,0.15055293815995544,0.03246986743479574,0.0004426566001515189,0.01836319995143916,0.7981713378536581
201,0.21194529544198176,0.10059971648718655,0.004879294002619328,0.008582933334394225,0.6739927607338182
202,0.1506512078137771,0.047080687210135905,0.003772967648955553,0.003347511988174435,0.795147625338957
203,0.3304182945055999,0.2236141339623309,0.006573489812947775,0.009720846285158935,0.4296732354339624
204,0.449046076063759,0.14612741192117165,0.002120793853013993,0.010223699012851714,0.39248201914920366
205,0.4119960797205599,0.1794031938130902,0.0049537398416441576,0.007450803672951555,0.39619618295175435
206,0.3305914784867392,0.3897440201990773,0.0083318766070073,0.016773678436928532,0.25455894627024767
207,0.257354207628397,0.3432599812607502,0.005232739741671568,0.022941320503399337,0.37121175086578184
208,0.23713993266532551,0.2728419043127169,0.007100435099313476,0.013584224723965683,0.46933350319867845
209,0.3242138305545051,0.2512913846964359,0.013360008720841898,0.008053270537801112,0.40308150549041605
210,0.5201220443253421,0.09531081228976808,0.003100463157070616,0.01015762991332461,0.37130905031449446
211,0.2432570854534177,0.5762726408166171,0.004460787180750943,0.04616336257690193,0.12984612397231224
212,0.45717766049604625,0.34625079523791674,0.0031208956536084667,0.034299645401519994,0.15915100321090853
213,0.4150349005684581,0.2930967506303353,0.0011704868610266264,0.08353232122825624,0.2071655407119238
214,0.35878844205322136,0.30989046740608833,0.0011182731939799128,0.18355950687489214,0.14664331047181822
215,0.5177297665136426,0.38320348203570725,0.0007683445762261614,0.031406175774920934,0.06689223109950297
216,0.07071630047537689,0.819213044547438,0.033323186632297316,0.04744140660863704,0.02930606173625059
217,0.13180409389975817,0.7644784869015082,0.0024187317965317302,0.08884385496588136,0.01245483243632068
218,0.03998380661314159,0.8779818631912834,0.01773317550188652,0.05722807267599472,0.007073082017693944
219,0.02387684032650535,0.8514898459074621,0.04610251362302058,0.06809296392778502,0.010437836215227094
220,0.03284021867614375,0.8501736726938651,0.06429365274552248,0.03886828808861995,0.013824167795848665
221,0.12684052126136286,0.7646981114140207,0.005842494277339635,0.07399791146767719,0.028620961579599768
222,0.16244157821412117,0.6796378364326501,0.005937050101551051,0.0927638991757631,0.059219636075914524
223,0.19702275336762165,0.5889071422141119,0.014610369585478731,0.03438411846666292,0.16507561636612486
224,0.4635544040144536,0.3492613773900712,0.004790965706552556,0.008878829815777659,0.17351442307314513
225,0.44433335937865065,0.4657117396395705,0.008402825975641563,0.00899222995999586,0.0725598450461415
226,0.49356752461806624,0.4114803619771816,0.00655907111122376,0.01341203481739677,0.07498100747613184
227,0.1886023263069867,0.7466237752055755,0.01625228608702356,0.02030772208797851,0.028213890312435576
228,0.06079595931811524,0.7318726956892586,0.08783550343665579,0.015009069375518568,0.10448677218045183
229,0.26953525391312333,0.22866694146492506,0.0018168734279749939,0.05348428616422717,0.4464966450297494
230,0.446503249669853,0.36109734043251324,0.003517950072752971,0.05113003105288924,0.13775142877199156
231,0.37064071011344996,0.44577974357477607,0.004040796283670471,0.012451168774521588,0.16708758125358195
232,0.3878813913469832,0.49501631594861945,0.001781592909575894,0.020822731837785446,0.09449796795703619
233,0.10172647279404826,0.7820469687882321,0.048179686722556916,0.015879028681236057,0.0521678430139266
234,0.2407855515619855,0.28838982732759105,0.0018215774482041648,0.3609882423219128,0.10801480134030657
235,0.07323040781343888,0.7315733685882481,0.012387590104568847,0.11279294969880195,0.0700156837949422
236,0.13765336949332468,0.11936993946425484,0.0027223303561047284,0.04803365480813393,0.692220705878182
237,0.30207966397930025,0.32182974236843925,0.006792760851370975,0.03224485189170078,0.3370529809091887
238,0.10777394038783228,0.7352979497099167,0.06912502082887455,0.010176486937471453,0.07762660213590512
239,0.4850640681713254,0.14347408131023684,0.002678880478942758,0.009244222521042489,0.3595387475184524
240,0.334576091436535,0.3794891293300135,0.00631719206662282,0.028924475665821313,0.25069311150100754
241,0.12443250835263882,0.5803365827588611,0.04641545644560996,0.02230189388762083,0.2265135585552692
242,0.24621115004728955,0.45577889498649976,0.01301757985305096,0.04428904991289043,0.24070332520026932
243,0.08999910000506306,0.34694399688869587,0.11555822575212193,0.11344403423413701,0.33405464311998206
244,0.048333120945787844,0.06595866104291212,0.006990922934595829,0.02489005390310033,0.853827241173604
245,0.05188880535705876,0.003524762779270505,3.0826920077370404e-05,0.01030911990095623,0.9342464850426371
246,0.22459269140428148,0.010614002073463746,6.561119537449134e-05,0.01011537803235972,0.7546123172945205
247,0.25962920448173554,0.017238465630536843,0.001409693259870724,0.010752375387454684,0.7109702612404023
248,0.33154695916412796,0.13011690118919975,0.0037081504415482818,0.02763418815496338,0.5069938010501607
249,0.5106315705005194,0.1503057646938237,0.00252469245666238,0.012556893447889277,0.32398107890110533
250,0.43992553510366544,0.12843203081263863,0.004557236395406946,0.007322342280796795,0.4197628554074922
251,0.4875762486796792,0.22860855118497378,0.0012405938718018732,0.011301181144785247,0.27127342511875996
252,0.21203363998302158,0.5616357991729202,0.02301040183969276,0.004626941442945031,0.19869321756142053
253,0.2702313601733099,0.6165115355832388,0.015214942509261819,0.001896930311598123,0.09614523142259135
254,0.3031878599000196,0.6507809190508373,0.007249098116621097,0.009767271603236566,0.02901485132928531
255,0.37838355266400203,0.5818835710156923,0.012613028756733197,0.008865623880084118,0.018254223683488342
256,0.2164975285746181,0.6822221536798821,0.023221273777672427,0.03866016643970241,0.03939887752812485
257,0.08851153933992272,0.5895169210833024,0.16706603327706274,0.11113122404198823,0.04377428225772391
258,0.014723559943830561,0.3992277554593465,0.48860998784578163,0.06245842803191508,0.034980268719126136
259,0.21951065928503874,0.2943549588631554,0.008577141003799069,0.37120234379494377,0.10635489705306299
260,0.05067138098368026,0.701632345063756,0.05337353862028763,0.14279589097972983,0.051526844352546106
261,0.1654400027701153,0.38597882028087277,0.0009348615769601838,0.024483532921150353,0.4231627824509014
262,0.5822508761563538,0.16722302961302887,0.0007005725517549741,0.05533112627689766,0.19449439540196456
263,0.5354929122803371,0.20247003135809669,0.0013188025889398214,0.02713134352666406,0.23358691024596231
264,0.6196844310375987,0.25511203618920725,0.0007036469537245088,0.017236870299298327,0.1072630155201712
265,0.23503246119881432,0.518950695339512,0.021052633723747955,0.14485163683292804,0.0801125729049975
266,0.36312249380125,0.26479551082228775,0.0006277656209140251,0.16885337679709855,0.2026008529584496
267,0.25481848171238636,0.5426313824855963,0.007449589457114797,0.06788265997153757,0.12721788637336492
268,0.17015755680954323,0.6826342640135612,0.007240952698795178,0.04443544198015206,0.09553178449794851
269,0.4231963447567572,0.0988841811127883,0.0009041542241674306,0.016406805161490637,0.4606085147447964
270,0.26967775253289755,0.5950354205849955,0.00554954859054901,0.05265031049335313,0.07708696779820472
271,0.07340544986951276,0.8237723566730452,0.014382251266387168,0.045193542809186846,0.0432463993818678
272,0.1202402338721147,0.8102750341774756,0.0026091804555549015,0.04189243059507528,0.0249831208997795
273,0.04359892074274015,0.852180961980252,0.019822771540061613,0.014679869532343397,0.06971747620460288
274,0.16565240259863664,0.35278417402906603,0.005189323487803737,0.04663216150895811,0.4297419383755353
275,0.3187232140380767,0.13549149088989976,0.0034215983371612877,0.02476900496258782,0.5175946917722745
276,0.08163640197675749,0.18831459436701292,0.014976125090558371,0.00587866110885804,0.7091942174568131
277,0.2660015700602092,0.17089366393268599,0.003484796640163781,0.020716516154773934,0.538903453212167
278,0.29001397640274523,0.07942711005738375,0.005999135927941723,0.022974604497020167,0.6015851731149091
279,0.20356970211397557,0.05565221776337605,0.002211288405158982,0.017327501498447126,0.7212392902190422
280,0.2093497916135197,0.152171865156215,0.003474575586257076,0.034499993201946626,0.6005037744420616
281,0.35451179223488294,0.1406443845709139,0.0053534944556875574,0.03298683398613936,0.4665034947523763
282,0.13319221058021222,0.13968349288251303,0.003087537407246121,0.040434145851526604,0.683602613278502
283,0.052396357306354634,0.0614758310577387,0.0019421762163034219,0.014450407116577047,0.8697352283030261
284,0.41348418879209586,0.09954486924131992,0.0011169216392137825,0.05757285575754025,0.4282811645698302
285,0.14526898806229163,0.049462044277041456,0.001952055170101761,0.045725513078481654,0.7575913994120835
286,0.3815640629781747,0.07195025631344405,0.0006461847119067384,0.05607630309759753,0.4897631928988768
287,0.35377519957785397,0.19264006640193124,0.0008129377298569404,0.18699682102674425,0.26577497526361354
288,0.5308770440463081,0.12485926244225602,0.001082115789952008,0.06441448240909271,0.27876709531239124
289,0.5007527112522749,0.2581793829269429,0.0007976855792813934,0.03809750556778801,0.20217271467371273
290,0.5236942917277496,0.2637344829444734,0.0023304997528114605,0.04060457882193215,0.1696361467530333
291,0.30163249317590035,0.3391061726421809,0.013422818134240712,0.0572233792902296,0.28861513675744827
292,0.4398245882113838,0.16840705189396232,0.0035068694038126857,0.04584180166934847,0.3424196888214927
293,0.48333877676144676,0.1838914245241527,0.0006788984863065739,0.1461748147627428,0.18591608546535104
294,0.376984248328602,0.26859439365898385,0.005006363818012899,0.07406518974134052,0.2753498044530608
295,0.4019364727210807,0.4714038159489458,0.0013897871731591582,0.07586584039221837,0.04940408376459588
296,0.4790846081046069,0.22566070002056413,0.0011987430745288607,0.06554539440437988,0.22851055439592036
297,0.15825529723017043,0.5801963779447228,0.006568884990995553,0.16923514357591474,0.08574429625819634
298,0.08037935535716122,0.6195592858011661,0.06204726658331624,0.12265226652407663,0.1153618257342798
299,0.2835087160193201,0.05621007319813158,0.00015742015828032666,0.18862337708451798,0.4715004135397501
300,0.37936501754820445,0.20077808397663818,0.0017383334301112649,0.27849733285499695,0.1396212321900491
301,0.47235528594726267,0.2246451544529563,0.0008359778819696956,0.20696233797466393,0.09520124374314727
302,0.5089431651098144,0.30929577980500084,0.001255432403993707,0.09248868713281126,0.08801693554837987
303,0.17901131175048726,0.6037608122589314,0.006684210675562852,0.1632139188926911,0.04732974642232741
304,0.12867579279767496,0.73319799667841,0.02515640713650672,0.07459298143917859,0.03837682194822957
305,0.1867036918406019,0.32625367825620266,0.008283211502261106,0.21640253937991627,0.2623568790210181
306,0.19509485575988322,0.43344890865112784,0.0019209352124231885,0.2975622858456482,0.0719730145309176
307,0.3449414420670615,0.2855526324727316,0.003510960112401264,0.06394550304729586,0.3020494623005099
308,0.2652024942593217,0.2628553861538098,0.0037553429681230904,0.02132399616925027,0.4468627804494952
309,0.1280011724605837,0.08494193596533721,0.006076102530993965,0.0028347181174910546,0.7781460709255941
310,0.33054073170769466,0.5764404268421833,0.01098305658993977,0.014098634902350162,0.06793714995783212
311,0.2536942049279349,0.5781696140329708,0.03090058725648027,0.009595475284919466,0.12764011849769447
312,0.27809233408691164,0.0950840985293374,0.006659545099054711,0.009494298661483373,0.6106697236232129
313,0.21438224558936736,0.17027202103189476,0.010908550558758723,0.02689474961067529,0.5775424332093038
314,0.2880540671978843,0.42801813479241535,0.015809703316369172,0.12499293152582876,0.14312516316750243
315,0.10719363144368282,0.727242301821999,0.030764607270330088,0.025024930931110547,0.10977452853287752
316,0.2174052351815912,0.0919395786654872,0.004193803063044947,0.05070360977261078,0.6357577733172658
317,0.24357188068036395,0.10071643591325329,0.001208876827301966,0.04393853752492549,0.6105642690541554
318,0.3422147747203647,0.16111745029251417,0.002585499584764672,0.04942828511208637,0.44465399029027003
319,0.3756602877294075,0.31023360914346904,0.00361908367302904,0.022243135808426184,0.28824388364566816
320,0.21700176755054693,0.5012579079368233,0.004383192476189137,0.0223558069302107,0.25500132510622997
321,0.1210961104293496,0.6625841453322389,0.0051519068057399,0.05189325519468448,0.1592745822379873
322,0.15397130588740718,0.6103935241464438,0.0049389460949038596,0.16821223119136983,0.06248399267987527
323,0.14630397213914925,0.4702244188555711,0.008260383033057397,0.23230821228092727,0.14290301369129504
324,0.18929921099264696,0.33300490755609324,0.005355905314393016,0.37923740278032275,0.09310257335654419
325,0.2648221368860631,0.2431716701853448,0.001695153766210239,0.35139236202029855,0.1389186771420834
326,0.23096484774216197,0.4073591334951997,0.005359352817382293,0.25791457059118894,0.09840209535406702
327,0.2573781322099084,0.28816135320619307,0.0014871477057770402,0.33855594314962345,0.11441742372849799
328,0.1503897514840001,0.33311162265177574,0.0016436659409877234,0.4608520908433691,0.054002869079867406
329,0.0872808602392755,0.7115869751826489,0.007912300870880752,0.15150106324965318,0.041718800457541685
330,0.1508657855311076,0.45084464274598207,0.0023566742967473745,0.2860015077191279,0.109931389707035
331,0.08785803410176446,0.7073762140190905,0.0020484377958787645,0.17044781612531706,0.03226949795794926
332,0.11358530756722995,0.5546344362633407,0.005211510901397509,0.04060103250261169,0.28596771276542016
333,0.44877040041802496,0.1957428489265241,0.0003298234632381349,0.1642373986081022,0.1909195285841106
334,0.27486548417048,0.24088021925986705,0.0014697825039470818,0.01671285290128831,0.46607166116441756
335,0.11449523246011926,0.037706761746649574,0.00022128759746535358,0.003941222499964381,0.8436354956958014
336,0.02510710128595712,0.004831268265381122,0.0005959604553674833,0.0015200917172716604,0.9679455782760226
337,0.06854332069958793,0.06379749471660207,2.235941480209563e-11,0.0004695691135767605,0.8671896154478738
338,0.0022284464646619936,0.0074403284061903,8.822669723769991e-05,0.0008525222855107458,0.9893904761463992
339,0.0017142785646471652,0.0021635921809036937,1.0236450504918177e-05,0.00026227362766677775,0.9958496191762773
340,0.006373106692932742,0.004187088076316175,6.167239593978652e-05,0.0002573238979716087,0.9891208089368397
341,0.015648983623562714,0.0050509145923122774,0.00019092853799309133,0.000202223904672805,0.978906949341459
342,0.16610263705385575,0.06400013665690436,0.0007134591319896121,0.012869797924283478,0.7563139692329669
343,0.0910034851307605,0.01881500375924733,5.842023808706357e-05,0.016472653927085395,0.8736504369448198
344,0.2727128121114031,0.03705565179377131,0.00025208860918553793,0.021087287438171544,0.6688921600474687
345,0.07262712689485702,0.0163948324159386,5.465052001527618e-05,0.021324383973419396,0.8895990061957697
346,0.4602025976976983,0.05190135723409338,8.408782670060567e-05,0.04182808040955159,0.4459838768319562
347,0.19296278907829909,0.0540763305785717,0.00022761722734431866,0.4250596132466458,0.32767364986913905
348,0.13068963206141482,0.05876545102983504,0.0002213558770163777,0.6470951011354821,0.16322845989625173
349,0.09026606211411234,0.20305963910024105,5.862949686933423e-05,0.6671467165747469,0.03946895271403028
350,0.06971207433689167,0.07579970390441858,1.8173140149253463e-05,0.8151458790784091,0.039324169540131446
351,0.33307304736794624,0.14956986236434466,0.10055689472578398,0.22280944273041792,0.19399075281150724
352,0.16410605577142012,0.061787888247826474,0.008031746740158538,0.6909950987744264,0.07507921046616839
353,0.1917806785371075,0.22423914777719833,0.04744699165620056,0.4813654295470521,0.05516775248244153
354,0.16832247660459365,0.100022645254018,0.20242302746331253,0.4465113451480633,0.08272050553001244
355,0.08196397334740216,0.1310169917895907,1.2335509713131603e-05,0.7595154355830596,0.02749126377023436
356,0.341537821414818,0.26433146178390504,0.0010699367175998598,0.19237545477659365,0.20068532530708347
357,0.136306403176014,0.3457874429390673,6.22953305350892e-05,0.5026123162518936,0.015231542302489924
358,0.5559720578787218,0.19914624502009642,0.00045095822101899575,0.2004170335454215,0.04401370533474122
359,0.21877173993426416,0.2539605000715084,0.001587312072567895,0.23333660364997358,0.2923438442716861
360,0.2099889190708838,0.25717072450767614,2.4485912300559665e-05,0.4524229122018774,0.08039295830726223
361,0.16500395206566978,0.32912933515938275,0.0004955753260036134,0.4717116241557835,0.033659513293160366
362,0.12402287367312112,0.1295490509944427,0.00014490133381203673,0.6823410774146594,0.06394209658396485
363,0.08975440797937828,0.06546909779977925,2.2968437424318756e-05,0.8199825675270166,0.02477095825640166
364,0.09022351817199717,0.09553836316704514,2.771275458924844e-05,0.7557345578367299,0.058475848069638584
365,0.07764155989882146,0.10027592692320708,8.359803355664436e-05,0.7902583928305118,0.031740522313903015
366,0.0691952685551202,0.14049623343133388,6.66386192733699e-05,0.7047843140093306,0.08545754538494185
367,0.09290329434883368,0.07957526481999155,0.0006806854489015629,0.762431750720964,0.06440900466130918
368,0.0347941760104885,0.040109453916353364,3.2139773377805425e-05,0.7439774640788348,0.18108676622094563
369,0.09227311314472372,0.023700766188924523,4.335509057228906e-05,0.7415256752203901,0.1424570903553893
370,0.16373093109516199,0.03482015861411744,0.00010452742539675964,0.4011741256168833,0.4001702572484406
371,0.24598432171224552,0.04533513348154193,0.00011432128630612809,0.3959463663810455,0.3126198571388608
372,0.16229848129314248,0.025896264248902786,0.0003780832894504582,0.6510146418565561,0.1604125293119481
373,0.2120706637899018,0.06365142142183763,0.001434076707284357,0.311520269726597,0.4113235683543792
374,0.19222380548442158,0.061323329060336086,0.00024333882486188502,0.3897063614541232,0.3565031651762572
375,0.10225370467512823,0.04104139972878338,0.00032150927756746146,0.1271986717042028,0.7291847146143181
376,0.15742455980211256,0.09005683821317617,0.0015276222693397404,0.7127435170592578,0.03824746265611363
377,0.3415479984574197,0.06723601115002881,0.0002288190339620055,0.41052301064795893,0.18046416071063046
378,0.27503231920744725,0.14097504760979435,0.0009897415927731577,0.40215389398151813,0.18084899760846704
379,0.11304210286683661,0.06333527253907384,0.00032540085464011453,0.8046879921950875,0.018609231544362045
380,0.10421988393499412,0.03135496014087436,0.000321553890710937,0.765891769829588,0.09821183220383264
381,0.20483112404205717,0.0953160827643901,0.00042556240084275123,0.5592679065238726,0.14015932426883743
