epoch,N1,N2,N3,R,W
0,0.0013933646183841388,0.001253851743912576,4.449388397222135e-05,0.00021905058504721452,0.9970892391686839
1,0.003297011319350523,0.0015261345645243391,3.838699392190815e-05,0.00010841998186718286,0.995030047140336
2,0.007151496684509027,0.007563283631090148,1.0856963096727268e-05,0.00033229507828256264,0.9849420676430216
3,0.0026006201691653533,0.0014812350112241917,1.0977646760469072e-05,0.00016388531974812387,0.9957432818531019
4,0.00684053955786584,0.0012346551418294554,2.2518634881225543e-06,0.00017248293204502661,0.9917500705047715
5,0.10137197100262968,0.004582455685818486,0.0001148284454195926,0.0006123566247042722,0.893318388241428
6,0.2476155106282323,0.005057743291739609,0.00019611563763013957,0.0006955095545402363,0.7464351208878578
7,0.2851817340739972,0.04047365853316068,0.00014573990579782881,0.0009595246920552198,0.6732393427949891
8,0.03747055210040183,0.004609205319026902,6.739369899591984e-06,0.0020082495241001527,0.9559052536865714
9,0.4828951546011759,0.027222285155170518,0.00011309909882400074,0.0063920417310547985,0.4833774194137748
10,0.6435864263031408,0.03391771923053347,0.0008937744204933681,0.013806154047601592,0.3077959259982305
11,0.5201967949834674,0.04044833176898543,0.0008263476785072132,0.003042984760761832,0.4354855408082783
12,0.36804988034090536,0.18017371037069937,0.00832477585488069,0.02061986266368655,0.4228317707698282
13,0.27763797573376275,0.18757403422671456,0.0056553966383358556,0.016430006212499224,0.5127025871886876
14,0.2379292062570679,0.5108986714827177,0.03667074755942284,0.024185136755888174,0.1903162379449034
15,0.17642915128558456,0.5263347525983035,0.033055214061471196,0.029873681255660516,0.2343072007989803
16,0.34862065584324403,0.3016106476029511,0.009877054436133232,0.006526893419157292,0.33336474869851435
17,0.17192864194155136,0.7018809359066077,0.03923244587068974,0.006775638321985654,0.08018233795916564
18,0.24389183021710814,0.5724038447642856,0.032811788940479446,0.004133542790546235,0.14675899328758055
19,0.10991196257411072,0.6948354589297868,0.07541850735502796,0.0038459970379440137,0.11598807410313029
20,0.11150147672882997,0.513731835613631,0.18542502235232095,0.004096589692482589,0.18524507561273548
21,0.09551483192164123,0.5624661973834617,0.21566715242578935,0.001962777122165702,0.12438904114694203
22,0.03197725874956428,0.5142677664048942,0.36010590293497097,0.0012332553951924063,0.0924158165153781
23,0.040768971407530705,0.46737645314265014,0.3267999227998965,0.0016663538223530559,0.1633882988275695
24,0.032003309889107025,0.5018384329780489,0.3058373202074735,0.0005224221470318963,0.15979851477833862
25,0.0069871556628225895,0.251781778073696,0.6827913544042641,8.65860361349152e-05,0.05835312582308249
26,0.012373612102792343,0.23208943750990702,0.6671015423833331,0.00022257953786811852,0.08821282846609947
27,0.01311197576345556,0.13134116984710398,0.6771048774120542,0.00015060531367744895,0.17829137166370893
28,0.0026890629689550988,0.05757439953588056,0.703687661770599,8.6394248740759e-05,0.23596248147582458
29,0.00967854634712257,0.15254601238204735,0.6641055610537242,0.00012359096093725194,0.17354628925616858
30,0.054463373212240755,0.13054190353547415,0.19203899915188655,0.00011346725574170776,0.6228422568446568
31,0.10102095368311713,0.060467916010919144,0.13712469511965375,0.00015688019326370528,0.7012295549930463
32,0.019437701316212547,0.14440779533447726,0.374252053708416,0.000256672993105559,0.4616457766477886
33,0.11212902443169434,0.08694423297353215,0.6167731941620844,0.0002825566201423251,0.18387099181254665
34,0.029607416989996495,0.06774634160811474,0.6653747580920449,0.00022982142513701834,0.23704166188470668
35,0.005119319707728591,0.08907139814090316,0.518943271149434,5.3873178319949834e-05,0.38681213782361434
36,0.004322329494258156,0.07576013641639699,0.8181445166555709,5.72714069391472e-05,0.1017157460268347
37,0.006448516188195397,0.16846370963995128,0.6966829526743734,5.7605255132355965e-05,0.1283472162423475
38,0.004337971593927607,0.1206551203914629,0.7873772237242616,5.243125619110072e-05,0.08757725303415705
39,0.048073805590312935,0.1679895418265019,0.5774849532672366,0.00025634683729808987,0.2061953524786505
40,0.006595951672329098,0.09572060824021011,0.8315661448606397,7.53019235479145e-05,0.06604199330327318
41,0.014732263041768747,0.13799236613517296,0.7804433041110184,0.00010300132954967109,0.0667290653824902
42,0.016739948326154924,0.12962054346312443,0.8041192326862477,0.00015509365799545638,0.04936518186647749
43,0.0043908946627648215,0.17996214607215005,0.7939073297063641,7.081234587629451e-05,0.02166881721284472
44,0.003883969197747243,0.09672662538905066,0.8882118477983323,6.507552140547587e-05,0.011112482093464247
45,0.0010482450308791139,0.036608210876661655,0.9528739569698513,3.085750097935891e-05,0.009438729621628447
46,0.0016284236955878316,0.10004703003695142,0.8869160996719708,3.461676160431913e-05,0.011373829833885645
47,0.0006080272575067151,0.034911533287187636,0.9587034004119309,2.623794267275521e-05,0.005750801100702032
48,0.00041150728166085,0.04982681076697808,0.9433867419784684,2.200125371603834e-05,0.006352938719176589
49,0.0009612389753184017,0.12259013166014517,0.8642981325508723,3.419074480994741e-05,0.012116306068854206
50,0.003881129703681619,0.23326438958421206,0.743615920401616,6.910372677758976e-05,0.019169456583712847
51,0.002189517065588156,0.15049629643303275,0.824784555197225,4.5047834970711215e-05,0.022484583469183268
52,0.0015548978469745775,0.13098609705108832,0.8250778624656645,5.580808697703241e-05,0.0423253345492955
53,0.027992893522209846,0.12259742541147177,0.3315966505910069,0.00024949808227383896,0.5175635323930377
54,0.004428768673421991,0.1482398451438763,0.7991250456624203,4.267041540877142e-05,0.048163670104872526
55,0.006347921225692021,0.11442240283165263,0.8113590611541782,6.565703087106818e-05,0.06780495775760617
56,0.007677194736334813,0.1774341234736935,0.7391103218799407,0.00010223195510690584,0.07567612795492401
57,0.0007618597393861824,0.06849559641963927,0.9260569228760323,1.537682284776143e-05,0.0046702441420946456
58,0.0008726881315001968,0.06494986860494957,0.9289991903232845,1.6908066766144352e-05,0.005161344873499583
59,0.0006507405801324658,0.049722503664718885,0.9412765082755602,2.691777072513875e-05,0.0083233297088634
60,0.00035667536064320544,0.02579578701447869,0.9685730412585193,2.2462514454393422e-05,0.005252033851904434
61,0.0013003437625053352,0.10333331487863143,0.885730716123467,3.6758807383599365e-05,0.009598866428012685
62,0.0011372546162879162,0.06870459028802521,0.9208803394023308,2.88242645395213e-05,0.009248991428816487
63,0.00032142288426095523,0.024719951222903384,0.9724261840174262,1.4123276989369709e-05,0.0025183185984204277
64,0.0003679568730628035,0.032834920931744394,0.9640692543999154,1.1333141973611376e-05,0.002716534653303761
65,0.0003668713170960695,0.03486949856944844,0.9620460387234389,1.298804507337218e-05,0.0027046033449433394
66,0.001300989008138147,0.103367859436347,0.8885557300259969,5.342355585652618e-05,0.006721997973661459
67,0.0009090803766403755,0.12322812433366916,0.8626633484527024,6.308464317169239e-05,0.013136362193816305
68,0.014013564834720637,0.042393784040173216,0.9180108165900603,0.00016969940493035578,0.025412135130115324
69,0.0011556632848956864,0.05942241269187048,0.9211697412687314,4.41616409630197e-05,0.01820802111353936
70,0.0021076352525009534,0.10215909599850592,0.8766445285105946,6.913174027017113e-05,0.019019608498128233
71,0.0032671071299696258,0.15119892265178783,0.8190068668538436,0.00011501363764121516,0.02641208972675779
72,0.002583793879519918,0.19292603265229738,0.778569675717709,0.00013131821551131277,0.02578917953496226
73,0.007898977275280453,0.12659510823711873,0.8442497994695789,0.00020999212173717299,0.021046122896284748
74,0.01829706610228585,0.034510285578893046,0.9022478781380024,0.0001674253705226735,0.04477734481029593
75,0.0034213342252172115,0.025193545783668902,0.9394418987057684,0.0001946421918156743,0.03174857909352963
76,0.002932270900951001,0.08488727759578016,0.8928391173678799,0.0003597292800641621,0.018981604855324647
77,0.0034622492854621528,0.19774630341465016,0.767580313750914,0.0003190869585214406,0.030892046590452405
78,0.003243718192350555,0.1685804378234806,0.8112817751676006,0.0003825507295575404,0.016511518087010704
79,0.0014197894082146366,0.12807857720805196,0.8636999999773992,9.915864842499178e-05,0.006702474757909184
80,0.0007718278987447339,0.08539824233277529,0.9081338088278534,7.223249432000085e-05,0.005623888446306356
81,0.0005280598764017298,0.09015204875828053,0.9057894298513678,8.37877966388525e-05,0.0034466737173110143
82,0.0009054975764944547,0.09904204728837995,0.892739607001861,0.00011059826497037041,0.007202249868294179
83,0.0005777327187404099,0.12565592395718947,0.8684996044735774,6.851961094709868e-05,0.005198219239545522
84,0.0010786298270714938,0.15956339474899262,0.8341479035478416,0.00011137753258241896,0.00509869434351187
85,0.00025199879173521067,0.059124611388042196,0.9384553574651971,3.182327145993012e-05,0.002136209083565548
86,0.0009539657572915208,0.15115889068154795,0.839577746168147,0.000198420880400353,0.008110976512613353
87,0.001543078831138902,0.24808836728558606,0.7447374408298174,0.0002445462333480385,0.005386566820109654
88,0.00017441987523697045,0.052084216480542934,0.9461206508947789,4.835521631535399e-05,0.0015723575331257982
89,0.00027895973332321846,0.05911936092335507,0.9376749400696167,5.4592435526173064e-05,0.0028721468381787893
90,0.00031052617581495357,0.04190170262993398,0.9554567189618676,8.041730353202834e-05,0.0022506349288515374
91,0.00047544790414218044,0.05316976927936965,0.9429250354764982,0.00010510720152350316,0.0033246401384664235
92,0.00043495251564870614,0.07956506051545927,0.9168888705743212,0.00010487852354946316,0.003006237871021592
93,0.0007471760428589504,0.04785612602416828,0.9488394031824658,0.00012868833001542597,0.002428606420491608
94,0.000523378045408712,0.04162215415043721,0.9552148051851417,9.001053019824227e-05,0.0025496520888141925
95,0.00048479760906427045,0.042905981486502605,0.953582075763397,6.62476900360765e-05,0.0029608974509999137
96,0.0011117252801188106,0.17236647250167259,0.820298040187377,0.00024027771275492805,0.005983484318076776
97,0.0013892101016575748,0.1305380435545707,0.858265386645593,0.00018094234661498066,0.009626417351563632
98,0.0010740901260904365,0.15623086025874958,0.8387632430389876,0.00010954476565325498,0.0038222618105191166
99,0.0022706551534034136,0.11053578780695433,0.883485075663159,0.00018205186855615478,0.0035264295079269962
100,0.00565459434542798,0.15959599396889063,0.7842056733543413,0.0005614859592405088,0.04998225237209946
101,0.003199413770514154,0.09683196892554226,0.8818157813706653,0.00022404324444365385,0.01792879268883453
102,0.002869768446261112,0.08126482221253195,0.9055732575922626,0.00015807692724329663,0.010134074821700883
103,0.0013425144632709645,0.0514707852447837,0.9406280771780392,9.501568101611947e-05,0.006463607432890009
104,0.0014613597968618863,0.1553541817973344,0.8381026834528007,0.00018614546802092662,0.004895629484981975
105,0.0013521907843969158,0.10818204422372979,0.8866918449360922,0.0001319462973885218,0.0036419737583923586
106,0.0018892627609956377,0.2320820562678893,0.7574236306011704,0.0002823868572956684,0.008322663512648884
107,0.0013483764721522083,0.08811491406887591,0.9077445862467207,4.101333482346699e-05,0.002751109877427768
108,0.004928834498051767,0.3689325074023077,0.6136797300245769,0.00042551432004833684,0.012033413755015316
109,0.0011029579437768168,0.055231337315463674,0.9418898611750006,4.2696440508542335e-05,0.0017331471252504446
110,0.0032047942919844743,0.06953657983501497,0.9252158388082831,0.00013758869188008774,0.0019051983728373544
111,0.004953217546051658,0.07974857662870523,0.9027930565058162,0.000725727020560184,0.011779422298866868
112,0.00382416021744792,0.05540868690746086,0.9358364120730165,0.0004921260705306579,0.004438614731544001
113,0.011035832377997035,0.10417974601404072,0.8704383804813646,0.0018912957504399368,0.01245474537615797
114,0.024589577744526733,0.3808877938562877,0.5603293404671542,0.004874463464961739,0.02931882446706962
115,0.10630772513361185,0.4197600024548315,0.4019260008141856,0.016412648710565757,0.05559362288680532
116,0.3501664472391224,0.49334106318278653,0.0025009080923906776,0.09871467467919666,0.05527690680650387
117,0.3374609327728159,0.29614093540360725,0.0015994867540739643,0.19013065438213617,0.17466799068736652
118,0.29427760736481773,0.2160902539521977,0.0015887818628454874,0.2967124742810548,0.19133088253908426
119,0.6191446511601046,0.08316694001854345,0.0014333187252101314,0.07657725996136043,0.21967783013478137
120,0.07554269502554599,0.038506554764484786,0.001388348081051153,0.011695372016733962,0.872867030112184
121,0.13729892789255344,0.11696178749650198,0.0006135307049375818,0.042387481039684566,0.7027382728663224
122,0.11778973205866536,0.43730524876635557,0.004140385233509828,0.08400506330194907,0.35675957063952013
123,0.1692045780745748,0.22793651644132612,0.0007307340553945171,0.434062837304059,0.16806533412464542
124,0.25046238296111467,0.10092007615126428,0.00016717901966007578,0.5551464063160048,0.09330395555195622
125,0.27860407435556145,0.07206833645366655,5.792532200349376e-05,0.5632397130719858,0.08602995079678269
126,0.30019864629208076,0.07289692393930784,0.00023368774056627538,0.5420237510622089,0.08464699096583614
127,0.3948855921818823,0.06587708887424751,0.0011502527549988384,0.3936410440637985,0.1444460221250728
128,0.24967497689097795,0.09130833306333137,0.000799154485059644,0.23687169004689035,0.4213458455137406
129,0.13018326649346235,0.023470468557218682,9.718628626300758e-05,0.20278434630579792,0.643464732357258
130,0.1340426011766689,0.026637993503276516,7.826081788782074e-05,0.42798947584010916,0.41125166866205753
131,0.24438537558193302,0.020952164446218533,0.0001757882077068982,0.16987893834941317,0.5646077334147284
132,0.170758593214719,0.13106650966175398,0.00015330394416505113,0.3238939915274933,0.3741276016518686
133,0.12660183684171694,0.03711509717983471,7.14341491111615e-05,0.37943346113757576,0.45677817069176146
134,0.13142858078989347,0.02282794349754823,9.745256629880635e-05,0.17179799674818874,0.6738480263980708
135,0.16921443232441213,0.049396804057996686,0.00010429346955712188,0.4089778644464186,0.3723066057016155
136,0.03663945093791674,0.01122781182539265,0.00023222086545905465,0.029497072939069308,0.9224034434321623
137,0.14332954948431803,0.02302508217985754,0.0008496854269338085,0.0408439942808063,0.7919516886280843
138,0.050067655394571434,0.026433829609420322,0.000793172688168631,0.01184145442498028,0.9108638878828593
139,0.521363813625711,0.07804409392689432,0.0007986947334870216,0.049654697981730396,0.3501386997321771
140,0.36362657696467016,0.16872736348905104,0.001290414127618451,0.043502123258698254,0.4228535221599622
141,0.21080953580398465,0.21950698880941333,0.0025957542437231307,0.03378456768489233,0.5333031534579865
142,0.5342587331124088,0.20304469918856846,0.001938077679654992,0.06957897674064333,0.19117951327872437
143,0.38624599932033615,0.2773064445352698,0.001543622423233795,0.13307902827427812,0.20182490544688217
144,0.33587665528777544,0.2954251564464831,0.0004176449294686852,0.15053714863281054,0.2177433947034623
145,0.26273941945067864,0.4119478524927034,0.0024073435309074883,0.07599831458394408,0.24690706994176642
146,0.4434570510078867,0.2816993907018658,0.00190021025533563,0.07421699397860386,0.19872635405630804
147,0.49365818120920885,0.25052686028083754,0.0024609224801643427,0.04965012209932476,0.20370391393046447
148,0.5845619047133097,0.33773535917169073,0.0036377174742861936,0.01919825684333815,0.054866761797375145
149,0.33668760749087046,0.47820075548004237,0.02156992013730827,0.0464630159138283,0.11707870097795049
150,0.5266633339405115,0.1556798853565136,0.012244177897683828,0.09344684818370173,0.21196575462158943
151,0.17697148067922913,0.4279342333467448,0.0500007680804493,0.14612724312801204,0.1989662747655647
152,0.35230409512642286,0.2605469586998642,0.001812463996828532,0.2972110852490252,0.08812539692785931
153,0.16357372347474625,0.6969440443650482,0.003119412422095086,0.11278302482582944,0.023579794912281113
154,0.37032995630138027,0.5243878095916272,0.0015964412199319814,0.054649924840199406,0.049035868046861185
155,0.27597960718797865,0.6023846616950735,0.006514734298068315,0.0931317714581544,0.021989225360724948
156,0.155807641948962,0.6843688923909055,0.003175973751575269,0.13176784101472122,0.02487965089383593
157,0.069584382486964,0.8732612212330998,0.005729519418264742,0.02843458041070834,0.02299029645096314
158,0.27668062108709246,0.19248043039225324,0.0018450430848633921,0.10583980255672651,0.42315410287906446
159,0.15518107916748392,0.6921316075263882,0.013350899910027534,0.02035820672979726,0.11897820666630295
160,0.42533303949669077,0.4082704319456942,0.002108794651478396,0.08467126815884121,0.07961646574729542
161,0.18548914722980803,0.715031447456646,0.004921183060579513,0.023737054165403886,0.07082116808756249
162,0.3521718337202902,0.5228385729354235,0.003824503512368562,0.049498755022293325,0.07166633480962442
163,0.3831727750966437,0.4762027837819839,0.0013386012693220172,0.09038107889011196,0.04890476096193833
164,0.2748027603749192,0.6345522688294435,0.0046825463980868995,0.04014475113853058,0.045817673259019774
165,0.22204599935025576,0.6179869894152836,0.0036762391463299356,0.12285860206381329,0.03343217002431734
166,0.3128607686081512,0.34870288333571203,0.0012025338980453909,0.3036606216770947,0.03357319248099671
167,0.1660578886074604,0.6141955814162796,0.006872285169327713,0.17946701771542692,0.033407227091505426
168,0.05138047348878751,0.8694671776139511,0.021937969069008616,0.0393788374186944,0.017835542409558362
169,0.21012828475826628,0.39250964579314657,0.0009976058283396457,0.35939873046622245,0.03696573315402497
170,0.07896073810261266,0.7807225140833323,0.0029693342584928787,0.11447332746324136,0.02287408609232083
171,0.22456504809062514,0.46606252470761117,0.0016065676769928263,0.2525626308020623,0.05520322872270856
172,0.3090891547811643,0.5528028666634599,0.0012220632936353001,0.10592673583740159,0.03095917942433899
173,0.09491622581212013,0.8492496805796249,0.007353885754937482,0.014278281700055108,0.034201926153262445
174,0.08637133821821504,0.809784526411253,0.04054962184015333,0.003764167999559182,0.059530345530819304
175,0.2683268228891252,0.3964655055981805,0.001981336654991545,0.06328028136860386,0.26994605348909895
176,0.14214797381026587,0.7095859299704876,0.022280809900466114,0.04174884862918328,0.08423643768959709
177,0.1324659357864631,0.5938173388248259,0.016400974818446407,0.008022763101028715,0.24929298746923584
178,0.1087250649485634,0.31403346996289977,0.01270296842161701,0.00487086302896446,0.5596676336379554
179,0.022568274600944144,0.13895192090142464,0.0014868877172037275,0.0034757522344471196,0.8335171645459802
180,0.013399284507559459,0.004298725104988976,5.239010179983222e-05,0.0014389379415926187,0.980810662344059
181,0.011428354408583849,0.005685412825741739,0.00020360078330641026,0.0016073905725865298,0.9810752414097814
182,0.014294558024139955,0.0038001290543269333,0.0010673083528063584,0.004750471100522843,0.976087533468204
183,0.05345678556460674,0.0013942010741897683,6.030571767575993e-05,0.001596814014051424,0.9434918936294763
184,0.01372599578302421,0.0034915523958544315,6.759884030657458e-05,0.000790147614188834,0.981924705366626
185,0.04520891135559498,0.0011318694715505432,4.687578162775739e-05,0.0016343944662839537,0.9519779489249428
186,0.20221604568277848,0.014756848058586283,0.00020084400198049608,0.0036611928189554167,0.7791650694376993
187,0.5035821361707417,0.1426548173977116,0.002813836822403362,0.01870458769769059,0.3322446219114527
188,0.34626850638674767,0.45785232419331073,0.006936943307911557,0.02738236424730081,0.16155986186472931
189,0.5148981360636967,0.14367461432677023,0.0005189368983867595,0.05835288658624046,0.2825554261249057
190,0.31191535751540783,0.29652255087267315,0.0016731157917327052,0.11935371765957155,0.2705352581606148
191,0.13266777713056827,0.24345168004546833,0.03123940303789134,0.029041449416025655,0.5635996903700464
192,0.18245410817131008,0.29630607020014166,0.0044932820885314785,0.05999473821863981,0.456751801321377
193,0.4143412949520003,0.27542632916851195,0.001153061176561605,0.0795278032522696,0.22955151145065658
194,0.4210982351772009,0.19972912389331574,0.001782720164098263,0.08778016856899121,0.28960975219639384
195,0.2940389297534319,0.5240483140764494,0.003332320210842806,0.07208941724310634,0.10649101871616967
196,0.41063689433132544,0.4317381070013991,0.0035474567936693135,0.04237222047461464,0.11170532139899152
197,0.11870141385078652,0.8056385349255624,0.013482818622510797,0.012002905903036251,0.05017432669810418
198,0.13693730985539615,0.7875715946854012,0.005397239710297815,0.01485275659884733,0.05524109915005752
199,0.34708922621595506,0.523176237889756,0.0011184252410915284,0.08379511000400372,0.04482100064919369
200,0.2835559295325877,0.5876231411382444,0.002120599195659995,0.046157242979740096,0.0805430871537677
201,0.15957125449343756,0.6419690172594948,0.015971358712242086,0.050749420571167166,0.13173894896365826
202,0.5373076752959172,0.3147925862561533,0.0006573652282153113,0.0580319872345679,0.08921038598514626
203,0.11197216423359167,0.826574311026731,0.010816908597701364,0.023627413639861306,0.027009202502114946
204,0.06509370867378413,0.8977181242667818,0.006101234397363747,0.017531911993606247,0.013555020668464058
205,0.19069463219202024,0.746533029805746,0.0023533777143292718,0.028863378752619212,0.03155558153528535
206,0.05689297503787901,0.9097006588544989,0.0168443589405512,0.005887354619343506,0.010674652547727528
207,0.1617648112262883,0.7968207963084734,0.0038358192186630246,0.023676843593254483,0.01390172965332078
208,0.06351290183866232,0.8797952643831644,0.020978395502451612,0.007312870367014169,0.02840056790870749
209,0.3695165290043569,0.4492170942019945,0.0008203737072408194,0.1259216407590034,0.05452436232740442
210,0.08232276897257482,0.8724357818680896,0.022675269670804767,0.006559999637819115,0.016006179850711837
211,0.07691542645459701,0.8793229138154001,0.010001396447695298,0.009367602743965468,0.024392660538342173
212,0.10426242292601849,0.8515181002295902,0.011472134710689532,0.014000184264290652,0.01874715786941111
213,0.04409288303945228,0.8948988723798491,0.04112817455093801,0.0073490019590324454,0.012531068070728438
214,0.07434424289365338,0.8871246057415526,0.004403679754565544,0.019837910088770616,0.014289561521457722
215,0.08682108087087269,0.8635387729880037,0.008789379857456491,0.0145199062314454,0.026330860052221624
216,0.09685991681347605,0.8573271506529163,0.004551113085879006,0.027497486954522747,0.013764332493205892
217,0.10672766196749688,0.8231309112634173,0.006115989798958118,0.04983394436778594,0.014191492602341689
218,0.1057645493003063,0.835112216772852,0.004530178230049287,0.03375390346385207,0.020839152232940486
219,0.06722617507195836,0.8929901653983018,0.006065705108791151,0.013358831940985891,0.02035912247996291
220,0.12411674980997144,0.8138386225805062,0.0024173560095588735,0.03706333652462194,0.022563935075341515
221,0.23356958815917148,0.6482122624822382,0.001972390971636951,0.06361385813700961,0.05263190024994375
222,0.0848002455538185,0.8597458222129521,0.0033709184740149606,0.021971444839713812,0.030111568919500564
223,0.3124951173079271,0.37013412175038973,0.0011436406199798739,0.07911971332097396,0.23710740700072944
224,0.2973077701336154,0.6117522430306118,0.002602151469483321,0.033861644852119156,0.054476190514170124
225,0.19643996752887605,0.6900813759104477,0.002823371175193322,0.042231185443937336,0.06842409994154537
226,0.1517998237182429,0.7787735518977212,0.005441315624100284,0.015980755432538733,0.048004553327396955
227,0.19479785816024428,0.6716247488961404,0.005701714449552244,0.020657980414316213,0.10721769807974674
228,0.11784045761139665,0.8145080182371284,0.0008767269903050275,0.03534482114009691,0.03142997602107283
229,0.07071650507344322,0.4978987953074877,0.0054789061932757465,0.013157911325766448,0.41274788210002694
230,0.024613903023221327,0.005355392112583036,1.0123928906277374e-05,0.0055664280342307935,0.9644541529010586
231,0.5432993059409535,0.09740969206360911,0.0005294794330733749,0.01816774723927243,0.34059377532309154
232,0.45885255358159244,0.36985408696025246,0.007821367445180853,0.019414517978789663,0.1440574740341846
233,0.33145249671354454,0.4221431982555959,0.006061463080379332,0.014345011654078997,0.22599783029640108
234,0.24187047964642724,0.6098947714481027,0.013155748103771868,0.029278591103437925,0.10580040969826025
235,0.08187532173953256,0.8644651023995381,0.010770657550761738,0.023367731301410535,0.019521187008756907
236,0.06938643373797737,0.8962589713114277,0.008194983872878325,0.011656957217360351,0.01450265386035626
237,0.07080554085938776,0.8847490041792606,0.004829622655419484,0.03204933118516352,0.00756650112076869
238,0.15274037199632742,0.7366358172229737,0.01591816456326108,0.06666249480181968,0.028043151415618008
239,0.22061593755885645,0.5706587117334736,0.0009203760017445257,0.1901217318893796,0.017683242816545784
240,0.020802723641578504,0.9549633930260542,0.0019840026441001377,0.019783593593222255,0.0024662870950449434
241,0.10252189183190757,0.8400182638448597,0.0024888218759590843,0.04434527524778209,0.010625747199491673
242,0.31041238317766007,0.5149474721059121,0.0018573321516100277,0.14800263577565884,0.024780176789159173
243,0.08453767761506478,0.8633885129237242,0.001763920225717373,0.040154942128349,0.010154947107144702
244,0.31293990825756623,0.5986074467464232,0.0036639934682350397,0.06271877725813035,0.022069874269645122
245,0.12030992765781778,0.8166630770143086,0.012004262888020884,0.03272547333911806,0.018297259100734622
246,0.12996935224925776,0.7570037526676644,0.006823653575070961,0.07175501317108937,0.034448228336917415
247,0.020716454333064068,0.8624168406431155,0.0911996864572607,0.008708002252608595,0.016959016313951098
248,0.17058292518270796,0.7606221735740919,0.002868087182333017,0.030518060569200613,0.035408753491666625
249,0.1333900643694596,0.7673438496140301,0.0146548463236863,0.04364156392500113,0.04096967576782279
250,0.18660276547415108,0.7469672055516381,0.003647053726338721,0.028865875297304923,0.033917099950567305
251,0.07006508345915971,0.8394823831652614,0.04557392650156016,0.012066561793543831,0.032812045080475104
252,0.16059577249900198,0.7717382615276454,0.004301986450864243,0.04344307365944307,0.019920905863045332
253,0.08159335755636209,0.8540707733058034,0.027954018318095485,0.0186729769248228,0.017708873894916457
254,0.18154262195929974,0.7751357991530196,0.003982563324017708,0.02277246040520191,0.016566555158461053
255,0.11035546558546068,0.8114918469701332,0.02700249817116697,0.0361611875477751,0.014989001725463996
256,0.16411225715928648,0.7730498217137609,0.0035981450579570086,0.04358730632121769,0.015652469747777818
257,0.09642364357509788,0.8357412868144343,0.012958492676851415,0.016123967856948345,0.03875260907666829
258,0.09399239586525816,0.808589295005532,0.012814498317958873,0.052574789214729425,0.032029021596521434
259,0.135472228820587,0.7827716862457547,0.01820883297633974,0.03468582265962731,0.028861429297691362
260,0.4131064121845942,0.4011359415325477,0.003327086809505921,0.1358878497668867,0.046542709706465464
261,0.16174871332778906,0.6916517251922417,0.030216016976548566,0.09056345417743111,0.025820090325989677
262,0.13800162104464228,0.7773860587124202,0.006555074920910724,0.06788911765508883,0.0101681276669381
263,0.14356601255410678,0.7516444765633536,0.00779739542617427,0.08310827257786077,0.013883842878504433
264,0.28164416852215585,0.5686836012087017,0.004748137050804575,0.11311558673519928,0.03180850648313865
265,0.298194913930834,0.6010602952853714,0.006453518505549838,0.06152221405735583,0.032769058220888915
266,0.21296989648808087,0.636651494520482,0.01639936680827378,0.07073408846084508,0.0632451537223183
267,0.14393471553634254,0.7010605487751441,0.025614978180127118,0.10416650152035348,0.025223255988032666
268,0.11108539296544023,0.760099844003356,0.05161838066370884,0.06242599253163803,0.01477038983585696
269,0.07273353410466746,0.807137438012697,0.0632105269365818,0.0381717539908303,0.01874674695522343
270,0.10476292347975358,0.7593462005550651,0.025647963203749506,0.09348591205990568,0.016757000701526144
271,0.0545033079084036,0.79017126797072,0.11798776477889386,0.022887633934504242,0.014450025407478294
272,0.0934119238057977,0.8414087363933822,0.027998986140216824,0.02299820019022011,0.01418215347038332
273,0.08478017796726124,0.8650301934893924,0.02516904554358899,0.015341028296328253,0.009679554703429117
274,0.13257228370620258,0.8022011081952655,0.01647936038738513,0.025646161854181018,0.02310108585696568
275,0.06015688977300411,0.8072291039458365,0.11418257175369073,0.009725149471617697,0.008706285055850952
276,0.038295174119250354,0.7869204852631028,0.15610105419714287,0.011056485997008932,0.0076268004234952246
277,0.0818572453629194,0.8444113813394901,0.01189279625881412,0.039684544737938206,0.022154032300838254
278,0.05408387274782336,0.8769502229660869,0.039811397786109134,0.021851258897116907,0.007303247602863674
279,0.0690812713559263,0.7767351430082235,0.10886548773099032,0.0299246642026259,0.015393433702234127
280,0.13352980186965138,0.7477742119901466,0.046606190792110654,0.03468529501832699,0.037404500329764306
281,0.12789810074294697,0.8106488244726503,0.015044647823920829,0.023679497154569074,0.022728929805912765
282,0.10015332357792567,0.7810285011993361,0.07946654777271858,0.018029552679823226,0.0213220747701964
283,0.061336095043431835,0.8621724754759594,0.041832995005972665,0.023780306182195336,0.010878128292440798
284,0.030859767173573825,0.8497045393554592,0.10668582961499226,0.006218717211163252,0.006531146644811563
285,0.04175099849814124,0.8718105536699082,0.06314817158328731,0.011695699983058664,0.011594576265604535
286,0.03696143744165168,0.8663177311350206,0.06993769608840478,0.014296375392903396,0.012486759942019376
287,0.03139769125132989,0.8779556601343678,0.07148959509454268,0.005642317754318433,0.013514735765441047
288,0.03481789482660416,0.7790971598436287,0.17256268898351676,0.007702130628663644,0.005820125717586835
289,0.03608221167239032,0.764983324275878,0.1799861727077801,0.009998282717296485,0.008950008626655149
290,0.03148620418500108,0.6912951584880932,0.25381985566165893,0.006836549435311275,0.01656223222993537
291,0.016046912246136108,0.5654548369818765,0.404836576262567,0.0053300363016982825,0.008331638207722213
292,0.04101006568905618,0.7760953146499738,0.16286790666624076,0.008702840066504906,0.011323872928224264
293,0.009956534634440774,0.8265752606431268,0.15581727069109863,0.004178673518552716,0.003472260512781218
294,0.020647270417135072,0.7445230643807899,0.22227460292198498,0.006451756835476244,0.006103305444613761
295,0.014168304817292327,0.7477393204701142,0.22434387762312807,0.004575281627814312,0.009173215461651316
296,0.020836672224553956,0.6895402521453945,0.2691531759798935,0.006940387690425468,0.013529511959732414
297,0.006393391373027009,0.6278394946338214,0.3467928138285265,0.008645861466090221,0.010328438698534899
298,0.026625319024062472,0.6111407306743554,0.3294100904549465,0.022361295149108635,0.010462564697527068
299,0.01928513945083817,0.4616933817316955,0.49592344532167143,0.01699227163439753,0.00610576186139733
300,0.013313562077409137,0.5369633286576787,0.40231359553756063,0.020130967251329512,0.02727854647602208
301,0.01068446132109858,0.14959653253978442,0.8210467099049928,0.011521957045499636,0.007150339188624593
302,0.024068458483780697,0.14265068989553484,0.8059423254024284,0.015576900232587796,0.01176162598566838
303,0.14816431591258647,0.4795679240197402,0.009649893980009884,0.24069725871469252,0.12192060737297086
304,0.1129844608889591,0.03828651738899158,0.00014025719184089812,0.7384632704956233,0.11012549403458508
305,0.05998553955378323,0.0406386509821354,0.00017280486889939927,0.7992490638142218,0.09995394078096018
306,0.07744085476165287,0.022924076785811737,5.2046826706667406e-05,0.8611874490355479,0.03839557259028098
307,0.10881751557867508,0.03821565282483707,0.0001142322261712796,0.7601004700716697,0.0927521292986469
308,0.0597445568443841,0.0710715426625042,9.558756426310943e-05,0.8250339135114826,0.044054399417366163
309,0.03794660779494821,0.01620437782692876,1.959458755522118e-05,0.9250614140203954,0.020768005770172415
310,0.05176135789061036,0.02083024810469858,5.8739115161971235e-05,0.8929789141886056,0.034370740700923344
311,0.021199522845852886,0.0203833819478553,3.282443481536929e-05,0.8901556255981576,0.06822864517331881
312,0.10368154961879895,0.02308534717352226,6.489723817233844e-05,0.8275492781201628,0.04561892784934359
313,0.03496517501428377,0.013571616356263406,6.193329658661076e-05,0.9164133728296514,0.034987902503214735
314,0.018259569090572372,0.00646130236466697,2.8012772674812257e-05,0.9525922548687928,0.022658860903292926
315,0.022139751143306192,0.017114143173900077,8.781145057302167e-05,0.9126154947591499,0.04804279947307065
316,0.015451584882608409,0.010553444222289357,0.00016727738598211714,0.9563022519452337,0.01752544156388658
317,0.01218935930757613,0.006010494609066248,0.0003318868517749098,0.9287171193538754,0.052751139877707354
318,0.02238088209293554,0.0076875181347683275,0.0032842295900293588,0.922794268563707,0.04385310161855978
319,0.01407751438318705,0.0074938224071313874,0.0013900462961569594,0.9303437866382807,0.04669483027524391
320,0.005726910814571394,0.0077840364552948325,0.0003969660410048443,0.9362068363908252,0.04988525029830359
321,0.02571005110483339,0.010803255604573455,0.0008446855160952253,0.8818872469238859,0.08075476085061216
322,0.007364725077966118,0.0030173724574952794,0.0003400123477904504,0.9605340708270932,0.028743819289654863
323,0.010786935154159691,0.0050135942999155435,0.0001865930146070644,0.9540635166941336,0.02994936083718393
324,0.06993253232227614,0.02641841722523132,0.0008773950946357143,0.6646848002035595,0.2380868551542973
325,0.04905392278110092,0.007416305790385995,0.0002474232481687933,0.8181555992681165,0.12512674891222766
326,0.04585267196440345,0.006281951531061357,0.00011912098859943885,0.9256781519390517,0.022068103576884185
327,0.0629432152499473,0.0056760094845914955,9.569997269552317e-05,0.874580497337451,0.05670457795531466
328,0.13276344853703542,0.021159918535819756,0.0002477847989929135,0.7489920377374136,0.09683681039073823
329,0.05852545832025439,0.024435494821461044,0.00018340120471502588,0.7933592456201138,0.12349640003345559
330,0.10679062287309421,0.020004111946787796,0.00016467166973725342,0.8222136289690742,0.05082696454130641
331,0.13592895791318757,0.037427798361675584,0.00018096836416342646,0.7270690533047778,0.09939322205619565
332,0.23543620043088076,0.041483245580336926,0.00025155792479700706,0.48912228709469596,0.23370670896928922
333,0.05890718566416833,0.021589170617829508,6.336004083004177e-05,0.8353108306879721,0.0841294529892001
334,0.361926772553752,0.04535494377727507,0.0001837206965978548,0.17577981351001712,0.4167547494623579
335,0.21000131025247507,0.024559439592479995,0.0006676097546450705,0.5297124523434775,0.23505918805692244
336,0.20068270017874315,0.04469029396174326,0.0009037199205831946,0.5306039849600037,0.2231193009789267
337,0.3464660384518781,0.03898421993383595,0.0009568907061788142,0.5142246943992926,0.09936815650881445
338,0.1443515053871852,0.008523040245021605,0.00022290831109645287,0.7874914380118228,0.059411108044874004
339,0.22067142454241026,0.033801715137119014,0.0009690035849902413,0.5913703809248357,0.1531874758106447
340,0.08450423613097385,0.03439112842714517,0.008614870595152247,0.13484847487656262,0.737641289970166
341,0.07780878577964764,0.025982660684686416,0.0013527966204248626,0.22657206976469588,0.6682836871505453
342,0.11737462860264854,0.016399205190830414,0.002902316953231125,0.3303181096720154,0.5330057395812745
343,0.22646092612194077,0.02361660444491816,0.001697770815740355,0.3530951353779599,0.3951295632394408
344,0.40901248816839586,0.016307078683487193,0.00029433779539641744,0.24458387787051877,0.32980221748220184
345,0.33086161302247685,0.01665298507066843,0.0005878813176088437,0.440046369283052,0.2118511513061939
346,0.21039467294107017,0.026658629924010857,9.368262783853161e-05,0.6519040958240938,0.1109489186829866
347,0.11091776618466097,0.031113531143533234,5.804678617691759e-05,0.831711277572896,0.026199378312732925
348,0.09434121077937567,0.031165203650478344,6.413764073539192e-05,0.8142008981438341,0.06022854978557658
349,0.15002232167927781,0.03938431154831799,0.00017616302568204293,0.6185227727319356,0.19189443101478662
350,0.26784871806713495,0.02915188395532179,1.6867393674335457e-05,0.6034214393863706,0.09956109119749845
351,0.38518987097798774,0.018778978836469444,2.677250483016974e-05,0.24438303058971309,0.35162134709099957
352,0.373536692564676,0.018333119024611315,2.6587919394857143e-05,0.48986810097037287,0.11823549952094492
353,0.3937412098860691,0.02198951879153961,0.00014527373128577517,0.2537087685433531,0.3304152290477525
354,0.2388104554317632,0.029751786267947288,5.78236445847592e-05,0.5368559456366965,0.19452398901900836
355,0.3943015996665804,0.05942205884920266,0.0007439709653571294,0.45011320114039793,0.09541916937846193
356,0.33622668932708527,0.046995916554772414,0.001623228260487285,0.14246338429857736,0.4726907815590778
357,0.5884254673195882,0.07776007222088248,0.0014565719753544888,0.24644384308003356,0.0859140454041412
358,0.2667758823279291,0.22954376288875475,0.004671538996271997,0.4601103086990801,0.03889850708796428
359,0.16841097654687293,0.23294289568193313,0.006251955597219127,0.5386850372198225,0.05370913495415229
360,0.07731037871829764,0.13994942142179867,0.00561439042163501,0.7638306033831994,0.013295206055069241
361,0.16236138041205533,0.2552710746321134,0.014773400160212512,0.5308288974401375,0.036765247355481145
362,0.19361854271075,0.1993826225849382,0.006418315007338887,0.5843423972471835,0.016238122449789304
363,0.30399472110456305,0.13483938507096702,0.004751419899431742,0.5362335378460288,0.02018093607900935
364,0.14459708173419153,0.4555720373541663,0.04193982175054614,0.31644452482676627,0.041446534334329675
365,0.13930705479121722,0.33457450177696213,0.021273811513632147,0.49405603040816876,0.01078860151001979
366,0.11335533996918061,0.2536624900338164,0.014645305044055498,0.6006197240399738,0.017717140912973852
367,0.09934365229819789,0.6069949405900082,0.005688515755101258,0.2770282415841998,0.010944649772492822
368,0.22544716206753973,0.299166405862043,0.0007822075913770828,0.46059722688750093,0.014006997591539287
369,0.15400229642501723,0.6504106022329956,0.004608623309332009,0.17511276961523808,0.01586570841741708
370,0.14106510972419575,0.6794536625472246,0.0024561592060471688,0.16271280369559948,0.014312264826933185
371,0.1485901224259949,0.760560220217128,0.0016968229697691356,0.07239659242848848,0.016756241958619567
372,0.14628606913975342,0.7168652513657002,0.008175068365850623,0.10651057504385655,0.02216303608483925
373,0.07387797509737005,0.8444244978310537,0.00720635891629423,0.05656801986878465,0.017923148286497353
374,0.05751748734263623,0.8244444402344581,0.03878177488748895,0.04290200442697671,0.03635429310844021
375,0.11710103988011428,0.8067699459851511,0.010794937440570692,0.05343597271419282,0.011898103979971177
376,0.07346270775476157,0.835812558838937,0.00858672018543913,0.06522516950835072,0.016912843712511488
377,0.08373976056643294,0.8242820122342202,0.014121544481777857,0.06353316752903876,0.014323515188530402
378,0.11260539484996343,0.8098350924181407,0.010074062755958327,0.050265596753545326,0.017219853222392372
