epoch,N1,N2,N3,R,W
0,0.0002942830369705077,5.7586958769950314e-05,3.4752603183320767e-07,0.0001027181764968938,0.9995450643017307
1,0.006184188588137673,0.0016646004151541556,5.3038251152429355e-06,0.001443878928422431,0.9907020282431704
2,0.0014175856919899058,0.00024641399514898954,2.5105777088717364e-06,0.0005420458008001347,0.9977914439343522
3,0.0021650000404907625,0.0005483078863936445,8.053272734420322e-07,0.0024973176666698046,0.9947885690791722
4,0.026472704020028787,0.007164252731485425,8.584759803237221e-06,0.015532591176941763,0.9508218673117407
5,0.055190004773582775,0.017781867031544385,2.1752436286363287e-05,0.011831593540706122,0.9151747822178803
6,0.011564237711690762,0.004362515251328925,1.1763368504589786e-05,0.007494546699984307,0.9765669369684914
7,0.0036657197844686767,0.0011046265145093362,5.844071578361832e-06,0.002784415089182314,0.9924393945402613
8,0.001025815361268186,0.000438481489267842,2.19787522519287e-06,0.000476180290038973,0.9980573249841999
9,0.0013986488581080468,0.0003300604153118247,1.0230045461743318e-06,0.0002914932246714757,0.9979787744973625
10,0.003992340887968774,0.0006640432208555933,1.9549417295610473e-06,0.0006779274579216494,0.9946637334915245
11,0.0013979184955303964,0.0006762048190115998,2.2390402759467903e-06,0.0004982362809292133,0.9974254013642528
12,0.01181008246321617,0.0016412267690164605,7.826332969738605e-06,0.0018925949929644473,0.984648269441833
13,0.002580396021601887,0.0008806262925524291,3.780964522360445e-06,0.0011923812903759125,0.9953428154309474
14,0.006901012560120835,0.00117328735124805,7.791313204890987e-06,0.0018891809447328777,0.9900287278306934
15,0.007232158526007939,0.0014132147662037334,1.2908061509808842e-05,0.002754334111717412,0.988587384534561
16,0.1560965252777797,0.03867928610109345,0.0001283544237171471,0.016907283860847416,0.7881885503365623
17,0.007390866558553377,0.0016844972918623046,2.0040612128731233e-05,0.0032948430447814325,0.9876097524926742
18,0.013560507320498016,0.003150257892110612,1.8903011025879586e-05,0.0060159016045782535,0.9772544301717871
19,0.11530286757099893,0.028492286618368425,3.5860897411587254e-05,0.026739005599331376,0.8294299793138897
20,0.30885981383943434,0.26753637473444575,0.00022281313070116938,0.1158939397828055,0.3074870585126133
21,0.006156037716403638,0.003839347624843279,1.4410279393314939e-05,0.00859693565299541,0.9813932687263642
22,0.003818718328327716,0.0038978025219384735,2.3308909204617293e-05,0.0026540296265933757,0.9896061406139358
23,0.2904894437676638,0.10078180384052533,0.0003638908857444531,0.04517611506464057,0.5631887464414258
24,0.3028218292121384,0.5297370250790842,0.0007666339498936794,0.026324373917047842,0.14035013784183595
25,0.19781699383809714,0.3889049011879335,0.0007008524005888401,0.16932407717888187,0.2432531753944986
26,0.050013934860974524,0.7435319062284957,0.003926431971346047,0.022622549454163633,0.17990517748501986
27,0.09198738860050315,0.3308624568446121,0.0006571211503364557,0.05063798053981139,0.5258550528647368
28,0.01745013300381411,0.6815503680304116,0.02396263187017919,0.003288965552119704,0.2737479015434754
29,0.00027483413538449247,0.0012527108402957954,0.0002904140759076087,2.9258660100153354e-05,0.998152782288312
30,0.0005953416953701509,0.0002736578954114591,1.8840592905939444e-06,1.9232100306333692e-05,0.9991098842496215
31,0.001060090288837948,0.00037403457250168834,3.0471651145498473e-06,7.679423348838791e-05,0.9984860337400574
32,0.0013881512800168901,0.00017053632675001717,1.5580369032708473e-06,4.6574439932923334e-05,0.9983931799163969
33,0.020125534156609788,0.0019230355283336475,8.891602316747842e-06,0.000801508902519284,0.9771410298102206
34,0.0011553334010833362,0.0014832922221455628,2.9643927515779213e-06,0.00028813606959403814,0.9970702739144254
35,0.042292126168316006,0.013146347602748108,1.5429310980033585e-05,0.0035752136607628323,0.940970883257193
36,0.012532728791292998,0.012202295459802068,2.08359559050125e-05,0.0023726185034852157,0.9728715212895148
37,0.00395641445539759,0.001767111791003505,6.960463843316514e-06,0.005670992107741559,0.988598521182014
38,0.22625507332457667,0.08439143967503758,0.0001917213997617951,0.16790489840805262,0.5212568671925712
39,0.21562227218317476,0.09097308361617919,0.00012397017365202857,0.15742718702184325,0.5358534870051508
40,0.23572228524521202,0.14366809831869654,0.00030473002096578354,0.07894637669506191,0.5413585097200637
41,0.3133482833276814,0.31260023440166773,0.00037132281586183625,0.0574703747957718,0.31620978465901733
42,0.18971949404768443,0.13648229071723864,0.00041525131066906773,0.008023232148726472,0.6653597317756814
43,0.1998437114862205,0.7244802952103491,0.0013625095578392193,0.008358865946821432,0.06595461779876993
44,0.018295779930302694,0.955857230544216,0.009897385562726981,0.0015687996711343298,0.014380804291620145
45,0.025017456381513672,0.937425528882589,0.01613516971245424,0.0019510068201004855,0.019470838203342496
46,0.02905285275908888,0.9084197291300435,0.039237120044090384,0.003188274629978945,0.020102023436798386
47,0.01204369149992308,0.9612501008557767,0.005967883249696205,0.005233051811679525,0.015505272582924461
48,0.008031349054400633,0.9558202729512805,0.01817598612660075,0.00754598659375765,0.010426405273960543
49,0.005235262138244414,0.954930493178339,0.013455554275017208,0.00987046042781882,0.016508229980580682
50,0.0020136426239010714,0.01603942533616731,0.0014267394793904447,0.0004548788678272803,0.9800653136927138
51,0.004377046861711758,0.009118743543261866,5.9777184106044036e-05,0.0008602713221412752,0.9855841610887791
52,0.0031398567796282017,0.004862566777151193,2.7220811908609436e-05,0.00021341385059438998,0.9917569417807176
53,0.15946930539281381,0.02531092397397094,5.106979694775932e-05,0.001307364555558034,0.8138613362807096
54,0.30233123173723203,0.08599394014634884,0.0003134883803597229,0.007736872711195882,0.6036244670248635
55,0.04136868958406054,0.018735078818963066,0.0001039291409193341,0.009811368842120175,0.9299809336139369
56,0.3297612005364124,0.18364074095622088,0.00040694951815814354,0.12561167165606188,0.36057943733314674
57,0.21634595370481796,0.1929464083086614,0.00029748798340592476,0.050574398374082175,0.5398357516290325
58,0.08724630832712395,0.08054137444124958,0.0002106949466836397,0.00846680391744476,0.8235348183674981
59,0.08546656433068169,0.05748352678877821,0.00022958513551582386,0.006654922598091318,0.850165401146933
60,0.16577633982047854,0.8054479200883877,0.0022787242825039553,0.007834557538192241,0.018662458270437398
61,0.07405991410298075,0.9109563867696675,0.003983075466747758,0.003417025141639895,0.007583598518964093
62,0.03219838462473149,0.9409381239115172,0.015439565154059164,0.0005875659906196385,0.010836360319072381
63,0.019988663235684618,0.9524593910447237,0.008484317258120277,0.0007249843838800443,0.018342644077591324
64,0.04208667863928534,0.9053231108000721,0.006909365224093478,0.0011894702789935784,0.044491375057555474
65,0.3855519366794122,0.5336237796643197,0.0021410635699503165,0.006942953229351115,0.07174026685696659
66,0.012148944399476471,0.9739318992626798,0.005619987484270089,0.00033163229253848096,0.007967536561035432
67,0.024969307615792056,0.9553222299023317,0.009366463499663852,0.0006938700219578417,0.009648128960254488
68,0.0030101968462024026,0.9420187833834979,0.0498585663480031,0.000193181757694633,0.004919271664601972
69,0.017631574529204986,0.9484381901477041,0.025892440707316555,0.000519584575159139,0.007518210040615412
70,0.004570980015166128,0.9586225605499965,0.03029260908723081,0.0001778692384648605,0.006335981109141697
71,0.009801304130434759,0.8872408512113097,0.09367784148040041,0.00020454673653852917,0.009075456441316597
72,0.004457053253365746,0.9051144742585822,0.08375384369257474,0.00010763805962246646,0.00656699073585483
73,0.0074543124624310364,0.895994787550791,0.08955703451519686,0.00025010163735707464,0.006743763834223878
74,0.0021006214666521787,0.6337211328529536,0.3566521879935017,0.00025061469312793306,0.00727544299376449
75,0.0017966687571111099,0.6686114734885694,0.3234307364903673,0.000316698730535494,0.005844422533416769
76,0.004437506599006097,0.6581055460949811,0.3278112200844609,0.00131807899533088,0.008327648226221158
77,0.002483325480371762,0.0047993034583605045,0.00020967554022563277,0.0008561567795329152,0.9916515387415091
78,0.0018441926898043438,0.0020550025895705658,1.813642738815995e-05,0.0003370858115551914,0.9957455824816819
79,0.0017254767457190305,0.0010775089970774308,7.64299268334205e-06,0.00033038131756359275,0.9968589899469567
80,0.0048059913465307484,0.0014119811939818008,1.417930063098991e-05,0.00023840798900735176,0.9935294401698491
81,0.0045409564507341476,0.002451748669366406,1.2621768499879344e-05,0.00016030307582569329,0.992834370035574
82,0.002199309256859374,0.0015946673061261235,6.195014080353854e-06,8.031514651664434e-05,0.9961195132764175
83,0.003216527547394738,0.001714198973550201,8.966029023382588e-06,0.0002498790896204406,0.9948104283604113
84,0.0025505534784100825,0.0013709551033241403,7.165433565184601e-06,0.00024464082806290114,0.9958266851566377
85,0.0015295157538362109,0.004298820896039418,3.859771746100847e-06,0.0005205118870803241,0.993647291691298
86,0.0010233970549452006,0.0005670208980575769,4.6799829590604364e-06,0.0002766633165713372,0.9981282387474668
87,0.0012478341363997235,0.0008708728633017642,6.201031956335347e-06,0.00023778833104676856,0.9976373036372953
88,0.2771409314244846,0.06729025223415448,0.000114694643869113,0.012704187386650195,0.6427499343108416
89,0.006710079656737255,0.0040553350766472365,1.56883905054066e-05,0.006291401790251162,0.982927495085859
90,0.0015795973325218576,0.003637347984718958,1.9229044924405977e-05,0.0021332747526714366,0.9926305508851634
91,0.0022424947476595335,0.0020719711247195473,5.7541458725350056e-06,0.003368097430233466,0.992311682551515
92,0.0020508627598005576,0.0013630396926496069,9.818268759435878e-06,0.0012737613317582873,0.9953025179470322
93,0.00028232566812029107,0.00014442196669996603,6.898264462652474e-05,2.3792322427290537e-05,0.9994804773981258
94,0.002776696359008581,0.0011542568665451663,4.942545961775463e-06,0.0004590281887917064,0.9956050760396927
95,0.002671240641372538,0.0005769928033945255,2.3423266653368545e-06,0.00046471055828883727,0.9962847136702788
96,0.0010421421994238804,0.00045880997654128974,1.576670589989992e-06,0.00018416097260025988,0.9983133101808447
97,0.0011830331047063803,0.0007426609738873257,1.985002456504157e-06,0.0009154534083395496,0.9971568675106103
98,0.0012967383501808123,0.0006065770798751372,1.386697002193052e-06,0.0005285050416206531,0.9975667928313213
99,0.00335968017286642,0.0007776295062961087,2.7685672086646885e-06,0.0006997667757578574,0.9951601549778709
100,0.0015343647786999338,0.0005729295566243378,1.659181139118688e-06,0.0004517118637396723,0.997439334619797
101,0.0007533147133303534,0.0008394072015916807,2.1101442833963684e-06,0.00020053888684196997,0.9982046290539525
102,0.002018415791055522,0.0006798793490356037,2.9210994362978836e-06,0.00032485676690652347,0.996973926993566
103,0.0008359645008359683,0.00031597241623359536,1.4558273298482794e-06,0.0001804291734246154,0.998666178082176
104,0.0006434009871228144,0.0005734510010107474,1.3762967586591021e-06,0.0002260589064150533,0.9985557128086928
105,0.0007531098109941401,0.00048284172584769214,1.3307950223628219e-06,0.000150458457419498,0.9986122592107164
106,0.006650842765402105,0.0037924748740534612,1.4386770619867856e-05,0.0006633978301165898,0.988878897759808
107,0.0008433557812213545,0.000445369195331743,3.7014528742068607e-06,6.186841648281488e-05,0.9986457051540899
108,0.0009337276031951666,0.0006091905473939693,2.3708614594881604e-06,0.00032933541863076074,0.9981253755693206
109,0.0032650598082445354,0.0010365296229198505,2.0254083115182057e-06,0.000897950087177428,0.9947984350733468
110,0.0004309505605171216,0.00032670532928136655,0.00013347061355240954,4.2589538592629475e-05,0.9990662839580565
111,0.00036016470740507875,0.00020334452925822524,3.76616027240157e-05,5.513494291281023e-05,0.9993436942176999
112,0.0007000815916915032,0.00016704614685029265,4.315218200088452e-06,0.00021153730588929773,0.9989170197373689
113,0.0016418229453268947,0.00022817773670131866,3.373497439509675e-06,0.0003446225224400947,0.9977820032980922
114,0.0041861048901000635,0.0006656168340597588,9.545339509842356e-06,0.000875625058351231,0.9942631078779791
115,0.0014849409005819793,0.0006167663257690939,5.548988784967979e-06,0.0008277198740365213,0.9970650239108274
116,0.010104947972294541,0.0024764119646127542,2.8717385678875673e-05,0.0014365942144852098,0.9859533284629287
117,0.0063289108824922825,0.004304438885847371,6.047630562917561e-05,0.0022320508327929836,0.987074123093238
118,0.002247590656073829,0.002305757241175534,1.2239179239205818e-05,0.0004450954718538909,0.9949893174516576
119,0.06369418494573365,0.02418933938497272,8.584762970246139e-05,0.015339610852619352,0.8966910171869719
120,0.3102976119779509,0.125384407624147,0.0003299079172489787,0.05031592205065311,0.51367215043
121,0.0039090947603496445,0.005203463994125822,3.265732598273924e-05,0.004893227846698909,0.9859615560728429
122,0.157588055888722,0.06326516105972599,0.00023287658656275076,0.3851687749378561,0.39374513152713325
123,0.16294152132784093,0.4136273609929326,0.0006436198675259624,0.27001517564303934,0.15277232216866102
124,0.1281127100365933,0.10034356087596243,0.0005028053380385754,0.18442604283861877,0.586614880910787
125,0.3348453412526623,0.288276624989902,0.0006264694190089943,0.19578835137890144,0.18046321295952514
126,0.17928590192308494,0.6928090178722238,0.0015378479261670742,0.08549688190936872,0.040870350369155456
127,0.05714447458781484,0.9078811135603672,0.0053480249293661845,0.006495894592421824,0.02313049233003003
128,0.05428777975127648,0.8836460001171836,0.006379914239103866,0.02293378434011839,0.03275252155231778
129,0.03275864488451882,0.9173046778021573,0.020704690320871213,0.008773633618154673,0.020458353374297703
130,0.12640540530343602,0.7921045035026142,0.011228159843068386,0.04215233766615767,0.028109593684723787
131,0.06949798938811953,0.8765843305473898,0.009280169470200748,0.012158985553601242,0.03247852504068868
132,0.05005526985350889,0.9057501372963008,0.010828932841334604,0.017993601308294933,0.015372058700560985
133,0.0477387082506698,0.8563934949615799,0.01349992161599049,0.007971237765198655,0.07439663740656112
134,0.0009250839929142758,0.0035522062615257646,5.244022516628454e-05,0.00038784661441189117,0.9950824229059818
135,0.0018008335055217427,0.003932587341452306,4.059518106893293e-05,0.0004902760698013793,0.9937357079021556
136,0.0015416129277849872,0.0014727345497376433,5.4882303850588474e-06,0.00024543046318138874,0.996734733828911
137,0.005010291865343216,0.0017254657051762993,1.4879387489099658e-05,0.00010973180022250229,0.9931396312417688
138,0.004085927761237209,0.001513992605499105,7.029281503749213e-06,0.0002851440175480845,0.9941079063342119
139,0.059888329432009606,0.005936714307249775,3.7934379632947934e-05,0.0022701815522002916,0.9318668403289073
140,0.035361549234108246,0.022605291954918713,9.165845883295527e-05,0.003920468433434237,0.9380210319187059
141,0.0024139249314006793,0.014419725535121797,1.2973800019432888e-05,0.001425586631706834,0.9817277891017512
142,0.08042960902284453,0.01979464234511984,7.290438178695141e-05,0.02804615161511426,0.8716566926351345
143,0.008354214122875413,0.008328737511383603,2.2105901654295625e-05,0.00311410334222912,0.9801808391218576
144,0.02301954683814046,0.010988934462949695,0.00011194606747071418,0.006133411630135984,0.9597461610013032
145,0.5463837571739203,0.20606113339109644,0.0004756614627798418,0.04934857527922028,0.19773087269298328
146,0.11650266519164526,0.8577824011728997,0.0012861844457553546,0.010562243908517722,0.01386650528118169
147,0.0756237872691781,0.9003333468852557,0.006918104232085675,0.005486765117911658,0.011637996495568978
148,0.01703566499692555,0.9621804429779576,0.012682241099761678,0.003095671242832348,0.005005979682522861
149,0.08367265189777653,0.8688464788231609,0.00902905420038189,0.003618696960595587,0.0348331181180851
150,0.1747856232159549,0.6930117897567657,0.0025719188160404534,0.004270318186434977,0.12536035002480392
151,0.13341391288386337,0.823578218431643,0.01187926499794723,0.008220474178331563,0.022908129508214862
152,0.059006996566389414,0.922616384566854,0.009389833133646896,0.0037978564798690404,0.0051889292532407505
153,0.004671627748874131,0.9326839955876642,0.05729964613741388,0.00046015526563151105,0.004884575260416093
154,0.0038899206710397115,0.9737262283437573,0.017749398025697836,0.00044874447788178574,0.004185708481623295
155,0.003811035734073623,0.9298624110631387,0.05823503519224974,0.00042073903577555255,0.007670778974762312
156,0.0077629353366075425,0.9312819767324458,0.053395166019640616,0.0005938428131436108,0.006966079098162258
157,0.013023392517101459,0.8732217687382975,0.10454210019510997,0.0005528255388566736,0.008659913010634512
158,0.009955090730312836,0.9049017742314381,0.07927502924133209,0.00043987871617739613,0.005428227080739461
159,0.009735055473660811,0.9483313186548157,0.036556494841618645,0.0005143617398408266,0.0048627692900640755
160,0.003778358355835265,0.8318399418140915,0.16038566492142436,0.00022719034631511786,0.003768844562333867
161,0.004668405632183375,0.9377952875477227,0.05441070955265108,0.0002271902979879971,0.002898406969455007
162,0.005855576538863035,0.9139828767605631,0.07549419519158926,0.0003613119205715762,0.004306039588412958
163,0.00023366349126667014,0.08491765489245283,0.9139756022965118,2.2686290769916367e-05,0.0008503930289987964
164,0.006576335950225963,0.8857482823045373,0.1035249360931332,0.0003640215865171309,0.0037864240655863155
165,0.0004467083612715315,0.1496537129918534,0.8489908096187818,1.731644308486597e-05,0.0008914525850083149
166,0.0004965466982280182,0.20354334132308163,0.7951454679811076,2.1402066594664048e-05,0.0007932419309882144
167,0.0006398284259711623,0.1589920908850569,0.8395858807285215,2.527258352850259e-05,0.0007569273769219703
168,0.0018169917967083813,0.3028567899314395,0.6931641482933988,4.1717431893273126e-05,0.0021203525465601364
169,0.0004819697250748424,0.1679437966745279,0.8306060531396312,1.6949059639100702e-05,0.0009512314011270084
170,0.00018765992419130732,0.030431622169707944,0.9689405306920992,6.805396057769827e-06,0.00043338181794368147
171,0.000214542525089216,0.052351079353082634,0.9469372488017479,1.333284769376731e-05,0.0004837964723865368
172,0.00012253584445361246,0.029326951069981542,0.9701275074599105,8.678667362818437e-06,0.00041432695829160727
173,0.0005148804150876754,0.07177300420649023,0.9268553979116124,1.5551553554570363e-05,0.0008411659132548565
174,0.00032628741607285426,0.03229739769160319,0.9666773061864249,1.3799281559983126e-05,0.0006852094243391475
175,0.0001579513990623097,0.01314139471205584,0.9862102390016806,7.609959041554229e-06,0.00048280492815962406
176,0.00023297309688219729,0.04489945486493102,0.9542997144544069,1.3734940170231842e-05,0.0005541226436096544
177,0.000339903009135649,0.04388743591241814,0.9549886641100538,1.8168393422318537e-05,0.0007658285749701034
178,0.0002665642784305018,0.015507801036548094,0.9835537911751917,1.0155143518407792e-05,0.0006616883663113642
179,0.0005974704879907338,0.021838290343588595,0.9766042014109848,4.573781999317178e-05,0.0009142999374425473
180,0.08147918884699995,0.43072109605710057,0.043383312563049635,0.013636492497498907,0.4307799100353508
181,0.07067939874427123,0.8130484910554072,0.08055470997021859,0.014641272554990807,0.021076127675112175
182,0.0933566110895087,0.7708433144194029,0.0914543240197875,0.011020555866911197,0.033325194604389825
183,0.22385289044480106,0.6454285134323628,0.003306969969177473,0.05292011128315669,0.07449151487050204
184,0.01796054301976942,0.008161791156576666,0.0001419412587968672,0.0013800294525120906,0.972355695112345
185,0.2281340001863558,0.07090939661202854,0.00028786031376764346,0.017096043065534673,0.6835726998223134
186,0.4878906546206487,0.3604066756143728,0.0013446274549002014,0.05174404628722216,0.09861399602285609
187,0.20008529082295337,0.7465731462989512,0.004205603228538298,0.003536306888376024,0.04559965276118089
188,0.08888409680238242,0.8790797799946027,0.004542982248893575,0.006439380915632187,0.021053760038489015
189,0.0729380900420145,0.8858961272668338,0.00855105674087534,0.005260956734927911,0.027353769215348232
190,0.009342143477014623,0.9775897015259241,0.007578474001040178,0.001407259338247274,0.0040824216577740055
191,0.0010712961198311552,0.8268374680151432,0.16813010903041792,0.00041860321985937146,0.0035425236147483916
192,0.03399031318862821,0.9299807626104611,0.015648031244697744,0.0033227488579683235,0.017058144098244597
193,0.015526464644204123,0.9347195988981796,0.03464339634326883,0.0007271638123923107,0.014383376301955242
194,0.0074279507609056146,0.8613563197295343,0.12172958900765646,0.00038512449585774243,0.009101016006045752
195,0.007268007255814743,0.8406104263725831,0.14780544294578005,0.0004637583821154899,0.0038523650437066845
196,0.003504669339781981,0.7959132790482742,0.19786905091881093,0.0003138016037906018,0.0023991990893422153
197,0.0007221038726162702,0.3662968222283262,0.6313768349408796,7.35305461215779e-05,0.0015307084120561832
198,0.001223962334279559,0.5651660601249112,0.4321399449865564,7.650103020553735e-05,0.001393531524047379
199,0.0014898654630281032,0.3791217666191793,0.6176949689856228,6.937501530302937e-05,0.0016240239168667382
200,0.00035332146425552766,0.10641471845614284,0.8927361704160343,2.0213942881412135e-05,0.0004755757206860769
201,0.0015773353744313744,0.5414713397783375,0.4548461179665222,9.383157150446748e-05,0.002011375309204541
202,0.001826056328992952,0.19552341020742778,0.8015208988096661,6.424404255322004e-05,0.0010653906113597387
203,0.0007488165842399155,0.0328781831507095,0.9646574829140991,9.816347577968284e-06,0.0017057010033733216
204,0.001911620101652567,0.05926626454144192,0.9359105396358505,2.6369743427251693e-05,0.002885205977627892
205,0.002023271112767029,0.17439071546331064,0.8169045361811568,3.2586363831378236e-05,0.00664889087893422
206,0.000708774638685146,0.037990944331758224,0.956998047762769,2.1227249110714097e-05,0.004281006017676941
207,0.0010357927808310292,0.050797457261761,0.9429804292094668,1.9882711296654654e-05,0.005166438036644567
208,0.005443926017498545,0.27333161022322133,0.7093629220409438,0.00010037696378502519,0.01176116475455126
209,0.003055058987645737,0.06207872778793383,0.9204478144332708,7.174552868245754e-05,0.014346653262467193
210,0.007293974783170904,0.03523549531337833,0.9511014317789331,3.330762838290607e-05,0.006335790496134991
211,0.0023108772993098627,0.0677022458836685,0.9260023739278302,2.8631777703396644e-05,0.003955871111488053
212,0.0028991221138005246,0.16422052248420488,0.8282675173027675,7.555137522392678e-05,0.004537286724003163
213,0.0018794406295500373,0.10528422068578529,0.8870913006623125,8.321912835043616e-05,0.005661818894001687
214,0.002969282957513165,0.35797525364408395,0.6321690601365711,0.0005863319015568775,0.006300071360274816
215,0.06002224921249843,0.8500596003506605,0.07027286840874829,0.006908042783659906,0.012737239244432992
216,0.009655914426363717,0.5196050984121534,0.4623838920098788,0.0028836675834618465,0.005471427568142154
217,0.1409244072666297,0.7067815003550851,0.022100637065064006,0.10235988392333108,0.027833571389890045
218,0.10577490235742991,0.7444729998245009,0.055718238098344065,0.06615831184070058,0.027875547879024458
219,0.15051009526653014,0.4137536611480655,0.00857463493546338,0.37660131954470527,0.05056028910523568
220,0.048749271683092094,0.2149476441502873,0.0047028659500146,0.7109227764511831,0.02067744176542281
221,0.020395007572510226,0.04530102458315482,0.0007032912187098022,0.9233904714638961,0.010210205161729135
222,0.0217513926990373,0.03228225787438522,0.0003972879233293729,0.9147480165624655,0.030821044940782576
223,0.004895562426845989,0.02752009814686621,0.0002699111983438136,0.9635619781350994,0.0037524500928446843
224,0.005199966597658335,0.025524336925283973,0.00042993985024318733,0.9620556148655577,0.006790141761256793
225,0.0038242294698684425,0.01520967737476668,0.00043191002016604074,0.9767494050552709,0.0037847780799279635
226,0.0036231985342883677,0.021874815285265584,0.0001847402903212178,0.9716548939493581,0.0026623519407666632
227,0.0022482784612306564,0.015801917125373856,0.00031261410300819194,0.9774824995905874,0.004154690719799961
228,0.0023040226887163823,0.020254395000129256,0.000487090519723598,0.9734034129899379,0.0035510788014926
229,0.0023328725265589407,0.013745702922624978,0.0004962818570485526,0.9740084284296527,0.00941671426411483
230,0.002845915667672852,0.03330921121150788,0.0006013943691538699,0.9587301210943044,0.004513357657360872
231,0.004209072954036313,0.018268606682152307,0.00021121001448865496,0.9708925297826388,0.006418580566683795
232,0.004767272062272174,0.01111028095502757,0.00010656163651073037,0.9812603034795829,0.0027555818666066376
233,0.006537435257674855,0.012417559813897961,7.763083916422467e-05,0.976714477575075,0.004252896514188121
234,0.003845820015981921,0.018476680059379958,0.0005598726416794071,0.9738263218057759,0.0032913054771827855
235,0.011355797099431039,0.018426624652196525,0.00013395116545357293,0.9646590516336998,0.00542457544921907
236,0.03279854336729852,0.018837027587474173,4.333317520669754e-05,0.2679187535782423,0.6804023422917783
237,0.040932292635690835,0.03345949795414768,0.00015983589663992335,0.08100687829928403,0.8444414952142375
238,0.009294322994930741,0.01701836061978334,7.267262664500326e-05,0.034381091521598434,0.9392335522370425
239,0.006512021590729653,0.006470371138685582,1.9827483922499944e-05,0.009620193610229848,0.9773775861764324
240,0.013633907984001173,0.009655403667007489,3.661367197790634e-05,0.010936363188609109,0.9657377114884044
241,0.009559227464977053,0.007216431628281305,2.8857066628773654e-05,0.018044514477681444,0.9651509693624313
242,0.013790523817648274,0.007428994057201807,2.812362006650877e-05,0.025434563854601362,0.953317794650482
243,0.010882621129627035,0.007137616427706663,2.3564073568365677e-05,0.028082932601169758,0.9538732657679281
244,0.03139170570100856,0.019264761167782744,3.218019984085809e-05,0.053771639984088106,0.8955397129472796
245,0.01471540913287171,0.010490458452539894,1.8333649663089366e-05,0.07407474952058128,0.900701049244344
246,0.009860396990201062,0.010003062036624273,1.37622520283861e-05,0.03484227893525542,0.9452804997858909
247,0.005351268765892796,0.007174416003375045,1.4781603010404933e-05,0.016956404009465888,0.9705031296182559
248,0.007985392448963449,0.006681786542315592,1.893495748338154e-05,0.027522484105844684,0.9577914019453929
249,0.006567903114384195,0.008229948850892656,1.825845308969252e-05,0.01692727673111764,0.9682566128505157
250,0.00724407792315953,0.005097796979943592,1.8628194852625736e-05,0.01666786498308702,0.9709716319189572
251,0.007280508650545845,0.005136609934002496,1.980577054720454e-05,0.0077238994061342705,0.9798391762387701
252,0.015984150190765163,0.006838007616064412,2.0359736500132768e-05,0.01487393917403951,0.9622835432826308
253,0.005677129086804237,0.005635814371692715,1.1125461760870691e-05,0.00928270067505465,0.9793932304046876
254,0.008475416454909183,0.0059126074746962375,1.3112891744666483e-05,0.010974062474672279,0.9746248007039777
255,0.008387301399804366,0.0056722585639103346,1.0595180206169444e-05,0.019631300700459247,0.9662985441556199
256,0.021192686963397562,0.007937212086950444,3.18790116904828e-05,0.046313378221705274,0.9245248437162562
257,0.007454852400711581,0.0046635321896402685,1.672333251967075e-05,0.03643369699255159,0.951431195084577
258,0.34853375310051776,0.08013909768825178,0.00011492764292668672,0.3765701406767773,0.1946420808915265
259,0.0069224970574677845,0.011342913920012607,3.197176525223451e-05,0.035120880390277054,0.9465817368669903
260,0.009404511834832813,0.00898705200566576,3.325410430141889e-05,0.02846321510405373,0.9531119669511463
261,0.007806854810285148,0.006960311386823478,1.184983101745416e-05,0.030257056809815944,0.954963927162058
262,0.03932376759294148,0.009411257094183124,2.940747799232586e-05,0.13979167425214284,0.8114438935827402
263,0.005454033115018628,0.003885245617941553,1.035497633564506e-05,0.01652867235142752,0.9741216939392766
264,0.007296935715868475,0.0022757118382472365,5.298022828904181e-06,0.01581919064443313,0.9746028637786224
265,0.00625896478492357,0.003019156565382422,3.998748127731959e-06,0.016307080070532807,0.9744107998310335
266,0.0027123639230705147,0.0014752943141795993,1.7996331488916691e-06,0.009313404094576991,0.9864971380350239
267,0.003725695521917767,0.003339768063188877,4.4951693935415836e-06,0.006014341369816982,0.9869156998756827
268,0.004195661595436379,0.0030178685656197485,4.824205457000673e-06,0.009182953843299068,0.9835986917901878
269,0.0013219883338637531,0.0006766561542635574,1.7259334090448672e-06,0.0032683859211818773,0.9947312436572817
270,0.0010422719432322163,0.0007314740165421856,4.265438538946736e-06,0.0009450207033343238,0.9972769678983523
271,0.00095098305744047,0.0005319853435037527,3.730950902413624e-05,0.000325754441372762,0.9981539676486589
272,0.0004785260454265289,0.00023436403960372718,2.900862691848945e-06,0.00017984990912641203,0.9991043591431515
273,0.0007527183656271337,0.00018546137440973503,4.64873436961383e-06,0.0002735579877069607,0.9987836135378865
274,0.0009964618429852139,0.0012567357860209572,0.0001372515956060339,0.00016194438776157463,0.9974476063876262
275,0.01279966834102491,0.0016035789156943865,1.0024988566963867e-05,0.0004814726573188538,0.9851052550973948
276,0.0008496532814879779,0.00256049262189504,4.745921502130769e-08,0.0002885631662220345,0.99630124347118
277,0.0004488404217992268,0.006093001902060853,1.3327881538784891e-08,0.00038258972981520644,0.9930755546184432
278,0.00042864337789507605,0.004646729660397557,1.910514281738025e-08,0.0008949195088337462,0.9940296883477308
279,0.00030451050790297724,0.0024456799698812028,5.659060225850901e-05,5.646214854860486e-05,0.9971367567714087
280,0.00023393326506271274,0.0024588523264093515,1.528625437332319e-05,0.0001031420522870887,0.9971887861018675
281,0.006117470924730294,0.0025974188506357617,6.314903114093333e-05,0.002154161025107906,0.989067800168385
282,0.0008359013785352991,0.0009084443327138988,4.114753257367107e-05,0.0004207479337795542,0.9977937588223975
283,0.005911743205100048,0.0009478893483786301,5.740895129448987e-06,0.0010689220331296762,0.992065704518262
284,0.009720393866074957,0.0008694367986488468,3.7989866664903017e-06,0.002280264727114076,0.9871261056214956
285,0.001592959279937564,0.0011808767755990177,3.3622745146502647e-06,0.0004133881352225406,0.9968094135347263
286,0.0025015271324572907,0.0015067464230658313,1.8585943477661454e-05,0.000539818955138675,0.9954333215458604
287,0.0036578654688524045,0.0020546423121871626,4.82234131084918e-06,0.002740125205498482,0.9915425446721511
288,0.0033125681376812554,0.002697603110498863,9.387441289980992e-06,0.002193311019992238,0.9917871302905376
289,0.0012367936886013876,0.001226569203647108,5.03038922137094e-06,0.0004625444966792096,0.9970690622218509
290,0.001171651945172612,0.0007965038862282827,2.181276778731507e-06,0.0016837080541123985,0.996345954837708
291,0.0017344056294759194,0.0017482606382253519,8.800471597370293e-06,0.0015755887884231358,0.9949329444722781
292,0.0009181653200738415,0.0007873005452922863,3.0182609881219413e-06,0.0009472693556684933,0.9973442465179773
293,0.007225961388657931,0.0019411449527539553,8.80421000806736e-06,0.005794575679074408,0.9850295137695056
294,0.001144305652397256,0.0006047660971501836,4.868996385213823e-06,0.001788533783186949,0.9964575254708804
295,0.0012468635605514065,0.0006245141914054186,3.897717299676416e-06,0.0037688666479083676,0.9943558578828352
296,0.0019229403614605845,0.0005521923204722336,9.077043054249842e-06,0.003919481951749472,0.9935963083232635
297,0.0026944167749877513,0.0006341093054374925,1.2285454390223578e-05,0.0037782534741374694,0.9928809349910471
298,0.0065928374147045336,0.0016465496016176758,9.599202297283431e-06,0.009213644166460536,0.9825373696149201
299,0.004667726182087484,0.0020275233840124723,1.0582931203042727e-05,0.005102694251464026,0.9881914732512329
300,0.002506749910646784,0.0029506451483203686,1.0930614287510785e-05,0.006585566692063814,0.9879461076346816
301,0.006089855925990012,0.00259390378516332,8.356237966147956e-06,0.007350396127407627,0.9839574879234728
302,0.0016829951644130282,0.0015245182433378534,4.610459875255226e-06,0.0019747933964473566,0.9948130827359266
303,0.000982749395310886,0.00041508308095209,2.6060834343332246e-06,0.001153655136191498,0.9974459063041111
304,0.004034129893418845,0.0011505279626602756,3.7811852564042924e-06,0.0014043993961180496,0.9934071615625464
305,0.0015668679615602043,0.0009891813249803911,3.0019649355786224e-06,0.0005517126726140939,0.9968892360759097
306,0.002311079875755391,0.0009064836531813062,2.7127917354987477e-06,0.0009164342122484717,0.9958632894670794
307,0.0007940155780790856,0.0007034128559704524,4.676655953944183e-06,0.0011095610214675027,0.997388333888529
308,0.0015749436459675068,0.001205252214286869,1.0723249426342787e-05,0.0022359313686529697,0.9949731495216664
309,0.0009202811917830389,0.0008490687389503019,1.7872499511440722e-05,0.0007365636910973065,0.9974762138786579
310,0.0007493975981344336,0.0009402254391034754,1.0863518225289218e-05,0.0020361989882438816,0.9962633144562929
311,0.0005985625190734349,0.0008804373782662264,2.066479164369941e-05,0.0017856248082879964,0.9967147105027286
312,0.0005567810286315244,0.00140419006402324,1.5489924266568757e-05,0.0009669458283963429,0.9970565931546823
313,0.0007400978062058213,0.0012054831599439787,1.829569568557913e-05,0.0017432378724789345,0.9962928854656857
314,0.0003193608687399485,0.0007580696918264703,3.9890992188261265e-05,0.0017872301085056696,0.9970954483387398
315,0.0008182196040112445,0.0009325601640316365,2.2509358087993215e-05,0.0019354136108999686,0.9962912972629691
316,0.0011352195254614775,0.0007808132531948176,2.3822762054181283e-05,0.002731648497914872,0.9953284959613746
317,0.0005915302335243271,0.000572837226156437,2.19914075579632e-05,0.0025009710890752544,0.9963126700436861
318,0.0015134391820759384,0.0011571757898721268,2.079159056217316e-05,0.0025198752002116276,0.9947887182372782
319,0.0008159124596815193,0.0023042302354201977,1.4299170352734346e-05,0.000752221482847154,0.9961133366516983
320,0.001731755138466194,0.0014861463848020759,2.2265259011164477e-05,0.0037324948697088447,0.9930273383480117
321,0.003698685355309255,0.003166900418070687,2.4682437629667638e-05,0.004385490468447485,0.9887242413205428
322,0.00187935074138895,0.002431358019676156,1.223199290002612e-05,0.0021100319720645795,0.9935670272739704
323,0.0015826845066213506,0.0018574768112038825,1.7292840949969576e-05,0.0033948962151057827,0.9931476496261191
324,0.0018735140517609442,0.001905159195797274,1.733708449003296e-05,0.0019499913006644095,0.9942539983672872
325,0.0015698999818529737,0.0009301627517753855,1.2781787282324766e-05,0.0022151747203355684,0.9952719807587538
326,0.001466899636653084,0.0013042725035389735,9.068803218974414e-06,0.0013058944938363155,0.9959138645627525
327,0.0026634708348109767,0.011168295424718248,1.3841724210406066e-05,0.0032426889105970297,0.9829117031056633
328,0.002300112990725444,0.002372032621812686,8.295122931501905e-06,0.0010618074872764745,0.994257751777254
329,0.0013569478819887458,0.0012855888447193514,1.0677909317768016e-05,0.0018045885401151538,0.995542196823859
330,0.003502596419148598,0.002941075785216485,8.917205984418593e-06,0.0012240430238638377,0.9923233675657867
331,0.004649631598182987,0.003130014961899711,3.318684743782233e-05,0.0029915368375411566,0.9891956297549382
332,0.00236346531980211,0.008694749749021203,1.1965890366383008e-05,0.0009211632533150878,0.9880086557874953
333,0.004107091318797414,0.0024079185100737677,1.9152550718968447e-05,0.0024204145553320894,0.9910454230650778
334,0.005568587367463558,0.0034056409668092942,4.9532732052574436e-05,0.007500002904060679,0.9834762360296139
335,0.023966877015836198,0.009156402201232877,7.868237224787151e-05,0.016432153224419887,0.9503658851862631
336,0.045445875787283,0.025292766061846654,9.886169609520586e-05,0.04651724771216634,0.8826452487426087
337,0.021386400628159632,0.015914357092898505,4.723915311139052e-05,0.03850894376346226,0.9241430593623682
338,0.005724274783361205,0.0035442745317963054,1.0541910902096937e-05,0.01767486170464498,0.9730460470692953
339,0.03962002074177793,0.017672897216705598,2.8673185570557084e-05,0.03191399351234218,0.9107644153436038
340,0.008418363235487567,0.0029010166309276363,9.983175038408702e-06,0.009728422215944749,0.9789422147426017
341,0.0034499240824067317,0.002989116903615548,1.0984795534566044e-05,0.0038257838631889003,0.9897241903552542
342,0.022597341774930176,0.008533039644423618,3.8766596750470166e-05,0.023746608679320425,0.9450842433045753
343,0.006767336347117075,0.004886860144677616,1.7015437300038803e-05,0.011143866742328385,0.9771849213285769
344,0.0021358261005737546,0.0012485330856460287,1.853836624442159e-05,0.008050165807249654,0.9885469366402861
345,0.006576336480596244,0.0036457401861441398,1.8198978751794243e-05,0.005875161432638745,0.983884562921869
346,0.0013438139392386958,0.0009906561708807478,1.553074564592482e-05,0.0005715663520390133,0.9970784327921957
347,0.007583712625638345,0.005197520957336489,1.1774307413649201e-05,0.0017576584052328152,0.9854493337043788
348,0.015010706830609065,0.006710910127991704,2.3278976628599243e-05,0.0103309270658455,0.9679241769989251
349,0.008842961584789926,0.004467232898147325,1.1720480469100061e-05,0.005928108138997128,0.9807499768975966
350,0.005279215770914038,0.002313915222761146,4.3438855414200784e-05,0.008619400631210125,0.9837440295197004
351,0.004980824479262859,0.0034481178843352167,0.00020915138007111543,0.001878113785484019,0.9894837924708468
352,0.0034179568519695585,0.0024730287303141923,0.00012343627148132086,0.0007761154924630703,0.9932094626537717
353,0.006070364434716649,0.001900726254347228,0.00011219569234734962,0.0018057373197763182,0.9901109762988124
354,0.0060503449731608774,0.0032766938641804683,7.554850168670253e-05,0.0016791379879526418,0.9889182746730194
355,0.0009398241246973178,0.0010099976847974413,0.0007206163187201796,0.00026529596201587953,0.9970642659097693
356,0.0015659216705989692,0.0006008758844019625,1.543886089629236e-06,0.00029185326459082474,0.9975398052943186
357,0.0012383238957171007,0.000649104700872321,5.0905714225384935e-06,0.00027972580036317296,0.9978277550316249
358,0.0008433139240734,0.0003232785810478528,5.005650393526984e-06,0.00038073964201691695,0.9984476622024684
359,0.002506174997413444,0.0010319202526486014,1.8839460436837502e-05,0.002330468162965335,0.9941125971265358
360,0.00318169102122494,0.0075921323342837245,1.3887086708626583e-05,0.0027513923889311716,0.9864608971688514
361,0.002024198647999786,0.0006513202571497271,2.4540858779009906e-05,0.00444787332856675,0.9928520669075047
362,0.002742778647598856,0.00091546934810743,2.2142636371324234e-05,0.005432090238931285,0.9908875191289912
363,0.005961184003317265,0.002307172845184981,2.169228963194478e-05,0.008256091834205916,0.9834538590276599
364,0.018249532327458774,0.010103867317023783,4.391429332009623e-05,0.027813497833972384,0.943789188228225
365,0.00057938777790703,0.0005715200856931533,3.6563402215070192e-06,0.001455744923701188,0.9973896908724772
366,0.003620329203588417,0.0015602053006860076,9.75568437222821e-06,0.006841594783076527,0.9879681150282769
367,0.004770697518101388,0.001400715796563454,1.1906629188787147e-05,0.005020135888641534,0.9887965441675048
368,0.002587853258987093,0.009951612508275573,1.046663849529789e-05,0.005242995995160234,0.9822070715990819
