epoch,N1,N2,N3,R,W
0,0.022023477881651154,0.00014733531004309063,2.970121170633403e-06,0.00030879369427896296,0.9775174229928562
1,0.03468142110942952,0.0011690299094963507,7.70823798809057e-06,0.0017910753482032337,0.9623507653948827
2,0.006883330040882686,0.0001221629169813481,7.378154020980767e-06,0.0005551557097598909,0.9924319731783551
3,0.0005450917170435444,2.1654152729224283e-05,1.3597830799261627e-05,1.1669261770259028e-05,0.9994079870376578
4,0.0010878648494956269,2.5006020580684537e-05,7.619929952431401e-06,1.3533794905224215e-05,0.998865975405066
5,0.0031444957971796506,2.7909346817420987e-05,8.796649049590403e-06,3.986442063229673e-05,0.996778933786321
6,0.0015916233498995522,7.60392544202958e-05,1.8481634707033728e-05,0.00018250883449120732,0.998131346926482
7,0.004552825482668666,0.00025441933966001564,1.6054316301260875e-05,0.000347468330579255,0.9948292325307907
8,0.0018264530718222866,0.00028705504568791415,5.7323899346758415e-05,0.0002889905860601824,0.9975401773970829
9,0.0047084159800898345,0.0012282007220530803,3.7750508924305077e-06,0.0010891648073287005,0.992970443439636
10,0.0805961879917979,0.002395963842052516,2.1638755301402207e-05,0.004044006493009033,0.9129422029178392
11,0.07987746762010986,0.0035998242058808204,3.310483202895958e-05,0.0021862670838872266,0.914303336258093
12,0.207581766070157,0.022074097607801588,6.88578596442478e-05,0.005766891601661874,0.7645083868607354
13,0.004817386647723774,0.0011069085736997962,0.00010833390871859857,0.00016719042402507295,0.9938001804458327
14,0.014179182803910577,0.002314020538426237,2.1265864071337342e-05,0.0010591770728481994,0.9824263537207436
15,0.010214552297742045,0.0007635483003924601,8.570122370147816e-06,0.0006600486416364459,0.9883532806378588
16,0.014393895421945276,0.004323181438100001,1.0920008262835456e-05,0.007622759990547271,0.9736492431411448
17,0.02324843771322738,0.002487403993942346,3.892247681641622e-06,0.0029949782038739344,0.9712652878412746
18,0.10508564384400175,0.007981365269607184,4.403245292544529e-06,0.0038595063582718505,0.8830690812828268
19,0.10804465468883201,0.030185949672901776,9.11608363147699e-05,0.002620674281861267,0.8590575605200902
20,0.02066827323414979,0.0027164852511437,9.06091694005688e-07,0.0020622855799367393,0.9745520498430758
21,0.2179119151941483,0.0024342149173283505,3.758362596756062e-06,0.004361177528812727,0.775288933997114
22,0.08134564972413791,0.0026372100040293073,2.768486076934541e-06,0.024807038082415987,0.8912073337033399
23,0.22852237645424714,0.022228108950195436,5.7843173257228675e-05,0.0422109490816692,0.706980722340631
24,0.10411413452467459,0.033505387083180606,0.00028012698145255454,0.03056044022310735,0.8315399111875849
25,0.24507790973860413,0.05583513194437372,0.00021487746875337136,0.05361142181425454,0.6452606590340143
26,0.05291825308480932,0.03940588629615812,0.0005399707714463198,0.00785563558292109,0.8992802542646652
27,0.14099703067264058,0.011426136842862903,0.0001293465957965794,0.019132013696430174,0.8283154721922698
28,0.03996951265675129,0.005675093105192511,8.758179960270183e-05,0.0048331159248540196,0.9494346965135995
29,0.16639289775931465,0.0368401758418691,0.0003784656351925571,0.028736033848004845,0.767652426915619
30,0.08095142482364724,0.021309409565560676,0.00047784261851774074,0.0031536569395116485,0.8941076660527627
31,0.2634039692528797,0.016041550284777453,2.630521577157694e-05,0.018891347155119417,0.7016368280914519
32,0.22902895451115785,0.1019049009565289,0.00010978053198962967,0.09045377982649924,0.5785025841738245
33,0.08282305468427577,0.03771825579806716,3.833035263466106e-05,0.022465490560508995,0.8569548686045135
34,0.03887258616644259,0.04077760791447159,0.0016489662640164745,0.0014930744359195804,0.9172077652191497
35,0.03358369741987328,0.007342621659225611,2.8871348261283014e-05,0.005113029479005587,0.9539317800936342
36,0.15637818265461484,0.09640172628488636,0.00024355281378291038,0.021997249481433372,0.7249792887652825
37,0.03668067429527468,0.042550682741634836,0.0004853988361848314,0.0014300742170608742,0.9188531699098448
38,0.09258613943562038,0.01667788351587085,2.358128036455643e-05,0.006593905296504301,0.8841184904716398
39,0.019027600998879676,0.03418265518322055,0.0003708914749721707,0.001096864610198414,0.9453219877327291
40,0.1057350203738494,0.0388092192089766,3.5293740060411874e-05,0.008709262203446831,0.8467112044736668
41,0.1094680479772779,0.1633501689386383,0.0006992066594417994,0.020012200617684297,0.7064703758069577
42,0.04274218175905312,0.09552346245031035,0.00303006125969186,0.005354653640010754,0.8533496408909339
43,0.04977891650946699,0.01190169418279005,1.9553353069134703e-05,0.00851027680806801,0.9297895591466059
44,0.07050794200757034,0.0966498445406878,0.00041075707189485415,0.013820266300239597,0.8186111900796074
45,0.07857832014660718,0.25108530376732996,0.0018591793108851168,0.02304041300976142,0.6454367837654164
46,0.05276146209109087,0.043281910973194504,0.001013307339574518,0.002430706208741384,0.9005126133873986
47,0.04026497150242687,0.004566647669188567,0.00010629829480642609,0.0021113134673097795,0.9529507690662684
48,0.24685619759677918,0.06718917423976292,0.00022930317373694078,0.010410865963334296,0.6753144590263866
49,0.13882937280077567,0.03490516345367216,0.00032746432626488763,0.0018989389050451941,0.824039060514242
50,0.1810687324417644,0.1097586736131615,0.0006207010579257273,0.0009329636127533609,0.707618929274395
51,0.1804477451266506,0.009543716414755753,0.0005446534504880939,0.008222986018126214,0.8012408989899794
52,0.16019103504155593,0.15772492177337247,0.004804031893303392,0.005071841553763232,0.672208169738005
53,0.09854318876370688,0.40234773847866595,0.013014162254624295,0.0042966473914896304,0.48179826311151314
54,0.08685213674577733,0.01659480138995967,0.00010990974305240768,0.0032153413464511564,0.8932278107747595
55,0.13300752906778232,0.48441714898488314,0.004179200531393254,0.006782219715245426,0.3716139017006959
56,0.08251817871279737,0.7077918420496274,0.007133288573208328,0.006123601176690005,0.19643308948767688
57,0.12004609821582227,0.3116040527863801,0.005795380187707311,0.004757126050753448,0.5577973427593369
58,0.1190920187936159,0.1287187037076769,0.00011480438421190839,0.02475771815084807,0.7273167549636472
59,0.195213757278227,0.6388621999385659,0.003920852372995535,0.013060963566680624,0.14894222684353112
60,0.2956362229001515,0.6016361828472497,0.027480673772156662,0.008485421490038829,0.06676149899040333
61,0.07295711102874096,0.8443674872702971,0.004705973098274985,0.018460330886141414,0.05950909771654558
62,0.0757385661575893,0.8523724559972388,0.00931741357200676,0.0061337135985897115,0.056437850674575296
63,0.18712549879584797,0.6312240366672845,0.000596151700919672,0.043368966622531736,0.13768534621341605
64,0.04282739690628334,0.9048132200904174,0.0026773315501382525,0.01079791615435373,0.03888413529880708
65,0.09851335514753863,0.8388058484647596,0.00040545453386172883,0.0022509805383948574,0.06002436131544502
66,0.0652891774852799,0.8931286220070055,0.0048212362451061485,0.004737966255983476,0.03202299800662495
67,0.10491447367469087,0.49072432234323626,0.0015339988931333706,0.0020663857581445628,0.40076081933079494
68,0.04840320121199986,0.9186474521571039,0.01993559259670057,0.0017855217210921033,0.011228232313103569
69,0.025183084023607753,0.9067036777535987,0.05244263846639217,0.00337730602002542,0.0122932937363758
70,0.012608552953119672,0.9531166213796658,0.00622820137732686,0.005365329858108595,0.022681294431779218
71,0.013725125180585754,0.8048599134063742,0.1522581117724557,0.007703945691032185,0.021452903949552057
72,0.027611127322788098,0.8155275301596893,0.11240935453385657,0.00899755936218419,0.03545442862148186
73,0.032115781060754786,0.8271688844470422,0.11538610316694928,0.006520228438354404,0.01880900288689936
74,0.04054649293421424,0.7100976038925897,0.1969984030989165,0.006631347250924172,0.045726152823355494
75,0.018691056909658645,0.4536691646947392,0.4987197207505114,0.002958486387682963,0.025961571257407716
76,0.02369514190706528,0.5569598252593118,0.3393174944758672,0.002206679341500873,0.07782085901625485
77,0.0346530040937088,0.836769613582486,0.06293512786965694,0.005718786528474566,0.05992346792567382
78,0.023479860246893487,0.6163829793729991,0.10691604674977023,0.002380320413557027,0.2508407932167802
79,0.03044440575637055,0.8822306447888524,0.05408189197103737,0.0055265797172772664,0.027716477766462477
80,0.049370826110031185,0.8237595146549728,0.07519514473678142,0.004023209767679204,0.04765130473053524
81,0.011471805619638934,0.8850316729649685,0.0938110875045477,0.002787519298251021,0.0068979146125938
82,0.03275729238900175,0.8551355098294187,0.09637014415444702,0.006031377588916501,0.00970567603821616
83,0.11017336210638923,0.6502397857126714,0.015107017982470827,0.0012799213236645267,0.22319991287480398
84,0.019728069295294328,0.9230522933904343,0.05033396459298608,0.0027748783328461635,0.004110794388439096
85,0.025804739252455373,0.809679521283543,0.1595139127404667,0.001518093855623495,0.0034837328679114816
86,0.06691686156690174,0.8381032784428112,0.0837665832998018,0.0035221666139726004,0.007691110076512715
87,0.020711653276446494,0.8282253258343888,0.14246590647369728,0.004613033488016397,0.0039840809274510934
88,0.007573635748327708,0.538946693713923,0.44965777991792416,0.0014691114960948169,0.0023527791237303304
89,0.012125024026074493,0.7974325537299156,0.18302031865438861,0.0016243905650869005,0.005797713024534151
90,0.007180564760273643,0.8411802007253609,0.14643244684686482,0.0028983987558809598,0.002308388911619608
91,0.014529692910432332,0.577164463774108,0.4016317259924459,0.0019513914293348138,0.004722725893678965
92,0.0198884293787966,0.860399339598333,0.10828920316099153,0.0016027335370960652,0.009820294324782727
93,0.005648380106725944,0.7638550248683007,0.22709165526318045,0.0009903506078292315,0.0024145891539637068
94,0.02243240644519445,0.5479388773650515,0.41995514106722076,0.0009300004411114996,0.008743574681421685
95,0.08118236318177692,0.8198424776561734,0.08830454173306233,0.002012040386476705,0.008658577042510742
96,0.013548411918247275,0.6160535190958517,0.3627029734180798,0.0008104329092113367,0.006884662658609923
97,0.010968162428784163,0.15603659459116007,0.8301850927207723,0.0001608904613355072,0.0026492597979479488
98,0.015337001491760628,0.562085959033465,0.4121199319590295,0.0013946840561289316,0.009062423459616024
99,0.009142984737704215,0.2954555809009664,0.6917608232087498,0.0007696902119957172,0.0028709209405839388
100,0.03892763743801654,0.2953169231166554,0.6550621685668091,0.0017510122528501984,0.008942258625668746
101,0.01207463270886829,0.6744720498496135,0.30439538043781217,0.002886445039809296,0.006171491963896714
102,0.008103429297242571,0.5355041779467374,0.45065742941389697,0.002038051068187162,0.003696912273935793
103,0.016331683699404333,0.19734556332602216,0.7768654924590479,0.004381770577408585,0.005075489938117165
104,0.03343652933080061,0.3302517915779927,0.6263742823203873,0.005738332461225423,0.004199064309593986
105,0.044973165846771614,0.6633197096072483,0.257731760099843,0.004994067012913542,0.02898129743322373
106,0.08047818285685548,0.8627961415052955,0.02764497605286027,0.02394192816178208,0.005138771423206711
107,0.10733479895887703,0.7792136219718461,0.062496106187806495,0.007513547201055236,0.043441925680415286
108,0.13570907380597963,0.7204537900036576,0.03659361601451402,0.00529449736456156,0.10194902281128722
109,0.31543482447134774,0.563717213816016,0.017325781176710253,0.034323721900616624,0.06919845863530943
110,0.5505661755251907,0.3282023348784348,0.01733953889198383,0.003194727037039895,0.10069722366735072
111,0.5958669425207759,0.3148213307271456,0.008396612534016846,0.0011559123360818718,0.07975920188197987
112,0.2076209771227434,0.67551659771281,0.06506633837785376,0.008107041272230428,0.04368904551436224
113,0.463658191316388,0.41254082801367437,0.0058743905026325685,0.013616647301507695,0.10430994286579728
114,0.12570548073095203,0.7610173526479898,0.07923108099567802,0.016176941773687704,0.017869143851692477
115,0.1217245759405922,0.7969278865102014,0.010287089399579405,0.006781500847695827,0.06427894730193111
116,0.04889160583376571,0.8143854536300438,0.1157822616976289,0.004753317090192841,0.016187361748368715
117,0.08283574719120948,0.7717328305837126,0.11955236295012064,0.0026524580670208415,0.023226601207936445
118,0.05230426578173846,0.7910709181457223,0.13796031828302852,0.004526966908038908,0.014137530881471768
119,0.02713326445760373,0.8300158978675064,0.13552922415040222,0.004389593574440327,0.0029320199500471535
120,0.0201623857232683,0.648023445271886,0.32712080307503444,0.0018590681086051225,0.0028342978212063546
121,0.01451536032415338,0.7490330708339339,0.22957796501581484,0.003416025379981612,0.0034575784461162076
122,0.003951943498377393,0.4020020007838126,0.5910580799992312,0.0014885398767817306,0.0014994358417970534
123,0.0300201319163473,0.35618571589377684,0.589759064058018,0.009505369094654501,0.01452971903720336
124,0.04135932161616588,0.6963752608647442,0.2280088215331376,0.026245444146543298,0.008011151839409
125,0.008789277968849058,0.6845940306651352,0.29476042317104906,0.005531136662246594,0.006325131532720003
126,0.029005113478672104,0.7680480776639211,0.18831778480390987,0.004287054049795095,0.010341970003701868
127,0.10068541708246342,0.8616780201563218,0.01179147943498838,0.011400692126427945,0.014444391199798717
128,0.03158595033528634,0.8601540675752594,0.09339917049882034,0.006999343662988222,0.007861467927645575
129,0.03501502878832614,0.8838714511422783,0.06671710369778516,0.011225715394276704,0.0031707009773338794
130,0.06630597084144806,0.8328765878222585,0.0822358301196485,0.006754298513675049,0.011827312702969984
131,0.021644226963008953,0.6767396092059766,0.28098969484506514,0.01406008268025181,0.006566386305697323
132,0.10597033775382333,0.8545253524166332,0.013422390515460219,0.01093217169737493,0.015149747616708186
133,0.03514322111990616,0.8145270838435108,0.13650542080391612,0.0026156963909356175,0.011208577841731166
134,0.01785164350245662,0.785132222621574,0.19313696425683913,0.0013381009782921862,0.0025410686408380246
135,0.005115802146166045,0.38454481778043337,0.6083587180530282,0.00047597447652103134,0.0015046875438513316
136,0.009053916652693944,0.4012539270533162,0.5857429783122399,0.0021438077380278465,0.0018053702437220173
137,0.010569281476859826,0.32849649038625417,0.6558379245621461,0.002229793464541069,0.0028665101101990075
138,0.03513515908321465,0.4570756086801334,0.49057076432001706,0.00585371986111016,0.011364748055524712
139,0.02274869428180174,0.6963387392932172,0.2624775325459369,0.009743509552739067,0.008691524326305107
140,0.009740064810823445,0.7658604016010935,0.21359115499985942,0.0055929412378248325,0.005215437350399072
141,0.07889412651653908,0.74476957951681,0.16206548127019624,0.004433551999901085,0.009837260696553553
142,0.18517601157903638,0.5726676932091439,0.11012206948194832,0.013107911751469031,0.11892631397840224
143,0.05217838138058754,0.8164777065818465,0.10551997901776154,0.012050280822509547,0.013773652197294822
144,0.3449169750097738,0.5678273758044566,0.051945725999430786,0.006356406351892364,0.02895351683444653
145,0.05761877107674319,0.8453543362703683,0.07355699947401262,0.010292657664330325,0.013177235514545896
146,0.016390516176379315,0.7533463451858743,0.2186797768843838,0.008493337905027392,0.003090023848335243
147,0.009609251722994575,0.8169380166913499,0.14062969855231627,0.02965245287129216,0.0031705801620472342
148,0.09507174873061239,0.7705561767714663,0.009258108913395712,0.09761077111801827,0.027503194466507157
149,0.02800946614711755,0.9257520740922072,0.017682634765083572,0.0226116540164028,0.005944170979189009
150,0.03553001849222777,0.9163213631598371,0.0020359856553394187,0.04247746552334976,0.003635167169245957
151,0.15322801410475104,0.7292473466963274,0.0035674339502128503,0.090575363214237,0.023381842034471703
152,0.069010421879173,0.8223202809921193,0.026284738893131425,0.07217619728891113,0.010208360946665166
153,0.1353304858623662,0.6913568214726644,0.0022860942845369043,0.14634440204865895,0.02468219633177338
154,0.12325849951387471,0.2976651096201889,0.0011669678629319129,0.5470717795725383,0.0308376434304662
155,0.03516302453309717,0.7105721136227915,0.007872346055129632,0.2230371872084126,0.023355328580569202
156,0.17131757885182947,0.10738734068671878,0.001046580534303114,0.556632866424276,0.16361563350287256
157,0.07681798056762854,0.014724283666960936,0.00025617984605632075,0.32606299061613503,0.5821385653032192
158,0.17103125420325152,0.11497038522593488,0.0006154902558634635,0.5879068667367504,0.12547600357819974
159,0.19679056133534512,0.2033162610863916,0.000989188616289826,0.10785853171172759,0.491045457250246
160,0.1766239178814744,0.03840900041482514,0.00018219426248267933,0.7469563352706713,0.03782855217054642
161,0.17129401235445266,0.06729254212485443,0.0001531468133015254,0.7305707194283907,0.030689579279000814
162,0.15662287487671023,0.30952605345844403,0.0020530314630995104,0.4768704013127407,0.05492763888900543
163,0.297645795740154,0.24573477163783278,0.0007944671059494183,0.19886935522874719,0.2569556102873166
164,0.17261433257802195,0.5401847274878059,0.0020721522952913524,0.07513521131185913,0.20999357632702165
165,0.2687336782072642,0.38546986190191324,0.003598329259701521,0.2587853293974475,0.08341280123367374
166,0.2346464609512886,0.3567411596935282,0.01893152714492998,0.014918074014356944,0.3747627781958963
167,0.3462620030305894,0.2756550178690735,0.003868852877654858,0.12647712799373195,0.2477369982289503
168,0.45316913926122326,0.19166925271432306,0.0009361069302836682,0.28433225415010294,0.06989324694406711
169,0.10771023799073236,0.27878870711941856,0.012357742496936878,0.01116019661797317,0.589983115774939
170,0.494592186503762,0.2573823065532444,0.0012318501721750865,0.0965658173976223,0.1502278393731962
171,0.22833993777947692,0.6834990117454387,0.0037007879358386575,0.052075736171281334,0.03238452636796426
172,0.29349651203862326,0.48292325843252937,0.005835390910736636,0.006908672936544929,0.2108361656815657
173,0.1765627427259932,0.6676902535095254,0.000979686797966289,0.03681193337915396,0.11795538358736105
174,0.046806678785895436,0.887034934913179,0.00966313010451509,0.013952168694059488,0.04254308750235097
175,0.21755037107101582,0.5352697782504163,0.0005765018902607384,0.03457987778177768,0.21202347100652938
176,0.0592490130687408,0.8487295796874035,0.005544881915239651,0.023325362583471565,0.06315116274514457
177,0.18877044115790434,0.6932301817139539,0.0061364537097704204,0.011170655526024267,0.1006922678923471
178,0.042431920481766396,0.9040338940603145,0.00880030378039158,0.007827064199751863,0.036906817477775744
179,0.044234343661953224,0.9240716991692294,0.0051716475361693074,0.00884859926740146,0.017673710365246724
180,0.3280401170156466,0.31232156568565556,0.0011393600165544534,0.0819857061357216,0.2765132511464217
181,0.1811429136868894,0.6136722824464147,0.003166063120041765,0.1224756016182702,0.07954313912838391
182,0.03277749491951296,0.9311552059901712,0.0065775445552250554,0.011222853777037392,0.01826690075805335
183,0.2540976246673949,0.4656172471942538,0.023709620724129847,0.010237636654891271,0.24633787075933034
184,0.18958871556235324,0.27509816277240734,0.003067883113905725,0.01636465573178645,0.5158805828195472
185,0.11618892777235082,0.07096803328086038,0.0012705551665351277,0.002957864507149269,0.8086146192731043
186,0.39971789213894654,0.3323611559277155,0.015832384969037817,0.009123828745744498,0.2429647382185555
187,0.37490748731282547,0.47458552525208225,0.005236216156409645,0.004895999585163071,0.14037477169351956
188,0.19289721541348176,0.7748369874627993,0.002799363800258796,0.0038342994301405133,0.02563213389331951
189,0.07102110615087306,0.8796900225431217,0.018845973707494804,0.014353791546395253,0.016089106052115325
190,0.25660694711991905,0.6765147525742454,0.021075619683027336,0.004144986734590358,0.04165769388821798
191,0.06283960588628486,0.8792013031963287,0.025515923289933334,0.013912470449492835,0.018530697177960548
192,0.04176947810627249,0.8919851976134482,0.03637046012176864,0.005673638849594191,0.024201225308916424
193,0.0874896986616854,0.842179024199554,0.043404130158761794,0.008188560484935041,0.018738586495063582
194,0.028753082550729617,0.8956389626822316,0.05843429272190802,0.008605857260140282,0.008567804784990436
195,0.07534929894078594,0.8256584615181571,0.06866313080999414,0.00317974439993021,0.027149364331132634
196,0.12220975778836043,0.8264352761673507,0.03205234534728285,0.011770450739980065,0.007532169957025981
197,0.04422375173022686,0.880365363321942,0.03635059032537519,0.007882255882902804,0.031178038739553098
198,0.07219103738200383,0.8272012736397054,0.07255841087287504,0.006162677352172935,0.021886600753242582
199,0.08758257493626868,0.8354474435394558,0.04246665933029178,0.01252016191093538,0.021983160283048364
200,0.056490698298937284,0.6953207422934691,0.13539666264456512,0.013442637284396064,0.0993492594786324
201,0.062348276558617,0.8008117311957271,0.04765386407850495,0.02611749898318372,0.06306862918396715
202,0.05828066856970585,0.2561987523255851,0.014356252625108153,0.005965422919532918,0.665198903560068
203,0.12182934544636524,0.16933237402208817,0.002088869448970757,0.013330640974403838,0.693418770108172
204,0.16163132431131885,0.46019990998897536,0.0076984076219707015,0.01650990542591101,0.353960452651824
205,0.06164618214412928,0.0141643051528234,0.0004208957722840522,0.0036145576428653205,0.9201540592878981
206,0.1277984714859553,0.44578298217320705,0.0035295640211169053,0.009570470898053192,0.4133185114216676
207,0.1545063521315979,0.05081387929909382,0.0004378091965278819,0.020433216692317294,0.7738087426804631
208,0.3650933877962196,0.23013722694534852,0.0006987159604232425,0.016148596479125615,0.387922072818883
209,0.25929138282473035,0.4814189232576624,0.0025915688515014464,0.021482783773852366,0.23521534129225358
210,0.36764319448043636,0.5121719158060722,0.00771099988183989,0.02543379879149427,0.08704009104015714
211,0.19342021189170674,0.7257356382844966,0.01211162328273392,0.03114633457363765,0.0375861919674253
212,0.3092273460877491,0.55393734049442,0.005391860605181138,0.10995066117933246,0.021492791633317312
213,0.11732709716488472,0.792263855129414,0.030804655082285068,0.042924524026467285,0.01667986859694891
214,0.04995256433819887,0.8943023137542006,0.012638196386695283,0.0388271376841426,0.0042797878367627695
215,0.024846796915659476,0.9027910922541792,0.03734472891773161,0.03268545278598767,0.0023319291264420356
216,0.010712262445658201,0.8894573022010801,0.06742964520159252,0.028621215733605532,0.0037795744180637437
217,0.010088924667703303,0.8643752442541103,0.07722621323160248,0.045734403288686595,0.0025752145578972763
218,0.013605045217091424,0.8434153322429323,0.03461238068345014,0.10559092294696894,0.0027763189095571465
219,0.01662006796751931,0.7958769259249193,0.1344197296906987,0.0474147116665876,0.005668564750274995
220,0.022343486431869116,0.6871122332395991,0.25417643956810204,0.03191554603822231,0.004452294722207516
221,0.009818955929935574,0.8336259594059261,0.13131669898253273,0.021374432321658976,0.0038639533599468642
222,0.006948015720671743,0.7780358761739562,0.19937366430273615,0.012743557349874516,0.002898886452761531
223,0.010852225665396568,0.6951106109592134,0.28824237788746015,0.003552368736233632,0.002242416751696268
224,0.02899645410104831,0.6472191345745166,0.31400463440562054,0.005153321170719425,0.004626455748095035
225,0.002786947676313394,0.7225028256512794,0.2710106787844472,0.001913009954536836,0.0017865379334232828
226,0.007005373091181327,0.372695236450489,0.6156875811271306,0.002579948393644333,0.0020318609375547824
227,0.0025295864035646087,0.35205354448662696,0.6426621470969097,0.00127421115966299,0.0014805108532358598
228,0.004063587819817362,0.21836203146132052,0.7753246500780184,0.0008915815927530781,0.0013581490480906683
229,0.002720496335984632,0.2771289985089025,0.717100758424836,0.0015063871902047579,0.0015433595400720422
230,0.0022747035570600694,0.27400234567985704,0.7207731545680599,0.001129546154081476,0.0018202500409416895
231,0.003100653366559744,0.13561496577759655,0.8593121058966515,0.0006602789465436729,0.0013119960126483836
232,0.003865614395828498,0.40275425654094105,0.5894044692414392,0.0014182452264818752,0.002557414595309404
233,0.0038116955529039986,0.2280899323919047,0.7653676422902511,0.0008723558204633265,0.0018583739444769701
234,0.005562799736146615,0.5043262849985413,0.4838560930852203,0.003096475175039658,0.003158347005052174
235,0.008931229236147493,0.13402587027259402,0.8536017247549652,0.0013157200787288533,0.0021254556575644548
236,0.004068307928793666,0.581882252121232,0.4111838905450155,0.0008294318109973597,0.002036117593961327
237,0.0026439504364101163,0.11609338052069934,0.8783477505546261,0.0006020190850975984,0.002312899403166992
238,0.001852196178990872,0.057021244666231374,0.9398971931811162,0.000348671931368523,0.0008806940422931228
239,0.0028826131803528087,0.19805269313877372,0.7969056109971608,0.0003254536319967514,0.0018336290517157005
240,0.0015342363488449343,0.13291160586718884,0.863975855141837,0.000147943687757615,0.0014303589543718837
241,0.0023376336080852436,0.08114801134084836,0.9137556187745485,0.0002937019904049563,0.0024650342861129194
242,0.008526175303476801,0.10652464102240412,0.8818984597765435,0.0004111805177301083,0.002639543379845416
243,0.030290826078459093,0.10351580451351543,0.8607636739849641,0.00024301446763086513,0.005186680955430445
244,0.007360484571486816,0.06040765840836865,0.9294661868752819,0.0002072746339796936,0.0025583955108828475
245,0.009552752668758973,0.04477575107011049,0.9431094247873162,0.00021747330438795626,0.0023445981694266774
246,0.004405104677921114,0.029846412793580468,0.9647203847274247,9.0420968388949e-05,0.0009376768326846815
247,0.0051170849544527365,0.03237597935570168,0.9601063920874972,0.0002501133222464623,0.0021504302801018966
248,0.06882474526447031,0.3601667616449515,0.5580439128504244,0.0009703607444239236,0.011994219495729808
249,0.0036323518234972992,0.07628376452627839,0.9157586802522866,0.000295099135804392,0.004030104262133244
250,0.012480730225363692,0.11917724429355621,0.8595002486160848,0.0008460114401816312,0.00799576542481354
251,0.014407231662217721,0.2797942612728466,0.7006821697834681,0.0006500311245643784,0.004466306156903076
252,0.011964317020832204,0.5268169054378327,0.453317945121074,0.0014271624842035458,0.006473669936057501
253,0.013636689943397291,0.15092543157934685,0.8312191903868731,0.0014224236675764734,0.002796264422806224
254,0.00466299749781366,0.13020552590471146,0.8574381121287857,0.0017696919909535563,0.0059236724777356415
255,0.035392016925890495,0.2535461716963321,0.6969331668693706,0.00532037920992687,0.00880826529847989
256,0.04047663596943305,0.29067404673418623,0.6571989781750069,0.003158584681269398,0.00849175444010445
257,0.10652383759871496,0.26104145354371056,0.5832140005668179,0.007432771514109006,0.04178793677664755
258,0.1663166105350274,0.5124853493463325,0.10249180557868925,0.07517529382112693,0.14353094071882394
259,0.15867340509956218,0.585148605556982,0.027912831393611285,0.08842965878544282,0.13983549916440172
260,0.24611898564405327,0.3303781754568071,0.004764258497999402,0.019993379491127748,0.39874520091001253
261,0.3663875854968492,0.5782222040442505,0.026027074843817645,0.005784660579942231,0.023578475035140403
262,0.34743765589502573,0.24881417465691097,0.008326115856976415,0.0026337406799045275,0.3927883129111823
263,0.4180725027768762,0.41075319222251405,0.013729954095922163,0.004516457257389973,0.15292789364729784
264,0.2288373243101273,0.6432391786493097,0.04712691117407396,0.022351686465394198,0.058444899401094805
265,0.11544291059337887,0.7790897154211084,0.043581962922154244,0.016586176772569298,0.045299234290789345
266,0.06662504906740624,0.8933717051386123,0.010437783941200224,0.01996680098137073,0.009598660871410505
267,0.00950591252506699,0.9571282709005934,0.019578371297649354,0.012301989594829216,0.00148545568186106
268,0.005635296604304966,0.8280649033210276,0.15528306820048465,0.009610194246232178,0.0014065376279508157
269,0.008079834517564078,0.8915655278073197,0.07857948239839925,0.020415432708786336,0.001359722567930783
270,0.01163693963086227,0.919451421244134,0.03695831532773902,0.029324265122508915,0.0026290586747557436
271,0.06662648201066071,0.8212562179618169,0.015325833000916927,0.012969457489233671,0.08382200953737179
272,0.0339938181582315,0.946471601255698,0.005803041419270306,0.0037282431786544797,0.010003295988145781
273,0.4288105738189514,0.4962103021984297,0.002180814749486016,0.033394950326132475,0.0394033589070003
274,0.09580271622222716,0.8455575228954342,0.0468241836912361,0.004696387449277373,0.007119189741825045
275,0.49744109505399386,0.45125551862621016,0.0007550093361926737,0.021483943780735586,0.02906443320286774
276,0.09919937809971383,0.85585533751926,0.011871910845471378,0.016167251318275552,0.016906122217279225
277,0.06619252187600706,0.8933848382030001,0.02553387877923975,0.007783073405961397,0.007105687735791669
278,0.16568194304828807,0.7715771811405125,0.012655710071792685,0.03257790546206363,0.017507260277343114
279,0.020522465371051707,0.8472013124418927,0.038777198520996474,0.09065496014561292,0.0028440635204462997
280,0.018787116201718114,0.7942574040071835,0.059349632600828275,0.12270000636432106,0.004905840825948892
281,0.007245878955724797,0.8668763962097517,0.04238908680737629,0.07983783393640236,0.0036508040907449715
282,0.016586967029263575,0.6501066256475694,0.01601081223388517,0.31060905947151396,0.0066865356177678355
283,0.04027200366524815,0.6945979251450743,0.0017046248252009931,0.2564946417919557,0.006930804572520699
284,0.020113299221909058,0.6729534058493113,0.000665895141911081,0.3012766455671585,0.004990754219709954
285,0.02451159889125267,0.029194277475311916,1.0081003098453901e-05,0.9428747799135492,0.0034092627167879004
286,0.13335141999127836,0.08524711951140156,0.0008444736400578435,0.7511125604389507,0.029444426418311555
287,0.05264442066118961,0.012122748637858031,2.1443953564780395e-05,0.9264574206518441,0.008753966095543604
288,0.027821942972673794,0.011347134416926087,1.842240660682353e-05,0.957401411299594,0.003411088904199438
289,0.05443437649205972,0.013968427244074853,3.601478966243839e-05,0.9104283695046604,0.021132811969542458
290,0.03817688612935521,0.02736220842901254,2.033219515583596e-05,0.929038503259679,0.005402069986797355
291,0.02669633524036004,0.017314780012473528,3.0108147628363636e-05,0.9420600374116616,0.013898739187876576
292,0.03877950743971055,0.01696502690004842,1.607167537812864e-05,0.9378174633924784,0.006421930592384424
293,0.1961206472752835,0.06690632650737298,0.0005511070956262551,0.6902217270191727,0.046200192102544495
294,0.03201604412608895,0.017157765748161816,6.292417809012192e-05,0.9432914975153271,0.007471768432331982
295,0.11302868799798545,0.015512048689144565,0.00012667443608568442,0.8594784156248577,0.011854173251926727
296,0.048467735932216274,0.00491081440000434,2.5492624823303258e-05,0.9282749384194504,0.018321018623505676
297,0.035761592026733915,0.019720018858643176,1.4330039368228072e-05,0.9346843688486339,0.009819690226620903
298,0.029346140990811332,0.014856410036606702,2.3502647525526833e-05,0.9482007655468931,0.007573180778163206
299,0.19438707296590274,0.021403884509244204,3.14461937686427e-05,0.7606264430141627,0.023551153316921657
300,0.38960392228415947,0.03304965051769537,0.0006518305760091223,0.5134661540915122,0.06322844253062392
301,0.028266568996379103,0.0017691047024578337,1.9606778010137117e-05,0.9637587400635601,0.006185979459592868
302,0.03284398504972372,0.01739826307532064,0.0002377851264506796,0.9316445807989947,0.0178753859495104
303,0.1158999585546368,0.01830258787769894,0.00014749364253707067,0.8269911763444396,0.03865878358068766
304,0.01665586341869885,0.006293638094919162,9.113111060908965e-06,0.9712452831562259,0.005796102219095137
305,0.05475236451508007,0.011113954333964523,1.2465880193278191e-05,0.925545477758377,0.008575737512385103
306,0.06396856235544876,0.03727023690842448,0.0005298905908632907,0.8550087719796989,0.0432225381655644
307,0.10695503792007498,0.05469387898584584,0.0020183158695175696,0.7072205384440449,0.12911222878051679
308,0.03919811826524022,0.01900413980355633,3.083285750151366e-05,0.9299506436768034,0.011816265396898454
309,0.09617423677391561,0.02116221413774922,4.9079002484005334e-05,0.8672475570553246,0.015366913030526506
310,0.07471247140593426,0.01957401688243641,3.1431694884380334e-05,0.8849786421478765,0.020703437868868406
311,0.09366857821707682,0.042497003601104096,0.0002757890927684868,0.5818684259673633,0.28169020312168724
312,0.1067336813783343,0.03279363381794797,8.998446214544126e-05,0.847863969362868,0.012518730978704136
313,0.08534270174756838,0.011804853251227466,5.628880514858147e-05,0.8934139407644779,0.009382215431577648
314,0.0265450178688013,0.006721805732454148,3.637354029175068e-05,0.9404558446722566,0.02624095818619639
315,0.027190485224134895,0.019744263539993725,2.7061946768760782e-05,0.9467389339896313,0.006299255299471398
316,0.03782437916292503,0.02124946469437422,2.8970736960738852e-05,0.9300092702236481,0.010887915182092069
317,0.1917617387300282,0.02757499357416154,0.00012957058100239948,0.7489049891948509,0.031628707919957
318,0.02552863316099083,0.022458334351894788,4.296477865005341e-05,0.9388858801667769,0.013084187541687501
319,0.022277175759532673,0.02654760743984498,0.00018396827086386938,0.9466278631704462,0.004363385359312264
320,0.05671775068821163,0.011735887935900594,0.00010547843091132962,0.9263703093643866,0.005070573580589835
321,0.0481868816084076,0.014791728720856694,4.6404694843441856e-05,0.9265864688972701,0.010388516078622127
322,0.06243719261527163,0.01899756818764483,6.139339345225981e-05,0.8689547140426286,0.04954913176100262
323,0.1354331094814001,0.018363880832079533,8.548511009043408e-05,0.6177271181611785,0.22839040641525138
324,0.19052367917663351,0.07128250856452675,6.739555504191091e-05,0.6816169867748437,0.05650942992895415
325,0.17899694920755524,0.022642240656225856,2.5439330276330307e-05,0.7656381503573515,0.03269722044859111
326,0.07879877465839195,0.06356408740263073,9.966247021235773e-05,0.8417156714777811,0.01582180399098368
327,0.14129922143397006,0.06808000568600764,2.722904014520802e-05,0.7710340106315975,0.019559533208279502
328,0.34592003456315423,0.16049061207323362,0.00029882669725662757,0.4602363936463503,0.03305413302000519
329,0.22154756419330854,0.3126010898154583,0.0006761756045390015,0.45115236779581164,0.014022802590882424
330,0.21176484056274336,0.34218590508253083,0.006052113847331512,0.08261097510983052,0.3573861653975638
331,0.5127058971989168,0.3312412492759365,0.0014559316733519189,0.1258836324029682,0.028713289448826625
332,0.058186559624839554,0.854563877680694,0.005908120980468476,0.07144062158111626,0.009900820132881712
333,0.15834000000848467,0.647805742554251,0.006669602501468968,0.1100911962250433,0.07709345871075206
334,0.07796421304604072,0.8149005070733891,0.0023240068183697344,0.09739392668638357,0.007417346375816999
335,0.04784189160081638,0.8041196759510583,0.0020999146922328765,0.1411951740921977,0.004743343663694777
336,0.0872584308901195,0.67729334703418,0.0013473201791253408,0.2279953938282503,0.006105508068324957
337,0.042769569323864276,0.7382111400762286,0.0010036657346970124,0.21238975200546836,0.0056258728597420316
338,0.049814687524276334,0.7445456068303007,0.02216033494002349,0.17935873423987606,0.0041206364655233425
339,0.11016286690156672,0.5310508094636606,0.007651718846087233,0.3439432927089407,0.0071913120797448
340,0.030975088065216844,0.7269944192799445,0.011996115273572566,0.22715797983668334,0.002876397544582669
341,0.0134262740807942,0.8409184247126356,0.012589447506079977,0.13104869884699397,0.00201715485349637
342,0.016847626508005975,0.7383880530173259,0.03078942811945908,0.21166055375813392,0.002314338597074989
343,0.01746424668439246,0.7345275561134061,0.01905070655750926,0.22616690439903522,0.002790586245656923
344,0.026312118028810446,0.7282736335123023,0.014023357435081388,0.22563711128989405,0.005753779733911772
345,0.02991200259358625,0.7796238752908693,0.022157658757562773,0.1642316006060561,0.00407486275192573
346,0.04334971549863377,0.7718653648689456,0.044323572050390975,0.1341815703119258,0.006279777270103748
347,0.041808572442143456,0.63408310355211,0.03521645297443574,0.28383330383267347,0.005058567198637497
348,0.0132143097550781,0.8294684813632215,0.0821444674524427,0.07140231530566872,0.0037704261235888626
349,0.009277956022615151,0.8658212488855231,0.10605178576961967,0.016883496328369458,0.001965512993872516
350,0.014880563957547251,0.9223867558560189,0.04897233206211363,0.01012886687141693,0.0036314812529034063
351,0.011779435252543703,0.6984279107793389,0.27464677556480893,0.01172392552128725,0.003421952882021341
352,0.008884208760780004,0.8404068464340371,0.1390015171016963,0.008546005758962577,0.003161421944523917
353,0.008301982204766769,0.7680911027119098,0.2121771000064008,0.008043609160029263,0.003386205916893408
354,0.0190702322145668,0.8926568457344073,0.07819776204190611,0.006139782956382166,0.0039353770527377
355,0.01047202856329683,0.48881990214502075,0.4968086987894058,0.0016448717281200727,0.0022544987741564895
356,0.004758731257889301,0.4312806361223593,0.5595207612319417,0.001598276602948125,0.0028415947848615176
357,0.0036134828051570277,0.4483408202551907,0.5455174148755246,0.0007131655621001803,0.0018151165020273462
358,0.018355917785730598,0.3693072963107306,0.6023324969837679,0.006542883316341334,0.003461405603429465
359,0.005694854642843067,0.5903545147637209,0.39568175334292727,0.004141553076606458,0.0041273241739023265
360,0.00562992010852788,0.46416918166008886,0.5236709661704437,0.0027443640064667243,0.0037855680544728832
361,0.0045700772510192285,0.2088023260324086,0.7828771072886757,0.002289338507635406,0.001461150920261066
362,0.009517552926773904,0.49485860326825243,0.48654650291600493,0.004778170685205666,0.004299170203762931
363,0.01165013718332924,0.32625117811919324,0.6555045306373103,0.0029061629099758654,0.003687991150191268
364,0.005226879137057429,0.13763648962956207,0.8484930523342767,0.005049755756050661,0.003593823143053121
365,0.006304541182250936,0.2771447169135555,0.7084149437900622,0.004901439471907532,0.003234358642223776
366,0.029019386662143588,0.5935049989765573,0.35470609505643563,0.015012769490510999,0.007756749814352547
367,0.018743129211165065,0.6156801867714263,0.3292821140380737,0.029177476950700564,0.007117093028634292
368,0.04977688102585657,0.39891537158290935,0.47401466436871664,0.008396024673149982,0.06889705834936732
369,0.12436909831510468,0.2192548794773763,0.006846373112156821,0.022676874537741573,0.6268527745576207
370,0.3031009563733479,0.5833843378939966,0.03324240618082297,0.02115038756461249,0.059121911987220006
371,0.5420778001435367,0.2420840293330044,0.033874456263217674,0.007590041124054964,0.1743736731361862
372,0.3095169881592309,0.5485664679689858,0.013584244833169461,0.01880385638046981,0.10952844265814403
373,0.1604947329207692,0.31945567012157217,0.012590329675042021,0.033607505275939864,0.4738517620066767
374,0.538747199544921,0.35700173563096493,0.009497985137532312,0.04410511830566312,0.05064796138091846
375,0.28494645308960714,0.22471456375186077,0.011191888673459775,0.06713906784964871,0.4120080266354237
376,0.17897877064169762,0.6271466266412113,0.009466765797973838,0.11944578353214086,0.06496205338697646
377,0.18008535259672753,0.4877896846215751,0.0010813716739696473,0.30890480304276613,0.022138788064961685
378,0.10298618300299088,0.6447378933712496,0.004126377231447168,0.24096144952274803,0.007188096871564203
