epoch,N1,N2,N3,R,W
0,0.015278741575861097,0.0006862662711988888,0.00011024333526085544,0.00024715290303399333,0.9836775959146451
1,0.02429422820853313,0.0013193557772094506,7.163996087487642e-05,0.00021340414195992926,0.9741013719114225
2,0.012532115712190489,0.0005823093262599939,3.221148437381594e-05,0.0002555511760939929,0.9865978123010818
3,0.0009352722565254902,0.00041426296862351325,0.0002088774239307564,2.027777947654944e-05,0.9984213095714436
4,0.0004011680777630775,0.0001379721671537682,0.00017320053589285522,1.9424891447161615e-05,0.9992682343277431
5,0.0038553618888419183,0.000943654210471946,3.4326388775285866e-05,0.00022630926074799698,0.994940348251163
6,0.0005100302575711057,0.00015133128940401938,0.0002538574463752418,1.619560228751609e-05,0.999068585404362
7,0.00121228402216819,0.0011595538153059439,0.0006596990510436099,0.00021051021128443509,0.9967579529001978
8,0.0005690130835551135,0.0006345897136655327,0.0007948542581669494,3.510838898597756e-05,0.9979664345556264
9,0.0005581672460378207,0.0005580991473727693,0.0006179664987077319,6.738966376099319e-05,0.9981983774441207
10,0.0024768197988817363,0.0027478742673216726,0.0017625578512955023,0.0021211617248486398,0.9908915863576525
11,0.0066574710919352804,0.0029176839702066636,1.4028536975887987e-05,0.0008805050391701144,0.9895303113617121
12,0.01349395463080057,0.009958946766773126,0.0003223926843407025,0.00040202813214820174,0.9758226777859375
13,0.059100153205117065,0.04933544925386129,0.0064504203605058675,0.0003453618455107862,0.8847686153350051
14,0.011233019382038443,0.008907651443833094,0.0048300725815846835,0.0005398521412082934,0.9744894044513354
15,0.03177606959286827,0.042908205629725554,0.0004373895770969344,0.0029827264599163903,0.9218956087403928
16,0.00891056191359634,0.006370889167006333,0.00031781599686286606,0.00041280128509323317,0.9839879316374412
17,0.01880245238677224,0.006563137997774564,6.94505895152211e-05,0.0015997813507795035,0.9729651776751584
18,0.011603825253414293,0.0026704125902645617,2.467270132503485e-05,0.00038320750032822155,0.9853178819546679
19,0.014919048295878382,0.0022574744976185273,7.287601015942579e-05,0.00026638085631990423,0.9824842203400237
20,0.06805594899624932,0.0057786671885503085,0.00012494516414155433,0.0005883420282716202,0.9254520966227872
21,0.041783111315986776,0.0016293472151863663,1.933311719263001e-05,0.0005901748031812549,0.955978033548453
22,0.1790239564031177,0.0430476449252198,0.0007028421480559767,0.0018914004741363744,0.77533415604947
23,0.15353507818945772,0.016372494580616365,0.00041561147071992346,0.002508719307922675,0.8271680964512832
24,0.23238726471700086,0.4255588442884508,0.06100498402710204,0.005040967238263188,0.2760079397291831
25,0.23382263273129067,0.5277693111372609,0.04761169563657563,0.008291896336052769,0.18250446415882005
26,0.04967636354497073,0.6455436586135506,0.24092462594133446,0.004166779871941329,0.0596885720282028
27,0.015087982171956971,0.9208029013247038,0.04041233792204592,0.0033184524080532543,0.02037832617324013
28,0.01696581564385988,0.6067480210930704,0.32731749451948783,0.0021648657892908304,0.046803802954291096
29,0.13719810404862018,0.06607751451876652,0.0005334838585387237,0.021764529046247785,0.7744263685278269
30,0.07134233307909041,0.017858132347768268,0.00010633536680732586,0.0028498682041940403,0.90784333100214
31,0.2750594300164233,0.4506124676501437,0.03163366360562135,0.0017747260562547865,0.24091971267155682
32,0.5162177292443358,0.2827674299462033,0.020898033869924594,0.0009501910985046693,0.17916661584103166
33,0.0478848474283448,0.46891823240886965,0.27783808537382765,0.0019971588555394485,0.20336167593341842
34,0.07039359236925476,0.5241134593311605,0.13023318785924273,0.004149994778040905,0.2711097656623011
35,0.03561398055755027,0.43867568599347717,0.20203174413254626,0.002911884456451421,0.320766704859975
36,0.059407392898188444,0.42364007410177196,0.210513737014678,0.0018674870857910773,0.3045713088995705
37,0.01285042461394602,0.3316967534733421,0.6293156155430611,0.00045698095792409785,0.025680225411726775
38,0.0028010915345121515,0.26317122874323745,0.7281876195757936,7.974226964498665e-05,0.005760317876811948
39,0.0066849425143316165,0.546131233942232,0.44199562860666963,0.0001566296337437773,0.005031565303023115
40,0.007170523625810917,0.6758723776547056,0.31229173785561654,0.0002297430508548906,0.00443561781301191
41,0.00545713483678459,0.7707508321996297,0.21546167914976752,0.0004012841771187334,0.007929069636699388
42,0.011293247389421017,0.7132525744888575,0.26216776971467143,0.0005316753876354947,0.012754733019414452
43,0.006643499313125648,0.6780336212205529,0.3045898381389972,0.0005717775634637262,0.010161263763860425
44,0.005728392110976951,0.6689091850291792,0.32127545570625693,0.0006269203001818319,0.0034600468534050333
45,0.007103300201448638,0.49874276144391533,0.4823682677548562,0.0003428986218333718,0.011442771977946582
46,0.005843324854907451,0.6965813483083002,0.2910740464932701,0.000747485936676293,0.005753794406845777
47,0.006072872438986866,0.48454076943963786,0.4949515887105848,0.0008473479472798123,0.01358742146351064
48,0.004197012066488089,0.4168156219268467,0.5756562494562841,0.00045986038450034463,0.002871256165880885
49,0.00758352443729417,0.4463987277409626,0.5375592177672105,0.0024552643008214007,0.006003265753711255
50,0.005225572889783197,0.4731896908603914,0.5082042294832179,0.00725201411085205,0.006128492655755525
51,0.02307683079487442,0.567483981833876,0.37018888870705285,0.00878580521778124,0.030464493446415268
52,0.3180400272228861,0.23169642815492295,0.00025598785598701586,0.11101820089537422,0.3389893558708298
53,0.15625044688691514,0.729535167156447,0.004412456947034277,0.021198854840595905,0.08860307416900774
54,0.03998472249293877,0.01744678113507615,0.00016367415177732678,0.0028270968990309524,0.9395777253211769
55,0.0780390920148245,0.021901717028807062,0.00023990470457682688,0.0009525259540225687,0.898866760297769
56,0.16613932608337634,0.016538213676884475,1.4828243113767452e-05,0.0018787763931887311,0.8154288556034366
57,0.4055302744804988,0.22613502978014885,0.0013100205438115924,0.003254113550496442,0.36377056164504434
58,0.3720203955185907,0.46370228731347785,0.006180917338137078,0.0058399789841508225,0.15225642084564356
59,0.14271101386871704,0.08917891261703863,0.0005583836232800528,0.007003600289977536,0.7605480896009867
60,0.22819939164195333,0.4315313171965835,0.0058745390415019675,0.020882724772593765,0.31351202734736733
61,0.20509878617153132,0.573385270591206,0.00902398361295966,0.016822781064202395,0.1956691785601005
62,0.053389633570162895,0.8463467505219845,0.06171500787938741,0.004047108312970038,0.0345014997154951
63,0.15566697055912262,0.15362795894754228,0.0006635790706318668,0.026720880805077497,0.6633206106176257
64,0.2850409984694686,0.24808311025868213,0.0034960371062759616,0.04483370676380662,0.41854614740176677
65,0.29115132223022744,0.4713014558941498,0.012073763445637728,0.08031584067265889,0.1451576177573261
66,0.3016335476944064,0.10703348654509874,0.00033495388460054795,0.021921446508066083,0.5690765653678281
67,0.3789964058784136,0.07547499715881092,0.0001032345247571143,0.015602605407033425,0.5298227570309849
68,0.4579173014765286,0.2617683545100988,0.0002514334450725358,0.00955142258099958,0.27051148798730057
69,0.2749179570348767,0.6406413781852942,0.013708677949938646,0.005204076535239889,0.06552791029465034
70,0.15337333344674142,0.6873898896072531,0.03782318500188119,0.010304001564913907,0.1111095903792103
71,0.30817803823327555,0.32076008831704145,0.0006194381025330947,0.24158479416291412,0.1288576411842358
72,0.05482627071859751,0.8120227672736569,0.038300565857360656,0.007851011911100197,0.08699938423928462
73,0.06834845125268711,0.03751328250296856,4.6167920738381446e-05,0.009866728512231714,0.8842253698113743
74,0.2387582314228091,0.10643391962931595,0.0005951944213386072,0.03088976985952323,0.6233228846670131
75,0.09537387485888628,0.05847632474884949,0.004312682683303566,0.010781950745082728,0.8310551669638779
76,0.013076385032217579,0.00576029309285674,8.80674892656372e-05,0.0019526533746501158,0.9791226010110099
77,0.01451513903646569,0.007429343640728242,6.242746844143875e-05,0.006312120593705984,0.9716809692606586
78,0.004096946553441301,0.0006900605042631489,2.2139569575193785e-06,0.0008573373338442685,0.9943534416514938
79,0.0016719072726432437,0.000492568734992025,2.292611106863806e-06,0.00032253032064270685,0.9975107010606151
80,0.0037932457432200838,0.0005094687540012835,7.289947162423399e-06,0.00044883057221468525,0.9952411649834014
81,0.004776870742926772,0.0006467418605822108,7.373262054329954e-07,0.0002083928618977977,0.9943672572083877
82,0.0028286432960297797,0.0007398694896383517,7.84631805414011e-06,0.00038209618022678115,0.996041544716051
83,0.005383158450900737,0.0010857939893063565,3.0905286490811166e-05,0.0006918255415797785,0.9928083167317222
84,0.0012686603093001489,0.000256499033480327,1.31851093255012e-06,0.0001254902734462581,0.9983480318728406
85,0.0012411182756222462,0.00029226756995131756,1.8893359218525112e-06,0.00011005828243978003,0.9983546665360647
86,0.003560320257052795,0.00043269611407526995,1.1276907189837373e-06,9.48124287154756e-05,0.9959110435094376
87,0.006601586169226534,0.0009709808745551221,1.8695032271427724e-05,0.000674097152910442,0.9917346407710365
88,0.002195086224650133,0.000272392708766563,1.3070919885143618e-05,0.0002879230125703842,0.9972315271341277
89,0.005679259298526665,0.0007261244796773983,1.755944747230474e-06,0.00020951896232191013,0.9933833413147269
90,0.003798877703002032,0.0005361521628853247,1.7236712525810964e-06,0.0001597145339477332,0.9955035319289124
91,0.004772256777973443,0.0005138395105837235,2.8766703991532628e-06,0.000166544318062053,0.9945444827229817
92,0.01577223841957466,0.0014023167903979678,6.650769317493456e-05,0.0005822678016833679,0.9821766692951691
93,0.020117801268737894,0.002083962322483502,2.8498063912589116e-05,0.0006789303076430091,0.977090808037223
94,0.13405910296300996,0.010087705169742297,0.00018969288960470114,0.00602952330559557,0.8496339756720475
95,0.013276708356882437,0.0014130489385230274,2.284148833958903e-05,0.0007832568629314599,0.9845041443533235
96,0.06133685941092014,0.0025906180896021628,3.4947861743958624e-05,0.004271575940572142,0.9317659986971615
97,0.2641500946807527,0.038420996811441926,0.0004990021402905985,0.03554481451345567,0.661385091854059
98,0.1555783347525685,0.11892620177509798,0.0035989300349188037,0.04309065937689796,0.6788058740605166
99,0.013419668345646445,0.004220952939613933,9.350842045313212e-06,0.007465341197249551,0.9748846866754448
100,0.04494383030341208,0.005594392508149517,7.489442159562617e-06,0.010449217587622314,0.9390050701586565
101,0.03370368688588916,0.005962359167445357,0.00014999882734079056,0.003302053580771826,0.9568819015385529
102,0.008994640035015794,0.001205247737677496,3.3857259709185945e-05,0.0018287752034329612,0.9879374797641646
103,0.011611931880502519,0.0021576959771810737,4.3454716092638767e-05,0.001611714987302931,0.9845752024389207
104,0.009619149149053484,0.0013570023769441729,2.221188650413382e-05,0.0023367022148299927,0.9866649343726681
105,0.008069667990089319,0.002284517760460423,1.3418038783288751e-05,0.0013738980120231424,0.9882584981986439
106,0.013355079878814147,0.0017916850803240084,7.136085793900334e-05,0.0015921888087370348,0.9831896853741859
107,0.005243944732442253,0.0016093754580164584,0.0011881657801525458,0.0005914851352790618,0.9913670288941097
108,0.004186923910596965,0.001226486807536271,5.812950728638413e-06,0.0015802360497259656,0.9930005402814122
109,0.0076565761831394845,0.0013084352599159823,7.900350101751062e-06,0.002738431480498013,0.9882886567263447
110,0.0019966941842142327,0.0008644305568297591,4.813439573855323e-06,0.001104289849863108,0.996029771969519
111,0.004098356999512042,0.00042242731109984284,7.683944550821247e-07,0.00029180500579254647,0.9951866422891404
112,0.0022710553100363626,0.0004573699768285257,3.990290634732744e-06,0.0005436316199718559,0.9967239528025285
113,0.004457031576227099,0.0005870428738996055,5.776647415992224e-06,0.0009567894476658629,0.9939933594547914
114,0.005261198380020994,0.0006428925600506827,4.143023353480399e-06,0.0012249438075333482,0.9928668222290414
115,0.005196525355566506,0.0005009183813068585,1.2189783316510268e-05,0.0019634923017752062,0.9923268741780349
116,0.034178607987300484,0.001312443172266873,5.921274285290928e-06,0.005923996062950497,0.9585790315031968
117,0.004986123968584789,0.000724780028242537,5.395772028246104e-06,0.0012070780072318697,0.9930766222239125
118,0.0028292786494595783,0.0004474762624443672,1.4551450672047289e-06,0.0008620195889078766,0.995859770354121
119,0.003779930359576103,0.0003494739319645146,1.8737837228854148e-06,0.0005592112630736784,0.9953095106616628
120,0.004982982601733989,0.0008896980931685758,2.447580028308673e-05,0.0006243175083427834,0.9934785259964717
121,0.004223253141621848,0.0003693504901605307,2.1977961789108063e-06,0.000521275789851511,0.9948839227821873
122,0.007134523139741596,0.0004749156791245587,3.80303664560812e-06,0.0011657937296559449,0.9912209644148324
123,0.0036541421103420016,0.0006162764494650958,5.727663610419945e-06,0.0008717198200963228,0.9948521339564861
124,0.005531142948264559,0.0013936928844438354,6.592499119054994e-05,0.0009820501905584277,0.9920271889855425
125,0.0036944809633352245,0.00045089611197969315,2.1428797466929736e-06,0.0008989631292989069,0.9949535169156395
126,0.005708333475211538,0.0011463243260305402,2.024860189370507e-05,0.0009490137554675137,0.9921760798413967
127,0.006865132092579147,0.0008157282883176737,1.2958055836966452e-06,0.002057933350642824,0.9902599104628766
128,0.006685561269717861,0.0010710673207565788,5.248408441887287e-05,0.0032856185009460903,0.9889052688241607
129,0.005322882713369479,0.00060638275210857,1.4858602946426884e-06,0.0020526667422152843,0.9920165819320121
130,0.0027637619096432795,0.0008887876603000403,6.0596244000034914e-06,0.0005912530829717031,0.9957501377226851
131,0.002641428437634986,0.0009205931045159812,9.954915515417054e-06,0.001100615156131249,0.9953274083862025
132,0.014315579043945065,0.005326012902562343,0.0006223274074593088,0.0036048146908495087,0.9761312659551838
133,0.014935024890209654,0.0038481477714824137,6.147536812845165e-05,0.004969855734723687,0.9761854962354558
134,0.0029514594560632627,0.0026302114991786974,4.080602237670082e-05,0.000644120862323846,0.9937334021600575
135,0.027095438438224814,0.0058733863116968935,5.598271197709812e-05,0.001396165213559183,0.9655790273245421
136,0.2564770609604041,0.09044950392461572,0.0006043781238062709,0.026239091628315794,0.6262299653628581
137,0.16322372316032002,0.02433919062230439,9.241479531318967e-05,0.033821777913626255,0.7785228935084362
138,0.1110694501202866,0.07439687884245624,0.004051191562329271,0.10746061728166996,0.7030218621932579
139,0.20661440747892656,0.21055526809945188,0.005124906098542154,0.22309299781822856,0.3546124205048508
140,0.08316437510759427,0.0225396306379831,0.003016755716520473,0.06366260352253388,0.8276166350153682
141,0.12468051431560757,0.23214894795434582,0.020492983383076,0.12440720692216455,0.4982703474248061
142,0.14821799932363414,0.5164565848024009,0.054491191777416376,0.09382891753772454,0.1870053065588241
143,0.12150996372658407,0.4983321757077075,0.11885399316630872,0.07658413833632068,0.18471972906307904
144,0.20832870983350935,0.2806916769099914,0.0013237839987435501,0.19465272734203645,0.3150031019157193
145,0.07578402009414391,0.19208860078311488,0.014673148990581347,0.13543857928142072,0.5820156508507391
146,0.01185123897462531,0.004065033545519969,2.949603008114954e-05,0.03689495617734419,0.9471592752724294
147,0.0737797225666563,0.014428617499090293,0.000636487701879095,0.025532369560313663,0.8856228026720606
148,0.26389552256940546,0.14510159903582684,0.008619293032585839,0.12900001808114256,0.45338356728103935
149,0.24382599496655155,0.052938100554507886,0.004371468251294028,0.06494905929785175,0.6339153769297948
150,0.16919111728953953,0.11167041052948146,0.0007027729144540917,0.08606615421985694,0.632369545046668
151,0.034898218567070975,0.053567234607171,0.006380034704290253,0.03667027244896699,0.8684842396725009
152,0.05512834967297188,0.04653015606707968,0.002017465206410952,0.04296288441792057,0.8533611446356169
153,0.23291361109963385,0.21531977079375503,0.007971784594578275,0.12553935371975594,0.41825547979227684
154,0.17159027651358966,0.05086826097207548,0.0023594873317378372,0.059129237589235425,0.7160527375933615
155,0.15213959094816493,0.6302567543308678,0.0719971338705736,0.06757952926617791,0.07802699158421578
156,0.11803308729528025,0.28078067559576203,0.01336130093750757,0.1113997786677786,0.4764251575036715
157,0.3183080596480807,0.33297044060332476,0.0008246475130094712,0.11003869874762927,0.23785815348795591
158,0.13883691887467234,0.08081889300313053,0.0084689659962321,0.05239109962927999,0.719484122496685
159,0.14030896793811726,0.12721041909232939,0.003469298327120448,0.027219727113254457,0.7017915875291785
160,0.1898641163063582,0.32832227639320344,0.010531213653150434,0.013714739597944102,0.4575676540493438
161,0.13207523698887136,0.7917084678336462,0.0073650086457373925,0.012575767141407509,0.05627551939033764
162,0.06765484171507985,0.614220858761736,0.20219351324370097,0.002452596494364053,0.11347818978511902
163,0.0956584352103788,0.7989536127254208,0.07845723452231591,0.002449481827154107,0.024481235714730508
164,0.1239065377901831,0.76639373675783,0.08091767369688618,0.009218848635528538,0.019563203119572308
165,0.013791359728589582,0.7005998983907498,0.2702744424621534,0.0028402187115311806,0.012494080706976185
166,0.02864968548728721,0.7384428280345253,0.196834579594335,0.004115339089021264,0.031957567794831124
167,0.0914155457802699,0.4860161639375849,0.022457769343791772,0.006301463766610944,0.3938090571717425
168,0.13741460720976467,0.4828939217717968,0.026231411556793757,0.014331593978391339,0.33912846548325354
169,0.038721238193336144,0.06919395929491295,0.026984604161364376,0.008788681361174036,0.8563115169892125
170,0.09639495136317583,0.18954669039790192,0.008062859475212548,0.029622615475484945,0.6763728832882248
171,0.02757820366177525,0.013144369941258496,5.713445877214308e-05,0.009042708644977296,0.9501775832932167
172,0.025927814259945874,0.023058346962171315,0.00023074868164195213,0.0077609496054553305,0.9430221404907855
173,0.13941541881984273,0.2758857428296535,0.0037256041119245937,0.03379366151588742,0.5471795727226917
174,0.012355215596974795,0.006937380225634442,0.00016258065315641486,0.005548229115903819,0.9749965944083305
175,0.008605211836937498,0.002623848654945288,4.623030691897943e-05,0.002287393176820148,0.986437316024378
176,0.015343558604075776,0.005185148397940353,8.785237145163423e-05,0.002751213183609185,0.976632227442923
177,0.01681790794380654,0.003261146641672575,1.887893080114379e-05,0.0024089563052254997,0.9774931101784943
178,0.011716313405063208,0.005264666755597736,0.0001967129401489523,0.0027992248561065944,0.9800230820430835
179,0.010606916027835507,0.006503001151552914,1.6342263811003333e-05,0.0022785608586541497,0.9805951796981465
180,0.009572681739896139,0.005298120229576655,0.00038190384764019453,0.0018064734860734686,0.9829408206968135
181,0.02404068313694535,0.003915693169552277,2.681877968831374e-05,0.0041112139547148,0.9679055909590992
182,0.01993888362638426,0.004347578281070756,0.00014332357101702573,0.0015196576720687477,0.9740505568494591
183,0.022676540836631752,0.00397304150953177,4.939248268678325e-05,0.0032323794076239195,0.9700686457635257
184,0.0924190786004646,0.056045153227020174,0.0005060916561672658,0.011665123782462207,0.8393645527338858
185,0.03362400920830548,0.038764372956711736,0.0008868630492100556,0.010008362622839015,0.9167163921629337
186,0.021201469650238943,0.007070863733775749,3.019719730394052e-05,0.005087090163591578,0.9666103792550897
187,0.028291222763507325,0.007911836518475417,0.0001414986140610264,0.010463716814784054,0.9531917252891722
188,0.16683211998581277,0.06631013905382145,0.0002674743521594184,0.07896946553309056,0.6876208010751157
189,0.04088429025829841,0.019956517681779428,7.560312795994533e-05,0.022434211256453028,0.9166493776755092
190,0.11335146615962284,0.048396326125820587,5.0486307238335194e-05,0.025203280316067424,0.8129984410912507
191,0.16580185159902688,0.08144128130160762,6.500439226679483e-05,0.031998570296500696,0.720693292410598
192,0.08169437950181399,0.060207624954833665,0.0004453305977430997,0.011105107307758662,0.8465475576378506
193,0.0403996502917783,0.020893923663295018,0.0007768849311335,0.006384938285773574,0.9315446028280197
194,0.03976123691907693,0.017886181317573684,0.0006430624278041919,0.005746268839631634,0.9359632504959136
195,0.11618456737184217,0.02742655613654472,0.0006485767231655993,0.003666553881578066,0.8520737458868695
196,0.04949958449049342,0.017026551294398434,0.00025094928586634295,0.0017103942434038468,0.9315125206858379
197,0.1392395745615749,0.025392166790449033,0.00037664138281756046,0.0010828963966032447,0.8339087208685553
198,0.05811039056076726,0.02506190231261133,0.00011728172873456806,0.0009558917406802985,0.9157545336572066
199,0.003542083774826058,0.006452550047725665,0.000103378923520085,0.0007572629120718062,0.9891447243418565
200,0.0026216904497086226,0.003300143373703175,6.301043742590317e-05,0.0008169884826324713,0.9931981672565299
201,0.0018474630449366797,0.0033281973776212452,5.297320057330201e-05,0.00032863830639106304,0.9944427280704776
202,0.0016474147826464362,0.005451621063508455,0.00018127093732875707,0.00022290908304093934,0.9924967841334753
203,0.011742160237612412,0.022107866832922804,0.0022422625873371586,0.0005086216325718569,0.9633990887095558
204,0.016135671915985805,0.009743698678422421,0.00014505624356412472,0.0019438424836495936,0.972031730678378
205,0.004832222781762716,0.008336587845677729,3.706708229091895e-05,0.003916920262860967,0.9828772020274077
206,0.0075819803871171034,0.002040382802507244,8.566267461480639e-06,0.003919355749569068,0.9864497147933451
207,0.1164239188374501,0.03351236751727481,0.0007782450987339322,0.007017159120837472,0.8422683094257036
208,0.006552405233843021,0.0013659368865806053,2.2692853314431104e-05,0.0010144182987639634,0.991044546727498
209,0.00890401775438372,0.0027096480707097088,0.00012037999256058782,0.003815627935231576,0.9844503262471144
210,0.004547508066630325,0.001288308089582797,5.754962389729371e-05,0.00202899905540062,0.9920776351644891
211,0.044370400529332235,0.004305065585464669,0.0001730954827404336,0.007622511410660417,0.9435289269918024
212,0.012879511527981112,0.001996999953986954,1.4286612988330732e-05,0.0031305225370125748,0.981978679368031
213,0.10446290014878343,0.006024180870689307,9.005616404540146e-05,0.01409928295989347,0.8753235798565884
214,0.5601943613749476,0.13009553457444933,0.0008795918767565795,0.15863521069754732,0.15019530147629917
215,0.0549560346965034,0.006490440054475452,5.513322744907108e-05,0.032027379351853,0.9064710126697191
216,0.537948055924067,0.19990208786104352,0.0018740102798721072,0.12384467561077254,0.13643117032424476
217,0.6027501407898301,0.05086889517138736,0.0006494309389040577,0.09696420586050915,0.2487673272393693
218,0.351818589021137,0.2565203941337005,0.028294610748501838,0.13092802903834022,0.23243837705832035
219,0.41442627847192265,0.2860612112131738,0.0016202618895274565,0.27474960017790423,0.023142648247471698
220,0.07681637522227298,0.8050640810819674,0.06949069021591528,0.03878362202022746,0.009845231459616962
221,0.0652725578261553,0.7421550251936636,0.14860132339097704,0.02932057379168479,0.014650519797519225
222,0.07364776123544364,0.8194052470236335,0.0865402832546406,0.009815594286533036,0.010591114199749297
223,0.013777498616798178,0.8213891242745801,0.1515717862835751,0.008003462937833852,0.005258127887212794
224,0.029392069568683753,0.7547537039145364,0.19974815412707822,0.003953384671730466,0.012152687717971178
225,0.011549179522097266,0.9203180784833884,0.06282093903989598,0.001957206780892117,0.0033545961737259486
226,0.01853378474346941,0.8120805976687723,0.16248404785051407,0.0027464664220077325,0.0041551033152364
227,0.0313154815224339,0.747781254315277,0.20784926721138258,0.003800491849757364,0.009253505101149143
228,0.03105915153542014,0.9091445625849767,0.05162189358132845,0.002982683187998344,0.005191709110276415
229,0.01338126770822621,0.8821056925193741,0.09833328384743405,0.002402347837511972,0.0037774080874536393
230,0.013330828250519629,0.68201086827471,0.2993521340634058,0.0018160708980875522,0.0034900985132770954
231,0.010040461714546913,0.6091787046664915,0.37463580150100334,0.0026210477593586077,0.003523984358599437
232,0.0026257022732318644,0.4959528108490428,0.49788066381088314,0.0018281538480411047,0.0017126692188008826
233,0.0025908784167422384,0.4978921484442295,0.4968699695826416,0.0011445183865486175,0.0015024851698379525
234,0.0018034577825511906,0.7844954280104373,0.21130658034262967,0.0006740159103047151,0.0017205179540771345
235,0.0034818701568222464,0.4191154065048824,0.575421596310972,0.0004926219857890919,0.001488505041534256
236,0.0043180575738036835,0.5506234971472402,0.4424021605741754,0.0006326336423719211,0.0020236510624088277
237,0.003000587361883171,0.4420813034399597,0.5531697200007408,0.00030909381310068496,0.001439295384315591
238,0.0018945203210336758,0.3951606047028332,0.6010113937033361,0.0003045096682291899,0.0016289716045678239
239,0.0019498588658992666,0.37995173201811194,0.6170806977064904,0.00024033336823499774,0.0007773780412633402
240,0.004050971870036382,0.5767508640871003,0.4160617466355905,0.0006409047376937952,0.0024955126695791127
241,0.004563222216241112,0.5071780668696941,0.4851157083717885,0.0004660113755686865,0.0026769911667074713
242,0.0602963215618684,0.6279503262599697,0.28078084405118153,0.0020888500768216473,0.028883658050158727
243,0.00391060437041355,0.27606108465961543,0.7154992026016799,0.00048480302175477573,0.004044305346536377
244,0.016314263509450172,0.5709131305135534,0.40212203960217024,0.0009923681980564584,0.009658198176769736
245,0.006494748777904658,0.3425538152214942,0.6462370642626823,0.00038338780320511126,0.004330983934713631
246,0.1793199316781332,0.6624386293550794,0.10730299908851229,0.0030700692926052113,0.0478683705856698
247,0.04748295360482892,0.7916307271550698,0.1208658953186773,0.002756590177752082,0.03726383374367208
248,0.06459851802508537,0.7754364687784007,0.08463327730764819,0.005801964445790379,0.06952977144307528
249,0.06201707924753463,0.6980170615987141,0.20800819625168895,0.0027770532405321656,0.02918060966153
250,0.09485964123663815,0.8043786888082244,0.06242641213093447,0.002402076862371217,0.03593318096183176
251,0.03922953467635731,0.8061764855976762,0.12930445378793068,0.002282817754742757,0.02300670818329329
252,0.008281628073145513,0.6051334995971823,0.3784828490199647,0.00070325469904983,0.0073987686106578385
253,0.012989320762797386,0.77725529885773,0.20247294167960203,0.0009175823975241178,0.006364856302346559
254,0.002804652833694602,0.471753037868932,0.5219275691016378,0.0007573217749899117,0.002757418420745696
255,0.004409009107448987,0.4380834682512813,0.5539086722859096,0.0010030264905432477,0.002595823864816882
256,0.0013036952984561416,0.24277183144805764,0.7543850843711298,0.0006272444645478102,0.0009121444178086435
257,0.0030054984469497464,0.45284707718804806,0.5411447008154892,0.001286954690392631,0.0017157688591205305
258,0.010276848352548109,0.5506953493692531,0.4309056739370669,0.0011849005713071047,0.006937227769824819
259,0.03402382798842605,0.8460536353483047,0.11190670489690821,0.001693439259138525,0.0063223925072225205
260,0.0016781203547850052,0.21147963177594606,0.7862349171343905,0.0002217971830260698,0.0003855335518522478
261,0.0025852577318896367,0.3135635513049636,0.6824883189773298,0.00030639529178053967,0.0010564766940363373
262,0.0011591461592414171,0.20593614723664297,0.7919897717921535,0.00012862503706074694,0.0007863097749014525
263,0.0010433830611933695,0.22489131612273425,0.7732699138472583,0.00023708543237514531,0.0005583015364390545
264,0.00024053556709756772,0.11980711373632615,0.8794915107667782,0.00012747883706186786,0.0003333610927361314
265,0.0011793242206754213,0.1700794682175371,0.8277297852510309,0.0004805465021081579,0.0005308758086483937
266,0.0021155109713112507,0.2621932794399434,0.7342027853836894,0.0007911924696366948,0.0006972317354191023
267,0.0007162170849601074,0.21168640422459867,0.7861609162808176,0.0003768683843693931,0.0010595940252543447
268,0.0004952831416594848,0.19489975867528583,0.8037448761806901,0.00022207856090512612,0.0006380034414596135
269,0.00306398515742171,0.22501092708194625,0.7689526323199694,0.0009745799693464749,0.001997875471316179
270,0.001019874432067369,0.2216676252845762,0.7763475779534577,0.00027885480484237014,0.0006860675250564572
271,0.0005520777008071505,0.12315121024644131,0.8756757245266716,0.0002225510975742688,0.00039843642850577574
272,0.0002527381549085419,0.07499660132147049,0.9244059927667182,9.848801831032031e-05,0.0002461797385921942
273,0.00034713974475791696,0.11195750292745839,0.8872637526223272,0.0001268285624352041,0.00030477614302148803
274,0.0005101187906336123,0.08300556488427802,0.9156577028349213,0.00047785781461160976,0.0003487556755553862
275,0.001490674824650351,0.20429840332447854,0.79203142230883,0.0008939968091228649,0.0012855027329182157
276,0.0010629320312761828,0.1757141867534437,0.8222178561307545,0.0003547068989905468,0.0006503181855350183
277,0.0015199315577995656,0.21346789604233504,0.7832610728596908,0.0003943675609339302,0.0013567319792407522
278,0.003189347929596006,0.41204586437084295,0.5829209990764062,0.0004359667999711727,0.0014078218231837294
279,0.0005366617160923072,0.17755803587555052,0.821139778507308,8.386888141946911e-05,0.0006816550196297394
280,0.0013058744593319185,0.22519336651668392,0.7720394053651242,0.00016913041178191702,0.0012922232470781105
281,0.0011774535558170453,0.27067615267249223,0.7264115794685017,0.0003028948868338696,0.001431919416355095
282,0.002565985300759171,0.18070960013527057,0.8146498603772808,0.000405244338054552,0.001669309848634951
283,0.02007040328021407,0.4411418267745329,0.516092287369197,0.003584613963499948,0.019110868612556148
284,0.003419436190421769,0.18874005127925084,0.801730859079761,0.0019501200468312575,0.004159533403735233
285,0.010356299127459855,0.4361803804294699,0.5425854073442568,0.0037950682192822785,0.007082844879531153
286,0.02940112120869575,0.5882092716402649,0.3142540605327577,0.0075352100107322455,0.060600336607549335
287,0.03273182912054562,0.7779151711762662,0.11025552517224789,0.009921011700202952,0.06917646283073738
288,0.021560265725215508,0.6352690128876325,0.15796263595940116,0.0049018118957780375,0.1803062735319727
289,0.05354130413035439,0.7119509991649443,0.11552627851505587,0.0032489345989149313,0.11573248359073061
290,0.022792174412250087,0.580359437416593,0.2837891474266038,0.006623474902107901,0.10643576584244502
291,0.031281244987012874,0.6127353787991985,0.26388588958445125,0.007223526567146075,0.08487396006219139
292,0.05120418797016862,0.6056113755269996,0.2765007509412088,0.00869372415949911,0.057989961402123806
293,0.04562315731168954,0.723353400585437,0.16914201827270184,0.03187550743906892,0.030005916391102706
294,0.04121447253293534,0.49042393662162986,0.43975292102072955,0.005510387574016798,0.02309828225068844
295,0.008324746574159079,0.3451140873509313,0.6393522925788699,0.0015382322507410241,0.005670641245298749
296,0.013407289493379314,0.5221149569616422,0.448375296020531,0.008602499088857461,0.007499958435589905
297,0.010306281191116408,0.46823579206023735,0.5089030839153464,0.0011236579525103765,0.011431184880789395
298,0.006184479293151663,0.3839040339104825,0.600866194693527,0.0006890191013363211,0.00835627300150254
299,0.010652194473471934,0.5297493814017172,0.4488468755411017,0.0011443875681438655,0.009607161015565429
300,0.0019349199678657739,0.28893594224690905,0.7074372512527227,0.00015584358874235475,0.001536042943760106
301,0.0008984211518767119,0.20509415469730063,0.7925398439394093,0.000159659185150664,0.001307921026262795
302,0.0008496602852437878,0.11775274815311192,0.8804599852588606,7.339370434824232e-05,0.0008642125984353095
303,0.00029419476110087385,0.08259579540107373,0.9167332016707237,6.563589071193003e-05,0.0003111722763899376
304,0.0002893672151952358,0.0623519299947523,0.936941680208123,5.5441903413655916e-05,0.00036158067851586103
305,0.00022084081085670853,0.045198559826108424,0.9539214501455862,7.299070822638844e-05,0.0005861585092223518
306,0.0003145303409352205,0.02760571038416615,0.9715300292555715,2.034577048063297e-05,0.0005293842488464725
307,0.00064142918274663,0.05756012922511697,0.939984048822465,0.00020077574030958782,0.0016136170293619063
308,0.003316176622028197,0.09380825883147004,0.8981166306595381,0.00039826261262422243,0.00436067127433935
309,0.005124876605187337,0.16656147507726848,0.8198895384765146,0.0006769814567010315,0.007747128384328569
310,0.014112780939526537,0.3055951032496026,0.663326303128002,0.0013351604585222822,0.015630652224346626
311,0.004447791525941331,0.09741674805933452,0.8877796390173879,0.0005200648548658916,0.009835756542470375
312,0.0058533472900373145,0.10129620489410392,0.8813942428490528,0.0008097934771398209,0.010646411489666264
313,0.0035431165279494986,0.07149824938892395,0.9154558895307188,0.0003171539085366258,0.009185590643870959
314,0.00506594722840943,0.13717165123311328,0.8459286075292608,0.0008072519657700237,0.011026542043446469
315,0.01114793419850009,0.39485684248718583,0.5577476593129587,0.0017800561932509028,0.03446750780810464
316,0.012700300238115343,0.34992832988985934,0.5957935948623447,0.002400647403520691,0.03917712760616
317,0.012622998232795264,0.4222590868816687,0.5183852198459299,0.0027312745841895406,0.04400142045541668
318,0.010346491000595428,0.43670025422182607,0.495217892205961,0.0026043030857857167,0.05513105948583181
319,0.004452200325786539,0.0984413183419684,0.8778130653495869,0.000755607216916465,0.018537808765741525
320,0.015750221770125746,0.4669122401354926,0.47964464107798926,0.0016497847497916446,0.03604311226660059
321,0.01007356586752605,0.22412747077031356,0.7457987434103053,0.0006876745580102101,0.019312545393844978
322,0.020237914698006645,0.49454897209496146,0.458119801512757,0.001404934273597619,0.025688377420677384
323,0.016918779178883205,0.6034084848859578,0.3382434115011912,0.0017896130878763802,0.03963971134609152
324,0.012012415348012109,0.38421420617935426,0.5758211666684493,0.0016825895142282713,0.026269622289955965
325,0.011106379313936675,0.2455244553105153,0.7184304072522886,0.001383028820629943,0.02355572930262969
326,0.012829909524723406,0.35917203084002425,0.5920821165576001,0.0018282303547842635,0.034087712722868084
327,0.009750948682869071,0.18507084123680842,0.7695247694085515,0.0015950886238243211,0.03405835204794662
328,0.038930855215113754,0.6617090176914722,0.16074437985081275,0.006365648415454713,0.13225009882714647
329,0.02309613508858995,0.5832279350730224,0.20885087142082584,0.006404305724962439,0.17842075269259927
330,0.05112472961227398,0.4391989722557966,0.4711303269369093,0.0027160766313588263,0.0358298945636613
331,0.07020585098543233,0.7120675978785829,0.14448080613377287,0.008581301932481,0.06466444306973079
332,0.03132274201699798,0.4555603628258009,0.46102706656699555,0.0046101376506731155,0.04747969093953244
333,0.020886851905479186,0.47490235222894367,0.45108862188210364,0.005118377353690349,0.04800379662978321
334,0.028911217340348155,0.43262558158301667,0.4855885123743579,0.007537622428528225,0.045337066273749116
335,0.09740827609250595,0.49667360283674983,0.23341685619195018,0.010020108581824816,0.1624811562969693
336,0.03827883937753391,0.811969116636424,0.08602406084135283,0.01571117691717621,0.04801680622751288
337,0.02059689356619336,0.624905622011836,0.3238774712092164,0.007714448469939791,0.022905564742814515
338,0.24430060246855148,0.6625858714503716,0.023060201869220382,0.009444874602120127,0.06060844960973627
339,0.01743988333449419,0.7955544434000721,0.16898220165658587,0.0088432299815044,0.009180241627343582
340,0.12204885879329018,0.7276489393475094,0.053447134097314095,0.016475117341318558,0.08037995042056778
341,0.036677314448027715,0.8395564392435573,0.10850245047146342,0.006873525942605264,0.008390269894346436
342,0.16857741486349237,0.6274870799731015,0.059712596828790265,0.026063099379512396,0.11815980895510339
343,0.1813774481974082,0.7260489517554084,0.030618942117364344,0.024034084690473106,0.0379205732393458
344,0.06595244606012479,0.8370679836258258,0.06508131396222752,0.008504277959262122,0.023393978392559762
345,0.055854062248110625,0.7959481856945515,0.11367293725017327,0.016280090425615828,0.01824472438154871
346,0.16755978207820962,0.7377861261793011,0.010826593599530997,0.05316554508188418,0.0306619530610743
347,0.2203780733900291,0.24273056678467522,0.10286057115944927,0.08055513336319037,0.35347565530265607
348,0.23819849673964189,0.3699008449002455,0.09886615056369406,0.09749145922003073,0.1955430485763878
349,0.06713949918143747,0.21106742039924417,0.49070850717029735,0.02684210635035908,0.2042424668986619
350,0.15616230451508925,0.22499018007411206,0.025914476002508242,0.08152020538476251,0.511412834023528
351,0.22191415832828207,0.194590202411553,0.03418567568441409,0.10275749891592821,0.44655246465982257
352,0.16976449473297475,0.08792109596842387,0.006319956829324908,0.04504095082627018,0.6909535016430063
353,0.13318312173522337,0.06389654270025784,0.007854253014187254,0.03712145467897088,0.7579446278713607
354,0.21630561568619697,0.10240967334244903,0.004092998249115847,0.0500528239380377,0.6271388887842004
355,0.14607422828835975,0.2276468080348022,0.034625882963027224,0.03081790738527138,0.5608351733285394
356,0.10024155649170578,0.12280155361507006,0.025377952407471597,0.03749996419369586,0.7140789732920568
357,0.11978199209704539,0.09805583929007466,0.011190202886709794,0.026241667405586096,0.744730298320584
358,0.12476248142386373,0.18037457095278447,0.04603453147591736,0.05608256543825153,0.592745850709183
359,0.04273872637218508,0.046862625007609945,0.07139771054869179,0.009056227452035751,0.8299447106194774
360,0.041821112750710064,0.041005326239331126,0.0034140628746273266,0.01588747180694641,0.8978720263283851
361,0.18580386754853528,0.4560167884209021,0.044015446805906466,0.051723187058338393,0.2624407101663178
362,0.06122872969548612,0.11204400424685197,0.047482751049618216,0.02841543353843839,0.7508290814696053
363,0.07076506440323528,0.07611336602038667,0.021825803127522074,0.011869154834977509,0.8194266116138785
364,0.04362606926585337,0.11444285391611761,0.08757823614233809,0.026454037518364594,0.7278988031573265
365,0.11912395336808931,0.2033507912677935,0.08483827398859334,0.026591467504602333,0.5660955138709215
366,0.1482432477644988,0.25820119708588607,0.09549081980594162,0.035948635130690625,0.46211610021298277
367,0.061916828442839245,0.05612022306057803,0.011431412507161077,0.022084731193397867,0.8484468047960239
368,0.055562397086665806,0.09341478015482647,0.010209486432236395,0.02051981593323725,0.8202935203930342
369,0.05799142297905188,0.061953837340501784,0.0010383554070925328,0.0222226263473309,0.8567937579260229
370,0.08549005760976792,0.14915609113318526,0.02395150384413927,0.024229527573942044,0.7171728198389655
371,0.044881058539190104,0.08893975818815135,0.009016075972462387,0.01871235572987121,0.8384507515703249
372,0.052050028464747405,0.10383774021263965,0.0014614191506984529,0.019738215627200326,0.8229125965447143
373,0.039139427007176014,0.029810547471032747,0.00016645610167906154,0.008136986861135186,0.922746582558977
374,0.16128081080448117,0.3275781496044374,0.019968505548935006,0.031659455847409826,0.4595130781947367
