epoch,N1,N2,N3,R,W
0,0.0767410652615021,0.237426159572998,0.015926059245158657,0.02300416075091538,0.646902555169426
1,0.2538581518782333,0.11336263254777772,0.0012411050398236396,0.0215375064430725,0.6100006040910929
2,0.17785395384177727,0.15260218057919886,0.0028030413762432775,0.07059597171059308,0.5961448524921875
3,0.20234943887740442,0.30239933572386674,0.008716401116212167,0.056273612463403636,0.43026121181911303
4,0.1899263782924241,0.4801629235563459,0.012468493553417993,0.0309062435256129,0.28653596107219914
5,0.24887038358433106,0.2533726408549089,0.004477111348421184,0.046104247335620685,0.44717561687671814
6,0.2651696802326805,0.45326486172690816,0.0040941293912309645,0.06869440192536139,0.20877692672381898
7,0.18893560499551304,0.6007724217594247,0.005862334764944967,0.03804921736154362,0.16638042111857376
8,0.2231295435740177,0.6535194049214754,0.005494569116216754,0.011884317754133568,0.1059721646341566
9,0.26951282201324533,0.4344215971675342,0.002288890597137592,0.026577173787488757,0.26719951643459405
10,0.23673776372043198,0.5833000081590833,0.0050999905377300606,0.01158523350806669,0.16327700407468798
11,0.21279088305941823,0.6446392340709001,0.004969326062956383,0.00845516669242817,0.12914539011429715
12,0.11822740708927783,0.7356364830265224,0.08297345523762652,0.004793199604560459,0.05836945504201287
13,0.0736303918804427,0.746545446956444,0.1069495445040366,0.003710200142254749,0.06916441651682198
14,0.04487515299110521,0.8054778489590984,0.02838874519417879,0.0033572992764094897,0.11790095357920811
15,0.039811753425392594,0.891267764910477,0.026982892098119344,0.005880321442877738,0.036057268123133326
16,0.04811360117008496,0.8861059973551119,0.03224966175346214,0.003721717500965135,0.029809022220376048
17,0.05155654400654656,0.745168757606667,0.06136282332152484,0.0026998207807690956,0.13921205428449263
18,0.06578720498961323,0.8222792285470543,0.04088074040857159,0.001042440529884652,0.07001038552487604
19,0.05112282814632453,0.819270590064269,0.055752339848737134,0.0006653264122197793,0.0731889155284496
20,0.08436588506902577,0.8238746394141512,0.0071941329623364,0.0010925167501105756,0.08347282580437619
21,0.13092261913709577,0.8189494168882262,0.008226623110570023,0.003292175398840539,0.03860916546526755
22,0.06559982171272319,0.8640435989114972,0.03701447258702283,0.001242740616101156,0.03209936617265552
23,0.026080098132276366,0.8618169807724836,0.04105773797787309,0.0011464254102955941,0.06989875770707128
24,0.06583229766494023,0.8552220205388131,0.022453938815075066,0.0010437088509540273,0.055448034130217295
25,0.028627856377969784,0.770818429631516,0.09809684314729358,0.00080393242500262,0.10165293841821794
26,0.17826181363037857,0.40054586096015254,0.010116476084530278,0.0016147962548680717,0.40946105307007047
27,0.10569559669410887,0.7735757307971954,0.01917336070444042,0.0027898420311003747,0.09876546977315499
28,0.08113199453247595,0.6544651120106167,0.00838609113791097,0.0038461982964226563,0.25217060402257374
29,0.19936902610084117,0.6777530958524534,0.0055738140038598324,0.008255692044524036,0.10904837199832162
30,0.041539368333078336,0.7901812790399038,0.05978482160535818,0.001990594984676026,0.10650393603698356
31,0.0678373388704999,0.6379629747340811,0.040199503306650175,0.0031360338556848293,0.25086414923308387
32,0.10302693820829921,0.6142342948528161,0.07575794198823661,0.004378483834373383,0.20260234111627484
33,0.12381651152069431,0.4060548557559786,0.019335657926167236,0.0038968537112217027,0.4468961210859381
34,0.22128750565978209,0.3156212717597706,0.008864234053164478,0.005238309678589941,0.44898867884869265
35,0.44743407726232826,0.1967891749695495,0.0058990394212687135,0.002814864648312077,0.34706284369854135
36,0.4471467876228718,0.3132881837656978,0.007703233100730211,0.0024652562437043916,0.22939653926699585
37,0.18533566254104591,0.33487382183135833,0.028411776697491856,0.005078617407001215,0.44630012152310283
38,0.15933460793741416,0.2666260861200628,0.01533989840003583,0.0030918293808338652,0.5556075781616534
39,0.15930595728070104,0.27114374223662724,0.01749706812903389,0.0020887171569166476,0.5499645151967212
40,0.13926334093132955,0.622930685255057,0.04836743289516613,0.002124801119946341,0.18731373979850094
41,0.3061408009255512,0.5344642621881461,0.020555884095908347,0.0019122645609712433,0.13692678822942306
42,0.12689306337702944,0.645101886254596,0.0381517723914198,0.0008029171362557623,0.18905036084069898
43,0.25227797876255414,0.5593058155248049,0.028059178471000118,0.0025421453659015165,0.15781488187573947
44,0.16079361428729103,0.6709697764589421,0.0898930105131426,0.0009176282667453147,0.07742597047387896
45,0.21171758977209937,0.6689646423615913,0.03657911069998728,0.002154692068924332,0.08058396509739793
46,0.0723545218818824,0.6938349478854157,0.12045409530863883,0.0017176210988046818,0.11163881382525838
47,0.13014901195776554,0.7415422012697264,0.07016812876350048,0.004191586021312656,0.05394907198769494
48,0.08148082246812267,0.2062064167279401,0.014823091278864149,0.0018052584619242975,0.6956844110631488
49,0.3872754413719819,0.34305674683098364,0.02408211935701895,0.0048888651893050075,0.2406968272507104
50,0.254719361512842,0.3402672909567216,0.05496845837429484,0.0051403790564385115,0.34490451009970297
51,0.18590786772688941,0.522295560834665,0.05827922566451184,0.0038567751047599193,0.22966057066917378
52,0.08878543486798234,0.6776888074710925,0.15503649090604027,0.0018501720007873604,0.07663909475409755
53,0.17875695675318848,0.6253173600127878,0.038805758971690495,0.0033251774007286125,0.15379474686160452
54,0.19133039688195963,0.5612936221334813,0.15148391071191553,0.0018026640798135857,0.09408940619282978
55,0.08671678820139535,0.7737564314116511,0.09023547570265808,0.0020738009498265596,0.0472175037344691
56,0.05139491736537145,0.8192328573238923,0.10461291312859539,0.0013914114879637898,0.023367900694176956
57,0.05150328148835058,0.7995856482951326,0.11779094096510424,0.0014720496992119093,0.029648079552200775
58,0.01888100916227167,0.8550448531594886,0.09933167870082112,0.002124195266736506,0.024618263710682008
59,0.020863034091784048,0.7310881117032451,0.22199131070265782,0.0036439088452882838,0.022413634657024825
60,0.09943653295922665,0.7212806526598082,0.07524729133940257,0.00586903986407129,0.09816648317749127
61,0.1170040564136037,0.7965250262597672,0.032421153488858045,0.008834140107248901,0.04521562373052205
62,0.018835436120065722,0.5913321953006289,0.32362571055197453,0.004365020028445919,0.061841637998884924
63,0.023784578870998226,0.6988539395201091,0.20843634345477563,0.004652663551191921,0.06427247460292515
64,0.022017130150618125,0.6886425966193324,0.20779750352833729,0.005811599467085548,0.07573117023462678
65,0.062016790355225004,0.6766434935370682,0.10213720875454958,0.009696359851288484,0.1495061475018687
66,0.031096884998859438,0.7489882232402011,0.14090030389159366,0.004551404611993711,0.07446318325735193
67,0.31458781326560054,0.2763989662880392,0.0696020311379993,0.0032324840276646053,0.3361787052806963
68,0.19027099351139995,0.6704244807806774,0.023967884293877466,0.0013600525282716099,0.11397658888577358
69,0.10633062042505953,0.741455020472231,0.02732279237077545,0.0009859495916739243,0.12390561714026012
70,0.1247159717339614,0.7548944250085885,0.02375873766222572,0.0007088285601855668,0.09592203703503888
71,0.08473540449332395,0.743260676074656,0.08482526095654752,0.0009516716245499961,0.08622698685092255
72,0.0390101158635094,0.7576347626402021,0.12237948376356154,0.0012002475775983728,0.0797753901551285
73,0.0809585849667598,0.7241019515726572,0.06615853660459793,0.000953912612757878,0.12782701424322718
74,0.09598098910335189,0.7727875826835018,0.055647521414073704,0.0014553047793528842,0.07412860201971957
75,0.1608683694037859,0.6767017246854902,0.04168112219945646,0.0015755490242077236,0.11917323468705966
76,0.18079968445589834,0.6756025646486185,0.045214203598321234,0.0015363708485927239,0.09684717644856923
77,0.4073734901786234,0.4296457671761613,0.01106488187045273,0.002295885249069478,0.14961997552569312
78,0.15098201746569095,0.744892587702734,0.02949811338230906,0.0016604398800318934,0.0729668415692341
79,0.4230988478812709,0.250064722213947,0.00270149462578081,0.0015955018008224717,0.3225394334781788
80,0.13573578274971418,0.6930216587455411,0.017960280986787786,0.0020620689320159885,0.15122020858594096
81,0.4424708225697254,0.21216217966906295,0.008485616084254166,0.0028558838348300393,0.3340254978421276
82,0.5669541163002607,0.32511361334250327,0.0015391501852450712,0.002281063488383335,0.10411205668360768
83,0.07991985401044634,0.6319580312650894,0.02889990202313254,0.003530106114513809,0.25569210658681785
84,0.2115369722879022,0.2587076877813539,0.005019907593370611,0.0051137640579856656,0.5196216682793876
85,0.22839580383219033,0.6552061925655555,0.017368841294707397,0.00315791191044696,0.09587125039709994
86,0.10415036679368954,0.6736539746189786,0.0714005926132212,0.003784106497672679,0.1470109594764378
87,0.09816074003599609,0.5644209846631469,0.038463230348090155,0.003950195196433066,0.29500484975633373
88,0.13141279495796326,0.7331325879174034,0.07405647519682922,0.002166136429791448,0.0592320054980125
89,0.23905297162250044,0.3073791508242701,0.02803069839290674,0.0018331384761780813,0.4237040406841446
90,0.21367135711520138,0.7236361013141143,0.018013251338560802,0.0014307310609891278,0.04324855917113434
91,0.12632430385206908,0.8132067677132024,0.02501570305749395,0.0014589035838433475,0.033994321793391194
92,0.2690275569242102,0.6428034284451419,0.01850913404881546,0.004229336716332711,0.06543054386549968
93,0.03423099123113415,0.8217281768607024,0.060402500359212394,0.0014728059299695937,0.08216552561898133
94,0.027575637922856305,0.6555347298456708,0.2143200815135856,0.0020255965601584987,0.1005439541577288
95,0.12017170809180236,0.04936504229610289,0.007286651570972877,0.002276895143733678,0.8208997028973882
96,0.2743263409398308,0.3183986939127886,0.007571915180567055,0.006376990762637306,0.3933260592041763
97,0.345550835815388,0.38474052442612255,0.013174461891622974,0.006954786392475543,0.249579391474391
98,0.2562367523240348,0.4052209620354149,0.0242772389533959,0.0067988022477891655,0.3074662444393652
99,0.11158291317257199,0.7385020057340557,0.08520512359418869,0.003926667861662895,0.06078328963752074
100,0.18996868685936336,0.43722622921951176,0.0367602357126504,0.0032778850972202318,0.33276696311125414
101,0.08008435556836167,0.823592953122488,0.04536683292154773,0.0036062108995358437,0.04734964748806675
102,0.05023488267161328,0.719966871867333,0.18248357395677148,0.0017104701902779852,0.045604201314004326
103,0.0799001806162081,0.5517096889223079,0.2930143040880348,0.0018175569794001945,0.07355826939404911
104,0.04349225724269239,0.749596271574343,0.18722950277140557,0.0011498144934252931,0.018532153918133794
105,0.03229560903380498,0.4919202605535267,0.42662443604269146,0.0010086808385849728,0.04815101353139183
106,0.014190792427029312,0.5544547170868511,0.41126225668177824,0.0004999623903540896,0.01959227141398735
107,0.003325077492625617,0.22682537230318264,0.7644238637737453,0.00037139887178587813,0.005054287558660598
108,0.0018503108514999755,0.2362836390212295,0.7582683120020159,0.000417269562635817,0.0031804685626187464
109,0.0020978110303780835,0.3635906478654066,0.6288506519485065,0.00042672518600154997,0.005034163969707293
110,0.0030995762056403053,0.20971111694562555,0.7779163349852675,0.0006608388442567051,0.008612133019209982
111,0.0059895440684046685,0.2822730902170584,0.7048509282575086,0.00030366559456817237,0.006582771862460097
112,0.0020685114531999015,0.3647932486444787,0.6294530559051768,0.00020919387396498568,0.003475990123179552
113,0.0006537670662004168,0.0811519183981558,0.9171482256197399,6.612665200632923e-05,0.0009799622638976787
114,0.001446184239552176,0.10511576579318493,0.8918863866829123,0.0001742519921277131,0.0013774112922229343
115,0.0007217187089135386,0.06939353552378286,0.9285615451438591,0.0002536736280173801,0.0010695269954271638
116,0.0003804215217623959,0.04541954503257225,0.9527242163172343,0.00010583812784939188,0.0013699790005817212
117,0.001044478350745887,0.05836873173770945,0.937158579863016,0.0002742597622262825,0.0031539502863025255
118,0.004186389253881743,0.07902669050444452,0.9128516489311754,0.00031945382314372054,0.0036158174873545824
119,0.0028550815702394084,0.12512967344233142,0.8670807789423107,0.000685183328702421,0.004249282716415945
120,0.002091755269419062,0.051140763925818136,0.9415281075798053,0.0004669938334769393,0.004772379391480502
121,0.0030482165772084315,0.07722891321901289,0.9147493468495346,0.0004077421560724445,0.00456578119817161
122,0.004921842442284426,0.11103480009100594,0.880901872946021,0.0003932372411405125,0.002748247279548053
123,0.0014305027858614264,0.08720387420457758,0.908543822904069,0.00017559058023589575,0.0026462095252562197
124,0.001052597380039067,0.04728141472363746,0.949094440597996,0.00016568781748673052,0.0024058594808408786
125,0.0007546183185449645,0.048979997003514596,0.9484481767811567,0.00012367951196556594,0.0016935283848180948
126,0.002353605761709682,0.06311299065153848,0.9325174879167949,6.26531312547536e-05,0.0019532625387022546
127,0.0005960333402664017,0.02025135947522422,0.9778874338557432,6.495407779588494e-05,0.0012002192509704974
128,0.0007403137269262454,0.024124994763844734,0.9737896500193872,5.4501119501019776e-05,0.0012905403703408274
129,0.0035091313759749937,0.08703236739470237,0.9036829872239209,0.0002282809443155933,0.005547233061086175
130,0.0031995652573550927,0.12784994361579535,0.8641655308936166,0.0003807071836454384,0.0044042530495876555
131,0.0009419136172748495,0.049608244733117896,0.9460616695491075,0.00024158881521651297,0.003146583285283437
132,0.002148168055270546,0.06689489381942063,0.9288956426152544,0.00021858318703288953,0.0018427123230215583
133,0.0018597895950879938,0.07286658906463558,0.9232571454419715,0.00022053733996012088,0.00179593855834487
134,0.002148105260108262,0.09740245879923476,0.8965160867247726,0.00023118283765445393,0.003702166378229916
135,0.0015796701415984903,0.07564958340796052,0.9205596961731543,0.0002615050866568144,0.0019495451906298281
136,0.00044451413423706945,0.0393525562409847,0.958450273700172,7.254738906161583e-05,0.0016801085355445278
137,0.0038278540988856543,0.08723048157995783,0.906109658373106,0.0001675852712300119,0.002664420676820452
138,0.0013683796018550405,0.05758378976513535,0.939702175287014,0.00010916240661747657,0.0012364929393781352
139,0.0036538024608478003,0.06427119443236297,0.9265914505723218,0.00043737544005220295,0.0050461770944151595
140,0.0024094906414774855,0.07213682247104822,0.9203299243734657,0.0003881190044554375,0.004735643509553291
141,0.0026719395521269773,0.04964183040294481,0.9433278729829673,0.000286601704307105,0.004071755357653929
142,0.002586349555288362,0.07883510859005659,0.914276321590873,0.00021889561850918293,0.004083324645272734
143,0.0027115810577962303,0.15912339334339187,0.83195657651556,0.0006921146181395977,0.005516334465112327
144,0.0026477703124477537,0.12573302123000082,0.8684629924734708,0.0005951506552854919,0.002561065328795073
145,0.0027619057670484532,0.13714172309585343,0.85651015360654,0.0006267833190177955,0.002959434211540382
146,0.005716916143036891,0.14983123155192404,0.8410631203103666,0.0007574466625816003,0.002631285332090934
147,0.0016663392485212615,0.07122524020228213,0.9237309217185088,0.0004302487690822298,0.0029472500616055304
148,0.0016006123276031037,0.09446208213684257,0.8989480042906337,0.0006912407059887919,0.004298060538931707
149,0.003035554278752515,0.14297570729212156,0.8452791971428568,0.0008843294554241942,0.007825211830844924
150,0.008701936909042671,0.2022191681251483,0.782823161287973,0.0017364393892283505,0.0045192942886076665
151,0.004995292201441266,0.13837158421665086,0.8500531715505488,0.0010966207063612308,0.0054833313249978985
152,0.004465924101962455,0.15756497937134983,0.8351271223679071,0.0006078698057817528,0.002234104352998804
153,0.0031518050585309285,0.1152662288045787,0.8777595699473092,0.0007943468772402228,0.0030280493123409583
154,0.005580265661386121,0.12888612569994334,0.8616592475960518,0.0007477560423795872,0.003126605000239139
155,0.002411045815901876,0.10341160712431959,0.8877872896926511,0.0005456433510280363,0.005844414016099329
156,0.0031242413239597052,0.11494002880433583,0.8787194399420433,0.0004799929183545798,0.0027362970113066036
157,0.0016725661262010697,0.15505374392247803,0.8357976277177835,0.0005771785084504291,0.006898883725087084
158,0.003022559493608703,0.13209898390595254,0.8617206799808295,0.000583814456602063,0.0025739621630072587
159,0.0011365062069474026,0.09117315673545459,0.90451740874242,0.0006924583884456477,0.0024804699267323206
160,0.0026243578123292645,0.1628887929535568,0.8324152172638785,0.0004341042327666897,0.001637527737468879
161,0.0006082021562331866,0.05263822956155731,0.9454021568294269,0.0003274320984317185,0.0010239793543508563
162,0.001878215763218643,0.08045455076104545,0.9158800751926691,0.0005717085401963824,0.0012154497428703511
163,0.0038709950034431064,0.20896587293454502,0.7851694188655759,0.0009144201053437387,0.0010792930910923293
164,0.004133901746780215,0.2736586067363607,0.7168779799149233,0.0011207063341500568,0.004208805267785659
165,0.011153849451863073,0.27609751328757925,0.7085015761799839,0.0006879909251510763,0.0035590701554227945
166,0.00769279007463402,0.26146930831304094,0.7271869798513342,0.0009735115596139608,0.002677410201376929
167,0.004815596901221081,0.2652716831296597,0.7270103280444274,0.0007631362005642809,0.00213925572412746
168,0.005920720842083269,0.31662252010505265,0.6725696901297888,0.0008114292442764771,0.0040756396787987184
169,0.0035367420210182694,0.22840585463583365,0.76626012311277,0.00032799853861638893,0.0014692816917617213
170,0.0042965107676387415,0.23541266851932438,0.7557990036665719,0.0007296851421690612,0.003762131904295786
171,0.006546395695379851,0.3314271080693522,0.6545646984489192,0.0029464049112056566,0.004515392875143009
172,0.005610743504752927,0.3909564615302777,0.5969979289529187,0.0022107891378023064,0.004224076874248298
173,0.010568380650122857,0.437733069852009,0.5402178630879632,0.0029462728717958814,0.008534413538109126
174,0.023141837547962195,0.47535513050073114,0.4740916884848148,0.014206419043998704,0.013204924422493085
175,0.009167055422748325,0.5376230691954249,0.43448949514686674,0.013073261979818236,0.005647118255141693
176,0.05254847782524328,0.8252707354081578,0.0670145257060229,0.04355192584613921,0.011614335214436966
177,0.08692458830145887,0.82751001928684,0.01727608260370649,0.05706905054681275,0.01122025926118202
178,0.2738844805600089,0.4691251914577801,0.0020030027495643223,0.2232262320667925,0.03176109316585431
179,0.11989113347884518,0.6996478424255258,0.0018557652476531904,0.16154247868990224,0.017062780158073457
180,0.2195337741409234,0.5180670354741463,0.0038516117697657863,0.16074659374588068,0.09780098486928372
181,0.15537251952765144,0.44640873940537684,0.0018066870415673942,0.3739496346273926,0.022462419398011555
182,0.1839999676793595,0.523921277509013,0.002855094618314777,0.26182623501552926,0.02739742517778351
183,0.17677162773656532,0.47293847930011984,0.0047725043260214714,0.24347626519750523,0.1020411234397882
184,0.1715012698287609,0.5592138806536013,0.001293462906748459,0.2576904008551791,0.01030098575571026
185,0.14591757197984206,0.4623826950193966,0.0025329435214197582,0.36808497127579753,0.02108181820354416
186,0.06643784222536447,0.4555117802892175,0.002287264547796027,0.46598541287518125,0.009777700062440695
187,0.058263281400898474,0.25125521115978655,0.0022464860642605862,0.6753497326921623,0.012885288682892062
188,0.016282869223730453,0.23843129373009775,0.0018590326901550222,0.7328514343538424,0.010575370002174381
189,0.016509025876369307,0.19856604836675779,0.001827365088260739,0.7726339991016529,0.010463561566959233
190,0.01347475191425363,0.027887197447592674,0.00020639557237857065,0.9505400900813573,0.007891564984417804
191,0.021938390014531312,0.16315968398258165,0.0004991586783049278,0.8073906428176982,0.007012124506883923
192,0.02935642075313056,0.056760099463397905,0.0002562376024637366,0.8918876724378622,0.02173956974314578
193,0.078228170871342,0.5816989409517046,0.0019317299925217203,0.27770137988263116,0.060439778301800605
194,0.13365559158524193,0.27913059404890567,0.0009689791585937808,0.5136783631198039,0.07256647208745487
195,0.14661550176371113,0.5333961140673551,0.002616547141505434,0.21671781111391458,0.10065402591351386
196,0.13145511173772878,0.35894923641742127,0.02667564103614096,0.03945239600531267,0.44346761480339647
197,0.1378946229420696,0.15395272056578233,0.001522813906354794,0.09337365757056873,0.6132561850152246
198,0.15217761578640976,0.6933779258475281,0.02585308235527655,0.027107003569022618,0.1014843724417629
199,0.2064758364670913,0.5936126755376512,0.03329093733193739,0.03268195538557774,0.13393859527774224
200,0.2614419905914259,0.5456355018405238,0.012610907136237396,0.06412393328479633,0.11618766714701663
201,0.14705821156397034,0.47999510003045504,0.007788146011908602,0.13008134957282297,0.23507719282084324
202,0.19603225152778236,0.6165905024295942,0.004245005242797535,0.1500489991750889,0.03308324162473702
203,0.16876444044046582,0.5442018552639449,0.001811422774626714,0.2370035270036373,0.04821875451732526
204,0.20819406132618026,0.38305729252467613,0.00369570173056343,0.33867250753976796,0.06638043687881219
205,0.13766205914405316,0.3687207460595183,0.0011910124110710884,0.48218364304214745,0.01024253934321006
206,0.08621570772202965,0.6312720680129229,0.007261553817106652,0.2659207821212811,0.009329888326659753
207,0.0952644347864096,0.6424561141027377,0.003544011984501532,0.2461800317558987,0.01255540737045244
208,0.11874426666924627,0.3720357189029122,0.0016510236158909814,0.4818001757399802,0.025768815071970364
209,0.14284690310777945,0.2351397106232531,0.0006610543909884122,0.5863900927481797,0.03496223912979943
210,0.1942674933532575,0.39649423168452785,0.0008605901905745342,0.3988547311305062,0.009522953641133942
211,0.22692513384377253,0.527098746194851,0.002412891602588306,0.2202669453173868,0.023296283041401453
212,0.1443573668227063,0.6388536923603539,0.0015555816037426484,0.2063214893605851,0.008911869852612149
213,0.11854781017798738,0.6755645653035333,0.004622655928653535,0.18375194681819101,0.01751302177163475
214,0.24325913389695497,0.13382281634601043,0.0009486629340308933,0.1937182948457551,0.4282510919772485
215,0.3168038763801543,0.22204588367187392,0.0002810466023741051,0.3720827834482919,0.08878640989730574
216,0.2728018576733043,0.2914168447852624,0.0004404989695363335,0.38938300957062005,0.045957789001276846
217,0.2588926652110128,0.3437345125035843,0.0008901123886256858,0.35927210087955125,0.037210609017225955
218,0.1619005299437486,0.36555693819305607,0.01007340879548115,0.4388114542017121,0.023657668866001968
219,0.08553266385880116,0.14861282048149307,0.0005051883415772477,0.7573548567568704,0.007994470561258075
220,0.08109906385739372,0.1875872806062181,0.0006743611002361449,0.719466660189833,0.011172634246319044
221,0.18098819339003,0.1030474950884742,0.00017807143924932647,0.7090002944762747,0.006785945605971763
222,0.10674537288078793,0.25972012796919486,0.0027977291072134257,0.6177461894434118,0.012990580599391935
223,0.10136444831335925,0.1590077171169218,0.004260876900612277,0.7123673338347088,0.022999623834397725
224,0.07202094669625277,0.17179400477915774,0.002665668501717986,0.7420776917878,0.011441688235071612
225,0.05895697643429091,0.1442902658444956,0.00038009369343499825,0.7906623902271568,0.005710273800621589
226,0.09379153751852919,0.10960154216427592,0.0003505393238542321,0.7899582152718845,0.006298165721455993
227,0.21994860143307213,0.2327981182830905,0.0007218949541699537,0.5263519578183667,0.020179427511300686
228,0.2502853652752128,0.4082800511391047,0.011193075297419553,0.30787852310632585,0.022362985181937238
229,0.08572817914148237,0.2749544556300566,0.0017195573943113464,0.6207960224911592,0.01680178534299031
230,0.04494141749358405,0.3196993748302614,0.0008078477832625666,0.6268241506431874,0.007727209249704677
231,0.21261409986572008,0.3171210947380398,0.0032370011557202624,0.33735439182917626,0.12967341241134364
232,0.31814700737920437,0.2415637358038352,0.0008130135246193617,0.3528924429857511,0.08658380030658992
233,0.23930701150096984,0.4141762776269272,0.0005514621357407195,0.2643022182458166,0.08166303049054555
234,0.31338888459878084,0.18102048157589276,0.0001098450951476209,0.4661584816881118,0.039322307042067094
235,0.4967493599873176,0.1782061950203752,0.000692610098210889,0.28247821320679267,0.041873621687303714
236,0.23245251687789295,0.5171487900867944,0.0015745383586242515,0.2296790524797946,0.019145102196893807
237,0.22674888522557818,0.3671008000236211,0.000876541264468014,0.3842657469586099,0.02100802652772283
238,0.09765540078799097,0.2891116162626411,0.0012738312979497447,0.5896779377643155,0.02228121388710266
239,0.12784508598882446,0.2458198345478422,0.0006009989691134893,0.6001451734406543,0.02558890705356544
240,0.31625159430932415,0.156619321402642,0.001495244389855639,0.3088602229572992,0.21677361694087888
241,0.5353802862522243,0.13059434546953774,0.0002696595534327255,0.19941110624787084,0.13434460247693428
242,0.4117945466348361,0.409640406863239,0.001885455612518699,0.12721221738759939,0.04946737350180675
243,0.2983584066236488,0.5530542774509333,0.0036067933402189082,0.05219172329969706,0.09278879928550189
244,0.13308737431350628,0.7758963955956306,0.0061445949203227535,0.05839034361314127,0.026481291557398978
245,0.03726513770476691,0.7765469873599483,0.018601953913179994,0.12775162973598675,0.03983429128611808
246,0.053945576990203276,0.7951998739369822,0.030655580823377184,0.0982637899895102,0.02193517825992725
247,0.07312624949650746,0.6795804635831422,0.003488092002963009,0.2130307781981019,0.030774416719285328
248,0.045169135555246674,0.8284136289232735,0.008385629609344808,0.10353920259477845,0.014492403317356581
249,0.04842961450611556,0.6973766794242084,0.0033834847557817614,0.2405306360054758,0.010279585308418236
250,0.06320270217538597,0.7942498944520514,0.003822825223837364,0.13012195079818653,0.008602627350538693
251,0.100028426727262,0.7281221255333981,0.005817099991533743,0.14549294172219424,0.02053940602561196
252,0.07767052697556438,0.5647974959226627,0.0022919759469035663,0.3372651987529279,0.017974802401941426
253,0.06789864182354187,0.7636027653599878,0.004880625202513282,0.14614576182759592,0.01747220578636101
254,0.028713959974705477,0.8641695594689263,0.01659336814128766,0.07735330760937585,0.01316980480570489
255,0.0584292657220619,0.727992909449782,0.0017971110846871437,0.1854773727159897,0.02630334102747912
256,0.04990442962731595,0.7727252940505713,0.009004098616318422,0.06452817564504504,0.10383800206074927
257,0.04125990519756149,0.8259296344554675,0.0177879177998177,0.02937137363238831,0.08565116891476497
258,0.08533393989396687,0.6674675348856927,0.001052401503620496,0.07989780239892337,0.16624832131779668
259,0.046748402562205214,0.03237227767851613,0.0019399109657424502,0.008237984500204259,0.9107014242933319
260,0.0648268732000421,0.004298099564508664,0.00024197819181096545,0.0022088418913388474,0.9284242071522993
261,0.07139378388576505,0.012559383451415796,0.0005477736946663551,0.0017246748848788753,0.9137743840832738
262,0.02308485628660733,0.020932283866914023,1.589208412585119e-05,0.0022769583657200037,0.9536900093966327
263,0.006569685650030282,0.0021849177163621577,7.575288107441836e-05,0.0023163909148203174,0.9888532528377127
264,0.005259813234420506,0.0005023645791963409,1.0147459507730632e-05,0.001996348360387341,0.992231326366488
265,0.008350550054536039,0.0007567758743536485,9.942610228969781e-06,0.0027497610700890933,0.9881329703907922
266,0.07091663208574807,0.006302875914069983,0.0004344871553995865,0.00046561013876123236,0.9218803947060211
267,0.061204165876133726,0.02463824563197762,0.0029940059763508328,0.002957059125634551,0.9082065233899032
268,0.34205444490538667,0.21346912394945203,0.0017860158884818002,0.007970780001319785,0.4347196352553598
269,0.11438223884878986,0.07947197265665029,0.0003208413462867672,0.0033719683245439698,0.802452978823729
270,0.042878567466680256,0.20066665885049834,0.005420306658281264,0.009387474952991075,0.741646992071549
271,0.09766398742457798,0.3832854757277812,0.005687283243444265,0.01666448837965409,0.4966987652245424
272,0.12675704551099137,0.6891543096125151,0.011732300950559984,0.029818103058300405,0.14253824086763317
273,0.0611855507606447,0.753033803671062,0.0612072800672889,0.023258711474600874,0.10131465402640348
274,0.07779573135782644,0.4670678521068937,0.05984460472821663,0.0292966640955522,0.3659951477115111
275,0.01721870573594631,0.6514206942021088,0.1867756510746193,0.05703885983191579,0.0875460891554098
276,0.04112224242072305,0.44360798608938257,0.021598685296540663,0.19227380961787072,0.30139727657548293
277,0.02979674766691987,0.6819757772220129,0.1013069967941222,0.056496491273851326,0.1304239870430936
278,0.09057146444416349,0.26771670112032914,0.004118339770044806,0.20052488428362006,0.4370686103818426
279,0.14132440197002466,0.33292822733808863,0.014439598778769276,0.09714918715800745,0.41415858475511
280,0.1390387372419401,0.5395032673874668,0.02227493598810382,0.11694909370220921,0.18223396568027994
281,0.15753999904194158,0.06972891554910617,0.001031043637108089,0.05504350722264973,0.7166565345491945
282,0.1567142359116072,0.5624752164083322,0.023193071366953404,0.07966676871101831,0.17795070760208867
283,0.21617435431363477,0.3557521108589512,0.0172893707863668,0.18245618535055952,0.2283279786904877
284,0.2596073328170353,0.35615299749365276,0.0060658837277558055,0.20549765559179722,0.17267613036975907
285,0.1665278293538837,0.35484565422988706,0.004378876365172152,0.20499393042650887,0.2692537096245482
286,0.22798922181747605,0.38153974579119293,0.007323411856514473,0.10445905557165976,0.2786885649631567
287,0.1532157829988325,0.07218559953316565,0.001661648519406345,0.03073050062760132,0.7422064683209941
288,0.2811961609495065,0.4573137622067649,0.003687044370796383,0.10117841663996456,0.15662461583296766
289,0.21034989727866776,0.4401352145094324,0.027249831536491072,0.10625635317168339,0.21600870350372542
290,0.28481925106545897,0.49091005126162884,0.011514785893327854,0.15842580127428474,0.05433011050529955
291,0.1755920879475333,0.5055172899397781,0.009584462123925946,0.2527137083958815,0.05659245159288133
292,0.17070476440132948,0.30646309594334553,0.0038978552369766514,0.4069592019300198,0.11197508248832867
293,0.14247887558293262,0.5887390640637928,0.00998699757522962,0.209206645936858,0.049588416841186894
294,0.08114188603613669,0.5648416101116963,0.009778742305154782,0.32318663571655964,0.021051125830452523
295,0.05698158251998627,0.7679461479141821,0.003146340569284985,0.1584472851567754,0.0134786438397712
296,0.04674140184146084,0.7099512702077408,0.013144252449196234,0.2193841293715822,0.010778946130019755
297,0.13620524967047748,0.23494892976054071,0.0006499389608423017,0.5476690090893759,0.08052687251876368
298,0.09780304218474337,0.4437816192049907,0.0014473256874512003,0.44691744370914815,0.010050569213666405
299,0.07233885193323586,0.4670034645004044,0.0039953370781983565,0.4375085738002871,0.019153772687874278
300,0.13617654613685987,0.2518859184258211,0.0008627134537705216,0.5502744778165151,0.06080034416703349
301,0.09319693300817534,0.19067390981208693,0.001528095358652665,0.6671977514074979,0.04740331041358715
302,0.1118365711747791,0.38565284162923186,0.004561766080749359,0.4492910258872734,0.04865779522796636
303,0.10339593043848976,0.30279599941051655,0.00393540076259056,0.5563543352169265,0.03351833417147684
304,0.08908040176381066,0.43070075975156547,0.010472567532643397,0.43265925806071726,0.03708701289126318
305,0.09003868803473411,0.4006037829247377,0.008125086124948444,0.45562895720901564,0.04560348570656411
306,0.08265920865009943,0.189451131755026,0.0009694950205499839,0.7026989184725905,0.024221246101734116
307,0.21705918054526918,0.3908340221347707,0.018380161756678254,0.30326970731521785,0.07045692824806382
308,0.16539236565157706,0.2845888501631446,0.0006854799939019609,0.4951971530155967,0.05413615117577976
309,0.08063397661588739,0.6851325834469676,0.007343071105741369,0.2170183028351928,0.009872065996210747
310,0.20600319866898867,0.6516106153950297,0.008025438002641326,0.059249350015217354,0.075111397918123
311,0.20629177264170606,0.557238677407391,0.005077221871052236,0.21641736410239165,0.014974963977459094
312,0.2030466930130099,0.3980880289098412,0.002064195070558864,0.37034695346080737,0.026454129545782697
313,0.35727286369726974,0.44423078898603235,0.004405655012379387,0.17122292433379738,0.022867767970521095
314,0.1497244876259528,0.6197269619226332,0.0035019350461933285,0.21178357354053284,0.015263041864687833
315,0.07915757322070095,0.8553339368770136,0.004753967490452035,0.04982390421550421,0.010930618196329027
316,0.40607163186075645,0.29937357335007725,0.0010640354814778793,0.23521542613197982,0.058275333175708724
317,0.12554804824130028,0.7885764824022777,0.011232121685092399,0.05420235143992911,0.02044099623140051
318,0.17785262904959098,0.730738635375491,0.024747944352654008,0.019324324476282722,0.04733646674598124
319,0.14380972977394987,0.7948072644592555,0.010329810814973216,0.025441727204843594,0.025611467746977746
320,0.1414282039128123,0.663261145043169,0.03680892406646683,0.016906525826976652,0.1415952011505751
321,0.4136596960769391,0.3661753669287637,0.005590518735155347,0.042681928267520326,0.17189248999162143
322,0.3206946938686961,0.5974111409988865,0.008067334773534164,0.03993896526962156,0.033887865089261664
323,0.2943689675607572,0.6233401790391728,0.00543238167087711,0.04347826831252715,0.03338020341666563
324,0.24949318785838087,0.5994533080920557,0.0038334721529250863,0.10170726606104995,0.04551276583558828
325,0.18349071782897586,0.6170482984940383,0.002795377904502092,0.17316659474721147,0.0234990110252723
326,0.42932837302023175,0.22887128158377923,0.005338617029704892,0.1779943335316375,0.1584673948346467
327,0.3486233037946294,0.24861188222415767,0.0023678620003158082,0.17308824952339413,0.22730870245750298
328,0.32310607648797984,0.35132553328169025,0.0026224061485728375,0.2783975918735176,0.044548392208239425
329,0.22135415332359187,0.42015776224863366,0.009965618262760703,0.3029458305844145,0.045576635580599156
330,0.06365659109642269,0.8523491932743338,0.02289672846013775,0.05088600982921012,0.010211477339895556
331,0.029462683247485237,0.8151022515060837,0.021447983428375565,0.12858104591023664,0.0054060359078186215
332,0.024135113366009684,0.8158811161154497,0.03973708965161324,0.11234064340550519,0.007906037461422244
333,0.02388275852145789,0.8243436850834475,0.05660709116682173,0.06933142648653523,0.025835038741737832
334,0.10998302134346322,0.7136251382876573,0.006224872085616113,0.14398794626585418,0.02617902201740916
335,0.048158005638484463,0.8499716830544735,0.026820160296454787,0.02389419237279482,0.05115595863779243
336,0.18938492679385543,0.6825778375333718,0.019533850883844562,0.043337216768252994,0.06516616802067528
337,0.11143935542070117,0.826803369336003,0.0079128846086799,0.0389514325353007,0.014892958099315286
338,0.06848817890221594,0.8614253355642016,0.014524340509371384,0.03508049744459874,0.020481647579612412
339,0.08242293625487174,0.7917303915271616,0.058634643654147445,0.018647852461213914,0.04856417610260523
340,0.05322444980609939,0.892430757365003,0.015677667848272393,0.0274544937835699,0.011212631197055265
341,0.10138864453151347,0.7959051553499128,0.041324411690133685,0.0308797757208211,0.030502012707619125
342,0.08818939833646257,0.8187327868330861,0.044265196641578866,0.035252574680804546,0.013560043508067693
343,0.05012327254659975,0.8846184721306607,0.033988694416811675,0.012325706439045722,0.01894385446688237
344,0.04291588041155585,0.8881359765018906,0.051429483822469424,0.010034350797217541,0.007484308466866625
345,0.0718726428608041,0.6900716420230608,0.19333853444356755,0.019138597722978247,0.025578582949589174
346,0.05471885474904524,0.8145846068297159,0.095579896444667,0.020371508603125317,0.014745133373446673
347,0.12677282929733685,0.8360994862323026,0.011036108218121354,0.015347657516839452,0.01074391873539978
348,0.04517826091177832,0.8613582379630761,0.07690477077244172,0.011222591664920912,0.005336138687782676
349,0.0648664597034699,0.8438132250561133,0.05819902238676464,0.005474902180328488,0.027646390673323525
350,0.10875575276850463,0.8526877348267807,0.013008994777773683,0.006883442053420972,0.018664075573520157
351,0.02141277953147216,0.8880920160056798,0.07541844018093333,0.004737965835825972,0.01033879844608876
352,0.09304018824134791,0.8457388005625225,0.029605567901172206,0.006511379825577372,0.025104063469380086
353,0.012242593226817743,0.8749760346942711,0.09900207063560591,0.004326269550335472,0.009453031892969832
354,0.03193201170573116,0.8303602958378513,0.08282755458032659,0.019489573331464456,0.035390564544626475
355,0.01967644314860365,0.8591130819220677,0.09076349928662174,0.02168808566097873,0.008758889981728373
356,0.09983700990402955,0.7563273802997278,0.035781073784090955,0.031980943633945824,0.07607359237820582
357,0.24813235879742992,0.5605258294333494,0.01271086155494371,0.04387248821612391,0.13475846199815306
358,0.07517401794835339,0.8437525124722899,0.03709231416807268,0.011780334560534688,0.03220082085074925
359,0.18986817136558914,0.7373454565903859,0.019353741582147088,0.01215235234882891,0.041280278113048796
360,0.04014370849570687,0.9276444312960079,0.01411880862618787,0.007023503915301496,0.01106954766679584
361,0.039462190314403546,0.8492162928788369,0.051746478564498814,0.01548145404782954,0.044093584194431386
362,0.06917120811865064,0.807348924182501,0.025881917533757084,0.044815281220340474,0.05278266894475075
363,0.01936846169486116,0.8911811637035858,0.07364625921439075,0.004328831671110026,0.011475283716052347
364,0.12048578225966555,0.29157406284462345,0.025295395970655533,0.054338559557537226,0.5083061993675182
365,0.22609433729170217,0.6554577895671327,0.006200861991861816,0.05328724709402104,0.058959764055282145
366,0.19108673744169355,0.7124819180083238,0.026282767283187524,0.016131349096277618,0.054017228170517496
367,0.3123082621090056,0.5793880909320163,0.015178965577572362,0.015372302284518458,0.07775237909688722
368,0.12424936542560883,0.8113379393559884,0.007838214005548658,0.03136181984718529,0.025212661365669038
369,0.045803564950529445,0.8396942855670572,0.020846332599232312,0.010909600422318522,0.08274621646086257
370,0.1284994395707893,0.7927134258636519,0.007805944668332516,0.02274387826854655,0.04823731162867981
371,0.042562869246608674,0.8811639396414174,0.055516999254961175,0.007825791302510678,0.012930400554501993
372,0.06206574865383976,0.8753717317589217,0.04110790372765043,0.0045947769069786286,0.01685983895260967
373,0.07084701268830718,0.7913441478076284,0.08050869534930222,0.027268247308746142,0.03003189684601596
374,0.03445629407718679,0.7304526681648827,0.20601820426358453,0.02201187985758267,0.007060953636763382
375,0.047352701812041965,0.8020163176795945,0.10278187512478013,0.03374490156013356,0.014104203823449731
376,0.02733300158038555,0.8653488327103875,0.08200162070184555,0.02061515011533549,0.004701394892045932
377,0.09092286765338829,0.7330657830445131,0.11509594608492706,0.03083458906546439,0.03008081415170727
378,0.2169567152067307,0.6794461207668497,0.019101767942931502,0.038301382710169155,0.046194013373318916
379,0.11764615620324456,0.7086282287675822,0.13382287882295496,0.018083252986205785,0.021819483220012283
380,0.20643410940572854,0.688588131379761,0.05968861986569889,0.0195801204408786,0.025709018907932975
