epoch,N1,N2,N3,R,W
0,0.057970311174762125,0.00422134564093485,2.060477004955032e-05,0.007356048481739988,0.9304316899325135
1,0.012958257053094351,0.0016420926321357042,9.19157368003665e-06,0.0021755281900308746,0.9832149305510589
2,0.012310086858777275,0.0013555083014946873,8.831675444577327e-06,0.0024347980456997757,0.9838907751185838
3,0.019093063845760195,0.0010777095799653412,5.092301544778394e-06,0.001072203535056309,0.9787519307376734
4,0.04358513033383731,0.0012637043326180933,1.13279317664559e-05,0.0007350350234050109,0.9544048023783731
5,0.0979968728967521,0.0025587172271835192,9.406041151614032e-06,0.0007155923108254119,0.8987194115240874
6,0.5149863136601166,0.014444386173252414,8.251161910736354e-05,0.0022964811655670444,0.4681903073819566
7,0.4905588878556735,0.025212130917550694,6.926094981322633e-05,0.00279327008823162,0.48136645018873103
8,0.5272876373572549,0.058320359359190214,0.00012634896847093274,0.004761299021709862,0.40950435529337414
9,0.5045789453329238,0.3559213513475732,0.001044907177941182,0.003977402101806931,0.13447739403975495
10,0.0682547784805739,0.8197092883254321,0.014835038308961872,0.0021066524094305685,0.09509424247560161
11,0.2194608897514262,0.6273547547306388,0.005750353903249038,0.008727283860505542,0.13870671775418053
12,0.3676236320495208,0.2850822054501635,0.0018661493094680006,0.0069757415565556875,0.3384522716342919
13,0.34282964029694973,0.32408188278551125,0.0035048839016937595,0.004004888776227233,0.32557870423961804
14,0.6027450316076921,0.2703811341490525,0.0015186934154816235,0.001552479661818347,0.12380266116595542
15,0.13741131138154247,0.811561827037773,0.009336611609193999,0.0005727073820135459,0.04111754258947713
16,0.41827390643275003,0.4488653504129986,0.01167598264840746,0.0016613285066525993,0.11952343199919108
17,0.019186209332261416,0.8435763324786902,0.11517024126561919,0.0003287129414481609,0.021738503981980902
18,0.31383830820608927,0.5532108553150004,0.0074408948154820525,0.019743412726511898,0.10576652893691639
19,0.045148131637745,0.8948969232382521,0.02067618087165153,0.0010365150732834668,0.03824224917906792
20,0.05361755866694565,0.7873171978247095,0.09073902887857632,0.0010583653026506293,0.06726784932711778
21,0.1453980997156583,0.772206928332397,0.02338488074808483,0.0008316652045208267,0.05817842599933911
22,0.07982201190612113,0.7908376209752822,0.055772382538386005,0.0007038519195457715,0.07286413266066487
23,0.09189425736030722,0.7961705773018766,0.05111238429822429,0.0005416586743682255,0.06028112236522363
24,0.035533494480567626,0.8656641348397197,0.073156276628846,0.0003134623150230221,0.02533263173584378
25,0.032829963025966934,0.8094905700617406,0.11526264889977363,0.0007717421062771219,0.04164507590624155
26,0.28343657438517916,0.49902217698749624,0.05008662418396623,0.009002529007776082,0.15845209543558234
27,0.12517311573591414,0.7322658956235792,0.04488793709006664,0.002733681115332754,0.09493937043510714
28,0.286764102279942,0.25008599697845324,0.0023463494256638017,0.01218294373855974,0.4486206075773814
29,0.37847643603831255,0.4454259483081705,0.004573951384775198,0.0035676940995886023,0.16795597016915312
30,0.14807327115136162,0.7912701674230179,0.017167006364341677,0.0003303492497693176,0.04315920581150956
31,0.03137066294640113,0.847716075488497,0.07746126648308074,0.00011498770412886316,0.04333700737789239
32,0.03761693038328141,0.8447084384587721,0.07807527382066703,0.0002358747339632711,0.03936348260331612
33,0.09992418031174288,0.6770781755178709,0.1371135722804839,0.001261455088451025,0.08462261680145121
34,0.0443099037953318,0.7712924498597842,0.1495093827531152,0.000387232022127866,0.034501031569640885
35,0.05205257527252408,0.7222837193056098,0.17055492739797617,0.0004865027771282255,0.05462227524676186
36,0.026333949359374217,0.8008095097043307,0.14909854734594205,0.0008292732568101324,0.022928720333543075
37,0.059493725273646,0.8014887362327875,0.09590813097735142,0.0018945018663243107,0.041214905649890714
38,0.03282161635780057,0.7667528693198479,0.16810992804068808,0.002165037558691435,0.030150548722972077
39,0.47548331603170485,0.31415722561204945,0.0043353621700536,0.028819968569791667,0.17720412761640048
40,0.33556891148126944,0.448153332956848,0.0021932033516705376,0.0215270283290732,0.19255752388113864
41,0.28665091429112904,0.6292141521943109,0.0033249350250278992,0.006965027635454574,0.07384497085407771
42,0.22460281031613694,0.7319702963631959,0.005059295490365986,0.0014034310559460277,0.036964166774354934
43,0.4352896531737762,0.42910715525064796,0.003336207980845007,0.004478663284502684,0.12778832031022824
44,0.15735966001445043,0.7916759078918894,0.006941558743895439,0.000674020701064105,0.04334885264870056
45,0.03139927107936442,0.923938038835176,0.033516799248244224,9.870526828132253e-05,0.011047185568934094
46,0.07457254177874546,0.8243915060145667,0.05431793380530867,0.00044071900626822103,0.046277299395111035
47,0.06860816224547221,0.8498528506398053,0.05575017975815064,0.0008255236408718866,0.024963283715700012
48,0.06305445583782977,0.8460454212837705,0.06533109271968526,0.0006613889354672722,0.024907641223247172
49,0.009133485210259867,0.7697383778436175,0.21330373109669543,0.00012167449111918638,0.007702731358308137
50,0.014783387650042886,0.7910890195852393,0.18304375229563682,0.00014897911656563316,0.01093486135251552
51,0.013999685245389288,0.6256857727762664,0.3499558386663345,0.00013452730443553986,0.01022417600757431
52,0.011671409551293874,0.49753107263468077,0.4731402559834162,0.00016908697585080976,0.017488174854758457
53,0.0025361835677970407,0.26247101047616256,0.7292513320571524,4.641530409729024e-05,0.005695058594790607
54,0.007670430488373501,0.4118985808375257,0.5730659695118937,0.0001382624350086293,0.007226756727198462
55,0.003822261269108796,0.3478611146396308,0.6416807143991908,8.205137344061757e-05,0.00655385831862878
56,0.0013624716436529036,0.22139161838713728,0.7737167176205068,2.196794000638535e-05,0.003507224408696692
57,0.009197126694101339,0.4999398367204235,0.48450631571651526,0.00016354248002275657,0.006193178388937059
58,0.006273310016929886,0.5016347321701425,0.4881287328472766,6.791847613140829e-05,0.0038953064895195593
59,0.0034006422808460137,0.237124308619244,0.7544639406824096,5.114283598623686e-05,0.004959965581514054
60,0.009535305370906032,0.4595113532400956,0.5245771466631589,0.00014020561705924974,0.0062359891087800995
61,0.004478559082163734,0.22382101715970823,0.7632214136525731,0.00011137219211763215,0.008367637913437448
62,0.01734066811830438,0.5926776585540332,0.3760172908532061,0.0002766459984252279,0.01368773647603121
63,0.024444158605237947,0.6354334472966499,0.32526315908097414,0.00039657584771958504,0.014462659169418425
64,0.006417919418746387,0.675196245084831,0.3100055004473086,0.00014530298637311344,0.008235032062741053
65,0.005619539179360957,0.6480241965582921,0.34061529130880674,0.0001161770788929419,0.005624795874647282
66,0.0028124590576691926,0.24423672618446385,0.7493001873147378,3.024003264993625e-05,0.003620387410479082
67,0.0018539330996753165,0.3024884637204759,0.6926249330832795,2.387744304823596e-05,0.0030087926535210157
68,0.043046501193455,0.5629776146259917,0.3590108730267869,0.000975195576157307,0.0339898155776091
69,0.07712234919963785,0.6888503005603261,0.19391816915926297,0.0028863171262334775,0.037222863954539595
70,0.09497523895721638,0.7697276979683613,0.10755216323943423,0.002771177359919977,0.02497372247506809
71,0.3589361340519886,0.5096421491438639,0.026228857349891714,0.016444989585021306,0.08874786986923446
72,0.01984932761900952,0.8749120773386279,0.09835402198723697,0.00037309813266567726,0.006511474922460075
73,0.023387754377733952,0.7643031421898413,0.18687425254939963,0.0008987677280916894,0.02453608315493353
74,0.017992408370353288,0.8150074333005667,0.15578358415553925,0.0007008262652425127,0.010515747908298182
75,0.011385892543614252,0.6721964153337414,0.2858939373058423,0.001052398730710822,0.029471356086091218
76,0.0251568158534721,0.6725322922012498,0.284467076632568,0.0006060729326846818,0.01723774238002556
77,0.018170700641502117,0.6834567932749719,0.2719873665564937,0.001918389222735661,0.02446675030429671
78,0.007096592232164685,0.5493865753293956,0.4375603151218074,0.0002199887646832384,0.005736528551949137
79,0.006581865739519574,0.4782173282962376,0.5070137540747702,0.00027152068215120334,0.007915531207321358
80,0.03943043750482066,0.7231322525249747,0.2067144046693682,0.0015495771394532796,0.029173328161383134
81,0.14310579920728095,0.7547253044329751,0.07833551419403581,0.00860595825353314,0.015227423912174867
82,0.05830687607828656,0.7970814333351925,0.1114370278783219,0.01264419086597244,0.020530471842226616
83,0.27494959663319435,0.595810796888323,0.06670436411023775,0.030675649298375744,0.03185959306986922
84,0.12976099411855943,0.7525401472410667,0.0406404277645212,0.04603584664015919,0.031022584235693495
85,0.26751356523462394,0.47391099509950435,0.011182629244774695,0.19003333727062185,0.05735947315047513
86,0.3626367912228324,0.40761826648061117,0.00336932908422663,0.0906016962068273,0.13577391700550243
87,0.36802060380628276,0.2504502114561566,0.0013280304301574396,0.2669894318367956,0.11321172247060762
88,0.5079013544859499,0.23323545610471963,0.0006498308237685512,0.17152659682634408,0.08668676175921786
89,0.36263820140379044,0.29429136983323256,0.0007757465042482814,0.22853961704363132,0.11375506521509729
90,0.2117995701105919,0.47912107127795284,0.001777480281830657,0.25800307644118103,0.0492988018884437
91,0.23989301165177382,0.3400617601398765,0.0013986833820995887,0.31760813215507994,0.10103841267117004
92,0.2344171544062555,0.11900536516962894,0.0005357927972231794,0.3593625518779015,0.28667913574899084
93,0.298561751998985,0.15875205069341408,0.0005304194880414654,0.30963847688691193,0.23251730093264752
94,0.4478987114819518,0.09322962853681951,0.00024894005775105346,0.12519248892469398,0.33343023099878366
95,0.4334121113692237,0.10799391049487209,0.0001595952832489343,0.2019792889536825,0.25645509389897275
96,0.3920532872345461,0.0716742777754077,0.0002010594276280794,0.20437592940141092,0.33169544616100716
97,0.2878952003141186,0.06118435687051334,0.00013974188629895738,0.24760810022457197,0.4031726007044972
98,0.3068296167800591,0.04495595673568634,9.299489652070582e-05,0.28264652337923574,0.3654749082084981
99,0.28480057146739374,0.06036444922261978,0.0001349138014491269,0.36155439239376136,0.293145673114776
100,0.3840593535042898,0.08316090319034981,0.00017453309685622724,0.28053087955035844,0.2520743306581458
101,0.39498054254113846,0.04378580410800021,0.00014112884107416747,0.08443307586818617,0.4766594486416011
102,0.441235796173883,0.06106986024926732,7.595223302219005e-05,0.2259045836978947,0.27171380764593284
103,0.5317936553880751,0.0525788861943793,6.113343185670475e-05,0.10317295128425011,0.3123933737014388
104,0.5184051460740796,0.08700569625862772,0.0001556865864601052,0.15250252774890946,0.24193094333192314
105,0.3628244991542169,0.1480337853852416,0.0003335509751677041,0.3286734495913695,0.16013471489400422
106,0.2861002947686749,0.06006986583993249,0.0002508379561679109,0.183572415328707,0.4700065861065177
107,0.35361333695909564,0.07375953291819932,0.0003561043188088305,0.2514173063984311,0.32085371940546514
108,0.2571314495824836,0.05894372618472028,0.00015622197476457286,0.22112796214841282,0.4626406401096187
109,0.2963555308980605,0.03640837780640555,0.00010292628542319079,0.23143303419874653,0.4357001308113643
110,0.18436353974411618,0.0488751185979782,8.401348823824444e-05,0.1915948925623649,0.5750824356073024
111,0.050437176401954706,0.006351387492656117,2.118521581756894e-05,0.028452749867686866,0.9147375010218847
112,0.26120216467000634,0.01137092431701431,3.0268324437067004e-05,0.03206254039816183,0.6953341022903805
113,0.6008851640531708,0.020128978103354088,3.584507041190232e-05,0.054972442738427336,0.32397757003463584
114,0.6069654743351494,0.021103233504562103,3.2068881709346924e-05,0.0379504988637753,0.3339487244148038
115,0.5414000798461568,0.04725877127273871,0.00015613044439858936,0.13214115554402353,0.2790438628926824
116,0.3530389497124016,0.026937628776129055,6.885239386586115e-05,0.32262220287638577,0.29733236624121767
117,0.350500332456763,0.06649835332798129,0.00021350586802787775,0.46835532697600407,0.11443248137122365
118,0.2615961159976503,0.07033311662656701,0.00011536267834685373,0.17007796203308123,0.49787744266435463
119,0.46656152304614723,0.08683664774862533,0.0004351501440701027,0.23971266235681485,0.20645401670434263
120,0.5566978079916808,0.19442682263974267,0.0003835576880513965,0.14381310831738575,0.10467870336313932
121,0.5003278383235694,0.22742627731055054,0.0003964115161913337,0.12539330128160647,0.14645617156808224
122,0.48604572130248086,0.1615851261794015,0.00031020046981781053,0.22485352359386818,0.12720542845443167
123,0.4936503438297316,0.19999716226918185,0.0003422204552778034,0.1999395640790674,0.10607070936674148
124,0.4740319081196342,0.20373427172380115,0.0005784494064171848,0.1903337353427074,0.13132163540744018
125,0.38500916878863184,0.33649977576838874,0.0006276001620734655,0.2171657093380238,0.06069774594288202
126,0.43303501021389224,0.3021034592092988,0.0009550522296845286,0.18695239321301962,0.07695408513410465
127,0.37247223849068767,0.27180241535789096,0.0013024124426627905,0.2925625539887304,0.06186037972002806
128,0.3669154236885879,0.2182566787682059,0.0007978209697759398,0.24429434610475023,0.16973573046867993
129,0.31630617229987895,0.26817749495926907,0.0005252541743090562,0.24967400616461904,0.16531707240192395
130,0.23941511281916514,0.4408222713644961,0.0010098374631028486,0.1957855802333245,0.12296719811991144
131,0.3989680515765995,0.17864003471505221,0.00040493640111923754,0.2675461586104379,0.15444081869679105
132,0.39594309042342013,0.22522104073928867,0.0007631261989831925,0.2862371405844875,0.09183560205382049
133,0.41943653235585004,0.2724865241863758,0.000755381819137592,0.21871845493309977,0.08860310670553678
134,0.4062316498706532,0.2901303176471252,0.0005025116983612314,0.2473007542275805,0.05583476655627987
135,0.24674197344101437,0.4722745053044633,0.0010064955987715881,0.22950619853368237,0.050470827122068324
136,0.3826921222123138,0.4136064191920583,0.001956836362030656,0.11687477686922514,0.08486984536437217
137,0.3043956997893528,0.3499388175163749,0.002263512406462737,0.13511305319506833,0.20828891709274128
138,0.48109520041474074,0.28605122589610155,0.0012522221196742923,0.12143089987617398,0.11017045169330936
139,0.48825219080192306,0.19656844691813302,0.0007878387957256732,0.2379101082480043,0.07648141523621381
140,0.4536334040330661,0.36640171790097886,0.0008432590582315952,0.10448840042876668,0.0746332185789568
141,0.31131648122729805,0.48615337015816124,0.0011125469552695695,0.14221382967118776,0.059203771988083374
142,0.36553683393142516,0.3616254747360551,0.0008830867272953472,0.2501096764578417,0.021844928147382755
143,0.17039075664067227,0.5677558730235593,0.001589999933209981,0.23722586105736448,0.023037509345194
144,0.2806191239074825,0.43798731773503513,0.0017659015807247268,0.17236295319026246,0.10726470358649515
145,0.21457059314477508,0.5178342086835422,0.002250956540441316,0.23267346207695114,0.032670779554290263
146,0.2262048363299638,0.4117367137580933,0.0020324391491150697,0.20216935104769743,0.15785665971513052
147,0.23781342630632338,0.4519786837002983,0.002232259791906148,0.19182561285801888,0.11615001734345333
148,0.11596757463768159,0.07181956105573332,0.00028320147998637786,0.022326701847358448,0.7896029609792401
149,0.386805633061147,0.0657536077092562,0.0002132728932230233,0.03241416011075558,0.5148133262256183
150,0.5153933274194977,0.06932416068713136,0.00017273591645034178,0.018454801189656284,0.39665497478726425
151,0.5786968057398058,0.04991522801338318,0.00012346273838437894,0.011686117978872456,0.3595783855295541
152,0.6767215578799723,0.07650964413410244,0.00017734439592725096,0.1074902911938235,0.13910116239617462
153,0.541965345226558,0.22506895434694113,0.00021175326763760887,0.10876253109508667,0.12399141606377645
154,0.33056001554437187,0.3478380345657718,0.00047523837623141907,0.23557637867352793,0.08555033284009712
155,0.3431805595826183,0.21092605042096169,0.0002609203811876169,0.3207691705665096,0.12486329904872284
156,0.07829194125458962,0.03738550607608276,0.00028457336400318484,0.01388525662908302,0.8701527226762413
157,0.30179896111907634,0.03872741971940079,8.124435215061788e-05,0.04721340134513313,0.612178973464239
158,0.5502428804039149,0.03965024728633388,8.383758913846162e-05,0.06240898410342595,0.34761405061718686
159,0.43843647522884593,0.03797368025187308,7.339657374027981e-05,0.047767715273198896,0.4757487326723417
160,0.12004734757678558,0.028917770598182232,0.00019368183108173904,0.031838653978391473,0.819002546015559
161,0.03955281304024437,0.006114337036245792,2.0154270623518888e-05,0.005146415741918946,0.9491662799109674
162,0.05159601305401911,0.004418960180374166,1.4745811608080222e-05,0.005331301962725551,0.9386389789912731
163,0.07494017403827127,0.003837104116701522,2.1151350204598815e-05,0.007203388263742933,0.9139981822310796
164,0.1780457979113792,0.006512246403420921,3.919829532791332e-05,0.0037496665148631226,0.8116530908750088
165,0.20210868704617008,0.0180742035874038,9.709259771378192e-05,0.005468972197094023,0.7742510445716183
166,0.6667538201153581,0.02781148867888484,9.692459589648458e-05,0.016066069839006242,0.28927169677085446
167,0.7200434875300992,0.0428634046483971,0.00015033979436947337,0.025204914167373034,0.21173785385976115
168,0.43785331221710244,0.08863948908263454,0.0006811550075375169,0.08101298854602101,0.39181305514670434
169,0.6183480239134658,0.18417495759696376,0.0003586283798673086,0.07056045823143497,0.12655793187826817
170,0.49104896158808226,0.3454360911717409,0.0011949902468356382,0.07675537651669738,0.08556458047664377
171,0.48718340451990705,0.3217028999021706,0.0014655398358688822,0.09070603007911932,0.09894212566293412
172,0.2913593286671122,0.5934125298773377,0.0021803686206307627,0.05077441398821637,0.06227335884670291
173,0.3296462402463758,0.5581802042619016,0.00179020782161385,0.07551374778066677,0.03486959988944195
174,0.24030706948519012,0.674183525563324,0.002613409186702115,0.03769860053937114,0.04519739522541273
175,0.31637565313570465,0.5914394086591825,0.002680530739886333,0.025232176018941885,0.06427223144628459
176,0.1623455568706903,0.7967305350853051,0.00446328033471339,0.016057285391960437,0.020403342317330833
177,0.4955052430714963,0.24234315161936126,0.0007100448682010252,0.04738458975251668,0.2140569706884248
178,0.5042364096189991,0.2950800458226352,0.0013076994254622393,0.04447682093422904,0.1548990241986744
179,0.24106622097006009,0.6474366998972934,0.003281356533711913,0.07862787405047007,0.02958784854846462
180,0.28295821951798134,0.565413772789831,0.0016667109634042774,0.09559221367656244,0.054369083052220976
181,0.24528233466097338,0.5144127040166571,0.0012452333252012835,0.17245959935257327,0.06660012864459507
182,0.18409023887239717,0.566537464356079,0.0010837908941080398,0.19389045382677472,0.05439805205064125
183,0.124710336556476,0.10558072040826713,0.0005876020361845304,0.08121387279580873,0.6879074682032637
184,0.14879427124001224,0.04834195853220546,0.0001433715947546482,0.07311032563805502,0.7296100729949727
185,0.13191502674757594,0.037694295124358415,9.302183337584541e-05,0.02600555875839606,0.8042920975362937
186,0.4279806180924244,0.07087343283215053,0.00011047494397198031,0.01896464910897874,0.48207082502247445
187,0.6183979939161425,0.07830121642976999,0.0001360665391307091,0.08856621883891959,0.21459850427603724
188,0.04665318614702974,0.02957116546123347,0.0004576100842739902,0.0136653371547887,0.9096527011526742
189,0.03681776967527551,0.005762116243844996,4.07493278959191e-05,0.006099685587262491,0.9512796791657212
190,0.4668715624296093,0.02058968936844002,0.00014041459187046494,0.05168138652600584,0.4607169470840743
191,0.020157021782030358,0.003348992309479155,2.163318630670363e-05,0.005973618713137478,0.9704987340090463
192,0.05552006783146292,0.00463652332135516,1.4476354831436875e-05,0.006910673016433102,0.9329182594759174
193,0.08284623932951057,0.004300863918198754,1.2405337990408528e-05,0.0045147217676157645,0.9083257696466845
194,0.039335917813508106,0.004143197957335579,7.235225550294067e-06,0.004401817021234767,0.9521118319823713
195,0.41593465533847646,0.01853227320331109,4.49381476483923e-05,0.04823316077924982,0.5172549725313144
196,0.53593667844412,0.04273403798103386,8.749149932191683e-05,0.22471290985364048,0.1965288822218838
197,0.24378583550425403,0.019062143492045467,5.737915165823455e-05,0.05381786249825138,0.6832767793537908
198,0.3846578124498217,0.03278359734792806,8.635280860021846e-05,0.11809564275683504,0.46437659463681497
199,0.41437126077361575,0.08350690655146309,6.341795597816796e-05,0.2951340464319579,0.20692436828698518
200,0.46021141877841726,0.03960257944445726,5.500742953908324e-05,0.32118885771030786,0.17894213663727845
201,0.3192707892527251,0.05498516457234761,4.31867258065299e-05,0.45878143723858333,0.16691942221053743
202,0.29820145331214676,0.17843210023081407,0.000314082293217061,0.46049835985926274,0.06255400430455939
203,0.21918074174781843,0.2553771262977645,0.00022342313948575277,0.34167839175335496,0.18354031706157645
204,0.026038405331046486,0.009132307062261194,3.7009434391688104e-05,0.011524789692492538,0.953267488479808
205,0.03518981719882033,0.004589514470688113,7.366401713940643e-06,0.01070751019799523,0.9495057917307824
206,0.3347864393875857,0.03515634796135122,4.1276688162634545e-05,0.033301854921979464,0.596714081040921
207,0.6750610367797782,0.04966265080156013,2.3557430350595273e-05,0.01393911251721384,0.26131364247109706
208,0.6604121994175541,0.08581427341864224,0.00012065485374878723,0.025622778677216743,0.2280300936328381
209,0.4611050609931436,0.10481580483443148,0.0001621147756031917,0.14756479142750675,0.2863522279693149
210,0.41411410649260094,0.14110786409665302,0.0006944331931384504,0.06300262819019674,0.38108096802741076
211,0.4613249829494682,0.2729331350580097,0.0010194704604330116,0.05008722814348646,0.2146351833886026
212,0.17491310394105766,0.7791834945317967,0.0023472552818435233,0.003382494891262468,0.04017365135403958
213,0.08734874631973065,0.8664037355936848,0.006772349226529265,0.0018649718856989692,0.03761019697435631
214,0.1979210559997766,0.7599492663246228,0.004478930408820765,0.007559913783912157,0.03009083348286777
215,0.13769542210909028,0.8252719899071558,0.006585389053486451,0.00993491163129957,0.020512287298967737
216,0.235719040847237,0.691797312253064,0.0054939327240862675,0.03400449094962391,0.03298522322598885
217,0.08968639170694877,0.8834021250564469,0.007627286513064108,0.013253569393564686,0.006030627329975645
218,0.1848202227861352,0.769305806634783,0.006847197812901395,0.018624613781246236,0.020402158984934235
219,0.1236345891831441,0.8373479092589227,0.005451145757814905,0.01734631389246149,0.016220041907656982
220,0.05651696879699946,0.9086493646390198,0.010297596030340198,0.015638011698492712,0.008898058835147812
221,0.11752243206063308,0.8268254136836191,0.01242824979183476,0.031324134068497635,0.011899770395415416
222,0.23831122930288345,0.6677476264507222,0.009436559530421027,0.07179503211472794,0.012709552601245604
223,0.14928976920098483,0.7306815852662784,0.010091574758383948,0.09061844768392797,0.019318623090425015
224,0.11175826000471849,0.83353170168136,0.009149520314324205,0.023638546226671386,0.021921971772925958
225,0.15865448441271784,0.794929517556,0.004561094844562745,0.021813532194185963,0.020041370992533537
226,0.116789772837426,0.8401673289612125,0.011048874905247983,0.011619001712509777,0.02037502158360377
227,0.11158541891104283,0.8348647811650051,0.016269987059894405,0.010562859561292475,0.026716953302765353
228,0.1345850769133942,0.8097673761338366,0.01126056696898861,0.01872770530850345,0.025659274675277125
229,0.04831600899868466,0.9202957561207382,0.008458214130272708,0.019223152432542183,0.003706868317762156
230,0.1654886308274246,0.681865261306146,0.006362368486113982,0.1072213236742228,0.03906241570609255
231,0.08362750912142879,0.7524183088730453,0.00663482092308824,0.130705808850577,0.026613552231860627
232,0.30533471938687823,0.36332767343252664,0.0019935069687380905,0.2845825548383345,0.04476154537352239
233,0.42253204983672177,0.2876112157161567,0.00205344858236923,0.23180421394259274,0.05599907192215963
234,0.4226907633936351,0.25076486675967813,0.001380970409280044,0.14671055492843044,0.17845284450897625
235,0.30643697910789763,0.13328332993006822,0.00039860712846150336,0.4724746499045132,0.08740643392905958
236,0.30021696068945847,0.10485377836592785,0.0003199060567077967,0.5138388104162859,0.08077054447161995
237,0.11127310185343235,0.19091178190883643,0.00039037914260996973,0.6796483598254591,0.017776377269662077
238,0.15486886509964168,0.11801302500708281,0.0003678209527476523,0.6648295949565636,0.061920693983964284
239,0.10419753759921947,0.04804574828224854,0.000286601182671914,0.8017363854474401,0.045733727488419966
240,0.09363014618403989,0.03766204475863227,0.00024361809212726634,0.7930212224206324,0.07544296854456811
241,0.1880489993761692,0.029188846254108305,0.00011843935502788763,0.6406457061156599,0.14199800889903486
242,0.3689777600723703,0.023370888466367888,8.900581368002563e-05,0.4229863683436605,0.1845759773039213
243,0.3974388677894462,0.0832025750765474,0.00010816477273756074,0.2951300404940402,0.22412035186722862
244,0.38764396074753144,0.04801260330952392,5.17845384516554e-05,0.43419626837454295,0.13009538302995013
245,0.240772092031253,0.055963843955407835,8.032877782084597e-05,0.6618668300122446,0.041316905223273824
246,0.23795026745417897,0.04869796881081685,8.330186234841142e-05,0.6031379558465018,0.11013050602615401
247,0.24149075796808592,0.08409540254523859,0.0001466036056249121,0.5216336118612447,0.15263362401980585
248,0.25193563925459683,0.04517725667808364,0.00011010467785995285,0.6152123553663615,0.08756464402309809
249,0.19009907821114108,0.09916669613444007,0.00016512257282146403,0.645734824607004,0.06483427847459339
250,0.17669316749906708,0.09940580036491595,0.0004654172589697932,0.6736986452871904,0.04973696958985681
251,0.08244097182357475,0.04551908737244034,0.00021469218567161217,0.8368610972273277,0.03496415139098555
252,0.05808370966028871,0.10380436869076978,0.0003759178036627414,0.7834195523523023,0.054316451492976384
253,0.09702302035951735,0.03719168967795468,0.000220019565803696,0.7177954090388328,0.14776986135789155
254,0.06461769783602454,0.014685286551366314,0.0002559354831933871,0.8188100617178297,0.10163101841158613
255,0.09194758845226292,0.012125771538628625,0.00020326786093487653,0.7428071662060068,0.1529162059421667
256,0.1524472101222755,0.01377838014168847,0.00018935924893928696,0.6904557229722272,0.14312932751486954
257,0.19188752591838343,0.014832671618406979,0.000175471677980027,0.4523485340719671,0.3407557967132624
258,0.31562804619005863,0.019590588485767703,0.0002328683323310722,0.3479098166730727,0.31663868031876985
259,0.24443241738160007,0.015886918784727224,0.00022516274018399152,0.2892978337544939,0.4501576673389948
260,0.30496925380704726,0.026025387552397816,0.00013370352110213826,0.4611796279347729,0.20769202718467986
261,0.37332136674299465,0.030724378029359345,0.0001498737056765236,0.3724092265864755,0.2233951549354938
262,0.4727318205068929,0.05028593904945594,0.00012499186183383593,0.2699475096904007,0.20690973889141667
263,0.4598957649831507,0.07088997746208202,0.00010034146501368368,0.3388569990601438,0.1302569170296098
264,0.41459765923653713,0.09681238803058716,8.005087289986997e-05,0.35826169528496105,0.13024820657501485
265,0.29188770089501,0.23737751467168866,0.00028070672223543306,0.3580487923533995,0.11240528535766645
266,0.21188831181268517,0.13031592695205202,0.00014931623505108505,0.630609764300031,0.02703668070018067
267,0.27870077968869084,0.16331309260729923,0.00028025836029108215,0.4496079253924439,0.10809794395127496
268,0.2935981411554097,0.16551274328113336,0.0007768149216925482,0.3787827817325955,0.16132951890916886
269,0.34205572801203477,0.08936080146744897,0.0005069027410836228,0.24271756934824798,0.32535899843118465
270,0.49663490756604683,0.10214366570517894,0.0006256069145237969,0.2829114440985481,0.11768437571570245
271,0.48889693158011105,0.18775874936044054,0.0005788967727097583,0.23424714552932072,0.08851827675741782
272,0.3822275129216538,0.20066542017853545,0.0006466197477987116,0.2734081700349701,0.14305227711704183
273,0.36573966301327876,0.26478014184746845,0.0008469231320172648,0.2529376387227963,0.11569563328443927
274,0.3810769847495509,0.16539814636326042,0.0005748646936816786,0.38096628930867804,0.071983714884829
275,0.44163150302991155,0.15416354273243174,0.0009352509887314588,0.23619353001511223,0.1670761732338131
276,0.43273086199300115,0.18162289703379325,0.000675234284834333,0.21251436793598125,0.17245663875239003
277,0.5083471902614143,0.2175598714087094,0.0010852040602617164,0.12310099855040828,0.14990673571920635
278,0.5962876241830604,0.20637607718080306,0.0007210803866219801,0.12154947758398982,0.07506574066552482
279,0.40431442654536337,0.46630444620749584,0.0005340654727712442,0.10344868281644276,0.025398378957926817
280,0.33330323489659636,0.5089123194338574,0.0012028480712780458,0.10942985990159032,0.047151737696677846
281,0.2480201379402835,0.602246337577212,0.0012146302891038214,0.1153553056206742,0.033163588572726485
282,0.3553150429274008,0.3388755033375274,0.0008726996922741002,0.2671012789572625,0.03783547508553514
283,0.49183712953366543,0.1987725437059854,0.000488894106524741,0.15605920433521028,0.15284222831861424
284,0.3776876491587575,0.47600720704855376,0.0008083558318087375,0.09926279603012704,0.046233991930752984
285,0.5218678750480774,0.268879918819061,0.00035667804992057123,0.08808050790288408,0.12081502018005713
286,0.5325184809015935,0.3219860521518395,0.00040405043402957767,0.09881972305887438,0.04627169345366289
287,0.11137385137233408,0.8497589957596973,0.0006375886125216398,0.025761072298697677,0.012468491956749274
288,0.339630613543141,0.5369594169792731,0.0008184389943362583,0.0890409385920559,0.03355059189119369
289,0.19297069572104314,0.536620884009112,0.000831560816529713,0.2563856942296249,0.013191165223690139
290,0.24236298517546762,0.46534303235127095,0.00045356912748400314,0.26436706652761216,0.027473346818165274
291,0.34621574632309854,0.24044628583545655,0.0014015371998509038,0.08468869428373989,0.327247736357854
292,0.48503875396802926,0.16878254352449376,0.0004741207382479453,0.16771192308087657,0.17799265868835237
293,0.4791236732364314,0.39991722409702024,0.0007649110035936649,0.061646317888916384,0.058547873774038355
294,0.5664977060139774,0.3586253314906117,0.0009875496758376164,0.02802419578626976,0.04586521703330346
295,0.37175158979447664,0.5353077059260791,0.0008398058700147646,0.06307468280588588,0.029026215603543425
296,0.3311282746064857,0.5991643656446509,0.0027133925592397567,0.03056860757782519,0.03642535961179868
297,0.21258736512293952,0.7387937334044407,0.00512239126203593,0.027382358000010938,0.01611415221057304
298,0.2099399605259029,0.7112924203324145,0.006612024004632359,0.04394470296571721,0.028210892171333053
299,0.22707678812238608,0.696985435810191,0.007788470521307026,0.044034218636081535,0.02411508691003434
300,0.08741109657837437,0.8724528142161053,0.007090408227230027,0.02083075359937594,0.012214927378914211
301,0.21422296114808204,0.7100668770757538,0.006591524782596569,0.04145099036312282,0.02766764663044492
302,0.11711675873960387,0.8378225499926784,0.007564407657922356,0.02325316975384789,0.014243113855947646
303,0.1938104896838667,0.7444899103857379,0.005784050839028537,0.030224766353848673,0.025690782737518306
304,0.2114540956090942,0.7246094883849092,0.010522256751003416,0.03306820486023168,0.020345954394761428
305,0.08677630525599409,0.8822290404255182,0.014681931616806553,0.00951974334917056,0.006792979352510489
306,0.132433457327187,0.8403440690723359,0.010685031892247955,0.0053518823418477615,0.011185559366381515
307,0.061577800776906125,0.8938163694481585,0.03366930677258401,0.004306148222565012,0.006630374779786226
308,0.05768828309051121,0.9069545993971672,0.02695380341532003,0.003835972912412527,0.004567341184589147
309,0.09584178159935747,0.8534991003386844,0.020359225495205805,0.01958242776642907,0.010717464800323217
310,0.050574176268513106,0.9107005955710782,0.029462261757413222,0.0035265408826303294,0.005736425520365182
311,0.07018625644844846,0.8683383447952857,0.053583930427311084,0.0024145056696667586,0.005476962659288041
312,0.08494872960529562,0.8619491407717168,0.04309689687929212,0.00417097909271867,0.005834253650976861
313,0.050209052229999135,0.8686093986951966,0.07328929759578574,0.0037034597374557277,0.004188791741562975
314,0.19654184030772165,0.735354065763344,0.030337395268368293,0.023686060235715456,0.014080638424850635
315,0.10526304117864207,0.8199994320415659,0.05077590271843471,0.006833458850952269,0.017128165210404923
316,0.09259452893447387,0.8578597262403529,0.03674132567411154,0.006903494643950678,0.005900924507111118
317,0.06648296357378927,0.8924364243449484,0.027059999584570556,0.0052271977260627345,0.008793414770629095
318,0.022165365503007725,0.8500929324252025,0.10797425118225404,0.003924272028991827,0.015843178860544243
319,0.09734492378594002,0.8420833828018386,0.03672096644785454,0.004666269915707435,0.019184457048659363
320,0.12468691307433535,0.8090419915468475,0.0372396954886599,0.0074019680263483776,0.021629431863808755
321,0.149555105890053,0.7710240397252448,0.04856021757878168,0.017418965575983787,0.01344167122993697
322,0.1766041706617235,0.7764990282072504,0.02506032438331197,0.00864464355425204,0.013191833193462048
323,0.09956438811223554,0.834297542761953,0.04818735008493415,0.004183489633606336,0.013767229407270962
324,0.058088611723870025,0.8240928589741221,0.10344675760379667,0.002950688817956787,0.011421082880254296
325,0.02575515102598822,0.871766037626681,0.09545017409959139,0.0017442064944097507,0.005284430753329702
326,0.018656915003937714,0.7842808711169516,0.18618157529877652,0.001903169032723845,0.008977469547610322
327,0.04466027906671417,0.7837518171859075,0.15841211469885155,0.0036639021754795724,0.009511886873047203
328,0.023263495412182485,0.5834419788376894,0.37954667476713433,0.0022754112771229532,0.011472439705870755
329,0.022450333826841678,0.6709651102846699,0.28705081151709244,0.0032919110948561613,0.01624183327653971
330,0.03165091575716909,0.8033833826649827,0.15373565808467515,0.0033315475509973448,0.00789849594217567
331,0.019193176403222392,0.6769698500989798,0.29458785313148406,0.0038043160606076615,0.005444804305706143
332,0.08033594077156304,0.6375614816743772,0.25844202136819067,0.010565700477202993,0.013094855708666038
333,0.023693920780626872,0.6331647816776799,0.3289836126475662,0.0071172641492267315,0.0070404207449003085
334,0.018586481928196723,0.6705808925230353,0.29653867638574105,0.00529983631748096,0.00899411284554576
335,0.045161834245615,0.7908081005092626,0.14465632278475052,0.010306077654064364,0.00906766480630738
336,0.02932177196973375,0.7608709372094032,0.18948024734562846,0.007896950461524953,0.01243009301370946
337,0.016533415397736943,0.6733786480127888,0.2831551531845705,0.0073082133885244965,0.019624570016379086
338,0.04279360832404752,0.6417432744731499,0.290847742747737,0.012150635439560393,0.012464739015504956
339,0.0420945938545894,0.6283530956495759,0.30067305387440996,0.013881704000913278,0.01499755262051151
340,0.03499897705826015,0.6967245118495375,0.24379588403123031,0.010914491977780579,0.013566135083191391
341,0.040801004468802124,0.6560311325839113,0.24944447526614327,0.010354464350111836,0.04336892333103162
342,0.03547646784372815,0.783846605183219,0.15854982058845152,0.01075750005978798,0.011369606324813472
343,0.015770282429807943,0.7188317718559141,0.2449918124033978,0.008189969090589742,0.0122161642202902
344,0.07671841555148368,0.7239338970227743,0.15502532081757206,0.024678114564612916,0.01964425204355711
345,0.06642673191378873,0.6471996733002685,0.11942825963327294,0.11238713696833937,0.05455819818433045
346,0.17916145776988365,0.5926547846999987,0.03878987758611589,0.09207177927761973,0.09732210066638201
347,0.0916082645209837,0.7550907959748479,0.052936602647875544,0.04274360963121127,0.05762072722508163
348,0.14539077716070647,0.4726028833794102,0.01714788651384684,0.07980519131400994,0.2850532616320265
349,0.18739779819893437,0.49818732157659135,0.0010987251018172502,0.12528443683324259,0.18803171828941442
350,0.018147602767402522,0.041083960971763755,0.0003480635697047361,0.006035010521462759,0.9343853621696663
351,0.007702721504776184,0.0021015774758042336,5.2211240618438266e-05,0.0004813503498510578,0.98966213942895
352,0.01892746710739993,0.0030554774636200616,2.3905689927043907e-05,0.0012172723226214707,0.9767758774164315
353,0.02256294140590958,0.00691503970954055,2.2704220350935867e-05,0.0003855341991148226,0.9701137804650841
354,0.008566447956433066,0.005161156170847464,7.09122717317145e-05,0.000664325290758888,0.9855371583102288
355,0.051893315083892826,0.004287562209675864,0.000386815647000544,0.00022604736686500306,0.9432062596925658
356,0.019567610670197803,0.0025614216507756768,9.184374811645564e-06,0.00018051915566409066,0.9776812641485508
357,0.0010903991723218217,0.003299597935660219,0.00011525869010715229,4.9704996011082025e-05,0.9954450392058997
358,0.004422521670006627,0.00018305140935631503,1.743278581451428e-05,0.00013282329877802731,0.9952441708360446
359,0.0026206520924760574,0.0003252397032842479,7.317414320319134e-05,9.76998083155402e-05,0.9968832342527211
360,0.0016153779117057555,0.0003642135198850564,0.00020681963651736674,5.7547780993933224e-05,0.9977560411508979
361,0.03545557800886756,0.001716791574597924,0.005660811322287349,0.0003831491812467641,0.9567836699130003
362,0.03822840807823109,0.0006598898012661692,0.000280495861446057,0.006873173779210882,0.9539580324798458
363,0.055030650850209105,0.0008264740475942828,0.00022609361078149829,0.006753685572963156,0.937163095918452
364,0.018974181007661163,0.0006443540221673941,4.900090498147471e-06,0.0019356557328660685,0.9784409091468071
365,0.0032068029905706614,0.0003989746197553576,1.4137938528803667e-06,0.00018795697615466296,0.9962048516196663
366,0.006409998746961875,0.0021099067153566124,1.1978208692539945e-05,0.00027867096622856896,0.9911894453627605
367,0.003930393343590805,0.0008120966877046134,0.4038814883386813,0.00020436608397266025,0.5911716555460507
368,0.022046766112439366,0.0022436477949023246,1.6389731172493914e-05,0.001532295941018145,0.9741609004204677
369,0.004056047578681851,0.0007143467368252819,0.7290609559546749,0.0006034567354857852,0.2655651929943321
370,0.004623125906852448,0.0008757689648228976,0.36896873804924957,0.0007830871484399376,0.6247492799306352
371,0.0019026081855823978,0.0007764480821179642,0.7283367362585708,0.0006866176609585495,0.26829758981277035
372,0.0026421852494225534,0.0008619095349593228,4.532930036615827e-06,0.0009969035697960954,0.9954944687157854
373,0.005915713588415103,0.0015777166365393898,5.942482631989932e-06,0.0022473049541448533,0.9902533223382687
374,0.02487713205431882,0.002858640824167244,2.2934237160080478e-05,0.002739233356562748,0.9695020595277911
375,0.04339719636450141,0.0055825465597979665,2.820464795588812e-05,0.007290759482130597,0.9437012929456141
376,0.037432754313071324,0.006256494206947172,3.9769356655461896e-05,0.04127499501832426,0.9149959871050019
377,0.046422863950421236,0.00458929692423828,3.882931192284166e-05,0.01032530536666022,0.9386237044467574
378,0.1895284439751185,0.010446950973067479,6.304975855803076e-05,0.019039343557693118,0.7809222117355628
379,0.09623031280209846,0.00795142617636214,6.208969192227544e-05,0.034645188922311214,0.8611109824073059
