epoch,N1,N2,N3,R,W
0,0.02021398447841689,0.003619395150435638,8.93920071113386e-06,0.004391724018511503,0.9717659571519248
1,0.016183585189020744,0.006096499812177752,3.114171837839746e-05,0.0012904157284441106,0.976398357551979
2,0.0038055290630822905,0.0014406345962844611,6.821262159650963e-06,0.001575392276245248,0.9931716228022284
3,0.00020250967987794932,0.00014019156672347543,1.3088626347386358e-05,2.3085762611339746e-05,0.9996211243644398
4,0.0018972995022036592,0.0007629459689760549,5.07672223003207e-06,0.0017322134594316711,0.9956024643471586
5,0.0009166550324828368,7.794983656861676e-05,1.1642302228466085e-06,0.000635561529854301,0.9983686693708714
6,0.0019303890040680961,8.386970167008744e-05,1.0601641869678007e-06,0.000994264396270275,0.9969904167338046
7,0.0010666023293630174,3.9626221243556146e-05,0.026832372111444097,7.994969666946004e-05,0.9719814496412797
8,0.0032887518097799457,0.00013799386343147407,3.4498107542150194e-05,0.00048117925685492474,0.9960575769623915
9,0.013090921424147141,0.00021434518065483604,2.6776509817033268e-05,0.0005096037131864798,0.9861583531721945
10,0.05457293291496019,0.00033347053303141267,9.704318089634216e-06,0.0008871123947487062,0.9441967798391699
11,0.10900338199088405,0.0012357673584076521,1.097922884369076e-05,0.0014840804103981883,0.8882657910114665
12,0.028350585676677025,0.0030876872066912067,0.0014050895407590332,0.0017392985093332399,0.9654173390665396
13,0.03205867442367858,0.0024636471095823374,4.8963997322515336e-05,0.0033667602819071807,0.9620619541875094
14,0.002991208975358251,0.0007835835197324913,0.0011060033723790013,0.00040740423060895147,0.9947117999019213
15,0.019132066074391683,0.012991710864783346,3.615865575537002e-05,0.0017709906309528324,0.9660690737741168
16,0.028457331023939807,0.020423156338987464,4.788821717702473e-05,0.0069727398166973915,0.9440988846031984
17,0.025005183279416417,0.017149902529118157,4.5348145704612655e-05,0.0027906511500507187,0.95500891489571
18,0.1901744872331403,0.14696172920662545,0.0002962079855397974,0.0035169205953050984,0.6590506549793894
19,0.37263276513394533,0.19549814706264496,0.00033959010704503274,0.07394443754615755,0.3575850601502072
20,0.08881466685200418,0.692952284501494,0.008004004831172777,0.004190706378307767,0.20603833743702116
21,0.10031995971553427,0.7325842646446026,0.0031061449431611693,0.01629486477156914,0.14769476592513292
22,0.04719401118252792,0.8842675520468537,0.001229353257315432,0.02196440307727543,0.04534468043602769
23,0.021012345270191832,0.9291567446296944,0.0003365463148573239,0.023693601272973198,0.025800762512283228
24,0.030933560851705018,0.9442341198170885,0.0006496495853483665,0.011807467417126237,0.012375202328731918
25,0.11527420925884034,0.8410564957240468,0.00032552772315364844,0.02015453474224122,0.023189232551717884
26,0.03985432973753949,0.9398899977352992,0.0015597686500417064,0.009283116653082362,0.009412787224037187
27,0.011675284219665598,0.9770484325096818,0.002799882745320915,0.0012705846684594809,0.0072058158568720455
28,0.014261690107274667,0.9723984707343479,0.00022452216810957875,0.000967512388147883,0.012147804602119925
29,0.011723087822365018,0.9251832858928766,0.031465953615365645,0.0005489950736998349,0.031078677595692935
30,0.0034278829051731176,0.974984537728196,0.007148354379793413,0.00020895153748487017,0.01423027344935268
31,0.008842375699024175,0.8615086126802294,0.09059387505311994,0.00024474317545930183,0.03881039339216703
32,0.011649037262787437,0.8345841696339493,0.11351995640573863,0.00026869902816169857,0.03997813766936272
33,0.00351664649304325,0.4049904455164837,0.5669456293846881,0.00015572820043525642,0.024391550405349696
34,0.007498517408455868,0.6174814843595602,0.34134582143751613,0.00032012118648168186,0.03335405560798607
35,0.00673337194608634,0.5344558633496286,0.4004321126104741,0.0002795275392649371,0.058099124554546105
36,0.018246784719829157,0.5385992855694266,0.3297787821935255,0.0005988427070995274,0.11277630481011916
37,0.014630338879657813,0.6951900620654755,0.19436067708461016,0.0005584208304796182,0.09526050113977685
38,0.008042666556349755,0.5841693074411836,0.3609462682303216,0.000330244771976128,0.04651151300016896
39,0.007957273662772983,0.5013147775273138,0.3327793926758651,0.0007494912396946408,0.15719906489435356
40,0.15110352459146958,0.6631194372032446,0.00040812995488398235,0.003428126867794791,0.18194078138260697
41,0.10023811498450104,0.7709009471410492,0.0030300140465358634,0.003764533051914365,0.12206639077599962
42,0.024853158504751043,0.9081624264766136,0.018261209196474913,0.0006333689507444374,0.048089836871415985
43,0.02984567116101884,0.9371841839995657,0.008641268665955375,0.0009133539820205357,0.023415522191439574
44,0.09900038878399488,0.8216354898580756,0.0004685955023654343,0.003886707620679503,0.07500881823488485
45,0.11052137121337234,0.6292996266106302,0.002066203271668657,0.002703990237373772,0.25540880866695503
46,0.04527732818598819,0.8917477993737295,0.011657561784529138,0.0012672870221199744,0.05005002363363322
47,0.06219497407033659,0.9086561152080816,0.0009208085283807815,0.0013897340502984218,0.026838368142902524
48,0.030112570334166228,0.9517140640625268,0.0009519601789944567,0.0011506942483949345,0.01607071117591782
49,0.02465249614216391,0.9601683564950203,0.002310715643336038,0.0008742746769031847,0.01199415704257687
50,0.02451571453752161,0.9551866059733997,0.008111814813462494,0.0005695300187123453,0.011616334656903999
51,0.014848007742979036,0.9431967471679346,0.035433734348832145,0.00023196569824443543,0.006289545042009848
52,0.010960380275819992,0.8271564288549553,0.15551696858874642,0.0004541979549654325,0.005912024325512856
53,0.011446902707622851,0.9192359225932468,0.05695890715242765,0.0002181735515361381,0.012140093995166506
54,0.004474672802634141,0.8247436825470877,0.16703448336138066,9.576555928963766e-05,0.003651395729607625
55,0.009965836345165796,0.7972809444315948,0.18681117730691232,0.00018514375824911286,0.0057568981580781425
56,0.006509388281605312,0.6812180261091887,0.3070403206235286,9.681726983913642e-05,0.005135447715838064
57,0.004672761465217005,0.5109766419566695,0.48232621519488844,7.425410211295829e-05,0.0019501272811119283
58,0.0035467101070100725,0.48355904378393955,0.5083096596570911,3.3735189074196134e-05,0.0045508512628850434
59,0.002986020804667351,0.2092041522217892,0.7841990499048692,0.00011684094360820744,0.0034939361250660712
60,0.0029943879843850854,0.29750178706659963,0.6930338622673057,0.00019712880861835018,0.006272833873091189
61,0.005728864882316991,0.3224300014094573,0.6572749396028967,0.00014891867608954928,0.014417275429239254
62,0.0034512338433083985,0.2962493670939986,0.6917258911249301,0.00014574867551368775,0.008427759262249175
63,0.0018253923082800385,0.27366318080714863,0.7215791644277018,0.00010550756122691053,0.0028267548956425062
64,0.0003055369475549739,0.10585333994718409,0.8911174134740999,3.379696026016206e-05,0.00268991267090076
65,0.0011874377538428895,0.1941929827584939,0.8003890970091707,4.287595061874438e-05,0.00418760652787362
66,0.0007834103335333626,0.1543692352201118,0.8422666062274962,2.3051382029064613e-05,0.002557696836829553
67,0.00020337960961071418,0.04268838786949306,0.956066850290572,1.7034877860004036e-05,0.0010243473524641463
68,0.000986773925125775,0.14127401800109748,0.8551499289341323,2.874319612030178e-05,0.0025605359435239075
69,0.0007708135986876494,0.10294876562746169,0.8940834125261624,2.9283125781906352e-05,0.0021677251219064083
70,0.00053511288971819,0.07329389241345872,0.9248033770440491,3.756185581518708e-05,0.0013300557969589126
71,0.0014974382886378406,0.1773663446409652,0.8191824572816401,4.8826404622787766e-05,0.0019049333841340867
72,0.0006499618624258304,0.060963145256370706,0.9353848057560726,2.439375704027136e-05,0.0029776933680905606
73,0.0005696833364700698,0.06228253332560271,0.9347504725734624,3.1528858685298797e-05,0.0023657819057794805
74,0.002990124172486151,0.15182838924650505,0.8347523536305784,7.24090205609033e-05,0.010356723929869386
75,0.0023626361916768653,0.09285899505764365,0.8977636849931196,9.326857458801663e-05,0.006921415182971682
76,0.0014195234988452173,0.1036479003542697,0.8903177597179964,6.306810152886678e-05,0.004551748327359894
77,0.0015085855048483623,0.11837131095573007,0.8782141219398245,6.420977449132147e-05,0.0018417718251058145
78,0.0020684851324280296,0.1305578918919836,0.8639646015798969,0.00011043979946818354,0.0032985815962233776
79,0.004329257571289623,0.20954380442496107,0.7814318260047379,0.00010450052611848577,0.004590611472892955
80,0.003174091841878258,0.17709499011689983,0.8170574735963465,7.900481888144657e-05,0.0025944396259938982
81,0.0015085555783415278,0.17457246892094078,0.822498861031877,9.34468825282171e-05,0.0013266675863125603
82,0.0007764178709348145,0.12721579205301387,0.8705636292305808,8.369080624103739e-05,0.0013604700392295568
83,0.0014891706093665704,0.14574510537219645,0.8510566348279242,7.18664595878566e-05,0.0016372227309249723
84,0.00042446104311255156,0.06087607111416983,0.9372877296179226,3.802567091721995e-05,0.0013737125538776853
85,0.0012927195684521143,0.16020211228418055,0.8367221405860042,4.5427670334907866e-05,0.0017375998910280149
86,0.00037917923732938406,0.047221125274649375,0.9513826784000965,1.6228526709735313e-05,0.0010007885612149684
87,0.0017952267927862661,0.13312307376900506,0.8624359282180457,6.751973245592335e-05,0.00257825148770709
88,0.001521736789906132,0.08577361077133334,0.910939834447556,5.137569226790704e-05,0.001713442298936415
89,0.0008960949183105414,0.07731366429825627,0.9192315422792444,3.829968408004006e-05,0.002520398820108672
90,0.0014213983511706621,0.11317390906630026,0.8726837219038946,3.855390097939004e-05,0.012682416777654896
91,0.0014598085313538268,0.02087138302704696,0.9622656563198282,0.00011617594398865621,0.01528697617778242
92,0.005905837201717208,0.02252735245071308,0.9032678553154577,0.00012589438489426965,0.0681730606472177
93,0.012396657603711711,0.03457017932323791,0.8537277092120794,0.00010512405349194605,0.09920032980747914
94,0.05068719502593578,0.04651304465585215,0.5435156294867399,0.00012990617349861798,0.3591542246579734
95,0.07028956619999664,0.032771474610442594,0.3799364593894748,0.0002458462157347382,0.5167566535843512
96,0.0032452791374012867,0.08985540742929105,0.658150003854252,5.123990297732167e-05,0.24869806967607824
97,0.012815326340475058,0.06083027894319995,0.6537578004408962,0.00013116110886490993,0.2724654331665639
98,0.008429225247928317,0.0354348484536668,0.5577839803595049,0.0001097113580004236,0.3982422345808995
99,0.03734402162354929,0.01439678914491491,0.204251397832475,0.0002577912720770668,0.7437500001269838
100,0.039357221113718865,0.012362518899597054,0.043316173477442606,0.00023953766798515046,0.9047245488412563
101,0.06073539579778066,0.023340331775438566,0.5687628891597729,0.00017889905848054964,0.3469824842085274
102,0.017527482826038526,0.1224721708870969,0.635541391225866,0.00017868295105092497,0.2242802721099476
103,0.0025135370978230116,0.06910893683269101,0.8169539557200136,7.546571053561961e-05,0.11134810463893677
104,0.0019240972696377193,0.05910589464995597,0.9297324902279911,9.548084235855535e-05,0.009142037010056805
105,0.002169434262459006,0.1624148148553522,0.8255502549160205,9.388308229258266e-05,0.00977161288387565
106,0.0005591717029854337,0.03904687580446538,0.9593877811571246,3.744152353503182e-05,0.0009687298118895676
107,0.0003733912267311961,0.0441310511275437,0.9547700566574804,1.927119452331512e-05,0.000706229793721347
108,0.0011805473599373008,0.06842901863396095,0.9278330823513026,4.4712918931974705e-05,0.002512638735867189
109,0.0006786047027677179,0.05584385408861252,0.9422040663299397,4.393959875796669e-05,0.001229535279922049
110,0.0018973283475318863,0.07974503317800875,0.9171189529154062,9.302117942062453e-05,0.001145664379632371
111,0.0033945429035470887,0.18593539886102373,0.808264001648061,0.00019414304134084346,0.0022119135460273664
112,0.0017100348125814835,0.11722419255222079,0.8794460244965793,0.00017878131122506445,0.0014409668273936058
113,0.0016613352969645871,0.10246564949238254,0.8940647621211713,0.0001908895540515258,0.0016173635354299895
114,0.0006143228843939073,0.13382947489224084,0.8646192738829274,0.00018689594081034222,0.0007500323996273981
115,0.0010870167231338752,0.09124521761043204,0.9058515747838721,0.000659676793140163,0.001156514089421996
116,0.001249390951410703,0.09447523914773426,0.9008068914152814,0.0009150355138704251,0.002553442971703287
117,0.0038026466262466377,0.0914188037574688,0.8954832123643273,0.004430723387935279,0.004864613864021944
118,0.010106647202709743,0.08527917979867218,0.8860479981760655,0.004960046968442854,0.013606127854109744
119,0.08002489190858579,0.7168950370304606,0.0060459959531541565,0.053070729944989674,0.14396334516280973
120,0.05555427874185576,0.8089540895770868,0.005113832658390928,0.006732896457442717,0.12364490256522383
121,0.008128020330890936,0.003958328522449451,6.007433329169991e-05,0.0020492314783024644,0.9858043453350656
122,0.3688868736906366,0.03216547070828408,5.645311085155394e-05,0.08489080693645293,0.5140003955537749
123,0.46186690452432727,0.34893333326304254,0.0006002769370340745,0.08509321845439033,0.10350626682120576
124,0.261245341448333,0.6072112024675167,0.0007289086954991306,0.06458182244747197,0.06623272494117914
125,0.19565397546843885,0.6858718232270186,0.000650266460862306,0.06726439680164072,0.05055953804203956
126,0.06815296284192585,0.8328747417480306,0.007431927108540585,0.052611469175625265,0.03892889912587778
127,0.03933659636617007,0.907964265376386,0.001381636631184592,0.035322051275315645,0.01599545035094365
128,0.0299227916031673,0.9325054711685549,0.00803605998708388,0.020974257648826912,0.008561419592366967
129,0.02115803841980719,0.9565438901514395,0.003354895105415803,0.013200876825988155,0.005742299497349172
130,0.015102330892534906,0.9600367491141447,0.0011811801783168676,0.018949427102883967,0.004730312712119603
131,0.007484813148941984,0.9665422281857938,0.015164514824573896,0.007064989632329587,0.0037434542083607815
132,0.026179338926649528,0.9256073065538024,0.0019919944051696,0.02730642547015916,0.01891493464421918
133,0.022222499941359455,0.9026008621163584,0.004922205949306618,0.027712318019520194,0.04254211397345521
134,0.03255568017388285,0.9047561987331342,0.001071779631336106,0.043600996075453584,0.018015345386193194
135,0.026583166628681612,0.9459952784548702,0.0011650537114936933,0.016893935536490726,0.009362565668463736
136,0.023050390847629387,0.9646374076191672,0.0007427318847082307,0.004870802510559613,0.006698667137935751
137,0.07276380900247795,0.8898829556914242,0.0008717628958811375,0.018117817949496146,0.01836365446072058
138,0.04267641417717717,0.9215314988606059,0.0006574177166762249,0.01623231920522712,0.018902350040313612
139,0.02489467268257687,0.9487133603466493,0.005424854426902327,0.006772111599880173,0.014195000943991178
140,0.03729308012617413,0.9367109141897376,0.003970257648576533,0.012479917072447373,0.009545830963064422
141,0.058691929221907725,0.9123700933875972,0.001017609037295254,0.016134044309412194,0.011786324043787511
142,0.02024397983781186,0.9557389627738979,0.007909940441072433,0.007984062292558101,0.008123054654659775
143,0.02619538443537467,0.9473125326643528,0.007395280937179235,0.011094594404069383,0.008002207559023906
144,0.1840616899223426,0.42501967543310487,0.009069361966235132,0.0604235047100628,0.32142576796825456
145,0.16115913786588318,0.5605727546433306,0.00039146219828457916,0.07753322487088853,0.20034342042161318
146,0.040010727624195636,0.876055841383379,0.0036133152759006493,0.009431021314739435,0.07088909440178538
147,0.0902566934762819,0.7955623717921083,0.00284403343699586,0.02045241456314769,0.09088448673146621
148,0.01678575671886075,0.9600106515520612,0.0012037325308112985,0.016830155995698686,0.005169703202567984
149,0.022630844464808984,0.954482807055933,0.0033197283635684398,0.007397545241878167,0.012169074873811369
150,0.013803660126900208,0.9761388407018605,0.0024521676450532095,0.0037584318561918037,0.003846899669994268
151,0.012702542355305256,0.9653138165692045,0.014051115709372328,0.003550490958124466,0.004382034407993375
152,0.010583223553457213,0.9712064902060629,0.0017715015251335638,0.013741343960326249,0.0026974407550199937
153,0.00572432255731761,0.9746510813629685,0.002164733060217797,0.015887107766300087,0.001572755253196194
154,0.011949514681845847,0.9443892878704878,0.0007186804620802926,0.0380068910735252,0.004935625912060783
155,0.04446662484509682,0.8097544753665482,0.0048320913189964804,0.0517676654690278,0.08917914300033077
156,0.08115386851902018,0.6698195567876934,0.0033198843135136854,0.20135602820932552,0.04435066217044719
157,0.0698418421482557,0.6986831298840025,0.005386417154657472,0.17941253210739352,0.04667607870569078
158,0.1104995071835501,0.0689019417424835,0.0001665832215174416,0.7859404246638672,0.034491543188581934
159,0.05926984697514517,0.0986737019779594,6.118252163121473e-05,0.8149521143826758,0.02704315414258842
160,0.09046565004119272,0.41009898052391286,0.00041788104810837454,0.4288188430148853,0.07019864537190068
161,0.05983359507771653,0.04441128929093048,3.792373357060426e-05,0.8629463344633291,0.03277085743445316
162,0.09000341085158736,0.048203864803454136,7.170574470477077e-05,0.8154050967751513,0.0463159218251025
163,0.05324976368566616,0.02902081116359289,3.038848628105312e-05,0.8478375461183264,0.06986149054613343
164,0.033036239054601076,0.01531751380483761,3.347775572367539e-05,0.880875229087664,0.07073754029717354
165,0.025135516565983045,0.036527757950332966,2.1747719600608946e-05,0.9181731084688408,0.02014186929524258
166,0.019665717318912285,0.015021952204696484,8.263435797278283e-06,0.951412188104128,0.013891878936465873
167,0.01390065284654533,0.016411364236591397,5.402785859029754e-06,0.9505061612427775,0.019176418888226784
168,0.023703814833861303,0.014254433596416987,3.7689444206071115e-06,0.9303169712350168,0.031721011390284215
169,0.039038695900998836,0.018901047512169266,5.093147252809965e-06,0.9105298591013908,0.03152530433818831
170,0.0317196523750712,0.04243812287531623,1.7688523703712128e-05,0.883302159867158,0.042522376358750905
171,0.03673487011242879,0.022074297907758368,8.19019689537139e-06,0.9030858550356915,0.03809678674722592
172,0.0242118557676889,0.007331738962561859,7.925611988333861e-06,0.9382274677557121,0.030221011902048952
173,0.039378271931139824,0.016939375256483584,8.56630343682773e-06,0.9062050090729559,0.03746877743598388
174,0.03550410602670089,0.012231000088378342,8.767330806435627e-06,0.9307284057425246,0.021527720811589587
175,0.03784216907412348,0.014350657288060153,8.210449634679124e-06,0.9332924295116565,0.014506533676525239
176,0.04124364331106467,0.018201949455359894,7.915342642570319e-05,0.9121512012409443,0.028324052566205533
177,0.0335731891814905,0.008735282519523921,2.0883600788072093e-05,0.9504631104190032,0.007207534279194225
178,0.03572932703117348,0.008355705372650858,1.2147006403285565e-05,0.9483280808551231,0.007574739734649186
179,0.046301956351473376,0.020265923581211397,2.2917118260191835e-05,0.9176227498236527,0.01578645312540224
180,0.11218882971038803,0.0263855626629763,6.010669926360899e-05,0.8362988145744821,0.025066686352890034
181,0.04670658172390498,0.01651433770947314,3.211126299992554e-05,0.9294356934015263,0.007311275902095633
182,0.01884635413413617,0.00978896918166598,1.8412326219773433e-05,0.9595429049048173,0.011803359453160658
183,0.01506525328701472,0.005388195026207929,1.0126533256481543e-05,0.9750272257196377,0.004509199433883295
184,0.013127463154335335,0.006092143213231317,4.176493463640482e-06,0.9741845548759169,0.0065916622630528745
185,0.03130414436516291,0.015133406076645747,6.040677320578661e-06,0.9396910876346092,0.013865321246261582
186,0.05778063973105017,0.01199841443807222,4.986954266856386e-06,0.8996315090772028,0.03058444979940811
187,0.021879055904119492,0.004726394493494636,2.3030349808262913e-06,0.9582959344551595,0.015096312112245573
188,0.023815885650328363,0.01228573326559615,6.022256485728447e-06,0.938515864358753,0.025376494468836865
189,0.026710529393231916,0.025227749496911516,9.427403115724308e-06,0.9161542782498183,0.03189801545692247
190,0.04856562277219724,0.02409816397375483,7.077792330444708e-06,0.8727317547623007,0.05459738069941662
191,0.024179710777159965,0.04278471228345859,6.807477478565971e-06,0.889753748215837,0.043275021246065755
192,0.06014599021597826,0.008647438427556954,5.676932410038591e-06,0.8809784544479847,0.050222439976069955
193,0.0483466473530096,0.01848687708985893,1.6182860889805795e-05,0.8999755894651114,0.033174703231130316
194,0.05887811339193759,0.0073829712642547625,1.9537800955332145e-05,0.8995204161106103,0.03419896143224214
195,0.028225795663091434,0.012661317572418482,1.4198080094775319e-05,0.6380921727658884,0.321006515918507
196,0.07733579083444683,0.007125511618909737,5.641263857533795e-05,0.7639819639025103,0.15150032100555785
197,0.019825512646007314,0.004117985463404676,4.07657006498326e-05,0.05157347290064885,0.9244422632892892
198,0.06452722515443611,0.0021220663043906704,1.0215025829566469e-05,0.880057654954202,0.053282838561141715
199,0.12324843160970392,0.0062597483323886,3.10504432763216e-05,0.7801213275815875,0.09033944203304374
200,0.022899158181685458,0.004617228575619646,3.663471524357835e-05,0.9121129584821918,0.060334020045259555
201,0.06564046913799212,0.004289985120366407,2.4613344470504624e-05,0.9130033719552526,0.017041560441918388
202,0.05287626417708527,0.0033647410426029573,5.593781913765679e-06,0.931527280439693,0.012226120558704852
203,0.03198100862510574,0.0028017032310799213,4.689284001189452e-06,0.9597352626718277,0.0054773361879854
204,0.10030040929623442,0.014147671182020314,1.9090049229809728e-05,0.8758895939788819,0.009643235493633596
205,0.21421761792552005,0.019456988987236735,0.0009644965599404014,0.5052410756257836,0.26011982090151914
206,0.21008831350048704,0.018783496514023515,9.303701465295818e-05,0.7009012073634966,0.07013394560733985
207,0.08043626184050041,0.009584785809637801,2.3527111888657753e-05,0.8908671393206244,0.019088285917348784
208,0.05263154887267281,0.005184510323160424,9.819925650092733e-06,0.9342920689536998,0.007882051924816898
209,0.07068274347688558,0.00622770978599754,1.0485386637329703e-05,0.9143413731522245,0.00873768819825512
210,0.04812878157936543,0.022449915982123803,9.449364435908267e-06,0.9159606945332601,0.013451158540814861
211,0.04860558550025652,0.019061466613340284,6.281709447522318e-06,0.9158090471798513,0.016517618997104307
212,0.03935996544226399,0.1049981362333828,0.00019313586165801806,0.7895625443770973,0.06588621808559791
213,0.027236624134634412,0.05618695002486133,0.00021440827967145578,0.8725954488169543,0.04376656874387864
214,0.01618881909622993,0.01633075988013614,1.818322173372881e-05,0.9464904418602943,0.020971795941605937
215,0.022081099545918942,0.017861161637383605,2.5712323063348805e-05,0.9194939856891113,0.040538040804522564
216,0.022452300219504236,0.008970024071703797,2.4698283869579728e-05,0.9377314752488038,0.03082150217611839
217,0.04603697742077167,0.013661744855776963,5.3026648688882e-06,0.906390238727714,0.03390573633086856
218,0.03516701310633395,0.027169864656427567,7.859288088787642e-06,0.8936135458551273,0.04404171709402239
219,0.018087826926953286,0.009178583940140438,9.262494199284462e-06,0.9417437215878723,0.030980605050834626
220,0.01571094970636543,0.0048527331845668615,2.257120393247714e-06,0.9689414495307681,0.010492610457906214
221,0.03445360702784631,0.012831887913856569,3.628339447911192e-06,0.930439797932124,0.0222710787867254
222,0.020025353337090088,0.02212461355244101,3.6187190924131334e-05,0.8807094860301404,0.07710435988940433
223,0.027026393538402096,0.013562311960172303,1.4073704282418443e-05,0.8854316243524251,0.07396559644471817
224,0.0284358395397164,0.011687283761774908,7.9392912640717e-06,0.9483805987136135,0.011488338693631093
225,0.01700994017680744,0.006329858186808488,6.410325689565507e-06,0.9687316120574004,0.007922179253294007
226,0.02271680915598448,0.014645675051926295,9.758245498365317e-06,0.9536903383161974,0.00893741923039354
227,0.04412007238410653,0.012278097492153448,5.009742910505704e-06,0.9336550642328487,0.009941756147980641
228,0.034040814021772364,0.08240407522162346,1.1670597241959821e-05,0.8640782893301527,0.01946515082920936
229,0.02857625982211967,0.03733314418476349,8.838559478449291e-06,0.9176490768330022,0.01643268060063624
230,0.021405112688496104,0.024271681554448758,9.073089041694612e-06,0.9446663641320437,0.009647768535969688
231,0.01755238787544669,0.017056437462031327,5.592560515868864e-06,0.945115385679346,0.02027019642266013
232,0.017202077062201265,0.009494472982310724,3.032081964054713e-06,0.9637301955251837,0.009570222348340278
233,0.06056375135235458,0.05424226134667566,8.244052012233305e-05,0.8562432575324936,0.02886828924835368
234,0.02918393117728811,0.024308385388047023,2.7065157856433992e-05,0.9349109223639828,0.01156969591282574
235,0.03031064703792724,0.03941742165518937,3.544259572439488e-05,0.9189460230399566,0.011290465671202362
236,0.015025263565184178,0.02315397479641971,3.741387542543564e-05,0.956465724238145,0.005317623524825812
237,0.02322639411526009,0.04946762070860584,3.5297614006800594e-05,0.9209303648005301,0.006340322761597082
238,0.020637380971718695,0.01788235544781973,3.642344471628074e-05,0.955345548379316,0.006098291756429462
239,0.042314653283236976,0.06924053245509863,0.000334155905708689,0.878142369781353,0.0099682885746029
240,0.04890274321889413,0.14261080883992933,0.0017874650334894651,0.7967057441674211,0.009993238740265808
241,0.019631864541637102,0.1004077812988298,5.952229273073596e-05,0.8745285569483267,0.005372274918475672
242,0.018235439913217702,0.3880467541386824,0.0004085704281810997,0.586527848892604,0.006781386627314744
243,0.030668185078118016,0.11375431347091601,0.00017894829574677105,0.8446665078857949,0.010732045269424407
244,0.03651754953177874,0.17335772924999404,0.0009655013317948213,0.36644456071432385,0.42271465917210865
245,0.044484059219935035,0.03803934911344021,0.00012895986475346428,0.23504531634182424,0.682302315460047
246,0.3340235359932745,0.08692010962285164,6.013312347457844e-05,0.5221568766732627,0.05683934458713665
247,0.3028852902529333,0.4841938730411621,0.0003959049717786368,0.19280811384794863,0.01971681788617712
248,0.09399601593295817,0.841543414447827,0.0017332880831410003,0.04915807803039795,0.013569203505675868
249,0.07035168984130112,0.6793958467168169,0.0003476127366346339,0.23931816144068693,0.010586689264560259
250,0.02378086232642294,0.922111852876486,0.0022885610405994467,0.044196955052585474,0.007621768703906173
251,0.02239824710916353,0.9223076725191722,0.00031858563264880864,0.050942832664797565,0.004032662074218018
252,0.00969628376196871,0.9793443647307687,0.0019198112970213212,0.006956852398538107,0.0020826878117035114
253,0.02029005306426026,0.9569242196662999,0.0025505322702551263,0.01751531017505539,0.0027198848241293135
254,0.011159599658671523,0.9790066547305829,0.0029549494567774294,0.004470126755627079,0.002408669398341324
255,0.02276395996173593,0.9603472061278259,0.007099157450236628,0.005036729029255117,0.004752947430946687
256,0.13868432966502303,0.5604037002667874,0.05790719947287101,0.04316830036915886,0.1998364702261595
257,0.047059075937374836,0.8372125771695907,0.0710706311302248,0.005548960416666105,0.03910875534614346
258,0.01874725901018921,0.9454885454778631,0.017124830618066172,0.004538051231802667,0.014101313662078797
259,0.03896994999548429,0.9093821100118124,0.02069953207729396,0.005995749882967438,0.02495265803244204
260,0.006741214501043556,0.8327477361256499,0.15318085034452714,0.0009356590320164945,0.006394539996763076
261,0.0275758345293807,0.9318873670887442,0.03242267421325502,0.0018235315322580334,0.006290592636361845
262,0.010371633894689251,0.93723969058451,0.04500971438379897,0.0008212226824289929,0.006557738454572779
263,0.015367028421160778,0.943353918697447,0.03412054870289876,0.0010183737217511275,0.0061401304567421985
264,0.005279260010940948,0.8095371731766532,0.18226992543787418,0.0008515286625304121,0.002062112712001248
265,0.0034925363214490376,0.7031642624479225,0.2893701977382332,0.0013153985589514732,0.002657604933443907
266,0.005178315240173516,0.8745342596935606,0.11347439355418719,0.0011978507148719065,0.005615180797206912
267,0.007349467248844549,0.9006616371806281,0.08207520008300206,0.0022434950223995864,0.007670200465125641
268,0.004733278790717891,0.9246103207979754,0.06630731113154413,0.0006899259071384615,0.0036591633726241876
269,0.00607479231959835,0.8367188420498842,0.1428426648067851,0.0005893341829783255,0.013774366640753858
270,0.003874647157483155,0.8436037936887206,0.14849120329773527,0.00035984522260705586,0.0036705106334537787
271,0.00560807082623204,0.876413285968048,0.10842898955280757,0.0006180983942278214,0.00893155525868451
272,0.0036721412817276532,0.7280136559913775,0.2593124698575505,0.0005440651728109964,0.008457667696533312
273,0.00413286950011519,0.7809064140717751,0.2079239881701399,0.0013008227277864326,0.005735905530183348
274,0.004701147858094465,0.8910243926135086,0.09239081957980434,0.0010149802118516779,0.01086865973674087
275,0.003831712747429554,0.602708845872192,0.38356501393638437,0.00284038379856719,0.007054043645426909
276,0.004191030115896367,0.7285396621803424,0.25750203727992116,0.000988974329731611,0.008778296094108651
277,0.004864126999694543,0.705512464306242,0.28239235951384317,0.0019253544915839192,0.005305694688636444
278,0.003101721061655662,0.6253377808033465,0.36432885088783623,0.0009321757796047583,0.006299471467556978
279,0.008472813413401906,0.8089625983921734,0.1713184567715634,0.0008875503670450778,0.010358581055816059
280,0.001791103324707318,0.5193056245491079,0.47625599514474204,0.00039193700021949643,0.0022553399812232614
281,0.0025067474223218053,0.5140684348312596,0.476746112904168,0.00011833243974053776,0.006560372402509939
282,0.0030611966245031232,0.48617124554634494,0.5067704696436979,0.00021138326730082684,0.0037857049181532136
283,0.0026521709484752165,0.34226255673318845,0.6500597364218467,0.00018769724264952806,0.00483783865384009
284,0.0005770291672274647,0.1050696451945972,0.8934289602910405,5.026151895607173e-05,0.0008741038281788169
285,0.000941641537750994,0.12243212666200928,0.8753352579713216,8.047803412598873e-05,0.001210495794792162
286,0.0005732898580641074,0.09822789974309186,0.8998519304989439,6.478565484860612e-05,0.001282094245051695
287,0.0017483174753304914,0.240431303556068,0.7543017351929442,0.00023342553331418136,0.0032852182423432313
288,0.0006260771841974864,0.1694867124397645,0.8281810798631414,0.00010094072629500934,0.0016051897866017641
289,0.00012776091316734286,0.056764457053900465,0.9425256224276758,3.7141541360275736e-05,0.0005450180638959753
290,0.00010607729426203497,0.047949938603997475,0.9514161711034913,3.8532073147258036e-05,0.0004892809251019188
291,0.0005635019058641875,0.07384908458634036,0.9246395260082849,6.439377709555722e-05,0.0008834937224150453
292,0.0002453063601415085,0.075031320420852,0.9234121405935662,8.846660706739001e-05,0.0012227660183730435
293,0.0002966808244518921,0.025646455090194763,0.973272617754906,0.00012368198906382072,0.0006605643413834378
294,0.0006335798032108436,0.06130495924403325,0.9365681058514852,6.424568668576243e-05,0.001429109414585018
295,0.00014652827177246946,0.03248444671393212,0.9667344747481437,4.328199353938849e-05,0.000591268272612333
296,8.758737231306274e-05,0.02883056735652337,0.9701999969882827,3.781183120852943e-05,0.000844036451672306
297,0.0015953033012022961,0.0963001731078087,0.9005365314369504,0.00010011951650276553,0.0014678726375357304
298,7.63865414196616e-05,0.022659376056183816,0.9768054147129088,3.315295384804686e-05,0.0004256697356397965
299,0.00013450428017696103,0.016673058578686693,0.9827093168816278,4.3999738213302624e-05,0.00043912052129540667
300,0.00019556745228967225,0.026166199347613436,0.9727451875259816,3.299314439267439e-05,0.0008600525297226374
301,8.803208386880387e-05,0.019166787205374305,0.9804701400480347,2.6955453408434924e-05,0.00024808520931380825
302,0.00020992650339519218,0.022740840286265874,0.9761653300726735,0.00023623438187874655,0.0006476687557866579
303,0.00026777458244937175,0.07584276482875854,0.9224950687760995,0.00012339752153588576,0.0012709942911567833
304,0.0002920463900316163,0.03939504649523869,0.9590263080959364,0.00010212860554272013,0.0011844704132506765
305,0.0007896409306447917,0.05441842098275517,0.9419796664660521,0.0001906474942512484,0.0026216241262964797
306,0.0023006619723385585,0.10623458036229945,0.8853112009981906,0.0008115759141138402,0.00534198075305752
307,0.0007225732318839101,0.1204562469861961,0.8735003683945239,0.0005860410105111769,0.004734770376884844
308,0.002536405552527234,0.3701344388959349,0.5841695866125552,0.0015014056874997868,0.04165816325148289
309,0.017625993841372818,0.08573559806839272,0.06591591273492345,0.0032736573726946383,0.8274488379826164
310,0.23720914221805414,0.47458283674730534,0.06230564953906328,0.0027011729976260013,0.22320119849795117
311,0.17808347190323812,0.723415601919118,0.04814296352276447,0.0010206309083549653,0.0493373317465243
312,0.07322335114454591,0.868990258331707,0.05317833518153995,0.00031297984530804346,0.004295075496899275
313,0.05309500544955826,0.9177710621828096,0.023946391275288248,0.002318500001037512,0.0028690410913064465
314,0.019636127156873108,0.7826685673145396,0.16567137545130262,0.029664509610353208,0.0023594204669315933
315,0.00987053200302271,0.8529082667353063,0.11340815145244164,0.01582407747827711,0.007988972330952287
316,0.012792091133571297,0.8030618101662187,0.16561238070002327,0.014914312723541288,0.0036194052766455403
317,0.009923572993346846,0.6831706207556054,0.2988166920480026,0.006096236650501957,0.0019928775525433163
318,0.008489580398501334,0.7445683240674432,0.23861744352354994,0.00385384233173496,0.0044708096787705485
319,0.0048438555063177015,0.6689212307571513,0.3198344000510197,0.0028578869838600156,0.003542626701651295
320,0.0053626926553804926,0.5915021502662254,0.3987411212325041,0.0015119842140307507,0.0028820516318592464
321,0.0008298687783638237,0.19750244585702528,0.8000330011641874,0.00018854775107293001,0.0014461364493503566
322,0.0009230170676373662,0.21229516606215265,0.7848216618865351,0.0001126208217125089,0.0018475341619622818
323,0.00019595187615642658,0.11508574107487506,0.883943660040371,6.315384984322914e-05,0.0007114931587545425
324,0.0007611084824558992,0.19867279929189782,0.7985209991832672,0.00021164545124799716,0.0018334475911312112
325,0.0007941867178841249,0.29524858700546064,0.701206231329715,0.0002395197541168807,0.002511475192823371
326,0.0021247519113375296,0.17351307865815416,0.8207381709881103,0.00025658549534239567,0.0033674129470556372
327,0.0008784180257485753,0.21167040460755887,0.7842356857041108,0.00020076145242255367,0.003014730210159328
328,0.006946307534384759,0.5400290064865375,0.4002023680836189,0.00112763722962025,0.051694680665838544
329,0.017393984374371934,0.8028558642008882,0.16208374295145958,0.0018563852660020508,0.015810023207278055
330,0.010486911377675271,0.6894523545162883,0.2901350953359172,0.0008815193890726455,0.00904411938104665
331,0.0035529176626895877,0.46738774141427825,0.524217606782952,0.00021858839866005275,0.004623145741420005
332,0.006330103530833933,0.5211849346445613,0.46548529231934377,0.0003325463575696771,0.006667123147691323
333,0.011666074973020638,0.7783243153209977,0.19293021048949682,0.0008712935195070308,0.016208105696977847
334,0.008351171823849158,0.6914062950063202,0.29088805891718833,0.00042606644116246155,0.008928407811479766
335,0.004238801192675026,0.7065397535624073,0.2771429227414797,0.0006409413504623756,0.011437581152975539
336,0.0013653224761335046,0.2949696173350674,0.6913748676134394,0.0004383232527153983,0.011851869322644404
337,0.0007518982773858301,0.17510622513150298,0.7903921858866361,0.00013965455367060607,0.0336100361508044
338,0.08698256629658506,0.3860675758047322,0.269296938834238,0.0009826012142152211,0.25667031785022953
339,0.08433076688607735,0.846854727311519,0.03980774828386607,0.000992772819679712,0.02801398469885795
340,0.07974688405733177,0.8353207935818778,0.07603704819984608,0.0009367531095394834,0.007958521051405005
341,0.046388813634806056,0.8451443401131684,0.07886768644323518,0.002045706129089021,0.02755345367970119
342,0.026829162820443245,0.8749824425320373,0.08064612977696407,0.0037840502836428594,0.013758214586912615
343,0.004875277858844729,0.7565393125396902,0.2272841566428203,0.0013840791155426723,0.009917173843102024
344,0.0010946980252391628,0.3820708820023151,0.6076027352969963,0.0017174788627725677,0.0075142058126770675
345,0.02854296408054797,0.08960410798449973,0.05267004839235703,0.0035720770974054824,0.8256108024451898
346,0.18292435282378625,0.7593565961331258,0.016784719801261554,0.003813171333403376,0.037121159908422866
347,0.1339727815810126,0.8010887958582026,0.053693233209086935,0.0018524648631341992,0.009392724488563707
348,0.06788923211617749,0.8356441934611916,0.07616284850123548,0.0017113399290420563,0.018592385992353463
349,0.06104925621621806,0.8195315020271013,0.10265612388747519,0.003736098189095753,0.013027019680109652
350,0.01048007686854721,0.7188697730184224,0.25889258694628947,0.0018453487644817881,0.009912214402259091
351,0.02322346282745798,0.7297755398891035,0.2059882545045675,0.005138110245009548,0.03587463253386148
352,0.01196674618727217,0.7838902815983811,0.1948238718017159,0.0027242184654863596,0.006594881947144362
353,0.008533038530324978,0.7827648784226875,0.20410978536089727,0.0009203394117920931,0.0036719582742983105
354,0.003066322534315385,0.6339962581945753,0.35959134391504066,0.0004634203304825595,0.002882655025585922
355,0.0016561360097933338,0.3473342860560074,0.6478576892456429,0.0003743765059030669,0.002777512182653292
356,0.001695528885641286,0.2601950323871942,0.734960447822949,0.0005914476528938462,0.002557543251321484
357,0.003377707038284976,0.4226410425702378,0.5707098166696757,0.0005448971814653341,0.0027265365403363628
358,0.0005885816016539703,0.08558905757223097,0.9126967635506665,0.00012148387652699029,0.0010041133989214257
359,0.00046414277487359033,0.0860959043974031,0.9109876158345235,0.0001577556594233549,0.0022945813337765537
360,0.00024873867165764164,0.06452065317854477,0.9335871791311188,0.00014878352794445122,0.00149464549073424
361,0.001162919931120135,0.08858725774144854,0.9087813266423199,0.000649050346491953,0.0008194453386196189
362,0.0018217546707822037,0.2212001600939486,0.7756863280990444,0.0002822159991074181,0.0010095411371173872
363,0.0009647918101473811,0.12343956343428893,0.8735245664957879,0.0001858081854030072,0.001885270074372733
364,0.0002042127690355441,0.08360523763409311,0.9153316078001839,5.447654878867708e-05,0.0008044652478988745
365,0.0001680361927322712,0.02854725691824662,0.9704370611306068,5.620228410580677e-05,0.0007914434743085041
366,0.00015736899612646011,0.06127238058122106,0.9378090353878827,4.8048538494432176e-05,0.0007131664962754327
367,0.00032597080993215896,0.05397955392717348,0.9447057688620878,4.7919314884641134e-05,0.0009407870859216787
368,0.00015092852313789522,0.08086503990846901,0.9177271545999794,7.403360602865962e-05,0.0011828433623850523
369,0.0005614783908289493,0.13669696961378583,0.8612042296629796,9.670095247441597e-05,0.001440621379931
370,0.003481719781237607,0.24547509720568172,0.7434021232017481,0.00032548846619114637,0.00731557134514124
371,0.001414999159762845,0.1325862738839202,0.8630834407481605,0.0003417662912343772,0.0025735199169221626
372,0.0004915584016501216,0.06208251407466606,0.9358939140565633,0.00016400233370323603,0.0013680111334172325
373,0.009063466749560151,0.5280040234432798,0.4513200425533677,0.0012429581759205606,0.010369509077871727
