epoch,N1,N2,N3,R,W
0,0.003117022880925364,0.0013810738648078243,9.97637768795896e-09,0.00021288542826996358,0.995289007849619
1,0.0012895135868694326,0.0009499649111305177,0.0002188938072467997,0.00015317712702805688,0.9973884505677251
2,0.0031788470730325148,0.0001420057655368696,4.769470294589919e-10,5.132054121043981e-05,0.996627826143273
3,0.0005489310064707364,6.673211363174668e-05,9.92402064982082e-06,3.9664880832733614e-05,0.9993347479784149
4,0.002082684381865496,6.910601073575106e-05,1.1996296885909489e-06,4.7573862253859865e-05,0.9977994361154563
5,0.0008472067458136941,2.9017784819071493e-05,5.860226663063695e-07,4.134491074487145e-05,0.9990818445359559
6,0.0027036121303454295,0.0001291852895292745,2.241358103538255e-06,0.00020471977010165946,0.9969602414519201
7,0.004710017992096159,2.4177536729491187e-05,2.267539871504158e-06,0.00022630427684873933,0.9950372326544541
8,0.01411223507456319,0.0002860184157176723,7.953260778096195e-06,0.00027400953707004547,0.9853197837118709
9,0.007721500628800791,0.00018389544832846233,5.358047219709358e-07,0.0007356401737050565,0.9913584279444438
10,0.008326578824125127,0.00047026692897353894,1.9722669628969854e-06,0.0011120366862066165,0.9900891452937319
11,0.022382372498208975,0.0003243390313065093,1.7980640736929526e-06,0.000976589058301671,0.9763149013481093
12,0.029425390991989913,0.00022494008281527552,2.121102260420951e-06,0.0006037157620325292,0.9697438320609019
13,0.0046540294423687446,0.00017641553863075263,1.7581625456943169e-06,0.00019434305267873283,0.994973453803776
14,0.006590478234593978,9.142796684698038e-05,5.526588891195182e-07,0.000253601510626454,0.9930639396290436
15,0.009098298721061155,0.00014376794686906546,4.5129555030574726e-07,0.00043627731676820075,0.9903212047197514
16,0.10594467230315259,0.0008734429027233528,1.7374298674461385e-06,0.001729134562734433,0.8914510128015221
17,0.16394608473559608,0.0032979251224908063,4.88849154902438e-06,0.00234324051441862,0.8304078611359454
18,0.09530758996728765,0.0009676352175638906,8.894859932162465e-06,0.00203794313713604,0.9016779368180802
19,0.04411889394226397,0.0010910940451586987,4.956974548728743e-06,0.003977651231300256,0.9508074038067283
20,0.08074975471446527,0.0008798764104098502,3.3903775604500236e-06,0.0022069131427247474,0.9161600653548396
21,0.5163917302760408,0.0037602842209776047,1.0125015741734951e-05,0.002709199458984577,0.4771286610282553
22,0.7077623139687645,0.013260364748802536,1.2571641876569483e-05,0.0028971637670360665,0.2760675858735203
23,0.7777181638237217,0.07730077706125422,0.00015360319056695586,0.004989021601919925,0.13983843432253723
24,0.27053039133682544,0.3983336541601666,0.0003456514107374536,0.10652918130453651,0.22426112178773402
25,0.1515842537446265,0.46090557267813737,0.000415044093835418,0.3069768328293817,0.080118296654019
26,0.06811107832552646,0.8441306055629032,0.0005276020993163644,0.05747615582777841,0.029754558184475446
27,0.06906534593506206,0.6759928079594132,0.0008102610161276726,0.21304354617297844,0.04108803891641842
28,0.04107807332254944,0.8907347256211117,0.0007759755011051108,0.03420435591940121,0.03320686963583267
29,0.03803909856384637,0.8395655267066879,0.0007918807935664223,0.10299372959083881,0.018609764345060214
30,0.051963049926284546,0.8990729349290026,0.001110713025311557,0.020300893838197605,0.027552408281203554
31,0.05527346617923371,0.01613256181375772,2.2487860446328696e-05,0.0027336305992099307,0.9258378535473524
32,0.711209703765363,0.13907185553055734,5.710547893680488e-05,0.009295642216657357,0.14036569300848553
33,0.2673561956269814,0.6996652856442084,0.001347326389436133,0.004153355675268427,0.027477836664105734
34,0.4480408175446764,0.5260454903487094,0.0007637470160095711,0.009493232645378559,0.01565671244522623
35,0.0733521700473058,0.8782480129833452,0.029149953588489763,0.0030708310940898535,0.016179032286769333
36,0.06639075420312694,0.9000531282518047,0.0011630618053470442,0.014760041663640014,0.017633014076081404
37,0.010999170862398995,0.9769352658013789,0.0018766318762387449,0.006367561496510788,0.0038213699634725936
38,0.029507723217473875,0.9487668214344531,0.007204727928406664,0.006578603452560236,0.007942123967106005
39,0.039916203578609755,0.9430724660629088,0.003284649012678449,0.0034891891259035248,0.0102374922198995
40,0.01621576353543712,0.9715807928504318,0.006719926818834522,0.0024824232553394207,0.0030010935399570685
41,0.024938595207092795,0.966547716643864,0.0029423336860430484,0.001762253429443638,0.0038091010335563583
42,0.03296304288608982,0.9582205220663167,0.0037019615796718033,0.001045207480168121,0.004069265987753628
43,0.015460420627128029,0.9725774878344076,0.007629656791417571,0.00019598988960494254,0.0041364448574420015
44,0.01048059750484974,0.9601181872280625,0.02564110190474846,9.17504850431622e-05,0.0036683628772961763
45,0.008864096526115736,0.9538140366757885,0.032762446867698296,0.0001491487329939857,0.004410271197403819
46,0.008794272359948294,0.9489669489940006,0.03700944876752858,0.00017289045995233423,0.005056439418570136
47,0.0019527497740079865,0.7320297221383725,0.2523963233855717,6.859957046298269e-05,0.013552605131584848
48,0.003580191099932263,0.9136744051907155,0.07601127828601241,0.0001285863624721795,0.006605539060867558
49,0.006493382655527263,0.9365415529815305,0.051402002479253577,0.00018743595689772757,0.005375625926790922
50,0.002830119826211719,0.6523107287749571,0.3400129741224965,0.00010811745891086236,0.004738059817423798
51,0.002170840534764589,0.6250479322831338,0.3665436804894685,9.00971693687497e-05,0.006147449523264449
52,0.0030386631956499975,0.5450409398609513,0.4460434111995062,6.744194685063514e-05,0.005809543797041864
53,0.005835498324989706,0.6744465791044671,0.3106298764617633,0.00013951187614120035,0.008948534232638592
54,0.002268774355341672,0.30938003759474836,0.6838616812162778,3.752503407330812e-05,0.004451981799558901
55,0.002093108406624661,0.37717577115972634,0.617313738864233,2.9423346595227368e-05,0.003387958222820837
56,0.0023593722768930083,0.22662188122240481,0.764075003284521,5.3257335239440254e-05,0.006890485880941653
57,0.002997446640868858,0.41416819749614286,0.5732750390137064,0.00010686786190068864,0.009452448987381293
58,0.0026571509653541573,0.15430504884015037,0.8336208239913111,9.202185953182322e-05,0.009324954343652722
59,0.13524493795314307,0.600743295853317,0.048075918216254745,0.0011238285773243323,0.2148120193999609
60,0.13422453855039743,0.7721989014112296,0.06638172315284704,0.0014698860592941808,0.025724950826231458
61,0.154006155691024,0.7990557880401028,0.026110282685241647,0.001989866009617456,0.01883790757401418
62,0.026886139629236784,0.5769630126649385,0.3807610412953146,0.000178665178518071,0.01521114123199199
63,0.04230194525073236,0.8788025448772051,0.06030621532934211,0.0010168926397059366,0.017572401903014404
64,0.031806606536519795,0.8158207963070659,0.12647449922004453,0.0005495969823081411,0.025348500954061597
65,0.024667789174286026,0.7715586345483523,0.1826436039014759,0.0006737141780384582,0.02045625819784732
66,0.01555537739891895,0.8643065066078806,0.10583751289519339,0.0006550869342382264,0.013645516163769217
67,0.009495746142116008,0.8472321892975079,0.1237181132499304,0.0012950831834221603,0.018258868127023677
68,0.009167202816512999,0.5105513713097258,0.4203242057239407,0.0016546371427050427,0.0583025830071154
69,0.20960115914271302,0.5656713175647015,0.004519629956500998,0.010623263919799519,0.20958462941628508
70,0.18698571168783523,0.7216389761403271,0.005085018522405736,0.015287883922003974,0.07100240972742777
71,0.15993329450914454,0.7646614681841847,0.034147286706638004,0.0013920297287773522,0.0398659208712556
72,0.23264884724160367,0.7473281931799634,0.002658430225979974,0.0010914509146724705,0.016273078437780596
73,0.1981043766576584,0.7833597646213969,0.0058429585927802915,0.0021406686490292237,0.010552231479135168
74,0.24159194986663982,0.7232061197830315,0.008554311283637612,0.003014113722517172,0.023633505344173845
75,0.0336476937764003,0.8092948074004136,0.1487185231104348,0.0006747917066469721,0.007664184006104347
76,0.04569951690979792,0.8540699614278102,0.08726323870921679,0.0010464896414684422,0.011920793311706616
77,0.013134198022778253,0.7648317481820008,0.21499013029423403,0.0004904395862916835,0.006553483914695319
78,0.010364259552469071,0.27047759610057115,0.7025714113314366,0.0003009267192886537,0.016285806296234433
79,0.04067338978245668,0.85906489954376,0.08917184061049886,0.0006033402491294005,0.010486529814155047
80,0.007687367445645132,0.5161311747099242,0.4679751695035614,0.0001813463855715764,0.008024941955297678
81,0.005698543084526051,0.8062328598363131,0.1816052131385154,0.00019333993420306053,0.006270044006442561
82,0.0012565340840550744,0.20033614393562663,0.7958864301318489,4.2228593091345956e-05,0.0024786632553779483
83,0.0008913398593457873,0.2887568316778793,0.7060029150102758,3.6536625035825035e-05,0.004312376827463437
84,0.0017231435077533052,0.19447805106595567,0.7925543964502869,7.626333052821448e-05,0.011168145645475908
85,0.002607172597125016,0.19680583642671493,0.7891404486240587,0.00020142563248393708,0.011245116719617355
86,0.0013091036790100201,0.08745318536606349,0.9064309312077491,7.094467002844564e-05,0.004735835077148976
87,0.0027945150610999238,0.15539937669933052,0.8206480026543259,0.00015874366010305081,0.020999361925140805
88,0.005539396594910254,0.33061728056333045,0.6483356462786087,0.0002810602526415623,0.015226616310509082
89,0.0009602016553470148,0.03748143641724424,0.9561224765789988,5.001732469691503e-05,0.005385868023713155
90,0.006431813563555005,0.553602078930282,0.4290609180456977,0.00038017279571316703,0.010525016664751995
91,0.002718031162636817,0.1835296029063511,0.79567554999083,0.00017086162275006513,0.01790595431743184
92,0.013889781550496489,0.695546361998233,0.26822067385815057,0.0006303126220250071,0.021712869971094943
93,0.0012810850723168623,0.3369116519093289,0.6584941969617213,5.943395977539047e-05,0.003253632096857704
94,0.001683219980450331,0.18368020936578278,0.8097254624486169,8.263193367413725e-05,0.004828476271475912
95,0.0012653907868641,0.15640369117201322,0.8383016223695122,0.000123123579129126,0.0039061720924811944
96,0.0010752283133276127,0.13834986327354495,0.8577561933081942,7.348731751984735e-05,0.002745227787413509
97,0.0034917296271355243,0.2587844379803553,0.7319815250941597,0.00014384839587364452,0.0055984589024759505
98,0.00130399476309153,0.1292610797994586,0.8670713019236334,3.0646433010209365e-05,0.002332977080806526
99,0.0004622672191926989,0.04354348065216879,0.9543406379142662,1.3713880399714548e-05,0.0016399003339727233
100,0.0005537962320123475,0.10005345094745537,0.8969773180622429,2.2799531881432875e-05,0.002392635226408073
101,0.0012326125165444191,0.12319398329559542,0.8719080554623171,7.413697017385642e-05,0.003591211755369172
102,0.0015548789269815336,0.2146069944243388,0.7811292153845443,6.799772933940101e-05,0.0026409135347960112
103,0.0009025111822042207,0.07724336819040427,0.9189490739034311,5.078624944912584e-05,0.0028542604745112558
104,0.0020531713556860114,0.21836025238327997,0.7757611468943847,0.0001349814808547069,0.0036904478857945834
105,0.002224692700084339,0.2589737798106013,0.7346532921176526,0.00020201649124595219,0.003946218880415735
106,0.0011482564280096796,0.3026160083697882,0.6927092186537875,6.124108648144025e-05,0.003465275461933223
107,0.0017365931766997068,0.21120330539834575,0.7834431356911109,9.473388763934002e-05,0.0035222318462043317
108,0.0015615780170250971,0.2217654951367544,0.773436023780439,0.00011151400434341135,0.0031253890614381698
109,0.001599129278404877,0.21790179262530082,0.7751482341465243,9.492538822948475e-05,0.005255918561540312
110,0.0035127189099179463,0.2872763579989426,0.7051253334404337,0.0001876092853185686,0.003897980365387249
111,0.0026966613105804155,0.19572403485802756,0.797659561878011,0.00014705009879984677,0.0037726918545813366
112,0.0030514570245014955,0.23484926926693328,0.7567196796289325,0.00036346762486846846,0.005016126454764258
113,0.017573507603534683,0.693497734330647,0.27638239968402734,0.0010091581194715013,0.011537200262319467
114,0.05298661904064733,0.7505805032591332,0.1739204014479129,0.006659868224499729,0.0158526080278069
115,0.0475493477545681,0.8675465556112432,0.0550546055307311,0.010988881859008736,0.01886060924444896
116,0.02976107400374401,0.7444378624919323,0.19384280199547174,0.009272993732302223,0.022685267776549625
117,0.027425840041435477,0.3291933786382823,0.6195388844418396,0.005672073784037618,0.018169823094405103
118,0.09208355509722085,0.7333875420329098,0.050418643195887895,0.08190369351205151,0.04220656616193002
119,0.06960930493210933,0.29621578328420295,0.007354006814320423,0.5150621042625216,0.11175880070684564
120,0.07986723114453144,0.10451427150153993,0.0028700828813316144,0.4528270646989757,0.35992134977362117
121,0.07239505429071076,0.030098656917789814,0.00017340986801489766,0.8435708481922685,0.05376203073121588
122,0.07887562456516935,0.03224986970390738,6.199962965643638e-05,0.8559229064981878,0.032889599603079016
123,0.0824404993135274,0.016224578629386713,4.9460762825122504e-05,0.8857619245881003,0.015523536706160485
124,0.054895842032202026,0.02205284979458087,6.223170804920807e-05,0.8939447271399285,0.029044349325239374
125,0.07048936586971258,0.015752886604308892,6.236956503338985e-05,0.8849501100916652,0.02874526786927991
126,0.09828319226004473,0.018456269254822206,5.5040725330130046e-05,0.7481682706052962,0.13503722715450656
127,0.1680548501047399,0.011616257807491273,2.2963348119632964e-05,0.7101654770164669,0.1101404517231823
128,0.2712906275956526,0.008939973362619369,7.06235033178579e-06,0.6591881684843846,0.06057416820701169
129,0.42037459858482307,0.02001121006668294,2.8267539445429023e-05,0.47219697385344794,0.08738894995560069
130,0.36296271691704995,0.02477334900350814,5.371542197098194e-05,0.4775202902880161,0.1346899283694547
131,0.06319947138374338,0.03580004436037168,5.590623551071938e-05,0.8612264711972965,0.03971810682307786
132,0.04974010864106763,0.023860081543351633,9.479902116343656e-05,0.9001162029880649,0.026188807806352254
133,0.01609223653756776,0.014297839962120522,3.9225362396454884e-05,0.9646943710533455,0.004876327084569678
134,0.013762533823094645,0.010071852253847859,0.00011063268448903592,0.9649141914830841,0.01114078975548432
135,0.013206236440039328,0.005345012073721386,3.562179508678058e-05,0.9720742892542714,0.009338840436881109
136,0.025067338212152037,0.021954712767807288,9.947221558332944e-05,0.9307428087196891,0.022135668084768186
137,0.006658506389432439,0.008393730207311791,4.6200601995033695e-05,0.9774256703336883,0.007475892467572599
138,0.014361635919731719,0.008978126117456929,5.562953084261562e-05,0.960724524032497,0.015880084399471806
139,0.012586575357397718,0.004414363197975005,4.090320796757262e-05,0.9634638736155575,0.0194942846211023
140,0.008235205006375477,0.0028520244030187016,4.648026924039993e-05,0.9803408225923277,0.008525467729037622
141,0.013092086716622089,0.002755204142835943,8.222177660720259e-06,0.9695952714149578,0.014549215547923499
142,0.019651009817621853,0.005160098491862525,3.912638890504237e-05,0.9625311105712191,0.012618654730391577
143,0.0372480056369677,0.02408439138881739,0.00011741362454233775,0.9010774376209421,0.037472751728730574
144,0.016747828361788498,0.010696575057415766,5.052073215739091e-05,0.9485508177133797,0.023954258135258748
145,0.027808215361263714,0.013923594294482918,8.474201650385988e-05,0.9189882276135128,0.03919522071423669
146,0.008638640273594159,0.005605972583881109,2.7953344170487806e-05,0.9731809854281628,0.012546448370191646
147,0.02402228260290794,0.010435265221703901,2.1442362625205297e-05,0.9303768302629011,0.03514417954986196
148,0.01836061968215258,0.0320977065686294,5.2079116833870677e-05,0.9074035723679718,0.042086022264412326
149,0.020732126067706472,0.02058845428596439,1.9674774819579196e-05,0.9370587524136063,0.021600992457903333
150,0.0147160302948227,0.01982670944818298,3.2933615420886565e-05,0.9599233230279035,0.005501003613670024
151,0.00840107355629616,0.017586783410797235,4.008743789658885e-05,0.9662173979411619,0.007754657653848077
152,0.005206629345766053,0.016757344872605492,6.191587697723461e-05,0.9736352002300998,0.00433890967455151
153,0.010029701611086543,0.01918525740066148,9.547283279279165e-05,0.9608386927442603,0.009850875411198966
154,0.027851200792058814,0.02901933995456949,0.00030715275448775693,0.882584767934412,0.06023753856447199
155,0.011372055798007014,0.01235099593379873,0.00035986191959320194,0.9266564980914733,0.04926058825712783
156,0.010418184402649962,0.004983361238805649,0.0001466688856160636,0.9455451861631845,0.038906599309743814
157,0.011290560111820348,0.002713593059154361,1.945418648026287e-05,0.9804332845127253,0.005543108129819924
158,0.06326064205176511,0.0033764963840294897,8.640994612159785e-06,0.9144197133409224,0.018934507228670842
159,0.10580088079779655,0.009849763526162214,3.21468357706758e-05,0.8457482752235389,0.03856893361673159
160,0.2759297770596964,0.010404296168136604,3.333730420833063e-05,0.644081308760737,0.06955128070722173
161,0.21869089026474084,0.09659330041549888,0.00011577391400594784,0.6682872372520321,0.0163127981537223
162,0.16704824658595838,0.19424426140080267,0.00012126638625062107,0.6140063254457773,0.024579900181210937
163,0.06827511265942987,0.2036084275227084,0.00014826856340675887,0.72263464180981,0.0053335494446449475
164,0.03786869163601734,0.3925692878182262,0.00039029384858118096,0.5626750345552285,0.006496692141946766
165,0.06211831513376409,0.44987143435949883,0.0002795261364190689,0.481037345696855,0.006693378673463158
166,0.07839276303958635,0.16283124351215006,0.0001751297138280853,0.755410718265676,0.0031901454687595933
167,0.07260982393874534,0.6448173283049512,0.0003334602581946171,0.27075119092295136,0.011488196575157364
168,0.05081182152264348,0.8669040029358805,0.000750087923296129,0.07867674529343593,0.002857342324743783
169,0.10337127736174342,0.755113018342711,0.00046625458409843665,0.13556665895518857,0.0054827907562587175
170,0.05197401020963787,0.8414703469533846,0.0011226406923943366,0.10120976431931296,0.004223237825270321
171,0.21182061449505601,0.4867494009084453,0.0004939292871034728,0.2823681090501936,0.01856794625920155
172,0.019232883101513453,0.9645447319256734,0.0006975396406195753,0.01267325354516214,0.002851591787031376
173,0.008429413509822304,0.9832505533334812,0.0016460721597993586,0.005314086182204204,0.0013598748146928757
174,0.045035325221864424,0.93430084711502,0.0009913991088905518,0.016491599728929992,0.0031808288252950594
175,0.016547072530745256,0.9759913585707622,0.0009400684684638131,0.00496051216392263,0.0015609882661060761
176,0.013896903189247954,0.9657255996356214,0.008718977823135835,0.007354419873514502,0.004304099478480208
177,0.05676802462270788,0.9209618186045021,0.0011724279820227198,0.016586532301147698,0.004511196489619517
178,0.009683945461940388,0.773429230063705,0.20757352171139543,0.0027666183960287855,0.006546684366930529
179,0.04947966227057186,0.8967905646765164,0.010799121956046778,0.027941345895480505,0.014989305201384273
180,0.08300600118980796,0.8701173577442315,0.006538455216171817,0.02836063412370135,0.011977551726087362
181,0.0302735963108339,0.9067442034342665,0.04382892257989488,0.008419406177343342,0.01073387149766154
182,0.011595617031979035,0.9358199954472465,0.04122106802351804,0.005164297518969467,0.006199021978286874
183,0.09470299321236972,0.8685402706742557,0.003073775611438762,0.028567285246570474,0.005115675255365308
184,0.08947088573596874,0.8861471285281373,0.0014492982133794948,0.014712393699364874,0.008220293823149545
185,0.03315272089453415,0.9472300458836119,0.007190457367200857,0.007288615681793021,0.005138160172860123
186,0.01988283566332507,0.973753174488484,0.0013062713324414384,0.0035372866585036736,0.0015204318572457527
187,0.01818054720394338,0.9732354536599723,0.001971594271242488,0.0038146517525522623,0.0027977531122896364
188,0.05478437827902968,0.9266834381107957,0.005082497918568975,0.006623951951727578,0.006825733739878216
189,0.07969404385660511,0.8981020985607865,0.000574718481069158,0.01567406640227019,0.0059550726992692515
190,0.022107922665556806,0.9701921373393726,0.0008764173319315372,0.004879442703941388,0.0019440799591977293
191,0.23956892399835136,0.2841028349112053,0.0029191258404655937,0.004764967062738395,0.4686441481872394
192,0.5866598034625274,0.38235775146710244,0.0003713457868368529,0.0032101660201644955,0.02740093326336874
193,0.23549295012051938,0.744493450089649,0.0004938730126618937,0.001305356161034708,0.018214370616135032
194,0.11222952153285327,0.848755633341645,0.008339569611489328,0.0007607022947081046,0.02991457321930437
195,0.012787333046361251,0.9805478711056415,0.0024514945595102214,0.0015375003096152378,0.002675800978871699
196,0.03413566386205395,0.9578382588597912,0.001616629266384753,0.00252881459945537,0.0038806334123146656
197,0.023117153658255705,0.9495058979759711,0.015518149186634486,0.003769041103689009,0.008089758075449472
198,0.011385800652791985,0.9834979018849721,0.0017229369941241183,0.0015525682470256873,0.0018407922210862105
199,0.011328650612218603,0.9781028897750792,0.0022399346283590448,0.004038395823868506,0.004290129160474718
200,0.049676474070704225,0.8856477163774773,0.021640069961111293,0.00362705822180113,0.039408681368906004
201,0.1615166729316663,0.7747180832037935,0.005315459933047417,0.0097271868384527,0.04872259709304006
202,0.054419052189814174,0.938889276324366,0.0020306454138077938,0.0018097348329485143,0.002851291239063419
203,0.016398252304682483,0.9777112490719769,0.0023472919787136956,0.000831196962585833,0.0027120096820408574
204,0.026866604157669158,0.9601082797973134,0.006035768795548308,0.002193860849776841,0.004795486399692583
205,0.0158212436682064,0.974685569730286,0.003440709247245526,0.0018616721545662847,0.00419080519969592
206,0.010523965216932616,0.9809698774244782,0.004120106932098026,0.0014013315787869914,0.002984718847704172
207,0.010362389201705078,0.959882975229334,0.026238794398625004,0.0008910650146577349,0.0026247761556784143
208,0.03512325453561449,0.9230107930548866,0.027487655180081703,0.002239141933385695,0.012139155296031502
209,0.007296811978752645,0.8934862734857794,0.09291361989486224,0.0011481786802680547,0.005155115960337651
210,0.005223920698230891,0.9705364149166479,0.01648365278215013,0.0016861056173150485,0.006069905985655883
211,0.006682319310529649,0.9344469981036122,0.05362799292726402,0.0005510839228048533,0.004691605735789289
212,0.006761526888252759,0.911310450202756,0.0737717930108059,0.0007865049559575963,0.00736972494222775
213,0.009255934242208717,0.9044998383680796,0.07372766747928751,0.000778024355959087,0.011738535554465256
214,0.009096314477228673,0.920236674982231,0.055702944020160815,0.0008850768760064801,0.014078989644372769
215,0.007282028108646686,0.8879454289386757,0.09110842660254645,0.0007713551620374715,0.012892761188093717
216,0.002990808013854517,0.6696532175363056,0.3199019034624885,0.00030758149677189507,0.007146489490579519
217,0.002507347409245957,0.3380845559488282,0.6517712828683206,0.00019354942232958287,0.007443264351275616
218,0.004559881882437545,0.7643931406520197,0.22374265624382905,0.0005655579144533957,0.0067387633072603466
219,0.0026666598371139173,0.5332165013539655,0.4562561219453365,0.000297281256121954,0.007563435607462197
220,0.002458820652739907,0.5702418965927037,0.4232626820815255,0.00026588572966138203,0.003770714943369435
221,0.004765263305613404,0.5650842495644633,0.42379282608467694,0.0008985665431401078,0.005459094502106196
222,0.004321343810255571,0.6318988226542089,0.3520858911563161,0.000806103407867967,0.010887838971351513
223,0.001241153693311534,0.2742578585889129,0.7208490434679394,0.0002766115257552855,0.0033753327240809354
224,0.003125933603752878,0.7609629443198713,0.23059445895546157,0.0008218674118141444,0.004494795709100146
225,0.002101041276779641,0.28245731951371256,0.7100723416499949,0.00032430795358400605,0.0050449896059286846
226,0.0026615483610042297,0.3750108800410992,0.6178413856737338,0.0004091949722940706,0.004076990951868454
227,0.006000965062066683,0.7633019690262903,0.222579051453655,0.0008933086346341462,0.007224705823353854
228,0.005290475292460694,0.7133506406386374,0.2712566090911705,0.0011706519245619643,0.008931623053169569
229,0.014799997961817921,0.8986732422682987,0.07317401291698514,0.002569161008064506,0.010783585844833788
230,0.008107714523406782,0.7394573442768865,0.23512331334929615,0.0017002658691342228,0.015611361981276193
231,0.004591023914838763,0.33546429320354193,0.6516524787227516,0.0009311132231329005,0.007361090935734784
232,0.02617555522202874,0.04573811824536618,0.0029601253004071073,0.002722504213672292,0.9224036970185258
233,0.5038538093604522,0.17892893594661483,0.0008838499253372711,0.02055552592771935,0.2957778788398763
234,0.5045137920519152,0.430431257202409,0.0007802758802918521,0.018796503362043297,0.04547817150334082
235,0.46058860302134663,0.45241033428217603,0.0007459333061255831,0.014098290003642449,0.07215683938670925
236,0.15045536976008236,0.7271845781633117,0.027729472537637002,0.028270751583646177,0.06635982795532273
237,0.0377123248260749,0.9195783805588518,0.006177867984309583,0.015038756299228474,0.02149267033153523
238,0.05059726048969067,0.9142719189598013,0.005065296844431396,0.009692482501299251,0.020373041204777263
239,0.03750614478612073,0.050427521007370885,0.0009627184108771296,0.028935503117425453,0.8821681126782057
240,0.4118335474592052,0.05050306355252393,0.00013207729286500363,0.10096012589007813,0.43657118580532767
241,0.43920966930070626,0.022054915133582483,0.00011871957346221162,0.055751899216048784,0.48286479677620037
242,0.7394980986076362,0.0463888126328717,0.0001084648200828274,0.06483088074605566,0.1491737431933538
243,0.7488935989028015,0.11642726885761669,0.000804964569726594,0.07066798064972551,0.06320618702012991
244,0.5705640781268514,0.19377127028350413,0.0005115335464486806,0.18313226635437516,0.052020851688820695
245,0.21489897732661076,0.17565219225761797,0.0006021133554693974,0.5639838900641463,0.04486282699615559
246,0.10535357815363422,0.18620942389536313,0.00043878488749648007,0.6779789605878308,0.030019252475675353
247,0.0839954477803776,0.6739965420726572,0.0026348510944709477,0.21261076949063987,0.02676238956185442
248,0.23339231005192723,0.42493479799560474,0.0006719770631468528,0.3062527534911354,0.03474816139818591
249,0.1419747511127193,0.7321288695180045,0.0011180389542620303,0.11424084793399869,0.010537492481015463
250,0.050134789613908895,0.8946304749754154,0.0037778536220097808,0.04436542109467445,0.00709146069399148
251,0.0329274540795844,0.9102036436514581,0.001166791054995905,0.05232540698501649,0.003376704228945247
252,0.0667830486160846,0.8000929144038614,0.011100560454151653,0.09681163614416628,0.025211840381735847
253,0.08621256957890538,0.6880031278096367,0.001006236109844549,0.2124805641831997,0.012297502318413632
254,0.0355788247271573,0.8731096595942603,0.004282880385344766,0.06946413972455404,0.017564495568683534
255,0.1562984200390389,0.3274093055044682,0.0011719669649107145,0.07843680241152644,0.4366835050800558
256,0.42433048008752694,0.06105726438307409,9.298213226360333e-05,0.01532710074863903,0.49919217264849636
257,0.6278900411785324,0.33990304115853964,0.00047934024772158015,0.013765324034028534,0.017962253381177774
258,0.13995425458859453,0.8476088324662195,0.003712631659552394,0.0029648245565720185,0.00575945672906137
259,0.30163041739880103,0.6405090372225402,0.0012180390082612291,0.030164898632259726,0.02647760773813778
260,0.13365121941377084,0.7737602560807982,0.0008795449395060064,0.05500536151494099,0.036703618050983794
261,0.1733620846144217,0.763870695919675,0.0010526851740269752,0.03286393170433852,0.028850602587537827
262,0.051598153949257826,0.9417987114989183,0.000652019494069586,0.0025139604672047605,0.00343715459054976
263,0.11242178556789795,0.880979698305823,0.0009048363172910263,0.0028351845960874005,0.0028584952129003813
264,0.04543597330877539,0.9468458884777496,0.0030706622679095978,0.002434988078844044,0.002212487866721263
265,0.018818072803574046,0.9610447082515239,0.016064676220028273,0.001890718096184014,0.0021818246286901283
266,0.031026801270826167,0.9556075056562187,0.0051035035596680755,0.00506225703059529,0.0031999324826917485
267,0.01887352187896596,0.9473360179666054,0.02252690728281316,0.007033434938349279,0.004230117933266212
268,0.09563388896593912,0.8062962612837886,0.05729659232232933,0.005315491180073785,0.03545776624786936
269,0.5039790886067087,0.46753197237701954,0.001214726796036317,0.008928589490552655,0.018345622729682688
270,0.09963913832472347,0.8641411015024689,0.023337818805523377,0.0036063317760744408,0.009275609591209925
271,0.04899489234409577,0.9310787043208875,0.01453695236891849,0.0011074129854994257,0.004282037980598986
272,0.021997636987315276,0.9365258997126765,0.03799967260146799,0.0008052837589922908,0.0026715069395476703
273,0.2002530732055512,0.7792694366729906,0.003650626779877652,0.007917799584040227,0.00890906375754031
274,0.020048740980125018,0.967431920650505,0.008568584750363536,0.0017520527647303394,0.0021987008542761768
275,0.013651497099327564,0.7959895050230688,0.18270127100273323,0.002157191019365605,0.0055005358555047165
276,0.07636581161833562,0.9030611248704269,0.010657387637689612,0.003427273618638657,0.0064884022549094615
277,0.03524526973277159,0.9484050620750023,0.008880245932353006,0.0036989164552561136,0.003770505804617049
278,0.017050541666508483,0.9259679424369138,0.0471880306618114,0.0030096922108823563,0.00678379302388404
279,0.04530416791009454,0.942413831919094,0.0060021322296720855,0.0024134492870030765,0.0038664186541361297
280,0.022398198783400217,0.8904838212219031,0.07578760885134983,0.0020523034285694947,0.009278067714777348
281,0.019783889582715472,0.8936151165238059,0.07566995722970012,0.002361243202298437,0.008569793461480275
282,0.08200162083422097,0.8905717698885947,0.014140388107525926,0.0056645585070472645,0.007621662662611047
283,0.09189916702204269,0.8477406230802351,0.033586024966381925,0.0112170688257547,0.015557116105585687
284,0.03786378478641684,0.8928673086967259,0.05821181727773907,0.0037917617588051327,0.007265327480313
285,0.05856015111439034,0.9039125533612948,0.029575935697547042,0.003385029266382118,0.004566330560385836
286,0.07041425555049814,0.8593750422657587,0.05760432996955238,0.005511131159944201,0.007095241054246482
287,0.023826635779742412,0.856091624345393,0.11400145511315057,0.0024814058614582952,0.0035988789002555956
288,0.022902561976358527,0.7287346154530221,0.23292873699823266,0.003033216695158279,0.012400868877228376
289,0.04963538987151884,0.8167101410161356,0.11977521910438188,0.005787217590012482,0.008092032417951261
290,0.06344089299885171,0.746879385173179,0.1750430713379035,0.006575124165020644,0.00806152632504502
291,0.04081473827662979,0.8044238293881748,0.14018434535303795,0.004687005107663309,0.009890081874494132
292,0.10675143010922337,0.869905088834255,0.012294974345640705,0.004847493820608865,0.006201012890272246
293,0.024187570920404432,0.524178724848577,0.4339208279996231,0.00256094042385777,0.015151935807537582
294,0.08997516510520565,0.8542816867287766,0.03666934771168451,0.00733953616542218,0.011734264288910938
295,0.016961306112120513,0.8147041120494757,0.1553723745710091,0.005742338258091695,0.007219869009302998
296,0.046667572427970705,0.7745203545544852,0.1515760647848601,0.01947080153450048,0.007765206698183321
297,0.07271162353430152,0.861323563833348,0.01572445986927387,0.035263628672427494,0.014976724090649129
298,0.5723848499914993,0.11447084889087515,0.00028262439359549244,0.026298264986560304,0.2865634117374698
299,0.17708430607740644,0.8015564753266612,0.0070004151223318255,0.006313367884448819,0.008045435589151712
300,0.598319019746044,0.3816914038904666,0.0013238359004585953,0.007173371088085544,0.011492369374945325
301,0.12156543076805659,0.861963823035526,0.013200463675021173,0.0006786447405422172,0.0025916377808539517
302,0.05592498219803965,0.9241128961067896,0.011109360709873832,0.005544509429051593,0.003308251556245301
303,0.04388876392521966,0.9471719243375469,0.004764417656663124,0.002143431843378857,0.002031462237191533
304,0.056610648220726985,0.9048209728523466,0.02723699369921368,0.004748304069769452,0.0065830811579432715
305,0.01231296393952614,0.8187321481024797,0.1637224619832134,0.0014910818198134539,0.003741344154967377
306,0.009259879380807677,0.6599833854271394,0.324837374963044,0.001054499442872967,0.004864860786136026
307,0.05098618436110619,0.7988707812853848,0.1357688423350092,0.0025854700899804856,0.011788721928519355
308,0.02501215252119821,0.9180470161537783,0.050563791727355936,0.0024619573381667393,0.0039150822595009184
309,0.009443432816780489,0.5018814690143243,0.47927705280250743,0.0025080162532750794,0.006890029113112662
310,0.07341108810748374,0.8198038296074286,0.0805404845447743,0.008195746682784041,0.018048851057529357
311,0.018883982399444107,0.9384844682235193,0.03157266548934113,0.004669077709674878,0.0063898061780206135
312,0.03410412364900551,0.8860606283819749,0.06713896706602429,0.005569615605670837,0.007126665297324402
313,0.038273074030531096,0.8942211635720927,0.050912703115606195,0.0033354097628073296,0.013257649518962725
314,0.032132016188929476,0.9565417444309697,0.004257402591008205,0.0017854036502328143,0.0052834331388598626
315,0.04682656845914656,0.8943803213448643,0.04524617935567964,0.0034283386570399775,0.010118592183269636
316,0.048508401840622675,0.8454104074836437,0.09452495079936825,0.0020768137889816476,0.009479426087383823
317,0.038620502618637614,0.8790212171133717,0.07019010087129637,0.0021251862320923764,0.010042993164601798
318,0.03862516590660729,0.9069628233579232,0.045855696998580914,0.0024568741899233847,0.006099439546965301
319,0.07468011469688768,0.7977729290790458,0.1067644542813838,0.0060860830377477025,0.01469641890493507
320,0.03287022867683618,0.8649897253528971,0.0871018088753948,0.004793809011189968,0.010244428083681999
321,0.020909683590814306,0.9115169373448869,0.04660906295548375,0.010279608753910431,0.01068470735490475
322,0.021352318921400885,0.9113430130521116,0.052786619988173716,0.007429139380069545,0.007088908658244338
323,0.01984622857381217,0.8314645355770793,0.13586473880300026,0.008311950894122863,0.0045125461519855475
324,0.05370352380138432,0.05313085804148106,0.003962862411411879,0.001955421564493383,0.8872473341812294
325,0.3601146908805937,0.5620546696572788,0.00979957492841441,0.00402351112620794,0.06400755340750515
326,0.5748194081930492,0.3884791118498058,0.0021323638188442866,0.0022761299973870406,0.032292986140913665
327,0.30551890923531955,0.6528219900562103,0.030326899781089826,0.0013185971376339272,0.010013603789746273
328,0.10569325293573256,0.8503917690790846,0.010841322751977711,0.01690261633885718,0.016171038894347966
329,0.06352181570279371,0.9023420649395076,0.014493804759238739,0.010825875605104542,0.008816438993355286
330,0.03505120766828975,0.8496935792906423,0.1025897648341728,0.006225811589775276,0.00643963661711999
331,0.02148101822369789,0.7416628072495971,0.2313330256736321,0.001746154468694829,0.003776994384378063
332,0.012990853612132734,0.7039824079925457,0.2773743518362573,0.0016696796520666484,0.0039827069069974935
333,0.0354657259697403,0.7915481211223029,0.16311231274646973,0.004099619439507533,0.005774220721979491
334,0.10301021432285137,0.8507610143900561,0.028933208545727798,0.007997319344979005,0.009298243396385754
335,0.025771287750788918,0.7599682838021459,0.19911467039609093,0.0034976964896642642,0.011648061561309798
336,0.04056388851322544,0.7588666738967945,0.1813505431514853,0.005630620131643799,0.013588274306851018
337,0.1041330902838036,0.8447113599361703,0.01875072873493744,0.011992686357982237,0.0204121346871063
338,0.12657644915254154,0.8369471536088886,0.012295738871509343,0.016131766767629726,0.008048891599430516
339,0.09340685687995767,0.8207581248682331,0.04829871805646099,0.014024949554629655,0.023511350640718527
340,0.13224617347772077,0.8295603940459437,0.014530270701908085,0.009935538185011332,0.013727623589415948
341,0.0666220527663284,0.8982139869343676,0.023442207580469675,0.003068403800020489,0.008653348918813964
342,0.05632859694228935,0.8175312883220996,0.1154768181222215,0.003206106911184277,0.007457189702205259
343,0.12175003734815334,0.866698284327049,0.003317634284835027,0.00425184878313899,0.0039821952568237185
344,0.09429028896000771,0.8813761351788871,0.012992172941765991,0.0059916600258461345,0.005349742893493022
345,0.008309551240658887,0.8002741796116011,0.18171770926734385,0.002969771857678053,0.006728788022717967
346,0.00794955084095404,0.7827167998911149,0.189109943802341,0.008360339433337706,0.01186336603225262
347,0.030266517474530318,0.9019810627378322,0.027797380237626217,0.033425982399317246,0.006529057150693917
348,0.03134270708739295,0.6349776418801935,0.10815923055582306,0.21007471683314144,0.015445703643449235
349,0.07222882699467385,0.23636023792477595,0.012616206560183805,0.6639401441035747,0.014854584416791744
350,0.030177728098199175,0.12060572418820752,0.0006767513988489832,0.8432591800020058,0.005280616312738379
351,0.019544868471323494,0.013472716649787725,5.923336651958682e-05,0.9628954237333195,0.004027757779049561
352,0.012173327487014373,0.0076649105363675715,5.1103579085387974e-05,0.9775534492302563,0.002557209167276387
353,0.020417020066773532,0.0045978486140149585,4.0870763490805524e-05,0.9702820637347274,0.004662196820993492
354,0.01286689190935619,0.005534871858447398,7.215445570659537e-05,0.9781448415499161,0.0033812402265736945
355,0.017259626394774633,0.005083970290958824,7.836748398364592e-05,0.9696265299536136,0.00795150587666912
356,0.015026573575251173,0.006054350552285812,6.0796132749245826e-05,0.9682364915419588,0.010621788197754839
357,0.03960879926643808,0.005047976281112729,3.890462585932856e-05,0.9326519217033231,0.022652398123266883
358,0.04560848578625248,0.004885875717233176,5.099854516407256e-05,0.9389741020481208,0.010480537903229396
359,0.0958850301677171,0.015434171360077428,3.1526248201784276e-05,0.8470539237815509,0.04159534844245271
360,0.16010055837685855,0.008556590911271098,1.8699558874571684e-05,0.6112265758373057,0.22009757531569016
361,0.17391394123636325,0.012681320314486544,7.026172975589914e-05,0.7803311365097417,0.03300334020965252
362,0.18453871032472524,0.006635029325113903,8.027359139208988e-05,0.7689089029939158,0.03983708376485303
363,0.09314525359591388,0.0029761545846566538,7.067471834123922e-05,0.8760532410886611,0.027754676012427194
364,0.022842370660107993,0.0019389203717989649,5.250342877330331e-05,0.9616062901581682,0.013559915381151467
365,0.03058629882438487,0.002500973574897095,2.3611297881365084e-05,0.9538546498939758,0.013034466408860747
366,0.021882565830516888,0.0023459295117473668,2.4515044393872376e-05,0.969598505813841,0.006148483799500875
367,0.019355938453744722,0.0032285092400213596,1.8649437904592854e-05,0.9757111342704267,0.0016857685979026927
368,0.0226404205960238,0.00412281182160204,2.8596973429806598e-05,0.9679472577227107,0.005260912886233474
369,0.004435186976960352,0.0006673991125007904,1.90806834349151e-05,0.9934712401083807,0.00140709311872307
370,0.0036409176595485703,0.0009032921229794709,4.4989386334982396e-05,0.989843934490543,0.005566866340594085
371,0.012357049204646529,0.0018127521896246822,0.00016357013748077577,0.971591342817576,0.014075285650671883
372,0.003981430034328728,0.0005134279314442353,3.649450672694922e-05,0.9915426333267185,0.003926014200781357
373,0.005251478429999293,0.0007458831191140558,2.7144226489602324e-05,0.9920019549193405,0.0019735393050565766
374,0.014181890660162521,0.0009386786123230873,1.480417457343099e-05,0.9681743560395178,0.01669027051342311
375,0.039063417628614004,0.0013012759397120258,6.070059438209928e-05,0.9357374385978315,0.02383716723946032
