epoch,N1,N2,N3,R,W
0,0.011413780386668746,0.004538492509513958,2.565182100260365e-05,0.00029937284709337153,0.9837227024357212
1,0.0008799816338634606,0.0006916917705495103,0.00014534490428707686,0.0002317990399896779,0.9980511826513103
2,0.0050456471670346425,0.0030556388076907427,0.0005942813041656795,0.001332072114341571,0.9899723606067674
3,0.00891827897312638,0.0006128303664677503,7.317668434493844e-06,0.0024192086437572783,0.9880423643482141
4,0.004319159169457741,0.0004512968415026944,2.3618710787286454e-06,0.0019370234430305677,0.9932901586749303
5,0.01524297038692024,0.0006590603829706858,3.748580751423083e-06,0.0011387124872228463,0.9829555081621347
6,0.01432266727031316,0.0006180943357606595,4.844448739533269e-06,0.002081598840617986,0.9829727951045686
7,0.2058327637677642,0.0039544899110944085,5.268230100979727e-06,0.02089992160048063,0.7693075564905599
8,0.3708257514458901,0.004039518879287544,5.1724986312057806e-06,0.02075178826915652,0.6043777689070348
9,0.6974442823133691,0.006653818605165862,6.617291102161432e-06,0.06507450015894625,0.23082078163141667
10,0.23191988080607245,0.008554162530466643,2.8271674980009823e-05,0.032561565516578586,0.7269361194719023
11,0.4441595442298578,0.05324729836844783,7.503677253337789e-05,0.3413200115006302,0.1611981091285309
12,0.28438386187920617,0.009764294429200026,3.5143601858327044e-05,0.10332800466962633,0.6024886954201092
13,0.42639443955616924,0.15432835793284785,8.217330977933927e-05,0.25339074492302494,0.1658042842781787
14,0.430140691168818,0.14357008847668973,0.00016932979069381993,0.3409375763063543,0.08518231425744408
15,0.23877819009463933,0.5761921905949726,0.0011100496390073697,0.048442191821826255,0.13547737784955438
16,0.05222748372603023,0.012962834097698928,0.00015573333492425925,0.0038336233445212123,0.9308203254968253
17,0.17317138971360999,0.00670486877721616,9.906708996516718e-06,0.01469543003094801,0.8054184047692293
18,0.5871274536997055,0.06410936530241895,8.658187509203566e-05,0.037684386610098417,0.3109922125126851
19,0.6492183982207637,0.1681273014723588,0.00033321926779761665,0.028463096924483847,0.153857984114596
20,0.3541507248078579,0.04776530129525633,0.0002495493877632297,0.03135565382778765,0.5664787706813349
21,0.23386267292473092,0.07903500373274554,0.000275441535377947,0.03258632721369454,0.654240554593451
22,0.1154514003892899,0.012221162594264541,2.528114445999314e-05,0.018855693866632016,0.8534464620053536
23,0.6266684771835206,0.039543775377438244,4.197351666746335e-05,0.031972829483237236,0.3017729444391364
24,0.27451676361951705,0.03197927226279361,0.00019327704532910072,0.011638320344657975,0.6816723667277024
25,0.27836679471514736,0.007759653394672549,1.6515673329584563e-05,0.007554155901543639,0.7063028803153069
26,0.14607136899658069,0.008210976112522264,1.2520261361221565e-05,0.007447682759693198,0.8382574518698427
27,0.4791710076543763,0.11510672097098823,0.00010918577004276677,0.03029970754648136,0.3753133780581112
28,0.005772901974567764,0.0017367515549934326,7.98560820269262e-05,0.0004134557137490575,0.9919970346746627
29,0.3014040139768315,0.05182659931444782,0.0003020104356784812,0.02395935176890221,0.62250802450414
30,0.11313084203866981,0.06764678609026012,0.00032405068991336303,0.004750453840876812,0.8141478673402799
31,0.013215816464712314,0.001651584467094116,8.492771979517921e-06,0.00040432647189638215,0.9847197798243177
32,0.04323652579261259,0.0033482608454315937,1.3454777195213461e-05,0.004225055197338288,0.9491767033874223
33,0.3618524962539376,0.1523645841129739,0.0017096234772678912,0.02444888621469377,0.45962440994112674
34,0.08527772406476888,0.01809896212321404,6.337377334686507e-05,0.013453473544811521,0.8831064664938587
35,0.03973584609486112,0.005049191427119291,8.694585482120517e-05,0.0038919194738946906,0.9512360971493037
36,0.013885648022835269,0.0021454022632263893,0.00017676760652657325,0.001616342314629452,0.9821758397927824
37,0.010513834925854764,0.004150480221005178,7.929817981137015e-05,0.0011877829691896778,0.984068603704139
38,0.19055797714723965,0.011606405997118367,0.00034867312565998434,0.005695950131056479,0.7917909935989254
39,0.31321042231582086,0.003029527490336306,6.53567964723772e-05,0.006105012494379866,0.6775896809029905
40,0.22192569379058152,0.008674121356497614,3.519308590989943e-05,0.014515116390353279,0.7548498753766577
41,0.5318691426931521,0.015622775621945986,5.43058289322019e-05,0.08476675717242471,0.367687018683545
42,0.7458732820777509,0.03227937600190786,9.208167964552687e-05,0.07917595598437532,0.14257930425632043
43,0.5431984278870045,0.1301884359967927,0.00027211835834065127,0.11246186059591795,0.21387915716194425
44,0.40107841624979396,0.3366740964733788,0.0005708326994940182,0.0569349142185416,0.2047417403587916
45,0.3984011862969819,0.2705479782123255,0.0005743738621536297,0.11213108959071597,0.21834537203782292
46,0.2823634010730638,0.529427762504736,0.0011659919341638714,0.053544175381124895,0.13349866910691158
47,0.4260471798895844,0.31604221354946815,0.0007043310661784771,0.053755335544437954,0.203450939950331
48,0.4259620614988764,0.48206906864972293,0.0008654881667721266,0.020597089432426968,0.07050629225220148
49,0.086958806009565,0.8802535469507311,0.0019178672667847661,0.002078298266201598,0.028791481506717537
50,0.1370898423031048,0.8053169732453179,0.0010796945121562924,0.004916541683920567,0.05159694825550057
51,0.1313361291569284,0.8162984419584388,0.0035851879688555514,0.0048033148718431996,0.043976926043934064
52,0.03724906666331263,0.9499767691891142,0.003269430046020791,0.001356600190095344,0.008148133911456945
53,0.10489527326014803,0.8601573362996437,0.0008291271541358164,0.00673404032433799,0.02738422296173418
54,0.13436540560564367,0.8028378090947794,0.0007916234748356028,0.012081612435859694,0.04992354938888165
55,0.0319876072280465,0.9497485876319738,0.0031693053241783394,0.0026132585141702175,0.012481241301631064
56,0.12636083560066677,0.8366490965999466,0.0005930692760166536,0.017332857201928852,0.019064141321441345
57,0.0932852872801789,0.8740901025020865,0.0026954452152894116,0.007525266870265187,0.022403898132180047
58,0.10525307269739823,0.6026880803878375,0.005815690946404477,0.0032407165756939164,0.2830024393926659
59,0.016012961619727522,0.0812218149925157,0.0016073160383763133,0.0001583058234060074,0.9009996015259746
60,0.12585739262822077,0.13417878906559816,0.0002444862860223303,0.0029113527289435963,0.7368079792912152
61,0.01245952129895567,0.05198204230720972,0.002284274563778503,0.00017745534918976237,0.9330967064808663
62,0.14123166163809467,0.28290569785886055,0.00035704449922211096,0.0011699502399806813,0.574335645763842
63,0.03042084931272394,0.0768532032623715,0.0003107905274647199,0.0008676448985319517,0.8915475119989078
64,0.02487755997724615,0.1094755689212376,0.0011385296458417985,0.0006148493371537216,0.8638934921185207
65,0.15178290966355143,0.06675047131432651,7.566722466205258e-05,0.003326181923269404,0.7780647698741906
66,0.2242576015562398,0.065391054692514,8.464038909323282e-05,0.0090568415250981,0.7012098618370548
67,0.03102471459862888,0.0016627085915824407,9.393254877527271e-06,0.0015180437763757245,0.9657851397785354
68,0.44257359736115,0.017322813772985186,3.3495506389659016e-05,0.010871462122557785,0.5291986312369173
69,0.40697284911063836,0.017390663442864576,4.287507483813354e-05,0.01227550747408245,0.5633181048975764
70,0.5269590110565125,0.03116331841726501,8.743883692173325e-05,0.009590056488062867,0.4322001752012379
71,0.5515641558785721,0.21605124578294285,0.000307959888012839,0.016060153496223573,0.21601648495424858
72,0.3761339176062213,0.4845760441050305,0.0004736465644229715,0.020723382340009262,0.11809300938431581
73,0.473882839930472,0.44727018894147125,0.00047614233312626516,0.03779926952704961,0.04057155926788111
74,0.2849487784283435,0.6105272659387359,0.0013037009698862476,0.0397975267558548,0.06342272790717973
75,0.15849303665803052,0.7247325902166125,0.0035550925096915916,0.028977861060848868,0.08424141955481645
76,0.13526225345215967,0.683710176121523,0.005274299727977304,0.04267103471914007,0.13308223597920008
77,0.0033530085228797536,0.02802419682971212,0.010221061526632843,0.00023784583564598327,0.9581638872851294
78,0.001997433786892439,0.007475462567924184,0.00047969113604861863,0.00014239882489969924,0.989905013684235
79,0.0037532887062265217,0.012958227693642185,0.0001802256810554133,0.0002652551542972021,0.9828430027647788
80,0.004345618901543682,0.0017056844937321368,1.783297250883686e-05,0.0001502377657510838,0.9937806258664643
81,0.004085593220421109,0.0037795807611610576,0.03365121337908528,0.0001339267047002328,0.9583496859346323
82,0.011523725732514025,0.0014913685410052032,7.850156448139097e-06,0.00021960513470949426,0.9867574504353233
83,0.035038497307185223,0.021267855238946226,0.00015766075208621354,0.000869504510024235,0.942666482191758
84,0.007921551524163165,0.0007614516208617842,5.61920434067504e-06,0.0003185912502834644,0.990992786400351
85,0.05150294166292965,0.011387502653871341,3.3780324753206665e-05,0.0007210967509322312,0.9363546786075136
86,0.04451561985026983,0.010452863266512558,4.771315867664719e-05,0.0014451879471278448,0.9435386157774132
87,0.036657962654599655,0.0030057761250326985,1.4116047782383522e-05,0.0008232739836180404,0.9594988711889673
88,0.08294629165884214,0.03258350662661781,0.00041604918409315634,0.002784406020104689,0.8812697465103422
89,0.03524007791589987,0.0020412945644200215,1.3760118552045458e-05,0.0011694712069228793,0.9615353961942052
90,0.5322854621907956,0.0185292924519754,3.452767306373652e-05,0.0047043090814227065,0.4444464086027425
91,0.7422984131029063,0.008703519452491128,4.266397191180946e-05,0.005831153328986723,0.24312425014370403
92,0.8606804348063485,0.052872375740574094,9.210318181165046e-05,0.00504478290175313,0.08131030336951253
93,0.5142084923110543,0.3686066608947631,0.0009679973929781626,0.0074025586840906835,0.10881429071711377
94,0.27448960427270575,0.6698134187804562,0.0018405299234413356,0.010459616504667724,0.04339683051872905
95,0.11436192176780663,0.8571038233955504,0.0013414069949469953,0.007948214818118375,0.019244633023577585
96,0.013413569438264099,0.9712189913134235,0.010772562971188834,0.0016993102486457666,0.0028955660284777324
97,0.1353971679260187,0.8197704076348974,0.00736520213530773,0.012192343901620592,0.025274878402155636
98,0.028666614407547843,0.9557294052024218,0.010083643828298195,0.0021094477489494072,0.003410888812782775
99,0.07555251592482681,0.8954009805460751,0.004527926662514887,0.00774601204333268,0.01677256482325041
100,0.06596105171593283,0.9178382328938438,0.006085915694353421,0.002714474688581755,0.0074003250072882665
101,0.07257972124560161,0.9112854074312143,0.007969836771151116,0.0016950117521710136,0.006470022799861902
102,0.059773348584591574,0.9277623498128162,0.00457192754688113,0.0014928805673879541,0.006399493488322978
103,0.07527652882838044,0.8637769952344441,0.039857584537295786,0.0008716264157234233,0.020217264984156273
104,0.04944434081113137,0.9272592809201031,0.014143879824670797,0.002717339840978951,0.006435158603115591
105,0.057464077860980387,0.9245184979306896,0.011101877574357806,0.0017116906209412037,0.005203856013030862
106,0.1013393433655959,0.8640737740124063,0.01310444942746031,0.0022240133043997033,0.019258419890137615
107,0.034650765902827056,0.9505345565936346,0.00994165425654702,0.0009089009383838543,0.003964122308607327
108,0.07046930298738896,0.9004868142145149,0.01588858932753068,0.0017384422703738724,0.011416851200191468
109,0.0629991484896789,0.9130960272747245,0.01300569141946233,0.0020500269126528577,0.008849105903481655
110,0.15252003859703256,0.825629425204655,0.007124407099489608,0.006583420832690189,0.00814270826613245
111,0.06601331503015068,0.9187784650665985,0.0055150686923469815,0.0010801618859017149,0.008612989325002054
112,0.009825070292734519,0.8881921835226462,0.09566053193878106,0.00019102461130648802,0.0061311896345316134
113,0.12738976500832103,0.84990446331374,0.01141412150868435,0.0026587014795042036,0.008632948689750319
114,0.048567587500133506,0.8959933375213885,0.046876244109809624,0.000790168023021932,0.00777266284564626
115,0.1076889288298385,0.8549034321212179,0.01664977778377028,0.0032017148485474346,0.017556146416625975
116,0.024707543815271793,0.9309933771650152,0.03706045501586452,0.0007803679064769144,0.006458256097371434
117,0.18723703442122575,0.7563595663346995,0.022848086862634297,0.013982347478828266,0.019572964902612233
118,0.018740269189800627,0.9170366204783093,0.06059839406421664,0.0004401247172412275,0.003184591550432286
119,0.14297003032037559,0.8081651974922893,0.014527774348375856,0.009674453177762686,0.02466254466119632
120,0.039801986732579835,0.8868328764238355,0.056943956272232164,0.000560590098108971,0.015860590473243702
121,0.08568272709726947,0.88120420627669,0.01774093143274301,0.0037883363228382893,0.011583798870459234
122,0.027213283056728294,0.9155934260551585,0.04133935776202211,0.002071755910534908,0.013782177215556236
123,0.12361447722916549,0.7525608599058319,0.041902952023102465,0.007229045799309978,0.07469266504259008
124,0.076965229751497,0.8716911690190872,0.020114954147612437,0.01308131837507018,0.01814732870673301
125,0.10480909815559013,0.5992383153039295,0.06461025227903401,0.006863085520817617,0.2244792487406288
126,0.0629081204689128,0.7944745687024005,0.014226173330194903,0.018563254106120593,0.10982788339237114
127,0.06414395020365608,0.4445961556778666,0.03558138715576323,0.024040336182230157,0.431638170780484
128,0.005357442382925174,0.008828474774951234,0.005512402635456914,0.0006934440993868183,0.9796082361072798
129,0.016869071964352292,0.004858252708805419,0.0003379322186479542,0.0024110021315373676,0.9755237409766571
130,0.039801282966988226,0.009975287071368022,4.9635170811992204e-05,0.002146128769616627,0.9480276660212151
131,0.02387802847788507,0.0025964475122512718,0.00017843294850828942,0.0008880090391806014,0.9724590820221747
132,0.03802015082965923,0.014471066857892612,0.00040715600167071466,0.0028087435185732757,0.9442928827922041
133,0.06632982219670598,0.009228651554282624,0.000423452673557577,0.003743356903818626,0.9202747166716352
134,0.08919981806145859,0.014154176357642254,0.00021793523239685943,0.010971344162570333,0.885456726185932
135,0.026917442827053183,0.0039634700126413465,4.722228015583887e-05,0.006094784715798857,0.9629770801643508
136,0.02173973873749052,0.0010713504042757366,4.5260119106288373e-05,0.0022898713105297735,0.9748537794285977
137,0.026265702448604163,0.0015693851745380392,7.80447296104988e-06,0.0009694011977831677,0.9711877067061137
138,0.13830665740566944,0.004209474003019594,2.0216869602794495e-05,0.002911964232872804,0.8545516874888354
139,0.0425231013799853,0.0024176473300191845,1.9251105365516607e-05,0.003420436160888479,0.9516195640237416
140,0.3550809617003784,0.005550730975830409,1.0521230777234528e-05,0.016325410318798316,0.6230323757742157
141,0.03311800834346351,0.0018821360308639962,4.473888433462233e-06,0.00508819984074901,0.95990718189649
142,0.21305485981072916,0.012147514513515853,2.6652807087482382e-05,0.030252372646833583,0.7445186002218339
143,0.07445645662495982,0.0036353656489088995,1.7973019637106623e-05,0.031952119906198846,0.8899380848002953
144,0.6153047950351302,0.018145988315550306,0.00014024779286759208,0.11062927363868869,0.2557796952177631
145,0.3596434770117971,0.051314047663197054,0.00018645673404801022,0.18429504794549964,0.4045609706454583
146,0.5054742926500991,0.09080426442483425,0.000193402355778583,0.2686650963775146,0.13486294419177344
147,0.3719341800794981,0.07538028892042994,0.0005821613788332445,0.18732733744738878,0.36477603217384996
148,0.487730587671511,0.12044493452613954,0.0004646417931554553,0.0712562429672171,0.32010359304197705
149,0.5896193753785132,0.1680573095650801,0.0005705586366041062,0.10257123129147613,0.1391815251283266
150,0.46033178726311624,0.26925386221964615,0.0008989906076336672,0.16275272254647521,0.10676263736312876
151,0.1055051196579941,0.119243632661505,0.009772253179802997,0.014560698085164787,0.7509182964155331
152,0.059685043839532395,0.28273005651908883,0.09147189012273468,0.007774214711227383,0.5583387948074167
153,0.30090431099352005,0.4638305300449502,0.0013794145314694637,0.05080323132975705,0.1830825131003032
154,0.01194749042085427,0.01508100737377856,0.023677430739903416,0.0016096803770223893,0.9476843910884413
155,0.08028259651277292,0.031024159015940675,0.0002457177727063788,0.004518591365467926,0.8839289353331121
156,0.13253842306763416,0.23931450770223697,0.009064136294537953,0.0182233917279907,0.6008595412076002
157,0.12823414349966775,0.028278046649910994,0.0005306449514360632,0.015582497929073754,0.8273746669699115
158,0.10700878461913864,0.05643735269917321,0.0005598866533786514,0.009465992483484597,0.8265279835448249
159,0.2924579480468316,0.20778257072583609,0.0040048985106217036,0.031727833739473896,0.46402674897723667
160,0.0379892605303074,0.07021199385608981,0.004175656945557088,0.003154205374402901,0.8844688832936428
161,0.006769629671410604,0.0016813278307281933,0.00014155321545304055,0.0037217972112511283,0.9876856920711571
162,0.05205625584499294,0.008311345243032875,0.00026068157959822165,0.00726940822987148,0.9321023091025045
163,0.0056320498781097595,0.0059962529003003305,0.00027272566508672054,0.0020688572074491697,0.986030114349054
164,0.0005145437140861597,0.00020409065902793228,2.4432588590370415e-05,9.536832715943379e-05,0.9991615647111362
165,0.0001752715674343788,0.0002135250299804171,1.184000234031501e-05,0.0001073151324624587,0.9994920482677825
166,0.00028424926897973213,0.0004222794633275272,1.1956807139633533e-05,0.00018903586947308543,0.99909247859108
167,0.00020745903782864276,0.0002628158348255834,3.2245967457618676e-05,8.189202078181677e-05,0.9994155871391063
168,0.0007251172764322428,0.0002804144742301887,9.183121346239172e-06,9.409826472735078e-05,0.998891186863264
169,0.007751921661053494,0.0004483045443928876,0.00012919972489799296,8.554217983248945e-05,0.991585031889823
170,0.010508547175771762,0.0005907949214009901,1.0596239491475626e-05,0.0001125451861560341,0.9887775164771797
171,0.01359632661834548,0.0017355692535868533,8.893044855486537e-05,0.00040876205445910597,0.9841704116250537
172,0.021070287460417107,0.0035931978917557146,5.495028273871492e-05,0.0011386539850611456,0.9741429103800273
173,0.07802636423629745,0.06350858903517102,0.0007578931786572797,0.003196122321013113,0.8545110312288612
174,0.044341589586595745,0.08182424882787699,0.002339791432502572,0.00447877651566525,0.8670155936373594
175,0.19215881318832023,0.08259425796808131,0.0009548999524280187,0.012093083110579847,0.7121989457805906
176,0.2658047535051699,0.13965287987826377,0.0006337411650242641,0.02271962419767757,0.5711890012538644
177,0.17836290782297468,0.036691075045583305,0.0002509732326767358,0.01649946496858417,0.768195578930181
178,0.12617642684780472,0.019179554527107918,4.365730389893445e-05,0.034080428438162384,0.820519932883026
179,0.24247942007775955,0.08364676587587148,0.00022487064372570258,0.10097728340758828,0.5726716599950551
180,0.268390972257677,0.02212914605205785,6.675943429110831e-05,0.07319882534982514,0.6362142969061488
181,0.11240208358238046,0.010793278731123764,4.6251944175434595e-05,0.07987066677004173,0.7968877189722786
182,0.05710746955432475,0.0032969459803315034,1.1815660002629338e-05,0.10309782679494572,0.8364859420103954
183,0.1125224885026361,0.013254816002613136,5.539338090328072e-05,0.11001454255458472,0.7641527595592628
184,0.05307737291402423,0.0030747426775486818,9.657961321482829e-06,0.057827788710025065,0.8860104377370805
185,0.17772537948505715,0.011773182769182992,6.221468319463556e-05,0.14662604238670496,0.6638131806758603
186,0.09311131090661533,0.010630068375470925,1.6783120752908132e-05,0.13794126833135645,0.7583005692658044
187,0.01592581651302118,0.0012853504185176788,1.0101580335639892e-05,0.038512049141579525,0.944266682346546
188,0.08662911374564466,0.0031900934996301777,9.09396148204971e-06,0.11945997895242734,0.7907117198408158
189,0.26032334406335444,0.005865892270365367,4.443303207156207e-05,0.23150973061191557,0.502256600022293
190,0.02665215499146795,0.002275371589829906,4.476102314937129e-05,0.0330354829015468,0.937992229494006
191,0.28354367711969003,0.018272954100523448,6.12361043415113e-05,0.22076300767579937,0.4773591249996456
192,0.45437988980386174,0.04599649118773338,6.085965990059979e-05,0.23151769452236293,0.2680450648261413
193,0.503751985511132,0.050126628835767253,7.242787165329956e-05,0.3122706092572984,0.13377834852414916
194,0.3173348985218999,0.06267960482320234,9.513427281068179e-05,0.5052480523202229,0.11464231006186426
195,0.3801759641213376,0.0877050219209848,0.00021628408908812516,0.25700135161265253,0.2749013782559369
196,0.26447700475211927,0.18947573316395905,0.0003435118548081671,0.4527212047721073,0.09298254545700627
197,0.14830644399563217,0.08486491752403763,0.0003401199595503587,0.17068232908193826,0.5958061894388416
198,0.08981435649033592,0.07190930237949984,0.000833977024962113,0.07469578626953817,0.7627465778356639
199,0.07328561756669413,0.09007558208864663,0.0011443151279863146,0.009961492329414148,0.8255329928872588
200,0.04141514485295934,0.1579729481075805,0.00952273772205867,0.015498061843755457,0.775591107473646
201,0.42254941982669897,0.16531558036918773,0.0003697535116531033,0.12053335688256614,0.291231889409894
202,0.2864397320599685,0.061756601000466656,0.0003201024231273204,0.07860409910235809,0.5728794654140794
203,0.4538308270714269,0.1852441231985991,0.0007557105306534571,0.17678764051009738,0.18338169868922313
204,0.6284832495175532,0.09110345526162442,0.00017806259509561785,0.06622514633382696,0.21401008629189977
205,0.21262558846563792,0.07351386251244073,0.0002591209124330785,0.033056101292107475,0.6805453268173808
206,0.5404241763808836,0.16309584379445574,0.00025333251064661803,0.12061238357036205,0.17561426374365194
207,0.4772012033191585,0.37865296305692736,0.0003959575403342602,0.08306134894033604,0.06068852714324381
208,0.44373117035615256,0.26410531444221846,0.0006357633678142122,0.22577036951919138,0.06575738231462337
209,0.23283557412262143,0.6145301951772384,0.001853002517066632,0.11861388994241427,0.032167338240659184
210,0.13435737059420766,0.7473135044145857,0.0010853010283580068,0.09281556534836209,0.024428258614486498
211,0.26836293809538747,0.45645808616104233,0.0011353163024746236,0.20085805628797979,0.07318560315311572
212,0.17755693547014081,0.673909332293251,0.002106747431200344,0.08771477239645005,0.058712212408957846
213,0.3248791674004516,0.48320379635297767,0.0015247867422883603,0.12475174732945846,0.0656405021748238
214,0.2566043223282846,0.62952820435011,0.002748093140044768,0.04948773940461787,0.061631640776942706
215,0.12426855329730825,0.8297240686031834,0.00097180426837093,0.022038000009993345,0.022997573821144066
216,0.2773945641257223,0.6037181223163123,0.0017467708560483647,0.02224472316748035,0.09489581953443671
217,0.14491186010514925,0.7857945792446135,0.0018614155280774912,0.031130730053366782,0.036301415068792905
218,0.011291791594838391,0.03748271584898339,0.03797657848371751,0.000999235416077105,0.9122496786563837
219,0.10455881356615415,0.5679137992844185,0.0392295312043572,0.015390179904562798,0.27290767604050736
220,0.09144031764911337,0.03697312837555272,0.0008642704773931992,0.010174875743312311,0.8605474077546285
221,0.30868551757132134,0.28325059786088863,0.0012574984617068667,0.04170291406895219,0.365103472037131
222,0.1684311169302813,0.5288145139232594,0.0022252793395273617,0.021375058028392402,0.2791540317785396
223,0.15855452853043547,0.09699302081548732,0.0009269394559676878,0.028164154874519173,0.7153613563235903
224,0.21557356783592127,0.4397275702518427,0.006958795982324978,0.12405668932784493,0.2136833766020661
225,0.10182739957090124,0.36977770568065665,0.017633549679080363,0.06240710982388661,0.44835423524547496
226,0.06519614474509279,0.08042864361589912,0.002406713847076525,0.02371295988097709,0.8282555379109545
227,0.029333964771750275,0.027870829623539126,0.004221769996080901,0.01128265739320237,0.9272907782154274
228,0.004694981248909709,0.004658492923509996,0.0005890665629080004,0.0010249160128963514,0.9890325432517759
229,0.08255028548179345,0.022190132544100426,9.577223783832943e-05,0.0478646676119352,0.8472991421243325
230,0.04582307734264086,0.0235263250433763,0.000273963634356305,0.0272969994451497,0.9030796345344769
231,0.38994081090609006,0.061674108823256926,0.000487078309455148,0.04140828887902885,0.5064897130821691
232,0.24611609631150183,0.017784994150141026,7.568992594194778e-05,0.03416409541135948,0.7018591242010557
233,0.4585944657990287,0.12179503022412534,8.37451962222748e-05,0.05789717623008958,0.36162958255053435
234,0.5520888536826554,0.15416876102788182,0.00010300813184571759,0.14827950214890825,0.14535987500870884
235,0.3890355285949689,0.467867618542044,0.0002411332097592188,0.07876408292696223,0.06409163672626556
236,0.26562871781411884,0.49661512024306764,0.0005151913143259691,0.0684276883079772,0.1688132823205103
237,0.17382462883525746,0.7193217627089753,0.0022581788026003846,0.036627384919485605,0.06796804473368152
238,0.3309057025731271,0.46440290916003096,0.0012958134423049052,0.05801393910216558,0.14538163572237153
239,0.12438721937439531,0.7838481479393354,0.002166929726160397,0.03742772754192176,0.05216997541818707
240,0.18785929136817597,0.5540048331585776,0.003433691324656962,0.07342625309053157,0.18127593105805784
241,0.05359239822558238,0.11276361417404528,0.00035603070765947704,0.007076917789077965,0.8262110391036348
242,0.009445630725073264,0.05314772343506549,0.017057761778514518,0.003066068887665522,0.9172828151736813
243,0.01693778133840702,0.009315245221257392,0.0025414337305721567,0.001681066623370163,0.9695244730863932
244,0.14515972286103934,0.04354999072312623,0.00026454089071378117,0.003497260247183705,0.807528485277937
245,0.06407712817232973,0.05216814491817158,0.000941406736056212,0.002639721590804949,0.8801735985826374
246,0.11120580705203355,0.030069693413728785,0.00025467180571951063,0.007060993598066284,0.8514088341304519
247,0.07981385005995448,0.17957444413479975,0.0006682855534932605,0.014439891124740969,0.7255035291270115
248,0.01344512251163692,0.02151422419471288,0.005933490637976824,0.0023812206022153217,0.9567259420534581
249,0.016593757322423394,0.005990102190517437,0.00022535244989304462,0.0016180726496441593,0.9755727153875219
250,0.06238640428930333,0.024478381316319523,0.00018013322808690087,0.008908982572673715,0.9040460985936165
251,0.24228584215064228,0.31328987070943953,0.0015895416071591115,0.026328568913338887,0.4165061766194203
252,0.29649991079625054,0.2590278680828859,0.0004451799234091876,0.031404198852152135,0.4126228423453021
253,0.20164741267449782,0.2925483748875617,0.0014619048243627198,0.037732766954545506,0.4666095406590323
254,0.175512905518407,0.6050768771259182,0.0032917800951477267,0.0661105670524288,0.1500078702080983
255,0.10429656411118518,0.5280790162694423,0.004860135239534614,0.08470084611937347,0.27806343826046437
256,0.0036245644182082907,0.008667374267347032,0.0008443338432782437,0.00344175786074063,0.9834219696104258
257,0.010687195474160563,0.032799152739447286,0.0052686795996568,0.028564312611251676,0.9226806595754836
258,0.024025178688181506,0.024273250376972328,0.00023964639688644636,0.009775091993115683,0.9416868325448441
259,0.008055409776130333,0.01541591479452455,0.0006809695367490163,0.005307604378711902,0.9705401015138841
260,0.06887868849637634,0.08604523824017911,0.00019786511044723426,0.007512868415401358,0.837365339737596
261,0.14421318846573802,0.18656709141628647,0.0013914554992410636,0.0084225592130554,0.659405705405679
262,0.5533735920426767,0.13207208774869392,0.0002501525960522409,0.015187038776483076,0.2991171288360941
263,0.5710263817786112,0.19693645774246804,0.00021475220934185046,0.03211936816342969,0.19970304010614912
264,0.6169455553125636,0.1368952659854497,0.00023429725778728158,0.03342018504278103,0.21250469640141834
265,0.31164309635488285,0.4320470378420787,0.00033296421618081846,0.183205667970083,0.07277123361677464
266,0.35351434477708615,0.2970115229115045,0.00037414203367694486,0.21107836222057927,0.13802162805715307
267,0.15074971566036788,0.7236568952467235,0.0004850382503266266,0.08307767587378807,0.042030674968793966
268,0.109050370713759,0.8298824052530317,0.0006605768383614985,0.024836958917465922,0.03556968827738194
269,0.18081897481236403,0.7461402363488765,0.00047148396088993465,0.028271732516598036,0.04429757236127135
270,0.3056204785463578,0.5699570526653924,0.0007933374559661342,0.021621745322278674,0.102007386010005
271,0.0938047345664889,0.8740294162352339,0.0015580849613098925,0.006129637723984951,0.024478126512982316
272,0.2481503489060486,0.6180738412172685,0.0037316019326873577,0.010597327404564925,0.11944688053943066
273,0.2921418546028475,0.47111853865212894,0.002432944840601547,0.008586274547508384,0.2257203873569135
274,0.1365770786454275,0.8333721242364797,0.003118761289322496,0.005554909053034306,0.02137712677573597
275,0.2909721517206703,0.6505391177002139,0.0010460923100843462,0.00990889054964664,0.04753374771938484
276,0.432410165414446,0.4225923373213949,0.002545056240514105,0.02012788180277162,0.12232455922087346
277,0.20404184497696454,0.7320910133054136,0.0010316450866375457,0.009485055266543082,0.053350441364441295
278,0.13749424733457982,0.8072402367383216,0.0012439535174515505,0.02738996500852885,0.02663159740111812
279,0.2023763668723461,0.701849754933779,0.006106524674136324,0.03386626973441543,0.05580108378532317
280,0.023190531827183083,0.3149607708373399,0.05000422997782189,0.00908073577892582,0.6027637315787293
281,0.11013190689323185,0.5856030066668189,0.002232429274937401,0.06078731732022844,0.24124533984478344
282,0.012753413323126057,0.1354957494913094,0.02635133178712704,0.016407790654698464,0.8089917147437389
283,0.01640753618428206,0.05000772098569936,0.002546929658115296,0.016478165749105676,0.9145596474227975
284,0.010507420345626866,0.0518491332833375,0.008891747626282372,0.012039221962711847,0.9167124767820415
285,0.05816049671956749,0.053871207066983104,0.004987806782485973,0.02794060681712453,0.855039882613839
286,0.06653601279288464,0.18966442263711233,0.0019195327009577383,0.013377350278371924,0.7285026815906732
287,0.06682259925370136,0.10637545262113864,0.0041825305429211675,0.02656116801797264,0.7960582495642662
288,0.08122469353590628,0.045156096810879065,0.0007615352359630186,0.023216320416169174,0.8496413540010824
289,0.3154915868468612,0.2498714119926323,0.0010750208935238021,0.04249899747216056,0.3910629827948221
290,0.2894221410853739,0.4497563018113827,0.0013087719575525017,0.024178635509685183,0.23533414963600563
291,0.4395383932194177,0.47521248268050215,0.0003526416183687842,0.028169290773919546,0.05672719170779168
292,0.36238568404711824,0.5147306987883687,0.0003376813830098301,0.06626015966251406,0.05628577611898906
293,0.5135815469638828,0.21967183789380892,0.0015363567464924649,0.0580187249171832,0.20719153347863256
294,0.4540498738055874,0.23634359753350204,0.0025543492818610445,0.029775812363218006,0.27727636701583147
295,0.2060315851645873,0.696670676636913,0.00537505019450545,0.01598172487442162,0.07594096312957262
296,0.05069716959357162,0.7565072090304388,0.013591271410720569,0.016469140727375844,0.1627352092378931
297,0.2094385016650304,0.4604211703563531,0.002845659743343305,0.019437497641669573,0.3078571705936037
298,0.2848319660849519,0.2394212725831383,0.0014027290281629344,0.01942881546204389,0.4549152168417029
299,0.21975012174873806,0.47702923264746977,0.007040565490241782,0.011336030974755593,0.28484404913879474
300,0.28978590801286636,0.5236422190588671,0.006921645173212173,0.030792732253382988,0.14885749550167143
301,0.010079602218604917,0.04719374923625178,0.04939714581008675,0.002346435210655648,0.8909830675244008
302,0.13624324930990644,0.08438805699852095,0.011130777835585593,0.01598305195315456,0.7522548639028325
303,0.035227768997709706,0.04516332813168218,0.004043795744667628,0.007557225496395599,0.9080078816295448
304,0.08967203513208989,0.09777816767046786,0.0008999671523582894,0.01606135041945515,0.7955884796256287
305,0.16789712006840202,0.17041283429251278,0.0014795231863605279,0.03195863269577664,0.628251889756948
306,0.07908951193352996,0.06991308055617383,0.0016129201859658858,0.017043650387907693,0.8323408369364226
307,0.01486501289145823,0.03804279817658157,0.017582147352736204,0.016261058412867766,0.9132489831663562
308,0.034130688527329485,0.10735507795865584,0.0030012862142513703,0.013033600451778565,0.8424793468479849
309,0.03019459494806504,0.07458458329878462,0.002698541754229665,0.00898309610504486,0.8835391838938758
310,0.03868278935877767,0.049596568565313436,0.008537236605642843,0.018864655089729728,0.8843187503805363
311,0.12827824364033305,0.16203080175858492,0.0014069429536507712,0.035825792477468026,0.6724582191699632
312,0.019422720600684982,0.02836003651872602,0.002882079969069137,0.006372386375997568,0.9429627765355224
313,0.09933428409925697,0.0516994642031338,0.0006655015394018457,0.020656295133265314,0.8276444550249421
314,0.08462522286034023,0.043100011411942564,0.0008005464342821147,0.020081977090191407,0.8513922422032437
315,0.049229839823074314,0.08508563601672163,0.0024565311748796135,0.01437378515998942,0.848854207825335
316,0.09916742598881005,0.11899563944075693,0.00247057865151682,0.014266265629792997,0.7651000902891233
317,0.2005307669158844,0.14575364870390856,0.0007754886731527279,0.007390194952255143,0.6455499007547992
318,0.204930561360215,0.2143699712767647,0.0028805605848935033,0.014077031065532894,0.5637418757125938
319,0.42585141056681886,0.3928343022631981,0.0016661704947349538,0.011845860487520813,0.16780225618772732
320,0.2495509666586781,0.6637042551168391,0.0010335621755096988,0.0068127236073602425,0.07889849244161287
321,0.20645515297836006,0.692033465204993,0.0010899337953781225,0.00985502653723912,0.09056642148402955
322,0.12474661915791582,0.8218120701500626,0.0028084045403639546,0.005996468644060983,0.044636437507596806
323,0.21234055130362967,0.6788477383576921,0.004215646563397681,0.005715298062647107,0.09888076571263342
324,0.13390915558473335,0.836295547077273,0.0008599680238585112,0.003150087501312636,0.02578524181282251
325,0.37220414345404035,0.5248411318447634,0.0013145795383969784,0.008938807310718014,0.09270133785208116
326,0.21783709545469676,0.730423072222522,0.008011211464394161,0.003374889615255468,0.04035373124313158
327,0.2942801549094457,0.6744185618855156,0.0014021304067559544,0.0043608229260101985,0.02553832987227235
328,0.49170012406472074,0.44031939221657806,0.0022490915698889905,0.0056634636003354095,0.06006792854847686
329,0.1361507251476559,0.8310196281282988,0.004316546694486176,0.0012099188194541412,0.027303181210104915
330,0.17304862338579594,0.7188495225000819,0.023039708004148812,0.0016727481161939444,0.08338939799377922
331,0.09110728893850743,0.8868164568457853,0.00784021976104562,0.001107445529831564,0.01312858892483028
332,0.19201201458861425,0.7202835329679617,0.0027386194218114407,0.003318488358655542,0.081647344662957
333,0.10155871210495185,0.8393796436234592,0.02405551184110335,0.0045360037844502585,0.030470128646035457
334,0.2254010470147555,0.14066572454005988,0.01277843663077311,0.0094027886221143,0.6117520031922972
335,0.2098456719796894,0.351550453261119,0.003016411971275395,0.0027676457568512813,0.4328198170310648
336,0.5198237670862438,0.19276357631099073,0.001431317900426463,0.0030274431035184476,0.2829538955988205
337,0.46330638022030374,0.29275492516675533,0.0014076980769794176,0.0017474423523090562,0.24078355418365235
338,0.09053339310574374,0.35202214184235253,0.007012379213189784,0.0009809546462749032,0.549451131192439
339,0.0577662355075759,0.9066826930094518,0.0074010492215762225,0.0020984631314472746,0.026051559129948915
340,0.11385363725410179,0.8046831098939082,0.0023069017508704965,0.006720218461305977,0.07243613263981348
341,0.0883727581161905,0.7165411804859776,0.004596196782702664,0.011924917675774886,0.17856494693935437
342,0.03184575804843553,0.23300999948272164,0.02465961432110089,0.006343074419391188,0.7041415537283509
343,0.03372397294827818,0.08114295407528754,0.010390145267870785,0.019219370045108687,0.8555235576634547
344,0.03715246925967583,0.0052951492408085474,6.915426690208093e-05,0.006004838204719741,0.9514783890278937
345,0.09424123419624597,0.015522075858398685,0.0007042946348256819,0.007186394187545458,0.8823460011229841
346,0.03639297251770413,0.0048492205875858676,6.048592424605209e-05,0.0012121825060680668,0.9574851384643958
347,0.1794886048728333,0.02772169041287733,0.0008300939776972368,0.009036545041993251,0.7829230656945989
348,0.3396188579065197,0.015852356671423786,0.00010278201784122605,0.009493081546167412,0.6349329218580478
349,0.059175359200440286,0.0031997486203105214,2.738767273314788e-05,0.013169772668174283,0.9244277318383417
350,0.07225663564001854,0.009024801036820808,6.829977790920698e-05,0.048612420448489777,0.8700378430967617
351,0.3125590762881997,0.014190660263598371,4.2006619640401534e-05,0.13280696470122774,0.5404012921273339
352,0.2561301097033337,0.055410856105057915,0.00020846411377408794,0.2821238116062067,0.40612675847162766
353,0.4422185035520777,0.023033302214972295,0.00010369149801992502,0.26253176811676077,0.27211273461816937
354,0.4830868607949813,0.06398630094160833,0.00013941644645999894,0.23422299879680544,0.21856442302014478
355,0.5237752003932648,0.10648431891107257,0.00026586234235350455,0.28852736398707535,0.08094725436623382
356,0.27744228665779225,0.08895938394776794,0.00032580436959717916,0.047513158834808285,0.5857593661900344
357,0.6721228569667939,0.16399067162960862,0.00040463547793805993,0.03797487807133059,0.12550695785432878
358,0.21214645086209719,0.7529780845839007,0.0011909988125793705,0.02182306472440169,0.011861401017020998
359,0.18519270582171393,0.7674301828498176,0.0009489254390818286,0.0285437079454252,0.01788447794396147
360,0.10832189784797706,0.843618464049742,0.0009483602356343596,0.01849521861220477,0.028616059254441967
361,0.04400394980745462,0.9411253715644932,0.00251849018028695,0.004123559886771004,0.008228628560994296
362,0.12583041111377688,0.8485546660358346,0.0011602055401175376,0.014641847556017572,0.009812869754253337
363,0.019701618664146645,0.9698557333518398,0.005381801758802079,0.0020234846422241535,0.003037361582987295
364,0.03904309553626268,0.9449128231675673,0.0055790208582006465,0.0029800867907288963,0.007484973647240343
365,0.11539769715566076,0.8487406686676048,0.007778209504931357,0.016631876287239448,0.011451548384563467
366,0.016668306182898777,0.9671026199464501,0.012043787979763935,0.001657295705152831,0.0025279901857346025
367,0.02448423114075804,0.9640143236824575,0.006803569905415195,0.0027533651453946427,0.00194451012597465
368,0.08060400602576015,0.897611637249871,0.0036131357980492976,0.012760083947625274,0.005411136978694069
369,0.01592159798879991,0.9741133374228179,0.00598552534051601,0.0010405483670499747,0.0029389908808161933
370,0.1271769606349013,0.8432688292028139,0.005547632386547282,0.018150079443066437,0.005856498332671007
371,0.020792563569602254,0.9539833260566544,0.020959315637916375,0.0014600406916209438,0.0028047540442059015
372,0.05066996405366668,0.9122235212970223,0.020999422636492557,0.00656379017564169,0.009543301837176544
373,0.019120338706207256,0.9683541646374141,0.007539985019524735,0.0014435686396983077,0.0035419429971554725
374,0.06953124140343615,0.9113368114345909,0.010281393374576356,0.002561369856071558,0.006289183931325059
375,0.034861148393378324,0.948903229907304,0.011390663866435998,0.0013289799175127835,0.0035159779153688263
376,0.12975376578648531,0.8408769960803041,0.010516605235327265,0.00908799510840505,0.009764637789478326
377,0.06496378426686726,0.9007626815404489,0.006162305878581893,0.024131170411628943,0.003980057902473104
