epoch,N1,N2,N3,R,W
0,0.014903594226543465,0.0037759626867506346,0.00010594088404853081,0.00020225540431217015,0.9810122467983452
1,0.01702892229137423,0.002394590151688859,6.975632575416266e-05,0.0004019069201176657,0.9801048243110652
2,0.0004893461224052127,0.0002879999685869852,8.366751052718106e-05,2.013281743856389e-14,0.9991389863984605
3,0.002227253185616756,0.0005429478752224381,2.5463347731049575e-05,3.9825236671055935e-05,0.9971645103547587
4,0.030285666902854076,0.0073520509893170135,8.257343861187311e-05,0.0004026431291798873,0.961877065540037
5,0.013730098241206155,0.025407556456333732,0.0005240362756602447,0.0005300292992499119,0.9598082797275499
6,0.1753184579520123,0.10545211105417235,0.005377813676788731,0.0009539303921588295,0.7128976869248678
7,0.12792443869840597,0.36177283656484915,0.010611890944782786,0.0007670306835850383,0.4989238031083771
8,0.07047466954550384,0.5749662451649001,0.011125928861874922,0.0008739313924253603,0.34255922503529584
9,0.07234534259493763,0.650889195409078,0.013203781565401963,0.0008643505205989032,0.26269732990998346
10,0.026270160239192698,0.5892685998542979,0.0819358107110738,0.00029908700091323424,0.3022263421945224
11,0.04996645136726247,0.7106493563908842,0.03446226428788094,0.0008959401969502283,0.20402598775702238
12,0.06515444114074063,0.5338866740751281,0.04012669782294446,0.0009546394137032271,0.3598775475474836
13,0.0756732807795559,0.5821952408424345,0.0650035642662197,0.0011799531269067447,0.27594796098488317
14,0.04869831900972224,0.6075526100807437,0.1553027870549903,0.0004376973215326796,0.18800858653301117
15,0.04636709143403128,0.5466437117005936,0.2391326044852591,0.0006540421433423283,0.16720255023677358
16,0.03322075702735798,0.7005552151927414,0.17008611324377734,0.0005698497083275751,0.09556806482779549
17,0.030656769491170053,0.8368477999392734,0.05237490951013693,0.0005511106431827217,0.07956941041623686
18,0.011963363456462456,0.6486494903030156,0.2704358850530896,0.0001439126040308328,0.06880734858340157
19,0.020596782361008172,0.5818527995577042,0.3179838483005848,0.0005847129021865205,0.07898185687851632
20,0.015533718380145077,0.7161944799451522,0.21423506590060395,0.00048647420257973465,0.0535502615715191
21,0.00982098775545119,0.48638020149455624,0.4521103086098724,0.0004414442230856971,0.051247057917034496
22,0.019358101445463544,0.5379687462727237,0.32860261480243563,0.001338846567422893,0.1127316909119541
23,0.023685449889198747,0.5283495893183977,0.3720117148035554,0.0009373702268085065,0.0750158757620397
24,0.04236243898228302,0.49536394899178526,0.3873484729631722,0.0015812452512012848,0.07334389381155824
25,0.027765986363842282,0.5006911849250675,0.43194109906155453,0.0006202444464873409,0.03898148520304843
26,0.017114058129502476,0.2706404076978212,0.6724416392034149,0.0005147429689764517,0.03928915200028492
27,0.01602359569680033,0.28189667585569245,0.6506471021163689,0.00126103829825538,0.050171588032882915
28,0.023038911814953086,0.7222952614268765,0.19516914672755079,0.0013982379972617605,0.05809844203335792
29,0.02941361024540651,0.6446353802614785,0.22960304573862295,0.0029786614455613145,0.09336930230893069
30,0.016176216930725157,0.6090342128041111,0.2935079919990023,0.00222817061689032,0.07905340764927118
31,0.029831575565913312,0.7053180456845518,0.18810569377107295,0.0017466679909479096,0.07499801698751392
32,0.012876522434132657,0.7863141037407814,0.17532103162580356,0.0008588478151534728,0.024629494384129022
33,0.014358611241311206,0.5224543405599097,0.4300840368214514,0.0010071143436149949,0.032095897033712684
34,0.01580284976050748,0.573470010037465,0.3781008495563754,0.0013434331958726922,0.031282857449779385
35,0.027762471817423372,0.6391615055693772,0.27477645981624443,0.0019771060309254924,0.0563224567660295
36,0.03299914029440509,0.5735425613814141,0.31321436817805953,0.0013388073993412307,0.07890512274678017
37,0.01372707785866801,0.22204823519145456,0.733868707393347,0.0010411928133706493,0.02931478674315977
38,0.01786427019809704,0.25413600858844504,0.6881395644337484,0.0015500108440007557,0.03831014593570889
39,0.0239082579178435,0.29112664536940885,0.6384690631150658,0.0023460375867129205,0.044149996010968966
40,0.006566064904415371,0.31153974347684965,0.6601152672248455,0.0012160495048242194,0.020562874889065372
41,0.007577272759864056,0.411354346374084,0.559731618646223,0.0013373494268711472,0.019999412792957715
42,0.006331886571835982,0.44464724541574585,0.5300939328652576,0.0016546480875275036,0.01727228705963309
43,0.011039410019737161,0.47187882554426047,0.47937534267827997,0.003230213845486671,0.03447620791223589
44,0.013039141097278582,0.43036311891469414,0.5208393995492703,0.0034625085747905233,0.03229583186396636
45,0.02082558366859055,0.5223387967916688,0.42835764064403087,0.003951401003277026,0.024526577892432608
46,0.024764351255348763,0.5057758304981061,0.43322376684198727,0.0027509379597690504,0.03348511344478867
47,0.017170841243912827,0.3497099420564315,0.5937218365010022,0.0021322036513272964,0.03726517654732615
48,0.020588172393921748,0.3867879141382355,0.5429046612812878,0.0023746534702131093,0.04734459871634192
49,0.02394962537358411,0.4640747652314571,0.46419553063547037,0.0019922492772262907,0.04578782948226193
50,0.007895110487179816,0.18242058593109486,0.7610967930700201,0.0015966875794807274,0.04699082293222459
51,0.014775384233417146,0.4740475101545499,0.4790835485200852,0.0010913974538257264,0.031002159638122116
52,0.010909556305638826,0.5291748087678279,0.42472149893003314,0.0019661234950694227,0.033228012501430676
53,0.019085850930640625,0.3767244228779883,0.5417247436053089,0.004797100039657391,0.057667882546404745
54,0.013860696179591108,0.6408583268813446,0.3235089825704297,0.001998897389038427,0.019773096979596033
55,0.010407031007119493,0.4710711034853095,0.49258112614106847,0.0017598509641249776,0.02418088840237755
56,0.019381745330114705,0.3389985796007346,0.6020915322491717,0.00371329270480214,0.03581485011517692
57,0.006939881877248224,0.31043629762458047,0.6509460415333806,0.0031260416149681337,0.02855173734982261
58,0.014243221996507427,0.44966703833254845,0.5061401953522975,0.004232937160258987,0.02571660715838765
59,0.048295037277764775,0.6239933260801342,0.29676755817545747,0.004497250947961638,0.026446827518681926
60,0.06600648102691248,0.5308557572103412,0.34038653453826023,0.004286055078308562,0.05846517214617741
61,0.024205002934975118,0.4887265785128072,0.46313457142737663,0.001945467890105387,0.021988379234735653
62,0.025358566048265006,0.8128076338690711,0.14246818571985626,0.003755033934881107,0.015610580427926422
63,0.005915341685034031,0.1746308526135445,0.7918603817183546,0.003247591034544179,0.02434583294852276
64,0.03292257538983618,0.7473496297273148,0.198027188902351,0.004013114357322892,0.017687491623175268
65,0.057811700309419414,0.7137900032828397,0.19077370940754265,0.007493690703011572,0.030130896297186637
66,0.042364787526540874,0.713372698777237,0.21266092838092196,0.005344516160913093,0.026257069154387015
67,0.02015862652858384,0.33290705263586734,0.6168069689953369,0.004091782902787314,0.026035568937424633
68,0.011031188893032225,0.290051832023096,0.678826020313325,0.004453087574986628,0.015637871195560163
69,0.04274460985326311,0.5369251050537502,0.329331096453739,0.01859849037340423,0.0724006982658434
70,0.01811765209008713,0.35449554722138826,0.6061089275924557,0.004383024378458936,0.01689484871761023
71,0.02062121930969703,0.2895573531309368,0.6618983114555325,0.006706017389922629,0.021217098713911132
72,0.04839733862083902,0.538959298405103,0.34448611923118516,0.006805608338829034,0.06135163540404376
73,0.03539884344995886,0.7110422602039083,0.22501881562392062,0.007966524523783634,0.020573556198428544
74,0.022551682279618346,0.4343023165985939,0.527310826561064,0.002916864256440225,0.012918310304283406
75,0.024460739925040775,0.42995127165617314,0.5121715275827575,0.0036576439035888916,0.02975881693243965
76,0.028976687032338376,0.5911956816283759,0.3666752075312567,0.0022727910125560856,0.010879632795472808
77,0.059522461687455654,0.7293124327201778,0.1956318203033331,0.0049404579701664555,0.010592827318866932
78,0.012102963366766663,0.5004706367839237,0.4720655216452308,0.0023552989626722753,0.01300557924140667
79,0.010462790117789115,0.7161341733858003,0.26093469575082096,0.003303439800426066,0.009164900945163373
80,0.0078020812915469894,0.5951557500968383,0.3850145462439941,0.0019059428687631117,0.010121679498857545
81,0.017479017098399205,0.6177689352946856,0.3504450580099197,0.002677179942273565,0.011629809654722031
82,0.015323022071276449,0.4804239001280353,0.4910230431056185,0.0014201198831339686,0.011809914811935678
83,0.02397965831452627,0.6658630728177848,0.28832480656727655,0.004122572334679335,0.017709889965733108
84,0.010162968037628723,0.4678310313317811,0.5124801681755188,0.00201341723756995,0.007512415217501432
85,0.023080167820442577,0.5582130608739947,0.36744724324154765,0.011639042739043575,0.039620485324971505
86,0.006404227733822444,0.22314376869434493,0.7509297699388483,0.007154153264157564,0.012368080368826983
87,0.026124230782413077,0.5998403791054158,0.33968007018754526,0.01510645191207362,0.01924886801255222
88,0.032802757405728515,0.4441896938899364,0.4745406955809145,0.015775143938309522,0.032691709185111044
89,0.02385748384471266,0.51124538438278,0.4442877378604209,0.007221662137990937,0.013387731774095317
90,0.026374216213424225,0.4361413680367684,0.4614843717948577,0.024000202673772855,0.05199984128117679
91,0.028986742081988467,0.2609921633718144,0.6422265399551471,0.018084894496735435,0.0497096600943147
92,0.05995860294730894,0.42834821740378587,0.4258469023089892,0.02329011039888335,0.0625561669410325
93,0.062024460247591603,0.607684751812703,0.2603199783463392,0.018868906704881047,0.05110190288848517
94,0.011420495944266779,0.23304598177522784,0.7347899251440614,0.005640086549121698,0.01510351058732229
95,0.024714610378253107,0.43988790399042005,0.47169977481617925,0.015846718366611393,0.04785099244853616
96,0.011897987603704372,0.4270137052843246,0.5293369935729876,0.009029310526057027,0.02272200301292641
97,0.013582024657423716,0.2902559470704431,0.6586462932785063,0.00962975738984262,0.027885977603784272
98,0.022270399956856875,0.4485644895539898,0.4997688669997597,0.008726774894428291,0.02066946859496515
99,0.00911889657558799,0.5120116022024682,0.46808735494211323,0.0030917274014150868,0.0076904188784155175
100,0.024897779862794494,0.6775742043707347,0.2785302451638791,0.003938917051773276,0.015058853550818497
101,0.0466977755480819,0.7820865753373751,0.15184829084467946,0.005459620625825351,0.013907737644038
102,0.02096922096464373,0.5949465303204604,0.370701921208136,0.0024534851168964335,0.010928842389863577
103,0.04236246401408453,0.7059546598115871,0.23120190098376717,0.003411880633592979,0.017069094556968298
104,0.019379777440848716,0.6115220951541216,0.35768690133468195,0.004211568694391449,0.0071996573759564786
105,0.02506634900432989,0.7025583161780391,0.26111253178412974,0.004458519138601716,0.0068042838948995845
106,0.04014026527227298,0.588555251564493,0.3442264019775236,0.010010449946961084,0.01706763123874946
107,0.03796038675742083,0.448646080039076,0.48232950339583636,0.01315863641302186,0.01790539339464494
108,0.03652016839985456,0.5079201186460385,0.4436786168088044,0.004226883235240202,0.007654212910062479
109,0.021048727971449854,0.43477167304425707,0.5316764468785845,0.004125639775048323,0.008377512330660256
110,0.009025857171228502,0.3515026714063792,0.6287260826208029,0.00457583515290192,0.00616955364868755
111,0.01960738237948259,0.42426468860547484,0.5292767367502432,0.011367516546572986,0.015483675718226451
112,0.05353703258839845,0.7661449905066545,0.15211593756200165,0.011912943826090108,0.016289095516855315
113,0.009052268571764948,0.7452710419950931,0.23707464099468858,0.0014958053686090938,0.007106243069844355
114,0.01229306926030363,0.7380225925629478,0.23981624181719027,0.0019686372986801076,0.007899459060878194
115,0.00928431370844115,0.6155464195805117,0.3588345359250882,0.001966532748264157,0.014368198037694808
116,0.019718674608669082,0.645679816675896,0.3173863692181583,0.0019150465682254221,0.015300092929051155
117,0.008061867278274246,0.378872375087493,0.582129777581383,0.0026653692941136977,0.02827061075873604
118,0.029573621412967634,0.7780817877513977,0.14003449182290456,0.0065185943890455,0.04579150462368457
119,0.05270433908505165,0.8053607944757619,0.11627985333413662,0.005695076044094856,0.019959937060954912
120,0.04012684777489644,0.7993615881650592,0.1404185827880486,0.004333269774473124,0.015759711497522755
121,0.029674543007283654,0.8902408752887586,0.05961605763051703,0.004084080453365314,0.016384443620075354
122,0.022916476602359168,0.9267235909598283,0.036250758806945636,0.004258468044663846,0.009850705586203282
123,0.01279666633447309,0.8903185289220147,0.08697379042852284,0.0016674030090825217,0.008243611305906715
124,0.020924274827356117,0.8339380233506318,0.13130877607217192,0.0010751972521226459,0.012753728497717476
125,0.03409730015076857,0.6608730266681556,0.2822895319244441,0.0037122855846815623,0.019027855671949975
126,0.05112370135376435,0.8587938380924436,0.07195032911447895,0.00536150226188323,0.012770629177429911
127,0.046364032342060636,0.7397351437234341,0.20036519893280175,0.003804836302194201,0.00973078869950908
128,0.04184005508266381,0.8447237576976951,0.09908295682985205,0.003466393799621482,0.01088683659016729
129,0.021148540389797275,0.8253404121954485,0.13952980392105346,0.00302931945749975,0.01095192403620118
130,0.03013600186712515,0.5607255491418616,0.39559809946726127,0.0022763503175170555,0.011263999206234932
131,0.038875572907240946,0.8853550457516708,0.060913794700608634,0.008144268307901511,0.0067113183325778645
132,0.03519506275273109,0.6400489475798598,0.30905891155249277,0.004266874145911273,0.011430203969005088
133,0.04668123557397438,0.7517870768152161,0.1849088610168577,0.00675926650294827,0.009863560091003799
134,0.05318366999758412,0.5631419114807229,0.34088268395807353,0.011549879329073812,0.031241855234545625
135,0.10271123235852898,0.6801849948469779,0.1964118853004414,0.010547688733595757,0.010144198760456025
136,0.05761540085518432,0.7395641417744525,0.1862489072230822,0.004235635648825117,0.012335914498455782
137,0.036644563799421256,0.7514561629949069,0.18777684268303502,0.009848084714024416,0.014274345808612515
138,0.045296483612566704,0.8875063482448782,0.03413161458161746,0.020679052736726558,0.012386500824210962
139,0.03721497908732208,0.6236040133603228,0.2994400545678633,0.015326743919767263,0.024414209064724558
140,0.04349625253566558,0.8756549083336029,0.03802515164461902,0.026389129631840685,0.01643455785427153
141,0.07197970451138856,0.7686761440297628,0.11254170583679131,0.019062393958969526,0.027740051663087885
142,0.0811739850004612,0.870601506130247,0.01668055888030109,0.019701265755134898,0.011842684233855722
143,0.062033505100355296,0.801793642623163,0.12027354341756254,0.004162359915492543,0.01173694894342662
144,0.06603937696848472,0.8427868938291995,0.07901926028852933,0.003699830738969037,0.008454638174817486
145,0.05963196310026686,0.8030388573408491,0.11358089164603016,0.0037687467151265425,0.019979541197727428
146,0.02795390087544419,0.7187182960132028,0.23837787890791495,0.0034537233955307914,0.011496200807907244
147,0.03656448385024868,0.8940349779645379,0.04783068634151093,0.007246000200366857,0.014323851643335517
148,0.08143831486295751,0.7814119216066943,0.06596504127281395,0.020991571487687384,0.05019315076984692
149,0.05617855166023459,0.8117675363865428,0.08098555121718391,0.008847814411798315,0.042220546324240264
150,0.16043491954925873,0.7524518933705373,0.004188756652432946,0.05410877896330101,0.02881565146446978
151,0.09443058223383519,0.6856923835125096,0.008615362407169416,0.026399064457941355,0.18486260738854451
152,0.06366768663379764,0.09747614778357482,0.009733648525045272,0.004586239892843539,0.8245362771647388
153,0.008923165318510552,0.007472782700396289,0.00019452858289425632,0.002002588188844538,0.9814069352093544
154,0.0702240922401063,0.03304690875778636,0.0022396214768221428,0.006810374977953661,0.8876790025473316
155,0.12380860317836855,0.06335807231047641,0.0023605544723661435,0.006437537438853086,0.8040352325999359
156,0.4272014805661725,0.18712144147585538,0.004464052812013218,0.03070409220127793,0.350508932944681
157,0.31699559905311375,0.26177951991380105,0.015315772064649931,0.02902427801735008,0.37688483095108516
158,0.29112523073025554,0.175122415267396,0.010126875038661899,0.025852126616019485,0.4977733523476672
159,0.19016173327179123,0.46263871199399087,0.029033049232018063,0.01439254725662902,0.30377395824557063
160,0.09119941689878822,0.34517541384039807,0.03295739907408265,0.022395348650298276,0.5082724215364328
161,0.24725615029615777,0.45120950179892,0.04161041299045185,0.049199180679187965,0.21072475423528245
162,0.37450556373068233,0.17432361989273834,0.03165585187362509,0.03984910400780264,0.3796658604951515
163,0.410553422223529,0.3907654925040189,0.02440202936423382,0.04619271420498534,0.12808634170323305
164,0.4460797118147426,0.4030100265965035,0.013513699339794115,0.05323288438526604,0.08416367786369389
165,0.3240679029504494,0.5155248071055522,0.012038755957295488,0.05031918272437473,0.09804935126232821
166,0.497360051226317,0.33892211524587285,0.0022855216279394955,0.07448811420649665,0.08694419769337391
167,0.3089072594173186,0.5499364523358431,0.0005941099197269845,0.10324892010875561,0.0373132582183558
168,0.40290741393010765,0.2808509900167057,0.0011957847061615904,0.24352150574231496,0.07152430560471004
169,0.30583397556199265,0.1652265267798601,0.00020983086644590037,0.4920663165781777,0.0366633502135235
170,0.21633911274780943,0.2976721498043801,0.0010659038500681977,0.35948970795064994,0.1254331256470924
171,0.4106069114060647,0.2648045997229892,0.0027209678663258547,0.2613121070166928,0.060555413987927395
172,0.4924061450479851,0.31920653590140186,0.0024926147989324486,0.12348814762207964,0.062406556629600846
173,0.5044141156240334,0.24857708902523676,0.003414408990398724,0.05090768219217406,0.19268670416815709
174,0.5629020336483952,0.2305835857512604,0.0017543262980831225,0.057713701322539605,0.1470463529797218
175,0.6428911834010549,0.17676393868388965,0.0007789253123635126,0.10378157860364925,0.07578437399904271
176,0.5557566222109966,0.17900015973267852,0.0003955508999002371,0.17536239542335746,0.08948527173306711
177,0.558428256046011,0.07153068791877093,0.00012904697905801954,0.24952597490243214,0.12038603415372788
178,0.5006582199779019,0.08701005219183536,0.000497510678655338,0.2575899817367417,0.1542442354148657
179,0.01744572978602524,0.00394376255370843,0.0001714961962210185,0.0034851652134038837,0.9749538462506414
180,0.2002897326129402,0.024792363481242956,4.5641146443126125e-05,0.017375055497804347,0.7574972072615693
181,0.6564029677538645,0.05240782380245659,3.3534418222915034e-05,0.06772818733074792,0.22342748669470802
182,0.7100662681482055,0.028470303018788362,9.279258619043868e-05,0.029417444842855425,0.23195319140396028
183,0.4636119474227111,0.1213240818975769,8.248358948624427e-05,0.12013758798913853,0.2948438991010871
184,0.30772381787598124,0.0578048263807337,0.00010492225287115023,0.36528896162424584,0.2690774718661679
185,0.2030899780599405,0.03618937050233201,6.876245848267171e-05,0.5991978890427898,0.16145399993645498
186,0.08547795109785845,0.06763162783619012,0.0001825080277204316,0.7503550780773242,0.09635283496090694
187,0.07598903535567512,0.022974118574904317,4.2083795657765426e-05,0.8620973648669805,0.03889739740678221
188,0.20089898734459843,0.055149214628237006,0.0004190052698126156,0.4850380238589201,0.2584947688984318
189,0.10512880777944753,0.03547298096909386,0.0001480943636256873,0.75849124076479,0.10075887612304286
190,0.07132678661504657,0.02665456200488567,4.593146949031707e-05,0.8410250773950434,0.060947642515534216
191,0.09547052956908701,0.02486148927005723,6.02989940083759e-05,0.6465210779677472,0.23308660419910024
192,0.07234440954630939,0.013620572332005634,2.884630971820928e-05,0.8520024249429551,0.06200374686901173
193,0.08665139825268695,0.02342307656356007,6.175316495101257e-05,0.8351909437135818,0.054672828305220175
194,0.15742313472752717,0.03677067441917231,0.0005932098406389565,0.5240219786784676,0.2811910023341939
195,0.09709406385480947,0.017404670220048,0.0001263253556132818,0.7924348952036259,0.09294004536590336
196,0.0732180499377458,0.017479206846058956,3.7410270782068096e-05,0.722804631021963,0.18646070192345018
197,0.07622756005195315,0.026202523472313794,4.975151642322668e-05,0.7940552433460188,0.103464921613291
198,0.10460860112481545,0.04093708462460554,0.00010198096662237234,0.809306180342444,0.04504615294151254
199,0.15397329424874737,0.044263069949831736,0.00016865183335865457,0.7388024101272723,0.06279257384079005
200,0.16486201332957673,0.07220445789863307,8.63802285255877e-05,0.7251937784812478,0.037653370062016904
201,0.12411302416485506,0.06277015467176035,0.00023330938790655373,0.7912312098549265,0.02165230192055162
202,0.25333168233372905,0.17956738329662092,0.0005041699244636683,0.5424187687252919,0.024177995719894478
203,0.24717427654437246,0.12077529453106758,0.0003550156811566159,0.610518114649693,0.021177298593710283
204,0.21395305340679338,0.43111553593087537,0.0018841144205919455,0.3320923648065235,0.020954931435215898
205,0.2465481710619287,0.6243819649034308,0.003677618684544095,0.09118646373248404,0.03420578161761251
206,0.4710873012016946,0.4012528911833172,0.0006191612316596077,0.11018233725572642,0.016858309127602132
207,0.18112351026777557,0.7791061159995998,0.0006093222550513212,0.03376641078530113,0.005394640692272348
208,0.03708626823312582,0.9307704219076341,0.018158910315537877,0.0027283058487064266,0.011256093694995833
209,0.15636605610033327,0.8102157751198821,0.004192520949241679,0.008223180198114168,0.02100246763242872
210,0.18799306758969858,0.7750904286487094,0.0027108727294395943,0.020010104839008103,0.014195526193144252
211,0.21031674406268422,0.7520894928294564,0.0009191222402700275,0.02831645053607001,0.008358190331519483
212,0.09524392816945713,0.8929605068652812,0.003500398492902008,0.003760249106070647,0.004534917366289177
213,0.06979368019722264,0.9127601569956617,0.00909985473396386,0.00500252652471701,0.0033437815484346337
214,0.1268046850165505,0.8483539850650277,0.0032883764924281082,0.016958017976504078,0.004594935449489611
215,0.05498706741232647,0.9234608179176584,0.0029204605757522793,0.014907709511199362,0.003723944583063516
216,0.07568869428682248,0.8965806952118713,0.003502610753106714,0.019785761960637093,0.0044422377875622514
217,0.06486233918989233,0.9079472073217629,0.005814719788137554,0.017289736242878072,0.004085997457329126
218,0.09111200175303347,0.8712637329753049,0.004290520418031097,0.02881495506507499,0.0045187897885552615
219,0.19912845564447845,0.7096885365440615,0.00399875180778839,0.075411923471433,0.011772332532238725
220,0.1215884896474859,0.8262160687466445,0.002666512294422537,0.043369159343621955,0.006159769967824925
221,0.1697441936724849,0.7699824790241292,0.0014498633990735247,0.052483923169564635,0.006339540734747829
222,0.19508973305111024,0.7761297559008743,0.005929916245954068,0.011744814834426484,0.011105779967635081
223,0.07003642796881313,0.9085072413726664,0.006925489165104531,0.007139816518417869,0.007391024974998372
224,0.12876331408610184,0.8244569742410424,0.00725549919745919,0.02269878137227445,0.016825431103122044
225,0.20916288604577316,0.7187070118876826,0.025451000172391134,0.03127011938165345,0.015408982512499694
226,0.17714938176992637,0.7779594613254625,0.016883239734752687,0.01624106211641944,0.011766855053439183
227,0.14218590006594442,0.8177271726853342,0.011756240620750848,0.020213358101452104,0.008117328526518565
228,0.17777101089985367,0.7511555851785326,0.004963564219069821,0.05984226802022556,0.006267571682318161
229,0.07901762342701155,0.8574702162973257,0.04301262343581336,0.014526524933763413,0.005973011906086122
230,0.13815709684982003,0.7657606504075017,0.05267575027906749,0.03328028036459732,0.010126222099013453
231,0.1587177551769173,0.796565214299651,0.010778897325993297,0.026046693366879623,0.007891439830558709
232,0.12700730546546832,0.8033511951880337,0.02857738382471917,0.03336237054808779,0.007701744973691341
233,0.14778411321174031,0.8124279511632733,0.005621670202667973,0.028580384863454444,0.005585880558863941
234,0.08228244888754425,0.8957626965069566,0.009747352376656533,0.008334574242471304,0.0038729279863711965
235,0.10553349990885995,0.842901236272336,0.03448977852149306,0.009136954013166124,0.00793853128414504
236,0.066350534639704,0.9115175509290268,0.013787462721579121,0.0031960593433335745,0.005148392366356699
237,0.038121214910335405,0.8758278561005534,0.07722596666095613,0.003076415640258293,0.00574854668789677
238,0.08933912647958583,0.8404411105220854,0.05881374313402477,0.003492649261466906,0.007913370602837123
239,0.06292502482881607,0.9056965844305515,0.020384473735891608,0.004886435762472224,0.006107481242268383
240,0.026544076125185445,0.8279819819488308,0.13817636179575463,0.0027675244979388286,0.004530055632290339
241,0.055816832158039086,0.8495518217643431,0.08133373790006895,0.006839210312557703,0.0064583978649910894
242,0.033742401644813305,0.8955899230690564,0.0571392487518405,0.007117843691052455,0.006410582843237223
243,0.030304085802210366,0.8424500855321111,0.11436930587343905,0.005293656316906278,0.0075828664753332395
244,0.052799988380779525,0.9128366898481063,0.021042225387813623,0.006998395602877656,0.0063227007804228215
245,0.05964747300578033,0.9212854297611783,0.010104296317270075,0.004953407413136686,0.0040093935026343985
246,0.033573098221715926,0.6848015199826136,0.2731413230909732,0.0026270248108591207,0.005857033893838052
247,0.017213389315527464,0.787307903777848,0.1888795652905213,0.0018125554010385496,0.004786586215064756
248,0.05117773338000398,0.8231016246951617,0.11228584049587897,0.005002138056523417,0.00843266337243213
249,0.05764926516561536,0.8503073093408748,0.07292285557298811,0.009119542266319974,0.010001027654201789
250,0.04560246008299651,0.7360054725974695,0.20601717923231078,0.0035137801998490095,0.008861107887374363
251,0.045096438827522387,0.7383783214618387,0.20513831818176062,0.005455684037368184,0.005931237491510232
252,0.046930473421742946,0.8840005714183187,0.055895156172155715,0.007167389585531737,0.0060064094022509555
253,0.015522619801187628,0.7948242494593034,0.18171879467094065,0.0036925809763945325,0.004241755092173767
254,0.031364424948484744,0.8744440679742196,0.08325901455999121,0.0058293759471041125,0.0051031165702003
255,0.05496270216623988,0.8430110715285268,0.08875900110609977,0.005459422597620006,0.007807802601513511
256,0.05353322104009057,0.7842575658774977,0.1425259986996085,0.010309139593525377,0.00937407478927781
257,0.03211427967794261,0.7333408576107378,0.21949364598348722,0.008021053352491309,0.007030163375341108
258,0.04475256458292135,0.7568709594888202,0.178466473302782,0.012798551431611583,0.0071114511938648725
259,0.041304015908743254,0.8638567555587958,0.07381412579477802,0.015274852091711949,0.005750250645970979
260,0.06871553499695211,0.8015595127178311,0.08968137678670382,0.02938119113430496,0.010662384364208011
261,0.013805840392554074,0.7669032023856281,0.20648002551074546,0.00916723520477708,0.0036436965062952627
262,0.05949901725134024,0.6819313566871059,0.20938224083154858,0.028522006741622502,0.020665378488382822
263,0.02440184217297648,0.6501004954500613,0.30845500823436217,0.008324623914857091,0.008718030227742939
264,0.06807404668768542,0.7297306501955787,0.16583108206341693,0.020116098074612322,0.016248122978706415
265,0.11833834179123372,0.7667160800342847,0.07668737962539855,0.023948477397911023,0.014309721151171918
266,0.11173587925121595,0.769362938273203,0.07326307518188158,0.029778082902711757,0.015860024390987715
267,0.0782655270529286,0.7551021340914837,0.13245194721338688,0.02215227157823265,0.012028120063968183
268,0.11061350285628141,0.8135729288881787,0.03228217108488645,0.02976848962725982,0.013762907543393512
269,0.09409313565995445,0.8244650245689281,0.06176564221746388,0.01320958402121137,0.006466613532441897
270,0.09786063833057079,0.7243495054036766,0.14969112984238447,0.019224882573800388,0.008873843849567806
271,0.15001240380672148,0.8021805257918261,0.017085912260117873,0.021865391618117555,0.008855766523217044
272,0.04961039413004069,0.8685933565685143,0.047880186842017856,0.02621302014254557,0.007703042316881408
273,0.10210753839002808,0.8250614976898626,0.02555619745847316,0.03605001509520075,0.011224751366435467
274,0.06939225988371318,0.8284794801034459,0.0816564779379757,0.013727678224602687,0.00674410385026267
275,0.09608060416149497,0.8629065259972872,0.01530989475969743,0.016087420617577734,0.00961555446394266
276,0.09057403055368896,0.8565377291206382,0.03067977762934933,0.01389275351513561,0.008315709181187944
277,0.045717625582736066,0.9208302348789955,0.01907644588670024,0.008679028716396572,0.005696664935171711
278,0.056634109656278166,0.8948123918810822,0.034970580907507556,0.00801100760471246,0.005571909950419595
279,0.06118323618600168,0.8029179764945009,0.12240569797696338,0.006379049792891255,0.007114039549642882
280,0.05245241813465548,0.8839725071147875,0.051120116071467415,0.006369043858255345,0.006085914820834357
281,0.03165562124422598,0.9293798812328039,0.028337831159769938,0.005981020288658024,0.004645646074542125
282,0.1491195034094898,0.7636299867556465,0.057118123099058504,0.01371522999852275,0.016417156737282376
283,0.09792086348306095,0.8075784497401599,0.0805259744484852,0.006805152016906466,0.00716956031138761
284,0.1596057446009401,0.8040844743572882,0.008427282995078333,0.01897957429564303,0.008902923751050224
285,0.09688769267641119,0.8838763505337358,0.009156525186110027,0.005820956474048902,0.004258475129694139
286,0.10972648631398314,0.8361273543308116,0.02988190978993872,0.014551068700732266,0.009713180864534371
287,0.21328712499370608,0.7424817890110664,0.013898010172071679,0.020690790389526856,0.0096422854336288
288,0.16514486936156914,0.7901713044209999,0.01592579625488628,0.01695958824024492,0.011798441722299805
289,0.08195576644797242,0.8678394780979296,0.02660861389219602,0.01792252054411586,0.005673621017786245
290,0.10367180603832156,0.8160588361535273,0.05482023533883831,0.01855007423806409,0.006899048231248774
291,0.0894276551502048,0.8005620274620706,0.08483235447842229,0.014061296510205835,0.011116666399096488
292,0.09120257618517441,0.8684335559879894,0.016794013381717522,0.017896673093988624,0.005673181351129773
293,0.13432136019434915,0.8211285436614948,0.00977185837783507,0.025943278792547948,0.008834958973772958
294,0.08303248190378865,0.8549104297871454,0.03522827930332395,0.01904202718715297,0.007786781818588957
295,0.05426591597158262,0.9254683542825236,0.007017797535727813,0.009167383849020593,0.0040805483611452845
296,0.12120203085785167,0.8478967025303521,0.003641200512509915,0.02031418800952466,0.006945878089761627
297,0.060128527720268506,0.8625556207628836,0.06364192352119336,0.007559998880220273,0.006113929115434157
298,0.07762852449018877,0.8654802273845791,0.032006523829002737,0.01325132348872269,0.011633400807506565
299,0.15040093442107721,0.7101885907037517,0.011036299732852979,0.10205011809974869,0.026324057042569293
300,0.046296062680270325,0.8892678759079301,0.011452311533853116,0.023459008609629635,0.029524741268316924
301,0.04637033373518197,0.7590048777986006,0.06883417945316304,0.04486776504459893,0.08092284396845534
302,0.04870831349808362,0.771492679898733,0.031076234828401453,0.08935614558452218,0.05936662619025974
303,0.027758801229949788,0.021783674983221167,0.01806584498522045,0.032207296599618185,0.9001843822019904
304,0.02929570449150653,0.008496970137388048,0.0005479303797936252,0.016187320170396233,0.9454720748209156
305,0.007360990163217479,0.007333381417076902,0.0032055011046142104,0.009095171397878417,0.973004955917213
306,0.08352665613838527,0.00974790917012666,0.001589409234723904,0.013823512146053221,0.891312513310711
307,0.2563525148517569,0.0199299778746555,0.001846539119162841,0.012253717626162546,0.7096172505282623
308,0.40595721501710846,0.03828756621403556,0.0005716887057267593,0.015345218457047524,0.5398383116060818
309,0.30461243873426946,0.21547812759463952,0.00347449309670803,0.02119507726409072,0.45523986331029226
310,0.4684224226488783,0.22593845992290937,0.0019500571400550197,0.05068959633580838,0.252999463952349
311,0.6007255860330792,0.1600617647805313,0.0004872376965653178,0.1472024787848746,0.09152293270494957
312,0.23731550029960044,0.49526794321047496,0.0005381237195049867,0.20140597006494493,0.06547246270547458
313,0.1408579350401907,0.5893874533147409,0.0009817296958875873,0.2542950542249389,0.01447782772424194
314,0.19775752706439345,0.2699874911579951,0.0005808942423389047,0.5149546252659785,0.016719462269294036
315,0.0927312321567009,0.5817755769686022,0.0018504562506108508,0.3019277520230967,0.021714982600989367
316,0.17362067619826832,0.293394754223574,0.0009110427334405693,0.5207013744498173,0.011372152394899741
317,0.209890061918684,0.475553362501528,0.0012876760905591914,0.3012805350571421,0.011988364432086604
318,0.24289219320069236,0.4786890069060615,0.006251631782638418,0.24491361911046175,0.027253549000145906
319,0.25576568749610357,0.39886832758903146,0.0016355997249013386,0.3299995756645101,0.013730809525453502
320,0.3720470248657149,0.34490893865775824,0.0036517660253134964,0.25871491830116744,0.02067735215004612
321,0.30492822894557364,0.3482952550085401,0.0018251564477171811,0.3292820940828838,0.015669265515285226
322,0.15328106621800047,0.6752916310413436,0.0006617389082563267,0.16664398975970474,0.004121574072694945
323,0.14545468149204355,0.7057264012769274,0.0008926717586198632,0.14270754665823573,0.005218698814173376
324,0.1837742742266683,0.5909864966322353,0.0017931081279980105,0.2148386309889891,0.008607490024109314
325,0.25393883355235486,0.5428169730741036,0.0006709456608553232,0.1912761752494913,0.011297072463194963
326,0.2448149172986581,0.4810461972607182,0.0014535811968729528,0.2597534505205264,0.012931853723224182
327,0.09325553932080158,0.7540382552974267,0.0058771828039412746,0.13480580128612862,0.012023221291701846
328,0.1669996972757642,0.503794610876864,0.000818770551412027,0.31949283786213256,0.008894083433827301
329,0.1257178080495115,0.3411566330676919,0.005316321871105571,0.015685842638912782,0.5121233943727783
330,0.4253376609930158,0.5322473103688745,0.0006568865200170591,0.02756822448536259,0.014189917632730097
331,0.24925581081180434,0.6987719670819977,0.003263870561281314,0.013549492605533751,0.035158858939382774
332,0.3913563590963529,0.557315891493744,0.00043702350618617753,0.03234166151709435,0.01854906438662246
333,0.22072864123272123,0.6225366036459262,0.007938323725947443,0.10271435906397385,0.046082072331431335
334,0.3957652216507255,0.405572493625061,0.002981775352123269,0.16869192863660895,0.02698858073548131
335,0.22667855678905488,0.24012933783243648,0.0034625900725834473,0.49623474712541493,0.03349476818051013
336,0.09516911661069273,0.7555738012433026,0.006973029442520772,0.11847737311363786,0.023806679589846152
337,0.08833897974707865,0.6556102355745829,0.02541511435982059,0.12107510321076541,0.10956056710775244
338,0.02144692150985113,0.030441064415355462,0.00017584089519346674,0.016676665939057585,0.9312595072405424
339,0.07946763248003151,0.011702397448919738,0.0005491986390017071,0.005816609304720066,0.902464162127327
340,0.27210507004413254,0.07467971090209738,0.0004054729454724039,0.008025510225337602,0.6447842358829601
341,0.5767809316747968,0.05866649860481602,0.0005355054673639157,0.01057755608830855,0.3534395081647146
342,0.5727188857620372,0.07348823284127709,0.00018870257127846294,0.02547729736439969,0.3281268814610075
343,0.4597740264718763,0.25396434866245104,0.0004977643307840756,0.07309600578467405,0.21266785475021455
344,0.4636357796445127,0.17926218308187006,0.0007782439937842709,0.17218210424945704,0.18414168903037603
345,0.3110490446484781,0.43709523128373734,0.0005111388263997071,0.1584778731436695,0.09286671209771533
346,0.3153368705399716,0.355658987798912,0.0002401732587854599,0.2561846938691706,0.07257927453316029
347,0.24310142426105227,0.569859316708634,0.0006269009114667659,0.1441560869985933,0.04225627112025366
348,0.2392294005772313,0.43835685718175277,0.0011794138282979622,0.23185258405982842,0.08938174435288963
349,0.3058688635704684,0.30989217461092056,0.006972845372815636,0.23396041335314402,0.14330570309265125
350,0.1349385951603711,0.7393696419397128,0.006076436111649139,0.09072934839971959,0.02888597838854751
351,0.20676334706975755,0.34477250035075174,0.004508882524689129,0.13700661607901124,0.3069486539757903
352,0.03110310290693503,0.028567682293221364,0.0024917727131680842,0.013009134792538271,0.9248283072941373
353,0.7437292549072838,0.0896603016909421,0.0007553703285692735,0.01317401598707121,0.15268105708613344
354,0.734612263717747,0.17794209412514708,0.0008684257372958486,0.01074404994232978,0.07583316647748
355,0.33218142869298517,0.5632312218155571,0.007697506880838761,0.017277595820927735,0.07961224678969119
356,0.27656526687307836,0.5964744827506995,0.0009766689772900254,0.07272055232465162,0.05326302907428048
357,0.3267024899304892,0.5532779726129794,0.0018847639191241852,0.07886516212004252,0.039269611417364673
358,0.21051449436984565,0.7128470366660804,0.0016223522717077486,0.0591102319091464,0.01590588478321988
359,0.33249997412814364,0.5340403824069838,0.0023498521386315107,0.06774361550582828,0.06336617582041291
360,0.30299413859602353,0.5350039235656951,0.0006111157866944397,0.1503570262453543,0.011033795806232715
361,0.20724056763079485,0.728964809064185,0.00029799676198184033,0.05779152580814182,0.005705100734896373
362,0.15320202145466863,0.7615868593986318,0.0005617091450346945,0.0769191070346511,0.0077303029670137005
363,0.3035119644890318,0.6097369644681,0.0008095176468331342,0.07123394668855489,0.014707606707480218
364,0.3695572667586369,0.4840499900113873,0.000877090574016976,0.12841332991998658,0.017102322735972262
365,0.13076224109242326,0.7977119047067591,0.0063918246184040935,0.04934272614434799,0.01579130343806541
366,0.17085194194506964,0.6505029487877031,0.0009305666582855887,0.1692996665422302,0.008414876066711456
367,0.1358164636428421,0.7868756604972621,0.003106872597112644,0.05764725536327189,0.016553747899511216
368,0.12438195481842343,0.7911091539846059,0.004112288739940973,0.0726312305211815,0.007765371935848196
369,0.13859086954320052,0.7531735625368512,0.004777807691669249,0.08702189803663196,0.01643586219164706
370,0.1665282422294131,0.7807438247771173,0.0031763369200593318,0.038738577454370295,0.010813018619039877
371,0.08296889208519563,0.8106326274417647,0.00187028238835892,0.0993211908772792,0.005207007207401309
372,0.1257435485967299,0.8104255301209912,0.005117509784707738,0.05015561382737978,0.00855779767019152
373,0.12377681756732856,0.8364763918949953,0.003529731629090045,0.02992872535505723,0.0062883335535287126
374,0.13654516534586922,0.7936311263768401,0.0035490827715399416,0.05976098054280369,0.006513644962947107
375,0.11251073761147035,0.8360843352348346,0.00253510083735003,0.04444966675241439,0.004420159563930494
376,0.20994738913787364,0.6530466902648274,0.005611404004112984,0.12226522243576658,0.0091292941574194
377,0.12445431237523136,0.7667602685857073,0.006349267994501316,0.09547339085951152,0.006962760185048644
378,0.11822324543723832,0.7616986607010462,0.0043575865088456575,0.10965053543857456,0.006069971914295097
379,0.15710711075711464,0.5758910849234181,0.0021306639203864117,0.25322355390905726,0.011647586490023513
380,0.21068182099270838,0.47219540027971907,0.001958266607579001,0.3042622311254649,0.010902280994528469
381,0.08815186191026211,0.6501462928036106,0.0036763420983247077,0.25342559930628206,0.004599903881520589
