epoch,N1,N2,N3,R,W
0,0.008581514186926056,0.0002943269575048147,2.8517445952658517e-06,5.697505102298315e-05,0.9910643320599509
1,0.008576699748243603,0.00019285744440566746,1.8709415416248081e-06,5.001979595541044e-05,0.9911785520698536
2,0.0507201119910576,0.0005344755528325634,3.749396381718787e-06,0.00015863028342726163,0.9485830327763007
3,0.001354230167619594,0.00018376834344812406,8.81720110176859e-06,2.023204033650777e-05,0.9984329522474941
4,0.010543551031672314,0.0004485738224699717,1.2426988702738093e-05,8.577388084098589e-05,0.988909674276314
5,0.006007997704666281,0.00013252544651877888,9.647420801713384e-06,7.057679148353608e-05,0.9937792526365297
6,0.003492425201866097,0.00025201160688042586,2.1325388587570873e-05,7.662840611488647e-05,0.9961576093965511
7,0.005895707363725681,0.00020884444469123893,1.1563632299696092e-06,6.838840530987131e-05,0.9938259034230432
8,0.0003273155140822031,1.1869094125458805e-05,5.492445886313122e-06,8.263885993333428e-06,0.9996470590599128
9,0.0014473422968339718,6.398756160430812e-05,4.408231485283847e-06,2.8315544366760076e-05,0.9984559463657096
10,0.03518974004492972,0.00023993118310736898,2.672572617407358e-06,0.00018526071597685931,0.9643823954833687
11,0.03975633270087714,0.0003906646259387651,4.561220789395785e-06,0.00015985138812822576,0.9596885900642664
12,0.0013315285695202066,0.0015297018724837494,0.000126369538630344,0.0001501470982090994,0.9968622529211567
13,0.004047547544846747,0.0003084210779319814,5.360094542239502e-06,0.000715587160699209,0.9949230841219798
14,0.0019661309315378173,0.00032082440151866797,3.0868388342330152e-06,0.00039662264616262196,0.9973133351819466
15,0.20116166445460937,0.00797159509415005,2.7896190488092217e-05,0.002619385253956654,0.7882194590067958
16,0.6117968596268584,0.02952040573461125,3.157539461888067e-05,0.002245394108543474,0.3564057651353681
17,0.26214656631324623,0.019049736675990175,3.950375664923641e-05,0.003802728611127786,0.7149614646429866
18,0.4891940858631014,0.03497706213002369,5.62245924297046e-05,0.006017442740840782,0.4697551846736044
19,0.11079802360934107,0.017567328251802895,8.211057645991578e-05,0.0016439984541640814,0.869908539108232
20,0.7028951327623318,0.073811323204877,8.563740513824115e-05,0.0056398435465656324,0.21756806308108734
21,0.21001057388778382,0.7049408539171342,0.0024078888938207257,0.005368470907310488,0.07727221239395078
22,0.2828793170514716,0.6227761698011529,0.010269178216817998,0.00875053550521702,0.07532479942534041
23,0.04686886331625289,0.8726182175349942,0.07212127116321704,0.0007982230113296165,0.0075934249742062275
24,0.06005152527494107,0.90754442378764,0.01674881883657247,0.0025637928842080085,0.013091439216638303
25,0.031147038011100234,0.9314116572413461,0.028305376673294684,0.0009102238984330283,0.008225704175826036
26,0.02822279265384026,0.9442715279313976,0.018851891798670188,0.001608704953665303,0.007045082662426675
27,0.038458004754943,0.9446855197506364,0.008326465242862565,0.001070007224259186,0.007460003027299001
28,0.0181686861540082,0.938763038135164,0.03689450845379262,0.0004027785397370053,0.0057709887172983166
29,0.011990245048245918,0.8370091994751362,0.14526473924992428,0.0005470732697221946,0.0051887429569715555
30,0.010301958543267842,0.8671215040861303,0.11748154363749015,0.000686627252859339,0.004408366480252212
31,0.013145347513242284,0.8870792480357224,0.09096984162422043,0.001083713038648902,0.00772184978816602
32,0.007358083406240487,0.8025407960461995,0.18350042218960735,0.0004918429756412303,0.006108855382311391
33,0.012266927445024087,0.8059699948996841,0.17571992987953092,0.000913655936682675,0.005129491839077998
34,0.020339691335878388,0.711364655227788,0.25169881791018506,0.0022465874916536553,0.014350248034494799
35,0.006184992203999871,0.6269847597438191,0.356546222923461,0.0006067242294130262,0.009677300899306794
36,0.03717593719348481,0.9018379507303289,0.04337195314495599,0.0006452516728517627,0.0169689072583787
37,0.013741185811461987,0.7981641288113095,0.18312844292520453,0.0005091085273109313,0.00445713392471313
38,0.025381400613553783,0.8823472282152736,0.08056202679800445,0.0006186932763444107,0.011090651096823844
39,0.023358355968653613,0.784515829985655,0.1822313883449766,0.00022459633912056437,0.009669829361594332
40,0.046003933096854605,0.7879099148756998,0.12311355198553271,0.0009418500740540178,0.04203074996785876
41,0.002879335904798978,0.516688748703718,0.4726436253156335,0.00026371784766007246,0.007524572228189589
42,0.010135158904643065,0.744164969516203,0.2014618057929793,0.0008345724311563441,0.04340349335501836
43,0.0666599141034616,0.3028390293346591,0.011264078987630422,0.0015376161316652934,0.6176993614425836
44,0.045201266519433986,0.7131424369512471,0.03385261842950066,0.0024082940797408715,0.20539538402007715
45,0.00708013511980398,0.5321823948189786,0.36002032714714993,0.00046233569669615137,0.10025480721737129
46,0.0016206417900892708,0.003571760472007689,0.0011576806949735907,6.263440965366135e-05,0.9935872826332759
47,0.017307030360880337,0.006999274199331918,0.00022189180547670594,0.000480153621964221,0.9749916500123468
48,0.05239964241131989,0.00504653702020532,0.00012095479632514862,0.0008528420602320154,0.9415800237119177
49,0.3623644496238342,0.014815781339412276,0.00019707579365343367,0.0008658041206050897,0.6217568891224949
50,0.032738124992672334,0.016985698003146334,0.00012625284130088032,0.00037119148606586783,0.9497787326768146
51,0.2720920305609056,0.03629210825127188,0.00021083220778669352,0.0020429550326391856,0.6893620739473967
52,0.12153798569018312,0.12102717609150246,0.0010685790635224814,0.00160676291503431,0.7547594962397577
53,0.43800952890086814,0.2592375173995103,0.004998601129194263,0.0003256342434990642,0.29742871832692835
54,0.15854560403433654,0.8144969212984645,0.012189105992219654,0.0007031482862621716,0.014065220388716862
55,0.15015262811334595,0.7515389048854619,0.08320374745557275,0.0011520791595191506,0.01395264038610014
56,0.01542828190758127,0.7161781510557441,0.25958918840455275,0.0005313946056569814,0.008272984026464881
57,0.010223600718400007,0.8255404553242127,0.15615771971745576,0.0004321360337622882,0.007646088206169243
58,0.005578246656406026,0.5345279697510346,0.4567168095025176,0.00018819970813319044,0.002988774381908576
59,0.003911826495636572,0.7857173063241203,0.20597268909095934,0.00017808463204435743,0.0042200934572393795
60,0.009850848846832929,0.6640204618524999,0.32073690122010723,0.000308504764693272,0.005083283315866843
61,0.005678498544964923,0.790404506628778,0.20061130961385704,0.00015837012016838855,0.0031473150922316805
62,0.0027346066663248517,0.5653739479154649,0.4293433725908682,6.141198216702861e-05,0.002486660845175059
63,0.0032502963034844383,0.644721118095043,0.35008734814593945,8.604237035174626e-05,0.0018551950851813522
64,0.002943257181046327,0.23923548436655664,0.7555661035655212,8.072082354418729e-05,0.0021744340633315703
65,0.0011870455305068553,0.2176179789813316,0.7799982241191554,6.764184688226864e-05,0.001129109522123796
66,0.0016771339105996087,0.44739904534686414,0.5481245520007506,0.0001473563401864058,0.002651912401599376
67,0.0023774937015705743,0.5846741859134468,0.41023341637279964,0.00012743051171757236,0.00258747350046547
68,0.0006511628726128753,0.22270521687127462,0.775005726120659,5.758141785535434e-05,0.0015803127175982232
69,0.002221086180669842,0.2333704341183745,0.7608454698187679,0.00014006667847474226,0.003422943203713168
70,0.0026378885562854245,0.3639015369049176,0.6287258473661629,0.0002708584116482198,0.004463868760985743
71,0.005827153203468315,0.25846132530729876,0.7276142349735901,0.00024809688093130946,0.00784918963471152
72,0.006132274730011391,0.16985045786409894,0.8198250123525829,0.0002173194987674751,0.003974935554539354
73,0.07398615221211421,0.09365542460616272,0.004383433113886633,0.00099690243927154,0.8269780876285648
74,0.09368710456738749,0.6997788077648393,0.10568052498105351,0.0031238275454712446,0.09772973514124865
75,0.10511956720621289,0.80967153758377,0.06952382891127583,0.0007682432654817356,0.014916823033259656
76,0.04635088960631349,0.7418817299447424,0.20717776803516608,0.00025385959917665165,0.004335752814601316
77,0.013733900271420192,0.5778354028818675,0.40251857927832213,0.0002880390961220792,0.005624078472268074
78,0.019780173170043585,0.6026413778157309,0.37277757924402266,0.0004194274781978349,0.004381442292005073
79,0.004078956397339199,0.5395530772946691,0.453415778775108,0.00021592682569981423,0.0027362607071839476
80,0.003517831176096373,0.36051003050584335,0.6339599400066668,0.00012917767005654225,0.001883020641336861
81,0.0024762023749607715,0.34369035228297434,0.6514941355195636,9.880017020434753e-05,0.0022405096522968627
82,0.0013174453369312177,0.2034758684543059,0.7937971559349739,5.180762605543578e-05,0.0013577226477332611
83,0.0010733742509526592,0.23748578917368046,0.7599343735462318,7.090114968223917e-05,0.0014355618794528193
84,0.0017846253533775618,0.3305404701598973,0.6636468501248839,0.00011018940789145535,0.0039178649539496685
85,0.0023922164305542424,0.27554151995041287,0.7192305643171906,7.842386061833775e-05,0.002757275441223952
86,0.00047865394350596417,0.10956191439963979,0.888641845242042,2.592390541141983e-05,0.0012916625094008742
87,0.0011377199390894385,0.21384900554857633,0.7826093133197862,8.675551683527696e-05,0.0023172056757128547
88,0.0006882207308626843,0.13657013135386983,0.8615462897124471,5.959974348121329e-05,0.0011357584593391134
89,0.0003243876662857065,0.053782610294627886,0.9451776058110319,2.479277254598967e-05,0.0006906034555083693
90,0.0005959474509396607,0.07294325653602513,0.9252372452418361,6.110857186474462e-05,0.0011624421993343891
91,0.00018324333603696,0.03818525073196506,0.9610111614490878,7.251521389751311e-05,0.0005478292690124344
92,0.000280010306730947,0.06584035042901487,0.9325625474788213,9.001495587230245e-05,0.0012270768295606924
93,0.015150307872434597,0.07512753324817066,0.049046275043705206,0.0032752150173030285,0.8574006688183865
94,0.13006689233732485,0.27030426921654027,0.017065856416768894,0.007306426908228448,0.5752565551211375
95,0.5253786721300818,0.19523849392543974,0.007498082184265776,0.010588556247983504,0.2612961955122293
96,0.6242567682154664,0.25331306030684736,0.010230568774958537,0.002456935134778786,0.10974266756794898
97,0.43034612323175103,0.4270939932630732,0.013554223411193458,0.0015677480457843651,0.12743791204819788
98,0.5478991264991703,0.3389215503528646,0.02538384932113849,0.0033383686745094734,0.08445710515231722
99,0.19006421654346906,0.7567534641284885,0.023982640006143984,0.0060118802976380364,0.023187799024260405
100,0.18096213580318612,0.735155847105799,0.0444102594492821,0.007992382868179009,0.031479374773553975
101,0.013704745847898549,0.9141101700380255,0.06784016203626986,0.0015261909989511763,0.00281873107885465
102,0.022090281702718484,0.8213872430060943,0.13971011886077747,0.0018421305659684,0.014970225864441288
103,0.10680742423799014,0.8331982080367819,0.026015572445325246,0.012072630223350912,0.021906165056551633
104,0.043092334870286735,0.8932208536822872,0.05168665646296938,0.003100273423883852,0.008899881560572654
105,0.014886513477550684,0.8404693802006735,0.14105432133971463,0.0012876891166772508,0.0023020958653841607
106,0.037624413641129444,0.8433743484915264,0.1120852217162598,0.0021602875829974497,0.004755728568087089
107,0.005756412925565936,0.8232913787496513,0.16826944731543622,0.0007778891755409823,0.0019048718338054021
108,0.008865910685155753,0.6395359864873355,0.34530380171329056,0.0010727655586082253,0.005221535555609957
109,0.007348634427581832,0.7397958260718446,0.24942357455464786,0.0006189185060220715,0.0028130464399038937
110,0.004589584321020666,0.5124361395501016,0.4790571797076656,0.00021966223649034063,0.003697434184721886
111,0.005513194190042543,0.45927209881794895,0.5315462617123089,0.0003456218748238245,0.0033228234048757158
112,0.004457678720360851,0.7481676841259223,0.24457516765121798,0.00039834468329947925,0.0024011248191995564
113,0.0013237017255600912,0.30328811702456354,0.6937959364719225,0.00014149867362091238,0.0014507461043329881
114,0.0015155963915672768,0.18840130274112257,0.8084366838617711,0.00010463536362078035,0.0015417816419182597
115,0.0012937797841736634,0.14735853950999825,0.8491337283416048,9.240767656227949e-05,0.0021215446876610626
116,0.009905099580207476,0.20705105237053104,0.7778936795050243,0.00037463303781217513,0.004775535506425262
117,0.0006585457325693118,0.06179942264806337,0.9359405631578567,5.936347578660716e-05,0.0015421049857239925
118,0.0027722493346064416,0.15434896326864248,0.8388361466041582,0.00016475828350598237,0.003877882509086943
119,0.002463457047948755,0.15445781026585256,0.8408669084351713,8.365738770310626e-05,0.002128166863324273
120,0.007008758682948934,0.07670156625961773,0.910000816606729,9.836445297238703e-05,0.006190493997732051
121,0.004504855445976426,0.08963109581323105,0.9038604591157472,5.156379005667639e-05,0.0019520258349885963
122,0.0011145460981145158,0.03519838935204586,0.9601902040033692,5.7598015258374994e-05,0.0034392625312121556
123,0.003099524522218983,0.07649614084062079,0.9162839955047026,8.806073152064569e-05,0.004032278400937081
124,0.0020095916488323054,0.0561298858847195,0.9370502901558929,7.221652206873819e-05,0.004738015788486389
125,0.0027323849399463313,0.0687380901503726,0.9224126306171484,0.00010484092523255301,0.006012053367299876
126,0.011290914982565953,0.22158956621236997,0.7334125400383907,0.00029149737061971167,0.03341548139605382
127,0.004311322468242031,0.07438651040341117,0.9129918199851291,8.77798882327483e-05,0.008222567254984945
128,0.00820231540139076,0.14804661270491173,0.8275835124393387,0.00027432196415595885,0.015893237490202963
129,0.006380696276375798,0.08816522313607525,0.8921285878183853,0.0003126101370775509,0.013012882632085956
130,0.010592890536385714,0.2043142262959683,0.7703525060769791,0.0009788274124883695,0.013761549678178506
131,0.04219399640937133,0.4701432583234768,0.42953928984808903,0.004197431950582888,0.05392602346847987
132,0.013591396750290986,0.26785788838353064,0.5969341718760963,0.004088303087899069,0.11752823990218284
133,0.04580522073374055,0.17332754929581098,0.01540298472632909,0.029187115994621322,0.7362771292494981
134,0.017185019767466014,0.021265244432565188,0.000489936163420801,0.005164756647291921,0.955895042989256
135,0.0269533895836912,0.012683741286441024,0.0005412601296454709,0.009864973914885652,0.9499566350853368
136,0.2099573412864053,0.05645709768099303,0.0014457588086782616,0.03161268352952267,0.7005271186944008
137,0.004946978675539277,0.0016297021003851633,0.00022548646641270655,0.0011552573264139538,0.9920425754312489
138,0.061681646726366286,0.009193639192910706,0.0002585981012880271,0.008654402373311151,0.9202117136061237
139,0.12631101834798758,0.02205343639669098,0.000576486469415342,0.023626939775649277,0.8274321190102569
140,0.13099177580644794,0.03817191858723419,0.0004778237237543471,0.026815856594065705,0.8035426252884977
141,0.011052631953359773,0.004663959272078712,0.00015407904813017102,0.0013809716172094532,0.9827483581092218
142,0.017989509395926265,0.0037551639306334706,0.00013390809890222643,0.0013982867242971846,0.976723131850241
143,0.004551328204027993,0.0006390661837946993,0.000550022298499741,0.00010653855910928346,0.9941530447545682
144,0.09780068475125907,0.00798664188789802,0.00014683720904632176,0.0010186056662162073,0.8930472304855804
145,0.3814251634097024,0.26936380682332933,0.011574777783169817,0.012459295295547875,0.32517695668825064
146,0.4753013857694471,0.4082710459402248,0.019483627687885648,0.004610268968057943,0.0923336716343847
147,0.16161312969551925,0.7732200230238566,0.03971074330739751,0.005118966360736158,0.02033713761249033
148,0.018475282332614373,0.8435929217988037,0.13240630531999928,0.001716114256821567,0.003809376291760854
149,0.025941326999804795,0.4522063389612636,0.498649350256465,0.002480718520758613,0.02072226526170804
150,0.033616422432149864,0.9155501689865909,0.03840885742125822,0.0075979800866716775,0.004826571073329174
151,0.006499201587280083,0.8868509831130232,0.09942590061316536,0.005306682639067441,0.0019172320474639853
152,0.030821180254746797,0.7099141457558698,0.24314370365444415,0.004718212484725029,0.011402757850214476
153,0.11502057366648911,0.821055391275052,0.0054978504849910815,0.01071636090470006,0.047709823668767755
154,0.1033920972572873,0.8195546724253201,0.018402530407424893,0.03144863214477868,0.027202067765189106
155,0.11610107603209598,0.4653349588433509,0.009225249589598755,0.04206003851585219,0.3672786770191022
156,0.24326872731612992,0.2891295120473912,0.0034750410599883974,0.3880143117183343,0.07611240785815614
157,0.1357604358139955,0.26485861330263205,0.003579511655215078,0.14877741242849643,0.4470240267996609
158,0.20187742480844598,0.18351521269519736,0.001388385466470694,0.5426491634288235,0.07056981360106249
159,0.25051917449784467,0.3060246900644572,0.0029987967996206225,0.3506948391788154,0.08976249945926212
160,0.1468445079525457,0.14514660113924932,0.0010937983488704143,0.6136848134122876,0.0932302791470469
161,0.08098268842639114,0.21963548672716207,0.002237400240378608,0.6278760741177846,0.06926835048828354
162,0.06242179032625631,0.08550588607968294,0.003981451823013294,0.5568737479836326,0.29121712378741466
163,0.08921919019335332,0.06082820749602563,0.0016665067561031674,0.8108842096400026,0.03740188591451525
164,0.05098355359053642,0.013314212079626242,0.00013193862459257675,0.8420496491257361,0.09352064657950852
165,0.06698792710096099,0.009641565872539061,7.596881790524761e-05,0.8858016897871254,0.0374928484214693
166,0.10455191934170223,0.026053913868175016,8.952592734555317e-05,0.8049815618215321,0.06432307904124492
167,0.1511342866253821,0.06801394323727522,0.000216225818321569,0.7540596752099205,0.026575869109100664
168,0.12562202704463843,0.06487926426365911,0.0002818575878395433,0.7728666187354554,0.03635023236840743
169,0.038971254664764685,0.039868166205703125,9.21459081578293e-05,0.905761704831799,0.015306728389575228
170,0.08966656541039793,0.030551947462366686,0.0002744127804839451,0.7741659790078951,0.1053410953388565
171,0.04779732525620549,0.06249567920013851,0.00017955687893402096,0.8690330514908403,0.0204943871738817
172,0.08009801827226434,0.057951395804975,0.00016007949455021893,0.8362171012920552,0.025573405136155206
173,0.09507466950855221,0.07884912682579127,0.0001945385892698449,0.7852071928087386,0.04067447226764809
174,0.08821092697950196,0.09603205854970008,0.0003426466399507885,0.789346416768404,0.026067951062443164
175,0.043474935220427474,0.040668688526316346,0.0002144537801555637,0.8964124570099256,0.019229465463175048
176,0.05761299472547288,0.03148650911141672,0.00011161437664569641,0.8822319312177161,0.028556950568748567
177,0.061061147717041186,0.03088220487182043,0.0001763339211776813,0.8823180524743499,0.025562261015610786
178,0.03844389452129084,0.02907922612901139,8.780996480849053e-05,0.9228924684108688,0.00949660097402044
179,0.07753641166819163,0.052400522055206025,0.0002399656801977629,0.8458721615352964,0.02395093906110832
180,0.025979255827972343,0.022954165378378258,6.853456631258984e-05,0.9446895178522399,0.006308526375096807
181,0.027470956902518377,0.04244075957737304,8.98499725918772e-05,0.9190774315842248,0.010921001963291897
182,0.0797098877411133,0.048335509259516546,6.651293917561596e-05,0.841931959267137,0.029956130793057558
183,0.07598825533718365,0.018492119836891,5.183632139350766e-05,0.884272200190854,0.021195588313677967
184,0.14914914777539034,0.14897061065949754,0.0004201474087129166,0.631366912539459,0.07009318161694014
185,0.19859989448213144,0.06313428789120884,7.53673120617924e-05,0.5613335810980482,0.17685686921654978
186,0.30361991088320567,0.14490864828271774,0.00018720520598033557,0.5271280001161004,0.024156235511995857
187,0.2447558087987507,0.40986656529995297,0.0007560643325704258,0.32694604631316776,0.017675515255558247
188,0.11878075776071557,0.5325238025421684,0.0014098075251936933,0.31010750768958023,0.03717812448234228
189,0.09994009275786919,0.08040726762888065,0.00016074303554889226,0.7234684730053236,0.09602342357237764
190,0.21306007783813705,0.13461052817698388,0.00038443950169655635,0.5392384111729898,0.11270654331019277
191,0.3426799564620573,0.1923573659150902,0.000990246784911429,0.2740270298954668,0.18994540094247436
192,0.12288621115455771,0.5384747944073751,0.0015876104826476212,0.1569876027759005,0.18006378117951907
193,0.005916950479245818,0.008182687325425764,0.0010104193626826183,0.0008281597203962787,0.9840617831122496
194,0.002801789251881601,0.001963640816308602,9.004386354300225e-05,0.0006924291917922615,0.9944520968764745
195,0.39920351793478553,0.06428154787080456,0.0003209225613019991,0.06631893586408447,0.46987507576902343
196,0.6446151273111659,0.055268820739790406,0.0007243859208339536,0.03152762250671391,0.2678640435214959
197,0.312986033908284,0.4905497804510987,0.005282894947657417,0.06322480725530599,0.12795648343765384
198,0.1801807931568842,0.4325718270317259,0.0018571535152277243,0.21329050481502795,0.17209972148113417
199,0.07145829530864728,0.040265990281637194,0.00021754030355738364,0.4571292581455864,0.4309289159605718
200,0.1189136644723069,0.16738326877125492,0.0006849539577605334,0.6546529284732846,0.05836518432539318
201,0.27258542505713734,0.133634311790541,0.0003743688591049431,0.5616014906384708,0.03180440365474603
202,0.33250202664475226,0.13352102563326168,0.0001863510066282599,0.10790239298339424,0.4258882037319636
203,0.5936061479948722,0.2192609103433328,0.0004162109838021906,0.16461428473990908,0.02210244593808373
204,0.09270061998113414,0.8814861935221782,0.0005537940934749359,0.0201530538368765,0.005106338566336254
205,0.16574767418171854,0.8067431479033859,0.0008439646087582106,0.01912556642002474,0.007539646886112707
206,0.011549381737775321,0.9793338179832148,0.0035123289038535848,0.0038044285763196295,0.0018000427988364947
207,0.09979285571274113,0.8456450677663689,0.0018872340012524532,0.04535340113577495,0.007321441383862479
208,0.01610170413489916,0.9742385648018393,0.003553971541310315,0.0039027300121516014,0.0022030295097996097
209,0.008904017131441429,0.9830354794688165,0.004296211516313516,0.0023133179262649303,0.001450973957163521
210,0.012469327645725765,0.9763089227713267,0.005901169208207914,0.004369877623332573,0.0009507027514069349
211,0.05092011871763156,0.9302149023389084,0.0027496382619992326,0.005769649356158424,0.01034569132530259
212,0.031737992068378795,0.9582382362629306,0.004913443334803284,0.0022753397106762153,0.0028349886232108983
213,0.01749209955792777,0.974349975160793,0.004991108996925106,0.0021258176181598466,0.0010409986661941368
214,0.011382691972558479,0.9620746588731113,0.02431330672801803,0.001269342053370839,0.0009600003729413494
215,0.04676315534629138,0.9302830678640133,0.011853454707972123,0.006942047119217166,0.004158274962506238
216,0.0038498338099822414,0.8943435622376917,0.09759803825713358,0.002537639663739316,0.0016709260314532453
217,0.022660118621211523,0.9338788070241101,0.03194174436491674,0.009581165026326766,0.0019381649634348797
218,0.007387702922786978,0.8974764509887274,0.09078052668659031,0.00309079766767149,0.0012645217342238954
219,0.004463330637062289,0.9796162319938392,0.012977720963888634,0.002224601145674096,0.0007181152595358049
220,0.0047888745007650165,0.9272744816175295,0.0651765335183736,0.0012385714856170272,0.0015215388777151326
221,0.005153218432776479,0.9233949521116352,0.06693723766848957,0.0032045526284617694,0.0013100391586368817
222,0.008041722566848939,0.8803762989057595,0.1061263989713686,0.004241496398946528,0.0012140831570766257
223,0.002241048521152362,0.7721902906735912,0.2234837101488311,0.0014152902252746505,0.0006696604311504423
224,0.011540782343565842,0.7927651039005909,0.18813417200619115,0.004722681484658992,0.002837260264993212
225,0.008445483282849301,0.8717119248372276,0.11666530341753792,0.0017832229230530722,0.001394065539332009
226,0.0039120025675099205,0.8419653808867932,0.15143322691168756,0.0016615615795652669,0.00102782805444421
227,0.006062332138822671,0.833167839932209,0.15729416998363216,0.0025104016268296045,0.0009652563185064241
228,0.002138750788132169,0.7860461399404339,0.20978060235977192,0.0011967530131008332,0.0008377538985611542
229,0.00366613464324121,0.7838924191958426,0.21025600304501688,0.0014393398029211313,0.0007461033129778908
230,0.0034944190258565664,0.854217036099266,0.1399236658847049,0.0014424907107391722,0.0009223882794335195
231,0.0038605424267381433,0.9035823887159053,0.089757801478215,0.001931168822207912,0.000868098556933689
232,0.0033056018208159304,0.655087485087819,0.3397873760603495,0.0009771098083737463,0.0008424272226417341
233,0.00920564813319513,0.6813835483781737,0.30640840514291284,0.0013231536743197145,0.0016792446713984484
234,0.007920536767355222,0.6337393603322655,0.3554446611260498,0.0009970688460746177,0.0018983729282547714
235,0.003942360764937649,0.678063441635667,0.31653527284749794,0.0005458742575048492,0.0009130504943924248
236,0.004415219910906598,0.3413683144379423,0.6520263182209362,0.0006609085145635915,0.0015292389156514753
237,0.002556255973501316,0.2805748321994751,0.7155054150019586,0.00025790959228546765,0.001105587232779522
238,0.0008766524712416976,0.280820563912107,0.71760154020059,0.000120482264387679,0.0005807611516735639
239,0.0012079224214997938,0.38019008339688515,0.6172983748096531,0.00029218026964441835,0.0010114391023174968
240,0.003541264520012042,0.502099382681927,0.49242365996025667,0.0003975913792234006,0.001538101458580823
241,0.0011728981056299658,0.25324261843893214,0.7446404518381097,0.00011311446939767289,0.0008309171479305704
242,0.0013030889205374204,0.1839346042746564,0.8138774453752448,0.00012902852172056229,0.0007558329078409131
243,0.0017858690014677823,0.32875353254051115,0.6682534965428237,0.00016490152458425056,0.0010422003906132003
244,0.0025597204290963116,0.3336808252474482,0.6625712305350621,0.0001647364358292583,0.001023487352564157
245,0.0017973258331251988,0.22212619903981695,0.7749018854780118,0.00011311400893306826,0.0010614756401129668
246,0.002352314228093907,0.4480085492720589,0.5476324591073916,0.0004608815372047141,0.0015457958552508892
247,0.0014936217860707303,0.3788894067930818,0.6181048029778307,0.0001982283482046873,0.0013139400948121503
248,0.0028263649921326777,0.24799938189825924,0.7445843634365266,0.0004551858633467721,0.004134703809734709
249,0.0028888653584392627,0.24284689341462867,0.7503795759973637,0.00041469298500518276,0.0034699722445630837
250,0.0019092032245967318,0.10294764257880464,0.8907059126455527,0.00043583983970584797,0.0040014017113401195
251,0.004321558219016591,0.512926059368601,0.478895289263472,0.0007181191843528161,0.0031389739645574215
252,0.0012663375732990172,0.16452125607658552,0.8290948453690272,0.00024935957560384166,0.0048682014054843145
253,0.34947440528592105,0.3585736978210961,0.28082216838479745,0.0014559691159353567,0.009673759392250052
254,0.5891304525951679,0.2973181425331602,0.05560577690503653,0.0044598903667215735,0.053485737599913576
255,0.138831667777594,0.7560306191238088,0.0866968556972686,0.0034900691920956143,0.014950788209233023
256,0.035879429084815714,0.7731008769677588,0.18719517526455903,0.000778293834382615,0.003046224848483956
257,0.01722868674454214,0.49741961690523107,0.4820864060826631,0.0003718728643451551,0.0028934174032184093
258,0.003582612695792578,0.5619249409346867,0.43292098613846836,0.00039439022873974036,0.0011770700023125682
259,0.005083784808306146,0.5236124571785133,0.4675244155006357,0.0009017717954706978,0.0028775707170739496
260,0.0021088113414806367,0.7123781316787271,0.2842216779142351,0.00033884757374798286,0.0009525314918094015
261,0.0013263411004161782,0.2473252348332623,0.7499640400030894,0.00028211334156957976,0.0011022707216625626
262,0.0020108068076809056,0.19858914239531394,0.7986509428967826,0.00010536878591017342,0.0006437391143122337
263,0.004249872720611368,0.30926254464866487,0.684339979204873,0.0003753926397026073,0.0017722107861482105
264,0.0019382116553856522,0.30132453073762566,0.6954689216602162,0.00022741154482726298,0.0010409244019451399
265,0.0013995083087018146,0.3223694604551946,0.6752078851714932,0.00019827745608271978,0.0008248686085275855
266,0.0011566352938600635,0.21854596824324518,0.7796206932621784,0.00014119915446629113,0.0005355040462500468
267,0.0007807210506348375,0.22917982502675224,0.7691867854321197,0.00012893144374982548,0.0007237370467433279
268,0.0007684230707100268,0.4249950825045032,0.5729402456371904,0.0002908228760443986,0.0010054259115520898
269,0.0005454797937486749,0.14831547393091127,0.8503127535136542,0.00010536154843443309,0.000720931213251436
270,0.0009096945991826564,0.30282733926254807,0.695243946876791,0.00014886709154466137,0.0008701521699336063
271,0.0007844643307392199,0.074106715908798,0.9243720326611898,0.00011499434977196952,0.0006217927495010551
272,0.0001928346951980148,0.08930307839956499,0.9099664392207939,5.549499402081898e-05,0.00048215269042236816
273,0.00040890489873688426,0.2294136430170215,0.7691531670225172,0.00014524162822992633,0.0008790434334944677
274,0.000914321078993872,0.1940098368690999,0.8029048121002862,0.0002105342583489986,0.0019604956932711224
275,0.002419318041534882,0.05443825818549966,0.940921356749844,0.00017325833618997606,0.0020478086869315055
276,0.0009271047851997589,0.1151956138689605,0.8822784253872198,0.00010329984413853899,0.0014955561144813655
277,0.000786327969519266,0.12746187890668953,0.869689319344145,0.00011539717809072528,0.0019470766015555051
278,0.0014107822148382457,0.13391258221056426,0.8612664578374727,0.00034316500592093604,0.003067012731203948
279,0.0017076861800468226,0.30595177323317624,0.690164931312936,0.00033974629140793135,0.0018358629824330194
280,0.002125561763667249,0.17592753715858409,0.8190521001352139,0.00042726468840992114,0.0024675362541248386
281,0.007118909701285062,0.11222122999207872,0.8696626049686785,0.0022872006755831832,0.008710054662374492
282,0.003248189139517175,0.22188026280644066,0.7698597268779603,0.0011033463230713488,0.003908474853010565
283,0.20356718706959143,0.21317567701140738,0.09763527111713265,0.007665413551080382,0.4779564512507883
284,0.5483762759720826,0.15148990464320644,0.00527181968875748,0.042898112503822514,0.2519638871921311
285,0.31031905927549197,0.5733622852509439,0.017851378495323405,0.04238506413560949,0.056082212842631325
286,0.18188471104195045,0.7382369030046443,0.011114883676492859,0.035312061428127824,0.03345144084878459
287,0.15546156689267587,0.7524300821379992,0.013127113629556514,0.056870223149038474,0.02211101419072987
288,0.05695699158348117,0.07544273759240998,0.0011049270087532443,0.009370834683038967,0.8571245091323166
289,0.6560928859505119,0.21548349724938565,0.0015984234651904208,0.038414763546661033,0.0884104297882511
290,0.5911308437525044,0.31943709830123107,0.001865954586621874,0.06080390956582825,0.02676219379381443
291,0.3094940182944716,0.6233774256362555,0.0037128300892781273,0.05241622307177539,0.010999502908219331
292,0.1127785213033182,0.7860262326560463,0.001580884142984534,0.08258011090974848,0.01703425098790246
293,0.16992322136984375,0.42704539678882586,0.0013021425455089339,0.39334454835121785,0.008384690944603574
294,0.08135114233085383,0.8386595986806731,0.001186227047954307,0.07398433067647814,0.004818701264040707
295,0.5239763523079439,0.30892798079513634,0.00052141225623186,0.0875674737207127,0.07900678091997511
296,0.016479229578905404,0.9745211032565062,0.0032431019813258604,0.003260429462951653,0.002496135720310847
297,0.034744582873796004,0.9260761019629853,0.0043480128541516965,0.009804052044030766,0.025027250265036327
298,0.007902239487973755,0.9851830298509685,0.0021252924250682766,0.0028995787183792874,0.0018898595176104263
299,0.10202689347746305,0.792253789169699,0.00194159198019858,0.017408024562742402,0.0863697008098971
300,0.22915522047921066,0.6126949449705242,0.002984247032035417,0.09715275822988456,0.05801282928834486
301,0.18550478181159255,0.6431227255116577,0.0009301253545426887,0.07586883565914841,0.09457353166305854
302,0.010474516914922145,0.008378299639568923,0.0077824653206598655,0.0007120406708861967,0.9726526774539628
303,0.10267551597644928,0.020958357741920012,0.0012670529847692445,0.0023037554457064637,0.872795317851155
304,0.8176351458359558,0.052141734656691294,0.0005543579847753291,0.0066228422426170466,0.12304591927996054
305,0.6694911769854384,0.28473066421334753,0.0025557424082295987,0.0032853949478396584,0.039937021445144855
306,0.0572592959673172,0.9311965198904766,0.005313616009948638,0.0015078071467057778,0.004722760985551736
307,0.004393173104065316,0.9719295873930531,0.02179228676355182,0.0011291354584760508,0.0007558172808536999
308,0.05485715176305482,0.9283283655592836,0.007799962056400698,0.003704286868750304,0.005310233752510631
309,0.016838201355441264,0.9779682113578426,0.0021002817109388628,0.0018199074018156894,0.0012733981739614434
310,0.011784650506003774,0.9733354078118549,0.010421534192813286,0.0035250898961290598,0.0009333175931991179
311,0.009996997425939742,0.9808008433962806,0.006036298360192211,0.0023691623037961724,0.0007966985137913504
312,0.01165007043680782,0.974093026337593,0.00844377793587974,0.004185940158455146,0.0016271851312643641
313,0.08171184093930249,0.7757469434056671,0.014320292584911598,0.10398728895114308,0.024233634118975656
314,0.09997147646418712,0.6902613180882791,0.004730752339178895,0.1723477664881431,0.032688686620211994
315,0.07826575867288323,0.6211760938442878,0.005797301999533093,0.27331158390818794,0.021449261575107934
316,0.07049656977189185,0.09986022798295592,0.001122281193573566,0.8187474349072038,0.009773486144374849
317,0.05649537611860423,0.08993543233279305,0.00019094979581385987,0.8386908405092381,0.01468740124355076
318,0.04806772443234387,0.047028735513846294,0.00014952140613636876,0.8870753350816311,0.017678683566042498
319,0.029196513772408547,0.06476081906818783,0.00013774703899221464,0.9031906081611475,0.0027143119592638945
320,0.06763625330530273,0.03418409954150054,0.00012575432202709702,0.8892695188530769,0.00878437397809265
321,0.06633949684770038,0.027796810085207208,0.00016613746700434555,0.8945050599562454,0.01119249564384265
322,0.025387946300407235,0.009231717167688086,3.0792626869587576e-05,0.9537663925806389,0.011583151324396294
323,0.05351555603469481,0.012061843708084488,3.3971673056374025e-05,0.924404202294876,0.009984426289288468
324,0.04241870038042961,0.009158975696058894,2.3907254338192437e-05,0.9439961750399926,0.004402241629180751
325,0.08658397426975419,0.017298165324332503,4.351171726433157e-05,0.8872844085473369,0.008789940141312092
326,0.055027179393801764,0.024386591879970193,9.862906410512756e-05,0.9135045545769447,0.006983045085178077
327,0.03094726675564957,0.01594898952425762,8.201900501894332e-05,0.9447783546966892,0.0082433700183845
328,0.04276214024414863,0.05300003884055989,0.00014396812946051985,0.8921318770704845,0.01196197571534633
329,0.023956262715884153,0.020038958875154198,9.231727523335182e-05,0.9503570391939752,0.005555421939753212
330,0.03425947667000705,0.05493779694175314,0.0004055302078121557,0.8702439777154026,0.04015321846502514
331,0.05383442178262907,0.025378214678083447,0.00012150618331218227,0.908186670577911,0.012479186778064378
332,0.025753167812121693,0.025265854332818312,0.0002361524510205143,0.933888190772845,0.014856634631194438
333,0.044063419997467296,0.021333203398526273,0.0001940757993042065,0.9219870198691051,0.012422280935597161
334,0.04512338411386024,0.04404249298194541,0.0001282432738674336,0.8978345161547154,0.01287136347561155
335,0.06535796438509675,0.07687297037276594,0.0003228781200701091,0.8455783722663914,0.011867814855675752
336,0.01983324378062445,0.013275762393717468,8.749611163275139e-05,0.9638221874706376,0.0029813102433878707
337,0.024071651507472876,0.009654053988278202,4.612047260785064e-05,0.9613933099409249,0.004834864090716113
338,0.034000232855241015,0.030739061797087183,0.00017350278444907104,0.9279313141686627,0.007155888394559965
339,0.04563189107019972,0.032735051146109986,5.314330362279981e-05,0.9036039285690675,0.0179759859110001
340,0.0361821844996058,0.016948156121654543,8.802020648798346e-05,0.9418976836416771,0.004883955530574608
341,0.06625483948472011,0.026350344527987225,0.00011521165035758234,0.8959074457133968,0.011372158623538355
342,0.06063648156408179,0.01596618940988804,5.2450338195909375e-05,0.8899383352927444,0.033406543395089854
343,0.0456592017132691,0.022842441039152183,7.705360780514586e-05,0.9223763989099731,0.00904490472980055
344,0.03470374965313014,0.01659196529651338,5.3409842755613325e-05,0.9431226076217389,0.005528267585861985
345,0.036795930266604535,0.01684944532378208,9.802880275697141e-05,0.9382410321786672,0.008015563428189258
346,0.03499715287409394,0.04368842341468273,0.0001722429005390601,0.9144455724239553,0.006696608386728964
347,0.03455469794445494,0.02109510248858152,0.00011868978852793335,0.9358245400559357,0.008406969722499874
348,0.02320299683334316,0.013649233253156284,4.171687260475899e-05,0.9551735356539272,0.007932517386968726
349,0.02571913776802178,0.0107175987179915,2.936303152327406e-05,0.957338232946719,0.006195667535744391
350,0.023327039338285265,0.021206680019743813,7.109410974181299e-05,0.9519732754825132,0.003421911049715773
351,0.026334349859710365,0.02007549341736228,4.595574568160089e-05,0.9471622153909921,0.006381985586253712
352,0.014591001896614091,0.011234200875883041,3.619624678610658e-05,0.9709356238912547,0.003202977089462319
353,0.030920101373015735,0.027093556962312578,8.344580062525794e-05,0.9287268593883427,0.013176036475703765
354,0.037993768804667295,0.01436107496120243,4.2161308686054784e-05,0.9417107914444514,0.005892203480993116
355,0.04172112452841466,0.025280576270616556,7.536237086638583e-05,0.9283081290246012,0.004614807805501291
356,0.03314647095628082,0.016160913479379906,3.6610866779530506e-05,0.9480712008953487,0.002584803802210913
357,0.03272079352295129,0.051535308624021524,7.90033091157608e-05,0.9100397789500043,0.005625115593907265
358,0.027252655705564566,0.1405629773644644,0.00020595542238156464,0.8251205023255661,0.006857909182023366
359,0.03340210029314386,0.04768975943509485,8.051158955613831e-05,0.9125096612516942,0.0063179674305108595
360,0.0611124449167227,0.08586382130351738,0.00016223765969364669,0.8408625767690965,0.011998919350969936
361,0.04732707441532024,0.053924292489853975,8.945329681245196e-05,0.891057936042702,0.007601243755311359
362,0.0862245978661424,0.18210450754524357,0.0007846668806994225,0.7239588794832074,0.006927348224707376
363,0.10819711786208625,0.36659725084304934,0.0009805386425690917,0.5128770435347697,0.011348049117525601
364,0.09225501740575702,0.2295167566196812,0.00760606509502541,0.6494639660131138,0.021158194866422408
365,0.04687891504830016,0.2961446107398855,0.12534975088445033,0.33551947146781524,0.19610725185954886
366,0.04049879953190855,0.06257067975829864,0.03965340378841239,0.3212867028551404,0.53599041406624
367,0.10794053520084237,0.07884188628713225,0.0018084938113517132,0.3953478312535696,0.4160612534471041
368,0.1746226595214358,0.0874029141187766,0.0030746197687156044,0.654464739980128,0.08043506661094403
369,0.17913184058448592,0.0842540834237111,0.00417749977861502,0.6835479132738833,0.04888866293930451
370,0.051894713571898114,0.08215748182752163,0.0004881465968056701,0.8300535146250949,0.03540614337867958
371,0.1325574750852173,0.0778034101544838,0.004842331459569619,0.6080011737352096,0.17679560956551965
372,0.06195611042357365,0.08201925277268586,0.00998662353914945,0.3692898374744673,0.47674817579012363
373,0.19040857645371295,0.12141836183482474,0.0027003133267557563,0.6164788620419855,0.06899388634272086
374,0.07200917718524631,0.013833928696060436,0.00013080650926181406,0.878996355051961,0.035029732557470335
