epoch,N1,N2,N3,R,W
0,0.0006224081170640365,8.056931307107127e-05,1.1306640581731896e-09,3.715862746929656e-05,0.9992598628117315
1,0.001206688379479721,8.408244914598147e-05,7.189499206573393e-07,9.3977796111211e-05,0.9986145324253425
2,0.010647115408997801,6.957644600053719e-05,2.363447539780564e-06,0.0001353564398545208,0.9891455882576072
3,0.0033113981656187593,1.1481493217626294e-05,1.0231762489703074e-06,9.79931801764747e-05,0.9965781039847381
4,0.01015500148490856,4.6801885908299026e-05,7.204489319888919e-07,0.00015066267065976947,0.9896468135095914
5,0.009052247107660769,8.49168387874097e-05,9.86396934642653e-07,0.0004236944514943138,0.9904381552051229
6,0.02156570895006037,0.0001300510180232762,2.1847967646383354e-06,0.00045926580409983347,0.9778427894310519
7,0.0399222841156472,0.0009573634541152047,8.938872904209838e-06,0.0030165819378347486,0.9560948316194986
8,0.07892584584208578,0.012537800559079581,3.55122327763754e-05,0.032692949536006016,0.8758078918300523
9,0.046433820077116036,0.02028783571248839,5.411537451316595e-05,0.016626270079036415,0.916597958756846
10,0.12064716667313267,0.02742789067002556,6.624748384281822e-05,0.12452360720021394,0.7273350879727849
11,0.036975885165275404,0.12665398119591226,7.609766829221982e-05,0.0197839621126009,0.8165100738579192
12,0.07742880710534186,0.09023780078564529,0.00010986177673838175,0.015251674196751436,0.8169718561355229
13,0.09646651243936978,0.017058624535433328,3.799994643148189e-05,0.007371989718148813,0.8790648733606166
14,0.20404884478212398,0.05292961848233502,8.669434522095347e-05,0.009581175601006254,0.7333536667893138
15,0.29714693439421447,0.12991746411467037,0.00010361299314547689,0.007323820532785319,0.5655081679651844
16,0.5078874111079035,0.2837239910343806,0.0001538976044908586,0.0020980963978044337,0.2061366038554207
17,0.4753703113324958,0.44013963682383456,0.00021983538027886624,0.009608125881371589,0.07466209058201916
18,0.08676239042260687,0.8381483560463102,0.0003646479697473685,0.0012369674138626237,0.07348763814747306
19,0.08572455201529766,0.897254162450964,0.00037315302653643113,0.0024362965756685004,0.014211835931533363
20,0.020562942929186197,0.868932893436364,0.012577454445479124,0.00018008693600088022,0.09774662225296983
21,0.030770693857253135,0.9496841948828356,0.0011148019760178346,0.0006198514151685396,0.01781045786872479
22,0.09008843146542497,0.8673871859701813,0.002761476163256857,0.000776937744088163,0.038985968657048835
23,0.10344883899571289,0.8739829854642799,0.002840583774874394,0.0005303216402135335,0.01919727012491949
24,0.09999665799542015,0.8688033463116928,0.00484497033248397,0.00032231601583220275,0.026032709344571064
25,0.023785711867704677,0.9604876391304817,0.0006850100777081425,0.0002930442103381031,0.014748594713767512
26,0.05281295335403668,0.9077091064535195,0.010084353375258742,0.00038963866398321117,0.029003948153201942
27,0.01916373869242411,0.9174557453122646,0.006102323300577191,0.0003946346244052014,0.056883558070328855
28,0.04059097950909304,0.9222662276181284,0.0030882749193959246,0.00048513506071775665,0.033569382892664854
29,0.013325895866372539,0.9467808947924814,0.016232254594996873,0.00027264537504922645,0.02338830937109991
30,0.02722331641065174,0.9409098551631428,0.008926714906495816,0.0004512011107032693,0.022488912409006193
31,0.00621114915401154,0.9371165857639203,0.025108349523622467,0.00017019530265816073,0.03139372025578738
32,0.0054529433285680036,0.9144991037812356,0.031818112653964434,0.0002116051589806881,0.0480182350772513
33,0.0075099496435949925,0.9061816106734291,0.07084380973911686,0.00030022141765745776,0.015164408526201564
34,0.004771910953869117,0.9306776136514733,0.026510773188400012,0.00022455543329688533,0.03781514677296089
35,0.010061861888709741,0.9510793008977589,0.0135431415421013,0.0003662759658463128,0.02494941970558364
36,0.0064176104388112614,0.849436336525591,0.08772101330484028,0.00026503989363267953,0.0561599998371247
37,0.004244237947777629,0.9185584469457172,0.06597290358143046,0.00016578289580144917,0.011058628629273162
38,0.008960483262395942,0.9575761690982063,0.01596182481263426,0.00023747119197990897,0.01726405163478367
39,0.015051436164152296,0.9643593490860637,0.008995713530892754,0.0003982570734074146,0.011195244145484017
40,0.003540952007177617,0.9540276081078252,0.03244109414252595,0.00016185804563060896,0.009828487696840388
41,0.002385554774246083,0.8661160751323015,0.11825351273431484,0.00015174913274278515,0.013093108226394737
42,0.005391120099099883,0.962185012305269,0.02134969903345721,0.00019008096156925992,0.01088408760060476
43,0.0013190666944691333,0.9022770991048007,0.08529945758419574,9.228989588454457e-05,0.011012086720650016
44,0.001970681342332302,0.9020962658484781,0.0848209615818824,0.00012910181490825032,0.010982989412398655
45,0.0011755970536934442,0.8646394880294616,0.1281695572054333,6.106309968807674e-05,0.005954294611723614
46,0.0008589309286736313,0.7744595804262998,0.21293722603479293,7.498214399723252e-05,0.011669280466236455
47,0.0007884819856931009,0.5748512253685012,0.41389259003591833,4.030417301673737e-05,0.010427398436870645
48,0.004261654391685858,0.8748451636483968,0.09204927194990888,0.00023014095955783457,0.028613769050450672
49,0.0007242077067736956,0.7475959500241336,0.24469266103433723,3.948484399155861e-05,0.006947696390763826
50,0.0013152264409197274,0.8395065539726624,0.14802016982495247,7.819564696093797e-05,0.011079854114504614
51,0.0037353809907577787,0.8945536003154556,0.08983083447235203,0.00010357096040568701,0.011776613261028804
52,0.0034449252538672442,0.9263173908503637,0.057420422716136704,0.00011849499267856636,0.01269876618695383
53,0.002366611003051586,0.9013376629223235,0.07807939906928545,0.00010915681802310243,0.01810717018731636
54,0.0023819538777084715,0.6551597638042377,0.328516670851549,8.976791474739786e-05,0.013851843551757448
55,0.003329038886905983,0.9118969561042871,0.06612716734839517,0.00027854654695136697,0.01836829111346027
56,0.0020229233413539493,0.8028185387946483,0.17351924941313648,0.00015392323079318362,0.02148536522006799
57,0.004108159949990266,0.9021131035727132,0.0764881575897568,0.00016690041091688875,0.01712367847662291
58,0.0009606592069253624,0.6305635052055334,0.35969237422620143,3.435250962416784e-05,0.008749108851715749
59,0.005898331212190647,0.8674884549860797,0.11750347085099504,0.0002573647822856224,0.008852378168448765
60,0.003199736623166206,0.7820892581568272,0.2039627143433223,0.000372692409423759,0.010375598467260456
61,0.0023971536418219428,0.9141717532046318,0.07551444188585131,0.0002934293183905861,0.007623221949304367
62,0.0017620794934463497,0.8886624871482716,0.10128733285059965,0.00020504057573985111,0.008083059931942516
63,0.004924207365144121,0.8800878635418193,0.1030478503430871,0.00017367777326322449,0.01176640097668641
64,0.0013658840988690255,0.7524631476274077,0.23814825273059084,4.090614716030915e-05,0.007981809395971852
65,0.0007572868552376796,0.4668492737279757,0.5245762814555956,4.979368833900734e-05,0.007767364272851827
66,0.002657846254323596,0.7859223224577753,0.16064751911193814,0.00025753608078770204,0.05051477609517532
67,0.014254370639264418,0.9344226481596477,0.0327418593979454,0.000752037995732925,0.017829083807409413
68,0.0013131409668937736,0.8455433519469394,0.1467099756732697,0.00013674747488864539,0.0062967839380083015
69,0.002674572411192233,0.911628639627344,0.07747574093507116,0.00017741771125225436,0.008043629315140433
70,0.0030166872257793996,0.9042623111082456,0.08513353503301335,0.00020987434157103876,0.007377592291390479
71,0.0009280860047706632,0.8122278661770966,0.18242425413553823,8.912305820222739e-05,0.004330670624392264
72,0.018007047528177524,0.9109525920213276,0.06085795340323406,0.0005652008325923098,0.009617206214668333
73,0.0016811968679230629,0.7675871608666712,0.2260774444606067,0.00017119716551658787,0.004483000639282254
74,0.0025306550215956477,0.7927472910536023,0.19570829943319706,0.00019156045731732056,0.008822194034287582
75,0.002351392014098573,0.7712344751358017,0.21964552567064,0.00018652447763572354,0.006582082701824167
76,0.0021603694756794434,0.6652195093337989,0.3218447165073791,0.00011099039073705348,0.010664414292405352
77,0.002725169960442343,0.7004985389656431,0.2876626670637205,0.0001483913772180007,0.008965232632976263
78,0.004424310806950446,0.7478501573803822,0.2402612852523368,0.00028864987214962713,0.007175596688180847
79,0.0013196351733330673,0.37310089222555287,0.6146306072212473,8.254661689348349e-05,0.010866318762973292
80,0.0028588103796480043,0.678017982384997,0.2953918501591043,0.00032260356189307864,0.023408753514357485
81,0.002310618703932305,0.6598766481599868,0.3071489914939364,0.0002028028903444612,0.03046093875180005
82,0.017267455778372708,0.6110098834131235,0.2260759577713941,0.0006229068832843617,0.14502379615382535
83,0.26654834849764236,0.13150508734498992,0.0020838556171689903,0.0027174718706744943,0.5971452366695242
84,0.16055051354692151,0.7606368512549146,0.033326375038647334,0.001737295211946233,0.04374896494757018
85,0.3309278062409926,0.581382221684973,0.014960661327480715,0.0007715111625202746,0.07195779958403342
86,0.08624595719463649,0.8840869508232404,0.0155334725179,0.00024677709195086825,0.01388684237227235
87,0.006304394370399968,0.8654662401932575,0.11980182299920059,0.0002315926719854015,0.008195949765156578
88,0.018099714200858635,0.934250914765519,0.04188249685464834,0.0004264727761315967,0.005340401402842452
89,0.0296376137991809,0.8606378538385043,0.09177532605870688,0.0012288990210794965,0.01672030728252847
90,0.058310640439810824,0.8835108740629678,0.038817850850167195,0.001957601279906096,0.017403033367147873
91,0.004630328943742008,0.38747518758545774,0.592436290001098,0.0003928220941972175,0.015065371375505055
92,0.218469650601913,0.7111512455882174,0.03845920348309073,0.005584349955878161,0.02633555037090062
93,0.0036947557213856544,0.5701726655485343,0.4091121778973063,0.0005823061536702885,0.01643809467910358
94,0.10116919519905522,0.35285684737943107,0.46036656228205414,0.001214347150574547,0.08439304798888521
95,0.5861586826371985,0.19127329759558623,0.0041321957368121555,0.003766302760271531,0.21466952127013156
96,0.08837592473920518,0.826266131311561,0.059915045374493325,0.00232154725455287,0.023121351320187656
97,0.10482820830855753,0.855984541425664,0.016770063564359047,0.0012292010358827125,0.021187985665536493
98,0.009900504019359388,0.8695145104029623,0.10508220960046384,0.00022886527287403798,0.015273910704340197
99,0.00431975063572515,0.7109451191803708,0.27636252054111915,0.00028317847777358635,0.008089431165011225
100,0.0020091478257922794,0.6194640335795221,0.37102943309529995,0.00013567495418199344,0.0073617105452037845
101,0.00462327019794642,0.8146827226462637,0.16150795385535002,0.0013527418701646016,0.017833311430275278
102,0.0023723226813105944,0.7960119641981589,0.1852242592547105,0.0005860592322487957,0.015805394633571206
103,0.001046118278108495,0.43418943152738887,0.5583895054059154,0.0006104290761027732,0.005764515712484547
104,0.0008893586703653864,0.6956716762252897,0.2978908250876164,0.0005893036140534287,0.004958836402675029
105,0.0015577389700533464,0.6564809331894285,0.3330205865689134,0.0009974209626903332,0.007943320308914502
106,0.0006690494005569841,0.329021650351618,0.6664231043001612,0.0001791825619071195,0.003707013385756782
107,0.06210488589994936,0.8064100001372164,0.08475308774546679,0.0014880592882381076,0.045243966929129326
108,0.02533336049135095,0.9126285395615338,0.05085600960221646,0.001994481832618148,0.009187608512280676
109,0.002694769191883131,0.8270158265104325,0.16654901983336381,0.00023745253987295876,0.003502931924447569
110,0.014394637171024875,0.934302955520562,0.04623433814061965,0.0012597582996979665,0.003808310868095818
111,0.012023134324101107,0.9318569379468191,0.045690085962111764,0.0012387696262374384,0.0091910721407307
112,0.001686004815021348,0.9296113664311872,0.06525747373683899,0.0003201678705333178,0.0031249871464190857
113,0.00433030732318704,0.8548293623851708,0.13295002997885585,0.0005062802068623141,0.007384020105923971
114,0.005522135099083535,0.9217863817187699,0.06657781668349946,0.0014159560865571322,0.004697710412090096
115,0.001236787583760211,0.6132679887252459,0.38236048552789836,0.0002649351117825297,0.0028698030513130955
116,0.004354938716134551,0.8696389664240436,0.12135571028175621,0.001083871128654799,0.00356651344941076
117,0.0024414217823716727,0.7372995258242664,0.2522429455072991,0.0006949704551462566,0.007321136430916453
118,0.0007027220779060806,0.31206443958519403,0.6843906756916025,0.00012539737207808708,0.002716765273219126
119,0.0012506033196266915,0.6266553630893876,0.3673493907296755,0.00017397112080201445,0.0045706717405081115
120,0.0005512736001647234,0.4979732060944382,0.49899759988436837,0.00012840620453586515,0.002349514216492999
121,0.0034555405015929924,0.8419775295282297,0.14611488097245823,0.0010925093415448824,0.007359539656174071
122,0.0015413810563350994,0.6793366369895442,0.3157467471085667,0.000367424322805614,0.0030078105227484718
123,0.0013838139423604406,0.6696129621780584,0.3227651107478106,0.00047308562291254396,0.005765027508857749
124,0.00286052784913204,0.8922251199984037,0.1009193632850026,0.0006797064805144503,0.0033152823869471294
125,0.0015517511346571215,0.4908940793166136,0.502145386634245,0.00025322815607703463,0.005155554758407319
126,0.01987732344952365,0.8206841360670318,0.14479687747733674,0.004960871350249679,0.009680791655858242
127,0.0035479217452017175,0.7679375764756412,0.2226438230290105,0.0004318130241068003,0.005438865726039669
128,0.0017744102292372112,0.6802755738534938,0.3115736317149387,0.00035524843526845134,0.006021135767061802
129,0.0013331754772435247,0.5584461726769893,0.4333176990695932,0.00034451393632926403,0.0065584388398447265
130,0.001147738643125911,0.46205373541657463,0.5278206416245675,0.0007217102217343773,0.008256174093997462
131,0.0005884171104746933,0.3176262626835205,0.6792095408560822,0.0001531556218565066,0.0024226237280659787
132,0.0008440184284499165,0.6299825823009793,0.36457712751628796,0.0003221479359735976,0.004274123818309377
133,0.0008015143300330592,0.5464232687109818,0.44567523790401403,0.0003040584413629269,0.00679592061360816
134,0.0004907589377619598,0.19126872044199236,0.8041432824468651,0.00019596702551073682,0.0039012711478700612
135,0.0011035051548909673,0.32633161701765,0.6601816628859077,0.0004380651072928719,0.011945149834258598
136,0.0012494007693555926,0.4067544373712613,0.5830660618111005,0.0006107345758559322,0.008319365472426498
137,0.00402913319293273,0.5638172763633139,0.4012565029515308,0.0011694141557705233,0.029727673336452005
138,0.021664151903458193,0.5143254121090848,0.43183104724230953,0.0012539827125815294,0.030925406032565904
139,0.012857112908547177,0.7398065439732049,0.21674881443022062,0.0022289933842565297,0.028358535303770614
140,0.0018833498611327162,0.9165011827939424,0.07382062839772902,0.0005112802653602602,0.0072835586818355506
141,0.0017392597502473572,0.3664103852330279,0.6203278952970472,0.00034816276756542025,0.011174296952112152
142,0.0020593551579815646,0.6370549636682107,0.35481146100258537,0.0006276396429205143,0.005446580528301924
143,0.0005590007639217175,0.45333130531694854,0.5438495549314555,0.0002186471272284404,0.002041491860445812
144,0.0006449637057146739,0.4890732432633414,0.5073561832936514,0.00016946719022554207,0.002756142547066953
145,0.002077607298294628,0.3660245255570034,0.6239858897652909,0.00025584429403243655,0.007656133085378798
146,0.0008623530193357095,0.5517119710574522,0.44274823117133477,0.0002558512853169486,0.0044215934665604644
147,0.001205239700607503,0.37922150416552763,0.612929238925018,0.00036707042812284365,0.00627694678072396
148,0.009554589046697703,0.9047340480211628,0.0763895605796593,0.0023343400512193476,0.006987462301261214
149,0.0037490668704231174,0.8973432656443516,0.09389910539494024,0.0018419369519900555,0.003166625138295
150,0.008015689973929343,0.6712652755428046,0.31354441397806315,0.0009821201945623469,0.006192500310640643
151,0.006568682791554427,0.6120141045911741,0.3737515842444731,0.0009181491445622811,0.006747479228236066
152,0.015291618238455632,0.6357508163402644,0.3316113473696729,0.0022362970407829013,0.015109921010824071
153,0.04151426808462401,0.6073267164767925,0.26117382890642576,0.003896729182159223,0.08608845734999841
154,0.06056199096927295,0.6196003203466471,0.1785044422000981,0.02600485867098046,0.11532838781300132
155,0.027114539109005846,0.9068454080823831,0.03028687921404132,0.010464273660674848,0.025288899933894868
156,0.03983085910866788,0.18934284224579306,0.012536045484095268,0.03891816733121696,0.7193720858302268
157,0.306120726262383,0.2128651542004064,0.001524300396287142,0.15873091052270646,0.320758908618217
158,0.6506409662053095,0.1615372060885535,0.0010990535997319854,0.06043169358709341,0.12629108051931165
159,0.31383317289511764,0.5453939691406129,0.00280942468799795,0.02368146338407551,0.11428196989219604
160,0.12566753421929228,0.8215726661015119,0.007425648407907497,0.02593004769760703,0.019404103573681095
161,0.26160458736052267,0.5582902827933981,0.01999273194018079,0.08834742773055504,0.0717649701753434
162,0.18333802099532842,0.6601238003243753,0.0014867494367511469,0.044314702402691225,0.11073672684085406
163,0.0335097347819951,0.8864502626080525,0.05476608472254664,0.010377510409052392,0.014896407478353224
164,0.35535160235727964,0.46213143085666836,0.0028625945642342257,0.10969010510837757,0.06996426711344024
165,0.033535497507696535,0.9493904129053233,0.0015426689107051832,0.007438888026432548,0.008092532649842443
166,0.05889824545344705,0.8512894807032179,0.026470916417796364,0.010446496412292899,0.05289486101324601
167,0.175131399455477,0.7717478426807871,0.004071131638193525,0.030124229095984112,0.01892539712955828
168,0.04385234510050988,0.9329229982564095,0.004286066124850495,0.007794159870970875,0.011144430647259252
169,0.12756017472644218,0.7863483620325808,0.04908168204862084,0.008247398687488488,0.028762382504867616
170,0.4343362734668467,0.46880789121224253,0.0031226800227162664,0.03516329910383843,0.05856985619435604
171,0.048422753344481324,0.8590333230919122,0.05346411565575054,0.0052812391264445875,0.03379856878141145
172,0.4579791306263755,0.32825412713528024,0.007537879691254041,0.17117501147208333,0.03505385107500685
173,0.11294629256052677,0.8056687428568747,0.0061068220163175676,0.031187017415859723,0.0440911251504212
174,0.08885064069175565,0.7944571998257469,0.010523856796504494,0.0553746400211427,0.0507936626648501
175,0.04101221092715107,0.8713730579289286,0.00902035760958505,0.05999620298829019,0.018598170546044897
176,0.34465902760573447,0.32166664277478546,0.004169036327148727,0.26211082548967607,0.06739446780265523
177,0.12076483576878205,0.6917323631272111,0.006491930978465933,0.04766139303696278,0.13334947708857797
178,0.304578610211227,0.5935221948125332,0.006083243935398099,0.034012339185841844,0.06180361185499974
179,0.34308450927512807,0.5165261151059763,0.002357391110707714,0.10471214900433569,0.03331983550385217
180,0.059422055589992924,0.7302512313869858,0.0038946073501747148,0.013938719871450577,0.19249338580139602
181,0.509160059587082,0.2735284877807268,0.00040694660310658295,0.17194808415582394,0.044956421873260766
182,0.33383795896052193,0.4549993167733762,0.0018394895330433195,0.08219653423121068,0.12712670050184785
183,0.17798704711775132,0.6790140351891325,0.0011607124382083745,0.013636495649708459,0.12820170960519933
184,0.4001152778814842,0.4757373171571733,0.00015892897286761348,0.07973690863387238,0.04425156735460254
185,0.11849652926429254,0.4991734165085611,0.0018744235661613453,0.019519142979757834,0.3609364876812271
186,0.4761080903699478,0.2856641607067129,0.0012385665178743961,0.09294627749225776,0.14404290491320718
187,0.14299210439618906,0.7748237147199396,0.00011406562870036743,0.04770378547578521,0.034366329779385606
188,0.23119072596085002,0.6131953124801273,0.003151182059281581,0.05747019862952673,0.09499258087021437
189,0.39640381739309904,0.41719016767515044,0.00038495298446289454,0.12365311736153058,0.06236794458575708
190,0.09009919108308838,0.704458683412728,0.0007875531799886194,0.029256427314128326,0.1753981450100665
191,0.18661146114681193,0.7610915872194766,0.0029603684399068407,0.021647350486628508,0.027689232707176284
192,0.0687445474781286,0.8203816968575899,0.07775163368529231,0.014105944459308295,0.019016177519681005
193,0.39931759780857534,0.441876942005718,0.0009706899135447127,0.07467804990523881,0.0831567203669231
194,0.3117279876411674,0.5074702336425758,0.00803366023932849,0.06124540612666186,0.1115227123502665
195,0.32365196615419456,0.08894470108488486,0.0008655809446092133,0.1327394510050072,0.4537983008113041
196,0.2891124082083591,0.631414779919048,0.00092415145653217,0.01810066747551893,0.060447992940541685
197,0.471939962375819,0.39264442281255574,0.0006006281382042618,0.040077230713591004,0.0947377559598301
198,0.28416733992391485,0.665402698673575,0.00048632256925822397,0.022203802885886664,0.02773983594736535
199,0.04278535913917246,0.9208649817320049,0.004222576278083575,0.01992332520388123,0.012203757646857868
200,0.2813270881741015,0.6055009921916116,0.0013789592999911785,0.06779993503470212,0.043993025299593626
201,0.14210954230920073,0.8149289105222982,0.002914931603255598,0.027628331366762272,0.012418284198483277
202,0.30603638901742347,0.6084571459316399,0.0021009867404793857,0.04938947681971444,0.03401600149074279
203,0.03810443259053436,0.9382266012611127,0.0009628809342791099,0.004709125756249759,0.01799695945782416
204,0.18510257549049888,0.764395723351201,0.002032968653653893,0.02171636387634471,0.02675236862830163
205,0.023660204828838093,0.8993919724072389,0.02673282496221332,0.0025955802519883435,0.0476194175497213
206,0.30859213612488245,0.6365864852974717,0.004789870614076168,0.014812972335802244,0.0352185356277675
207,0.04779294438951413,0.9330643060545447,0.005469064467853454,0.0028282000675138707,0.010845485020573727
208,0.08185863445203441,0.8663566516843546,0.005762836165399793,0.005013291880776758,0.041008585817434495
209,0.030836995413800642,0.9419206073593025,0.015271007177230287,0.002263491314440756,0.00970789873522607
210,0.06422294944604712,0.8766826078477777,0.010693830707479323,0.006637897482393159,0.04176271451630252
211,0.017092200775998982,0.9635698064937558,0.009280517084785342,0.0033001600003823334,0.0067573156450776925
212,0.004781055629490654,0.9756944355825723,0.01485854235083095,0.002543760220520403,0.0021222062165857374
213,0.010313713225230253,0.8823000356247482,0.07481314971136963,0.008022613480245877,0.0245504879584059
214,0.10697924711874132,0.8371385362143852,0.003556332414423985,0.011779542576400159,0.0405463416760493
215,0.1726262465037449,0.7888813297395744,0.002719737666656008,0.016850608699826054,0.018922077390198567
216,0.02217791734300256,0.9637661205446758,0.006488377242866964,0.0011572170083680514,0.006410367861086726
217,0.03141583498571575,0.9476070304470036,0.0014055679945616324,0.0016016377373334488,0.01796992883538543
218,0.008803951204070012,0.9835058412763996,0.002665869617934804,0.0009890169055858202,0.00403532099600962
219,0.01015017761876161,0.9033016393793647,0.04509212960621567,0.0013188157686272219,0.040137237627030836
220,0.017966608762000007,0.9557567145650466,0.013813413898485526,0.0030600874810114537,0.009403175293456306
221,0.017435069779053167,0.9186507540119624,0.050071123919711656,0.003906431699010159,0.00993662059026274
222,0.021708470806089508,0.9497675455481729,0.012732612587994335,0.0023781074464885926,0.01341326361125479
223,0.05134097922177155,0.8995756948531924,0.009106267110839165,0.003197558942267746,0.03677949987192917
224,0.02441388969449059,0.9330682754429519,0.032060834924298,0.00238880231374308,0.008068197624516415
225,0.05060314438254946,0.9006818931753076,0.026019907226466726,0.008367675460482447,0.014327379755193655
226,0.05498169069582386,0.9079373116092302,0.018936226356802338,0.00934353727045636,0.008801234067687215
227,0.09233216214710467,0.8687232051523816,0.002320195898682285,0.023270465574293017,0.013353971227538477
228,0.027208019576964223,0.9553760613467258,0.0019000598307301023,0.009173800062300308,0.006342059183279561
229,0.08876513233439916,0.8659299853149625,0.005783661385409278,0.013360878515760321,0.026160342449468698
230,0.11309653135508028,0.8277931447696444,0.0107112851024695,0.034728799215984624,0.013670239556821031
231,0.12088072153275652,0.8328618113795186,0.002004100724689263,0.023322302095905554,0.020931064267130022
232,0.21014520675750506,0.7179980432236907,0.003234711284879314,0.04742739385991442,0.021194644874010477
233,0.04705283861028611,0.9285221533234075,0.0005503642466926967,0.0084177595523535,0.015456884267260176
234,0.03036399499550544,0.9465049718211239,0.005880725805814952,0.006897783939977055,0.01035252343757888
235,0.14220285594379642,0.7936770900613428,0.0019451442322310588,0.01343027892728488,0.04874463083534485
236,0.027477306571660247,0.9379858250687322,0.015080508402464263,0.003566840205034361,0.015889519752109216
237,0.03107658088106725,0.9483154496029397,0.0067497247419533715,0.004768894546885901,0.009089350227153816
238,0.03630950713348373,0.8894354382359703,0.032192472061350806,0.00422301805701822,0.03783956451217713
239,0.023119274298990185,0.953553779990658,0.00787681487543492,0.0021990134147899265,0.013251117420126983
240,0.015612838865506216,0.9453382844909753,0.017842321611256155,0.0034524480052529074,0.01775410702700934
241,0.012067135731584163,0.8769834444702913,0.0702210691702623,0.0013529078183591155,0.03937544280950322
242,0.03784646440350716,0.849979550603326,0.05241530820709303,0.0033162542261329143,0.056442422559940884
243,0.007925366079796303,0.928587639980205,0.05021487051272439,0.0013069716242933422,0.011965151802981
244,0.005483660834347874,0.8169939757209491,0.16781557500066865,0.0012887041420471096,0.008418084301987207
245,0.015275974339168255,0.9037888129827358,0.06574692753100363,0.002196579446562332,0.012991705700530043
246,0.011361270107533947,0.9492743306059788,0.03020073821201971,0.0015032184697487615,0.00766044260471871
247,0.013520734716562621,0.8315640775148073,0.13603600434148064,0.002130262273857273,0.016748921153292125
248,0.009933786608535179,0.8776316993774068,0.09469230520101674,0.006769472042340019,0.01097273677070127
249,0.018870418944202293,0.9417780882885985,0.027171692871213796,0.0039040363067649715,0.008275763589220546
250,0.00702526352654269,0.9079927349662792,0.07611213623848756,0.003398098488509669,0.005471766780180845
251,0.005607566691833071,0.9547724772713064,0.0332362816480513,0.0028245894459336235,0.0035590849428755074
252,0.0026335024146712203,0.8766666837390947,0.11637668747290683,0.001561367236416459,0.0027617591369106247
253,0.01658200950018286,0.8711773513882668,0.09214048768933746,0.008216201750241913,0.011883949671971053
254,0.057963441615825555,0.9066189910581448,0.019680511058432205,0.00969729611001187,0.006039760157585519
255,0.02247810531882697,0.9164662136665896,0.041907264769143145,0.008855398027877683,0.010293018217562474
256,0.018178588597393068,0.936982427638999,0.03280630998585613,0.003754968386568405,0.00827770539118356
257,0.06666019295100216,0.886748448163091,0.025898004175708467,0.00865995373013623,0.012033400980061944
258,0.018865752902115843,0.9556811873320566,0.01974145849504462,0.0015413598553614273,0.004170241415421376
259,0.012626147545076596,0.9696543131315644,0.012293967528546022,0.0014789145913313773,0.003946657203481808
260,0.0036709246771207097,0.9589165935511883,0.03448828975152469,0.00074329053851977,0.002180901481646757
261,0.009738707639222193,0.8885705272536781,0.08826129128436606,0.004449686347722646,0.008979787475011065
262,0.004334060746804611,0.940862427601488,0.049049577310067996,0.003066837414886923,0.002687096926752539
263,0.00789468378762978,0.8857541329317961,0.0927322596898094,0.003971784479822288,0.009647139110942327
264,0.026407882759360783,0.896000927281781,0.059777344319790496,0.01121901470327215,0.006594830935795445
265,0.00247212028922817,0.8553962880617956,0.12618650209309734,0.011203544000176114,0.004741545555702718
266,0.06352666629738746,0.7268754162874537,0.07926829757450873,0.06874027014544452,0.061589349695205534
267,0.2150761916669775,0.37567092928955165,0.009692808075802905,0.19507576205418858,0.2044843089134794
268,0.2939521944341876,0.2650128659716151,0.011134344183400646,0.04434150921836103,0.3855590861924357
269,0.3085104748583003,0.2652960698487123,0.0024768633369793808,0.23373201193998736,0.18998458001602067
270,0.03440018872171341,0.1263080269041979,0.00019691002575491844,0.09163691611999722,0.7474579582283365
271,0.22638410068167344,0.2811088005835939,0.003925050297502217,0.34454667018403007,0.14403537825320037
272,0.3012919691545477,0.10667666081753177,0.00016884520899312626,0.5465000384659903,0.04536248635293716
273,0.09249137235248507,0.7232765334516458,0.00043111971064629755,0.1614341869520877,0.0223667875331353
274,0.08974541956833822,0.4617498899509198,0.0003782793594578871,0.4026121429721904,0.04551426814909369
275,0.1794574557835003,0.10662898914871895,0.00024912743470434,0.6205188596451926,0.09314556798788376
276,0.05145537213674089,0.5296426656269136,0.0024011090013396014,0.3974769935081575,0.01902385972684827
277,0.08984632432443942,0.5478043944326771,0.0003314322587413153,0.3289916432390475,0.03302620574509455
278,0.03489748943355879,0.7631646789929167,0.0021306083532404148,0.19115525954070464,0.008651963679579452
279,0.08466530975952682,0.35278483872547145,0.002388438781626116,0.5394230853744582,0.020738327358917535
280,0.14921203924045556,0.3009156029136461,0.00048623894577821703,0.5128145351781742,0.03657158372194584
281,0.13471022118106427,0.6897397934181568,0.0014143910426514025,0.08102850007397673,0.09310709428415075
282,0.15381482429363708,0.5215133588456553,0.0005541871019403075,0.06357684414022656,0.26054078561854066
283,0.17918834998598476,0.6744834727079879,0.0005668409968707514,0.05576590984598805,0.08999542646316841
284,0.3472358729935719,0.4775116341485469,0.0007055192645519602,0.13138698498458834,0.043159988608740936
285,0.0657007931229934,0.8521583917828732,0.0007502407338342273,0.042441499931223786,0.03894907442907526
286,0.30576929582715195,0.22298979451330034,0.0005461254314798575,0.40810468683156137,0.06259009739650646
287,0.10445978697648371,0.7169620365160275,0.0007537689779142079,0.13445505279354392,0.04336935473603066
288,0.04045632487039994,0.04764765506896283,0.006958568163968345,0.02248238666601035,0.8824550652306585
289,0.048275517134368284,0.00671690153878294,6.573836254924522e-05,0.03316747096515915,0.9117743719991404
290,0.2702620038403862,0.09551236533098521,4.100405813933236e-05,0.06990525402455386,0.5642793727459353
291,0.352410822179625,0.1070524817573723,6.13562901054388e-05,0.03239986322631808,0.5080754765465791
292,0.5870603106495061,0.20890771203832495,0.00019581134021161593,0.019584622597058766,0.1842515433748985
293,0.2637037246648278,0.46813435270036596,0.00027904621868101175,0.04354462112386062,0.2243382552922646
294,0.2330765417352867,0.6153035885676039,0.001191362774366625,0.012877371139556207,0.1375511357831864
295,0.5566573236591174,0.30500110592152435,0.0004701870179895523,0.01944363267056,0.11842775073080868
296,0.03940769273531972,0.933681433926388,0.00019231070038600953,0.010616357532539667,0.016102205105366613
297,0.27700230662327774,0.5454630663765354,0.00048222476872092,0.027721843976992493,0.1493305582544734
298,0.10422210520702704,0.8636856098646719,0.000249474049010216,0.0052723237566352265,0.02657048712265583
299,0.2025467412906774,0.7167113837526211,0.0017781806981960102,0.00826850308854471,0.07069519116996063
300,0.015147446815171385,0.9379158459144181,0.012946503797136397,0.0016159732490467996,0.03237423022422733
301,0.13581803183656171,0.8425163820907234,0.0003883688589720578,0.007787798416419465,0.01348941879732345
302,0.07065025533333516,0.8691106463313714,0.0003181856636285377,0.007831378726803217,0.05208953394486146
303,0.12191975369512227,0.8418101054189839,0.002148668542800404,0.010039747739221679,0.024081724603871615
304,0.02843813721468387,0.9373517121219346,0.0002962078592230426,0.007621278640569741,0.026292664163588747
305,0.08093697869489189,0.8676806176492895,0.0035431077602370675,0.008244003565759035,0.03959529232982259
306,0.2595376827789426,0.6347426349267266,0.0018682726645213252,0.033996050910532705,0.06985535871927671
307,0.01750748501716471,0.9670353743560988,0.0003233081585027948,0.006494122356079838,0.008639710112153655
308,0.08408336015425859,0.77301523459111,0.02320820863668331,0.02727116465393346,0.09242203196401459
309,0.08544052813376984,0.86576618043138,0.0004363007791853623,0.027346547965069173,0.0210104426905955
310,0.06657235811857443,0.7601082247964849,0.005844973153717483,0.03315636679405625,0.13431807713716706
311,0.08252866680596962,0.8730596352161506,0.0024126520337501033,0.012893208704215182,0.02910583723991459
312,0.020292092880410464,0.8792639989793658,0.0005751225546699701,0.0030575427343515807,0.0968112428512023
313,0.008255508759115989,0.962470293943151,0.00046470966392613954,0.0017819275106963422,0.02702756012311056
314,0.006401638904356136,0.9186411951407297,0.04892181815695607,0.0022528484514606757,0.023782499346497316
315,0.09064983377356156,0.8915359751496256,0.000878948735932376,0.0044275017792944705,0.012507740561586054
316,0.03067857497498899,0.9348201736230187,0.004272062554350347,0.00313797581630676,0.02709121303133521
317,0.0906776519648483,0.8271527900769221,0.003375112121190038,0.015405160638670647,0.0633892851983688
318,0.08299822100950649,0.8796363228775846,0.00021550066706107595,0.009864795637136176,0.027285159808711393
319,0.06073838262746992,0.913886166304441,0.00045760902428417237,0.004276882925883262,0.020640959117921784
320,0.027086255328803776,0.9559140999662472,0.0031925057904865417,0.0023110751364119886,0.011496063778050514
321,0.11964600903082287,0.8168790995366758,0.0016860797576653817,0.00589392697671633,0.055894884698119554
322,0.04592043553977994,0.9322403021410238,0.002784030591940493,0.003940872577998675,0.015114359149257248
323,0.06587416483427906,0.9169501635396706,0.0022887346343224684,0.008769780531114492,0.0061171564606135025
324,0.023630112304940342,0.9584330438392322,0.0037946606447743217,0.003004497589729295,0.01113768562132389
325,0.1535847103202219,0.795283583355579,0.0016436034328610929,0.023242016055890914,0.026246086835447307
326,0.02115239145721203,0.9635260708800634,0.0003965140184478541,0.005009355895984355,0.009915667748292244
327,0.01762560335926234,0.9607274808377739,0.007270705027403339,0.0009871155936386363,0.013389095181921603
328,0.01453999095536265,0.9612150115829078,0.01812368613609694,0.0013596026924218181,0.004761708633210879
329,0.0827320231719018,0.899271320924093,0.004672313886608471,0.006026531503295012,0.007297810514101412
330,0.03281469801660811,0.9145939261956071,0.031247747325289295,0.01000104961490998,0.011342578847585516
331,0.13138710478652846,0.847350458966746,0.0017464396930082764,0.00908956249077279,0.010426434062944407
332,0.019820269010973467,0.9445246480199189,0.02900317989824179,0.0018332861946418688,0.004818616876224018
333,0.06898861714297558,0.8943935562201477,0.009484840712913604,0.00363625222592168,0.02349673369804121
334,0.10939200124199608,0.8736037563339739,0.005191584921543415,0.004619106097662757,0.007193551404823682
335,0.03256163155488582,0.895951544065975,0.05991510180123272,0.002910476776758332,0.008661245801148049
336,0.09533122529690007,0.8784501650223258,0.007848525262710598,0.004162960853693031,0.0142071235643705
337,0.007535022384319546,0.9871683456314242,0.002486384942904184,0.0010705721978616935,0.0017396748434904364
338,0.019462360515922057,0.8976435149691446,0.06513121294435853,0.0027407286093838064,0.01502218296119074
339,0.013023864507749366,0.9029354408378314,0.06982603199597245,0.004907768426287493,0.009306894232159238
340,0.07902307018753792,0.8986340084507372,0.005004766545363446,0.00558808979590022,0.011750065020461243
341,0.1336528296158851,0.8326100082938149,0.007581454206877286,0.009105617221006947,0.01705009066241564
342,0.03528231791748818,0.9480408397963598,0.006525922040726463,0.003297907283364125,0.0068530129620613285
343,0.046576896478152295,0.9402050285410798,0.0029706565606332233,0.0024923770592001166,0.007755041360934748
344,0.019432062533745718,0.8450673993667593,0.11942138898317944,0.005437426485167638,0.01064172263114799
345,0.08891378279431968,0.7875020811031064,0.08635332806006979,0.010080058136587917,0.027150749905916483
346,0.019847247221831295,0.8713365396721799,0.0809805985226293,0.019688774240796774,0.008146840342562767
347,0.09538589690024162,0.8590470432925331,0.002578279894145934,0.01591549421719432,0.027073285695885203
348,0.030426298353430574,0.9501207507509597,0.002936063078527292,0.0020883456171041782,0.014428542199978255
349,0.0223007012887956,0.9566158564182297,0.004829406634664893,0.001541004182467949,0.014713031475841961
350,0.009319359329356132,0.9788464109728076,0.006339862442850479,0.0006593244127292187,0.004835042842256744
351,0.04635986011719798,0.9226931351080161,0.0016327608611525087,0.010490458169537295,0.018823785744096048
352,0.022501869848478493,0.8510842830251348,0.0808495600686778,0.019969293230162492,0.025594993827546493
353,0.06632906919755623,0.8239607028802887,0.04086060528405166,0.03301909209866735,0.035830530539435884
354,0.026790285382941193,0.8457783520553731,0.07863723260228202,0.03152110181285852,0.017273028146545355
355,0.17366426178520564,0.6385142380925634,0.00046396500619378045,0.11278382654684428,0.07457370856919285
356,0.02532539181115802,0.9489137838035497,0.0002518886932966355,0.011506558931037057,0.014002376760958574
357,0.0647225419447724,0.8840648707054299,0.013102635667074926,0.017513531589455466,0.020596420093267193
358,0.5342980757796241,0.37128469682842563,0.00124545944845078,0.029528751996170773,0.06364301594732875
359,0.02510024088124225,0.8707609213784101,0.0823883805393614,0.007051029725777354,0.014699427475208797
360,0.2301020382794331,0.7093894586390305,0.011100168976599122,0.02845410658126005,0.020954227523677194
361,0.010207960010880701,0.8782242255477908,0.09851507221400804,0.00616614838322667,0.006886593844093723
362,0.07791302999089095,0.8592816355737523,0.002454528753981492,0.030075780879933258,0.03027502480144222
363,0.03380566183045821,0.9531476878474885,0.0007017142587347379,0.006366868656687685,0.005978067406630819
364,0.03399192820422358,0.9478121298370719,0.0040738625690037245,0.007613676902065245,0.006508402487635645
365,0.12646823865679024,0.842829816525082,0.004822420113391225,0.01594524029527978,0.009934284409456748
366,0.03857896447416595,0.9494448085477434,0.00043751107299442086,0.007005055372044277,0.004533660533051919
367,0.041156052449247915,0.9180358215073511,0.007000035723337935,0.025596012640473096,0.008212077679589966
368,0.07851659843765384,0.8715293587669531,0.0018123824524644324,0.034671576321949955,0.01347008402097851
369,0.041049480739618095,0.8709181708846854,0.03169362259274171,0.034248146537103646,0.022090579245851134
370,0.22640203390325878,0.6814038908118852,0.0002950818414271914,0.07246067828018558,0.019438315163243264
371,0.0547333592208238,0.7958014266970704,0.012920754187652119,0.021565739610164142,0.11497872028428946
372,0.5713768910581745,0.2387183347237092,0.0003667055024490322,0.067161682894965,0.12237638582070227
373,0.5476732432806873,0.3114944281273765,0.00017964984768152248,0.04119260068448726,0.09946007805976734
374,0.335462830995157,0.5839629718946797,0.0006590441298882409,0.023856577418842787,0.056058575561432185
375,0.15027307711256738,0.6416426472578844,0.0003232971564163328,0.02410245782449393,0.18365852064863794
376,0.06775239371368091,0.8889784228851872,0.0032200662174276373,0.0217041671459653,0.018344950037739106
377,0.1365162860368273,0.6747771886504754,0.003117368288765677,0.13339613079271748,0.0521930262312141
