epoch,N1,N2,N3,R,W
0,0.007108504977399374,0.00043924717375763293,6.190519493168101e-06,0.000318128203036792,0.9921279291263131
1,3.104943097624834e-05,2.105250146207301e-05,1.461131907439097e-06,5.6733115898850266e-06,0.9999407636240643
2,0.0010687452804809185,7.485561377965528e-05,3.4168474572247313e-07,4.858403363829317e-05,0.9988074733873554
3,0.004038313368704664,4.233778788059659e-05,6.689008515643156e-07,2.480971373097287e-05,0.9958938702288321
4,0.005213094047643472,7.618650496316463e-05,5.549867642389459e-07,2.0404301290642e-05,0.9946897601593384
5,0.006874181643569026,0.00012490232197087588,1.7910108450553567e-06,7.173513804351473e-05,0.9929273898855715
6,0.032123866898703994,0.004866532335157021,4.082581176907683e-05,0.00023474115165937146,0.9627340338027105
7,0.008761567866085616,0.0030374641414493606,2.637672289514835e-05,0.00014217441650936808,0.9880324168530604
8,0.09653020824699222,0.012461237407102387,7.873264944673333e-05,0.002001942841382536,0.8889278788550761
9,0.08852501628291744,0.26925908503938983,0.00044932588991558283,0.0019441762628122949,0.6398223965249648
10,0.055683776649794375,0.37158516933480545,0.00030104515902258774,0.002479990717862966,0.5699500181385146
11,0.020707375534750022,0.7290980437127856,0.0019224447769280468,0.005183805500194874,0.2430883304753415
12,0.07206724977447627,0.17614174680526312,0.0005031326982924708,0.007475782106839628,0.7438120886151286
13,0.01593134880951321,0.5615266628274062,0.003910747042239194,0.0030504004947696697,0.4155808408260717
14,0.03564340843704278,0.2902900857557261,0.0016217467647898797,0.004123944648545687,0.6683208143938956
15,0.07046229847507665,0.7458992993008278,0.0002820112587450158,0.014996568233311606,0.1683598227320388
16,0.029623178889538904,0.6536045932843653,0.0006303667595283217,0.0023369328953917515,0.3138049281711757
17,0.03721239608595826,0.8948992468500259,0.0005548376355396971,0.0008880542291692372,0.06644546519930704
18,0.03695577326249309,0.8565755728026155,0.003711505903049606,0.000835950757307783,0.10192119727453389
19,0.11316414305430395,0.7969338553527173,0.012647456896865004,0.0018754288268947297,0.0753791158692189
20,0.1707888011607704,0.7159713000475967,0.007716202059175807,0.0016043935291586726,0.10391930320329858
21,0.05075879161117846,0.8921079279306099,0.024726794014942835,0.00018212569281302247,0.032224360750455934
22,0.03277368794754293,0.818807685132167,0.10200754875985461,0.00013802295923246233,0.046273055201202985
23,0.01196300575852542,0.7495346540018231,0.20688926859419887,7.68463868952311e-05,0.03153622525855745
24,0.014074501903764964,0.8414324564917293,0.1122036477626071,0.00036278371128233423,0.031926610130616526
25,0.017052495655354265,0.7396764917649942,0.18816592242341995,0.00022245754859164598,0.05488263260763987
26,0.014955656604866564,0.5428784858436436,0.29348414511768,0.0001612756273727693,0.14852043680643706
27,0.05957457854440446,0.8341723850070775,0.02645385638917676,0.000704709943968638,0.07909447011537281
28,0.005738336966303257,0.5000242768411949,0.3540553111277605,0.0001202780909631679,0.14006179697377813
29,0.022212027007022014,0.21983842108224283,0.16917131876600028,0.0001978657572887122,0.5885803673874461
30,0.007064485513320146,0.026854370913438442,0.006649016157187696,5.67464637795306e-05,0.9593753809522741
31,0.13455042011194418,0.30769539247882427,0.0016689435811585516,0.0009707689471080705,0.5551144748809649
32,0.18285168584447228,0.7299583352988339,0.011200660614000801,0.0005387818980593466,0.07545053634463371
33,0.11912627316488723,0.2701024445411485,0.00459653365006664,0.00020455187569457322,0.6059701967682032
34,0.033120889034589165,0.8965878088945313,0.0571843919909218,6.523653244265606e-05,0.01304167354751507
35,0.02002494498980356,0.8337439285655849,0.13202894530482195,0.0001365749345598231,0.01406560620522973
36,0.020276885794448533,0.7576561868581951,0.20992765240415168,0.00016488983705149733,0.0119743851061532
37,0.0022331337020789644,0.7823379558959893,0.2114214486388133,0.00014733303762802418,0.00386012872549048
38,0.0008742954237743878,0.4784765801482367,0.5162274343272735,0.00012215316023838266,0.004299536940477019
39,0.0007826674155215045,0.34709377115925166,0.6434452475783609,8.880724618272917e-05,0.008589506600683184
40,0.0007531393526628939,0.2820141892051373,0.7112225810025432,5.036329961637745e-05,0.005959727140040176
41,0.0003649552395197494,0.08498648925677531,0.9125836470797521,1.399672431976686e-05,0.002050911699632897
42,0.0007961609092716885,0.11932709508738691,0.8761565309479787,1.607226143038532e-05,0.0037041407939321517
43,0.00047495632790248165,0.10348894733332442,0.8915481335693903,1.8363945261709015e-05,0.004469598824121059
44,0.04935000139756052,0.5417938754657099,0.2369613957631165,0.0006174385497988052,0.17127728882381427
45,0.052262724295534115,0.2084144739462054,0.19569854010151894,0.00017996076833567994,0.5434443008884059
46,0.017955445849131845,0.17537725634594822,0.43777584244394524,7.554405602777519e-05,0.3688159113049469
47,0.0035188721861479305,0.11349295694925429,0.820550283773017,3.141353538707519e-05,0.06240647355619375
48,0.002432840358540719,0.16981038533571755,0.6660273184244617,5.0959996236080126e-05,0.16167849588504393
49,0.0011694592738973602,0.09281837118202027,0.8915356842919666,3.3657736455902887e-05,0.01444282751565995
50,0.0003084546090527984,0.04770531221347303,0.9484186648216412,2.0436391647889662e-05,0.0035471319641851807
51,0.0002086360937542612,0.046280130495937245,0.9465214559516654,1.2286475272705745e-05,0.006977490983370326
52,0.00023795454718407308,0.07677723295538275,0.9207881758122395,1.56112290021682e-05,0.0021810254561915147
53,0.000288255389119819,0.053468896361530044,0.9390236238564424,4.538391300618663e-05,0.007173840479901531
54,0.00015850253932906682,0.05669063308037632,0.9414997241021025,4.777525790348836e-05,0.001603365020288865
55,9.365378847161048e-05,0.049550848907205,0.9489120728984728,2.846922732548272e-05,0.0014149551785251476
56,0.00012979575745420744,0.02889805527315025,0.9685384950645494,8.09526724700112e-06,0.002425558637599122
57,0.001289588502315048,0.2227240893206893,0.7714583990265438,0.00011014953797803832,0.004417773612473877
58,0.0007679823762606913,0.09842906002064868,0.8911429614340911,6.285852250800259e-05,0.009597137646491496
59,0.0011843153876327926,0.15540137669998044,0.8164960788259543,0.00012041503705930691,0.02679781404937286
60,0.0003424031440678567,0.061753686010521905,0.9355246143653666,3.15856356240303e-05,0.0023477108444197085
61,0.010478908648830637,0.16353627758456676,0.6977818878894018,0.0004514189923366651,0.12775150688486434
62,0.0035445887520994855,0.005392843409195137,0.003979890063682137,0.00011298182363231915,0.986969695951391
63,0.11654661309712358,0.09407811066913643,0.002719128631740841,0.001177779044858868,0.7854783685571403
64,0.6547119761178044,0.1482984964963479,0.0017374275909234796,0.004413324689299494,0.19083877510562466
65,0.2033399643518155,0.32100327295350783,0.009265344523519589,0.0002135118880611728,0.4661779062830958
66,0.1597397593151206,0.7857403140234569,0.013142379403488745,0.0008621784289007736,0.04051536882903288
67,0.056650853709172985,0.9190436387061515,0.009385152122198176,0.001067200514254713,0.013853154948222786
68,0.013269932093416216,0.8806052887777378,0.09989613598306156,0.0003648045862128358,0.0058638385595715875
69,0.015128757677724968,0.978060588172832,0.0030385299058590864,0.0010075272525232252,0.002764596991060498
70,0.014632897174407312,0.9314705230148906,0.049732097993783704,0.0006509992167260159,0.0035134826001923564
71,0.012352197080914668,0.9739458995124952,0.009034336650022108,0.00046491187277714036,0.004202654883790886
72,0.0024990689580925815,0.6207545110374585,0.3749068455952091,0.0001027529382247275,0.0017368214710151459
73,0.0054366128030766715,0.8375847130410926,0.15036805704487638,0.0005937547427879692,0.006016862368166041
74,0.006701638263740895,0.8469406692628095,0.13587156275469126,0.0005282619176446862,0.00995786780111352
75,0.005817388916403803,0.6240456750155498,0.36553730638361565,0.0003142871048937325,0.004285342579537066
76,0.012158316835742445,0.8630065935027514,0.11728536214750014,0.0009998082545747355,0.006549919259431334
77,0.007226332074396805,0.4713036529044531,0.517419523286481,0.0005676130664981167,0.003482878668170918
78,0.007305456590399603,0.705639904425601,0.26953954996909335,0.0015941821601610955,0.01592090685474499
79,0.00834702580073932,0.4915791466687911,0.4928857597986307,0.0006621082648492048,0.006525959466989724
80,0.005822049180851181,0.6007420315077973,0.3859634302300313,0.0004954966777659665,0.006976992403554299
81,0.006430997763631009,0.36862135814568503,0.6171785871976324,0.0006333830089014174,0.007135673884150215
82,0.0075664457958609255,0.6919831039816807,0.2801946779436303,0.0008260618044925039,0.01942971047433567
83,0.003293698618943589,0.4684773918740091,0.5209462594960849,0.0004814593300383895,0.006801190680923998
84,0.004023851696896946,0.49940897077376295,0.49039666003935034,0.0004069195750503788,0.005763597914939338
85,0.008047749446042496,0.555475304836211,0.41751181843038604,0.0013894430954047496,0.01757568419195574
86,0.0013186742578170298,0.21406074250171886,0.7778237002252304,0.0001853506151519357,0.0066115324000817965
87,0.0007150983954282102,0.06564861286218812,0.9304528835214845,6.447598784520487e-05,0.003118929233054067
88,0.0007422014158622713,0.07454892287321895,0.9189246570852772,9.338173464535684e-05,0.0056908368909963335
89,0.0010602556911331808,0.17856504983761937,0.8119570114270641,0.00029124632560816266,0.00812643671857532
90,0.00030134269923876413,0.06779316716243818,0.9282794273821094,8.827501968807885e-05,0.0035377877365255477
91,0.0011973261916899585,0.13188436560445072,0.8562057086413842,0.00024213030390295896,0.0104704692585724
92,0.0008557989326268473,0.1218445608085537,0.8605041637706285,0.000189284370574711,0.016606192117616304
93,0.013174606390603558,0.25763692718694564,0.6568607248679901,0.00329870721772021,0.06902903433674039
94,0.5322540402969279,0.20273594552008117,0.040703526398795285,0.00381972494366476,0.22048676284053095
95,0.09755925389448816,0.47478753945367563,0.28144668008264967,0.0023568878358032363,0.14384963873338338
96,0.022858906904454575,0.7157314690389441,0.22885275557030718,0.0014890201786730316,0.03106784830762108
97,0.10782326792630971,0.8494397616452986,0.024433444902574458,0.0035694520520647617,0.01473407347375247
98,0.1634880832213291,0.6998971952595434,0.06628990877963961,0.001706482317155765,0.06861833042233238
99,0.020723222426373047,0.7265383209071129,0.24363252766389742,0.0013550050505676048,0.0077509239520491555
100,0.0034600534316659884,0.444441041842314,0.5472726590496887,0.00034687992504268196,0.004479365751288759
101,0.01696536963435943,0.740926479912712,0.2320902102025657,0.0016143097377400088,0.008403630512622688
102,0.005912137223320221,0.823485346641727,0.16347941427793836,0.0010342237137918888,0.0060888781432224615
103,0.0014650644221793363,0.8097151939052567,0.18487958067126736,0.0003140959385531705,0.0036260650627434328
104,0.004989987638025924,0.45640018452381464,0.5296560648377208,0.0010861671965072487,0.007867595803931413
105,0.009950026353392675,0.599550332645051,0.37785766322813086,0.0014523645583534386,0.011189613215071923
106,0.004284093511253899,0.5082691301847868,0.47361732706088994,0.001630630940370264,0.012198818302699112
107,0.02689212635713256,0.41665949470673774,0.5354171885302318,0.0018862987871864933,0.019144891618711378
108,0.011934913800976847,0.46437912718456764,0.5128845641035461,0.0025228788429896612,0.008278516067919586
109,0.0075148707470934035,0.21047115933034735,0.7670623179910382,0.0012662212248267385,0.013685430706694196
110,0.0456122971041754,0.4109985500222774,0.35250235605176405,0.007888025415378854,0.18299877140640433
111,0.0326355580767375,0.6140707793196833,0.3194451257696685,0.003710585088125021,0.030137951745785783
112,0.0058882607002212995,0.027333866931795115,0.0046226291230516605,0.0004229604593932768,0.9617322827855386
113,0.46403563729570424,0.38481961007494125,0.0033441950760129692,0.010010414761920102,0.13779014279142138
114,0.07236006922019524,0.8812297187247451,0.01310778405748131,0.001676524740706099,0.03162590325687217
115,0.188602817476888,0.7807851345978161,0.0051011747959102995,0.007164491298339067,0.018346381831046615
116,0.006124722438879878,0.8346462849591808,0.15275575384978646,0.0012979220578466992,0.005175316694306231
117,0.050303618588346845,0.8956435087954058,0.006865323765936933,0.02346961029642938,0.023717938553881154
118,0.02208450433563229,0.9407843779463619,0.019619242623776723,0.005293200048618672,0.012218675045610618
119,0.01907033081278225,0.8087736036279518,0.12641500891407492,0.00724104250958287,0.03850001413560808
120,0.0773104237808823,0.8716205161752996,0.013220862003001894,0.017599820393969703,0.02024837764684643
121,0.014827974376039194,0.8714632003948799,0.09827010865371377,0.005129666121120072,0.010309050454247005
122,0.005003382549211617,0.9745493242759823,0.016451083150849175,0.0020007226236611543,0.0019954874002956428
123,0.019353216517690897,0.9286233637198904,0.036368824476853225,0.0037714742019068037,0.011883121083658738
124,0.037692464957001695,0.9263781079469768,0.012465384769887882,0.0035863822591624146,0.019877660066971267
125,0.025314490139573112,0.9332037241852169,0.025716039981400225,0.0011615807748001012,0.014604164919009668
126,0.03775902261287399,0.7183790191947252,0.2199642822702463,0.0030696771002625004,0.020827998821891715
127,0.05682818523754171,0.8477698496392989,0.07405843372664216,0.004512981942150079,0.016830549454367044
128,0.07001022728300789,0.8752840141327092,0.04146935566592913,0.00663685710967884,0.006599545808674997
129,0.04112161557862044,0.8485457033710893,0.07566471576484197,0.0024160399271541066,0.03225192535829408
130,0.002612172758434447,0.8145123067506072,0.18014028898342646,0.0006164263575314258,0.0021188051500005164
131,0.017772455775284184,0.9478839101841126,0.02738926141511748,0.003216381783169398,0.003737990842316269
132,0.0812262823223423,0.8274553887322584,0.07539278913501127,0.004490910104470857,0.011434629705917089
133,0.039762433671728645,0.8783874825895419,0.0434636121730218,0.00818971843874237,0.030196753126965306
134,0.10813315089965882,0.7371903951067383,0.07468371561113306,0.02400006665595502,0.05599267172651471
135,0.04051501883343821,0.7529176178109429,0.14127566361551683,0.02120313619932592,0.044088563540776185
136,0.08726841937832125,0.5923381424954064,0.055821665756882126,0.039452508703857865,0.22511926366553228
137,0.15062349363580968,0.35139675354520306,0.0021410053591866267,0.29416380431807954,0.201674943141721
138,0.14136016135379856,0.4817766178642937,0.0024164669841328997,0.32012586272260485,0.054320891075169936
139,0.07396894422216199,0.0962717678444945,0.0004237685952650335,0.7522816863876677,0.0770538329504108
140,0.1559746267864513,0.02645559228190203,6.655856508153087e-05,0.7517538249812521,0.06574939738531316
141,0.1216861764841174,0.01837800350361845,1.2950942289239007e-05,0.8312540506229413,0.028668818447033666
142,0.14379409487524472,0.012665290560959075,1.9701357313429285e-05,0.6247399771787377,0.21878093602774498
143,0.11364598574988975,0.00713637557280433,4.876049706957012e-06,0.849087423633818,0.030125338993780934
144,0.14475603599990283,0.005225173690763235,1.1309174358037473e-05,0.8183899581625182,0.03161752297245765
145,0.056591382167434055,0.013104111809766459,3.862204051138515e-05,0.7400952094324619,0.19017067454982609
146,0.05885806893812336,0.007088865150781163,1.1524688363778484e-05,0.9240955278621054,0.009946013360626341
147,0.03723797728372237,0.006587409536626576,0.0001341661408789538,0.20365933558882107,0.7523811114499511
148,0.06051874318706364,0.003801893490789985,3.386533204249669e-05,0.838323298074507,0.0973221999155969
149,0.047765499934464786,0.0021449793199886536,4.150868638731393e-05,0.7651225923053118,0.18492541975384752
150,0.14743834131123706,0.0038819124649573976,2.225856321309968e-05,0.7358836656625766,0.11277382199801597
151,0.3942080183903028,0.013242926635125564,0.00011949638374715314,0.5505361390298162,0.04189341956100838
152,0.3244650872231308,0.008081126471811105,7.882520384767842e-05,0.5955309975681327,0.07184396353307788
153,0.11324068346711864,0.006525415340730881,5.348436899187249e-05,0.864397879141693,0.015782537681465588
154,0.15486417263532007,0.0084075279040435,8.006598907625304e-05,0.7405771069170278,0.09607112655453244
155,0.1874990491932227,0.013443569783207598,2.9265698389763347e-05,0.7590473583167467,0.039980757008433204
156,0.07205484329115965,0.0292026925176529,0.000828925476745453,0.03310604188117125,0.8648074968332707
157,0.47781359898580855,0.021559191603371126,6.069005720305029e-05,0.3794506478722405,0.12111587148137669
158,0.3590143986799178,0.043836224420933184,7.63000831701685e-05,0.5732791626069269,0.023793914209051904
159,0.24339926946224133,0.2809458717308701,0.0024432229718623242,0.44381562071221514,0.029396015122811068
160,0.07235136419470609,0.11383260492489283,0.00033875345236995976,0.7922372619929031,0.021240015435128056
161,0.027045733092492946,0.1728036157040217,0.00012119753957038658,0.7848432538008013,0.01518619986311357
162,0.03162149760667289,0.49811474993411164,0.0011513543400959528,0.4596092666525286,0.009503131466590977
163,0.08244650360755311,0.3240579198205032,0.00016718526395221887,0.5613578032468398,0.03197058806115168
164,0.025081495021721252,0.8881200850558167,0.00475750131555513,0.07302311356631817,0.009017805040588545
165,0.0525817137438127,0.7767208716871158,0.0006182346815390148,0.16235779863612967,0.007721381251402859
166,0.17982685292990735,0.3769530182270212,0.0007540055173899337,0.4264508225953593,0.01601530073032218
167,0.04635495816085272,0.7221435740573817,0.0007098317372506049,0.22610150182120434,0.004690134223310516
168,0.012801224371719537,0.9641513659969637,0.0011687700283551305,0.019318544631273422,0.0025600949716878935
169,0.04051138522169146,0.8932168901147792,0.001463415974576676,0.05866542027764736,0.0061428884113054055
170,0.038024287549037715,0.872438393187343,0.0006742849788213259,0.08329143500925928,0.0055715992755386865
171,0.010685526258194121,0.9675177126856568,0.011107824762582957,0.00798001969564288,0.0027089165979231828
172,0.050842290852642004,0.9102265540191773,0.0006136897802476985,0.03063706318126426,0.007680402166668835
173,0.013725009176054377,0.9450784788946984,0.024971059088596207,0.007625512017493717,0.008599940823157133
174,0.09091303210435323,0.8586666250151989,0.012559567859971447,0.025164370026891425,0.012696404993585196
175,0.012041204389872863,0.9811019710916037,0.0015420307687744016,0.0029951431763067505,0.002319650573442317
176,0.1205447934863564,0.7568556163723676,0.044261577122056195,0.030905743305422805,0.047432269713797034
177,0.06695735419320835,0.8939553965449172,0.007089006307328085,0.02056099753557278,0.011437245418973384
178,0.006815921977342919,0.8583897971622673,0.12149367169035301,0.008995258181896467,0.004305350988140327
179,0.044793876714510295,0.9138845274864708,0.00483607782307555,0.03194817689095726,0.004537341084986404
180,0.01076158249802178,0.9335480451335104,0.040108546736510535,0.0090403603589929,0.006541465272964098
181,0.01582781704782501,0.9412793012129925,0.016597261256351088,0.012704985914713572,0.01359063456811789
182,0.028052136504350626,0.9619609504526271,0.001305443079486107,0.0048994797933723175,0.003781990170163661
183,0.041489357878030486,0.9294563889789074,0.015591143198023828,0.008944582713270408,0.004518527231768084
184,0.01710793691596386,0.9761614856088922,0.001458616156933181,0.0028990682439115267,0.0023728930742992578
185,0.030109610152492246,0.922508489869088,0.02901297365936557,0.005630703920839561,0.012738222398214646
186,0.035885250584488174,0.9148184190064821,0.01667873589025654,0.007555575267588825,0.025062019251184574
187,0.04404480348844577,0.8014854894723096,0.05766279678259647,0.01165845366403825,0.08514845659261003
188,0.03120810212527778,0.9395846897362085,0.009209327754730337,0.003932462867969903,0.016065417515813345
189,0.026720941154081673,0.8543547754518811,0.0670103543712166,0.008928722096466361,0.042985206926354484
190,0.008724129052415425,0.8916514208330555,0.03215524130577551,0.003488215288874362,0.06398099351987904
191,0.00474511936964245,0.03431386493849543,0.005142254192661477,0.0022435690612985183,0.9535551924379021
192,0.00026746073719663096,0.0004278942143233554,0.00017222396196282956,0.00020362427201702716,0.9989287968145001
193,0.009706083081048367,0.0013123728002888912,2.9800144108057067e-05,0.001118314689427782,0.9878334292851269
194,0.040098551995108395,0.0022163301166457957,6.441209598660077e-05,0.0018022803540852957,0.9558184254381739
195,0.01829690898301767,0.002489593122784141,9.156815826532153e-05,0.0019263864254308065,0.977195543310502
196,0.003019155295991828,0.006987357978864773,0.0010592875803594752,0.002446560224243239,0.9864876389205407
197,0.00982923436909913,0.0012692039874865526,2.9462648443367358e-05,0.0008994833093503082,0.9879726156856206
198,0.005756433861205122,0.0007631994239464239,1.909260202489886e-05,0.000618988093771195,0.9928422860190523
199,0.0029358736451627816,0.0005087747773182285,1.662950812582786e-05,0.00026484977391515223,0.996273872295478
200,0.0011726224956410632,0.0002424272179787093,1.9652375534454093e-06,0.000500466500881319,0.9980825185479454
201,0.010657224969753678,0.0008074284122719516,7.861856615333207e-06,0.00048137651988055424,0.9880461082414784
202,0.005210794386383628,0.0003496677406553942,1.8171395528970436e-05,0.00015022925882258236,0.9942711372186095
203,0.02411504910054633,0.0009905503639161253,6.392509947318075e-05,0.0015900839254808612,0.9732403915105835
204,0.0036584851924733137,0.001672451073044253,2.3174620128334122e-05,0.00010352568804053067,0.9945423634263135
205,0.0016594503435564101,0.0015226083580153857,1.3863434201299821e-05,0.00012084785818778986,0.9966832300060392
206,0.0010279604249581729,0.003096057932129125,1.6014187215317355e-05,0.00010685772515788733,0.9957531097305394
207,0.0005702029194588949,0.0016584445968438378,1.2421913404408855e-05,5.805497144817336e-05,0.9977008755988446
208,0.0010415439207597267,0.001776427677812381,1.4797596345334675e-05,6.020767682416762e-05,0.9971070231282585
209,0.012590631659046432,0.005664579977925401,0.000803101680292369,0.0006391446168789258,0.9803025420658568
210,0.00750236670912996,0.0008101058393424683,0.16162980920942752,0.00033492465517580777,0.8297227935869242
211,0.09034770090108633,0.000514711329005818,0.023343662200410988,0.0009958706238397362,0.8847980549456571
212,0.2047468828906176,0.0006180371590334566,1.85565920152919e-06,0.002033670597964364,0.792599553693183
213,0.0017458876328955303,0.0006451343482661204,6.819409378460988e-06,0.0008053394147418505,0.9967968191947181
214,0.006890676934724982,0.0014177316691161108,3.967298481802013e-06,0.002152887093748333,0.9895347370039288
215,0.02595549954287732,0.0016319524062569232,3.662816462457099e-06,0.002956514555270235,0.9694523706791331
216,0.016806224951830623,0.00042900426218666493,2.6845479574354254e-06,0.0019246374307367818,0.9808374488072885
217,0.012193400640168205,0.0005859401929985395,3.205914686584363e-06,0.0036066910401994457,0.9836107622119472
218,0.011978330618499249,0.0006988270640255528,4.32115174139803e-06,0.0036173717746120077,0.9837011493911219
219,0.00951755251235611,0.0010930203758759902,4.757914094501708e-06,0.0037408826308974632,0.9856437865667759
220,0.014176133624246797,0.0006572319191119009,2.7188379070922462e-06,0.005915930855475278,0.979247984763259
221,0.09337377657495748,0.001547082381419723,9.590985682682386e-06,0.00950756263644333,0.8955619874214968
222,0.02154883167856291,0.0034480787131448746,5.523020445576465e-05,0.011104616367770532,0.9638432430360659
223,0.009830553120440266,0.0004434216252275588,1.4314562995881612e-06,0.00355670501891478,0.9861678887791178
224,0.5105473422702171,0.0021298897396758807,1.0908397300326732e-05,0.025147102686349152,0.4621647569064575
225,0.39112271432257073,0.0029485927191798913,3.0917856136381375e-05,0.0608097363389834,0.5450880387631296
226,0.5289618522755564,0.006142011952217915,7.243540741391159e-05,0.14812756199133542,0.31669613837347643
227,0.05717490445078684,0.006151194623125033,4.630045825370329e-05,0.2956422812062352,0.6409853192615992
228,0.33827879717524534,0.01272120784217969,4.9991775376530183e-05,0.574689613640446,0.07426038956675253
229,0.24754759674587748,0.03485841089572723,8.482890430799e-05,0.6866185614443729,0.030890602009714378
230,0.06178506428139121,0.03711639609595564,4.192481924205753e-05,0.8849067452059225,0.01614986959748872
231,0.048298143438933426,0.111096238015443,3.2379977845122016e-05,0.8217262713848384,0.018846967182940124
232,0.09733227367563083,0.05728251003482175,3.518095930510828e-05,0.8248101341687293,0.020539901161513094
233,0.04346234693545619,0.6696995755039937,0.0012932157991719844,0.27914896890210605,0.0063958928592721025
234,0.05148669844699504,0.6402114916111201,0.0004917367044323542,0.2954533685784439,0.012356704659008472
235,0.02826022746986076,0.8222942962070778,0.00671167199245246,0.1285738295108223,0.014159974819786612
236,0.036919720501016606,0.15779319724929336,0.0005604313690871742,0.7354489885729653,0.06927766230763767
237,0.06074144960692806,0.20693495634939033,0.00033080260983525596,0.7159882972117193,0.01600449422212705
238,0.048358849432706116,0.5551343568696636,0.003364103669673577,0.3613806717048534,0.03176201832310333
239,0.12534429575462988,0.4127075282380358,0.0015134630721700942,0.4249405366250255,0.035494176310138494
240,0.03131312285435055,0.6992168922048377,0.0013848854828332152,0.2422803627367429,0.025804736721235684
241,0.07406076477436283,0.35338879845932974,0.000228073976431699,0.5478624189660679,0.024459943823807746
242,0.0588650823633822,0.6356822314989029,0.0034253706870096944,0.25852271262182847,0.04350460282887668
243,0.09024556352119863,0.6429594884547091,0.00020660733224100474,0.21049498380593776,0.0560933568859135
244,0.10057459516657548,0.5921563042664333,0.00011962881424336937,0.24541789801379935,0.061731573738948664
245,0.11463874358970148,0.34124716544718925,0.005318726449704403,0.212205961555111,0.3265894029582938
246,0.3235528708393613,0.11600654786058934,0.00010451497258560321,0.42666437061669754,0.1336716957107662
247,0.07266777158503886,0.5547408607661541,0.009517850919329598,0.1479257604530957,0.21514775627638175
248,0.14964130435576928,0.5467369465031627,0.0012274063751837566,0.23916159002452075,0.06323275274136339
249,0.049722010763043605,0.813658031556257,0.010293115633773837,0.029115517326586283,0.09721132472033928
250,0.11883257745291557,0.035182870448408,0.00020847206089937603,0.014145189973144876,0.8316308900646321
251,0.30153449736645643,0.5273402976311635,0.0008551294904154912,0.047016356958383736,0.12325371855358085
252,0.20093547034962733,0.7487202595868762,0.0007445526192051706,0.00936203151781382,0.040237685926477376
253,0.061842078559991465,0.8904888883917664,0.01195833674731101,0.0029097038124427403,0.03280099248848839
254,0.06452154946412926,0.8896136041191223,0.001792967474861357,0.027597684786625967,0.01647419415526105
255,0.010272278930565521,0.9685759752104707,0.015977304704731226,0.00194183199636918,0.0032326091578631895
256,0.05591823041535863,0.9085045516536241,0.0005629342071970531,0.024402779081537918,0.01061150464228232
257,0.003648993736600831,0.9895120620545246,0.001971546946829663,0.0019050397031445789,0.0029623575589004547
258,0.004397905493323607,0.9905269021783801,0.0005743277491927388,0.0024924392842185544,0.0020084252948850286
259,0.004814265638637749,0.9900966054371934,0.0020772948090757716,0.001654655339060262,0.0013571787760329468
260,0.010539559650361395,0.975364907832403,0.007106087657246387,0.0029538859757771733,0.004035558884212136
261,0.006912439341341451,0.9852929122597464,0.004668752968036125,0.0018776437879019414,0.0012482516429739665
262,0.003696577427086724,0.9624779856492661,0.03139947347925068,0.0007271150189645464,0.001698848425432033
263,0.01005701812691172,0.9762894871194324,0.008694246035384195,0.0027070345810114643,0.0022522141372600174
264,0.00123599155686233,0.34941551728954057,0.6480715398410695,0.00027155467028702274,0.0010053966422404947
265,0.0026680600645320714,0.912790645967817,0.08027975419934873,0.0013825417234805367,0.0028789980448217143
266,0.0014797202139188463,0.7056118016877456,0.2898279876548427,0.0005600394649355339,0.0025204509785574365
267,0.002334939349079146,0.9040670674001371,0.08948241867861699,0.0014724167314689477,0.002643157840697957
268,0.002202622780484198,0.7824154611975768,0.21114668023537192,0.0010800536886474662,0.0031551820979198167
269,0.0010015907269452686,0.6163500945938963,0.3807771094955946,0.0004906025278976308,0.0013806026556662777
270,0.0014986747745182733,0.30199288411111636,0.6949503947726821,0.0002358892853641641,0.0013221570563191414
271,0.0029101884489545573,0.7529138448140733,0.24143465161754765,0.001270862026161077,0.0014704530932635517
272,0.002058933942369243,0.30371463169739815,0.6914746038561874,0.0007618324714178606,0.001989998032627348
273,0.017175309811676944,0.9158338048504191,0.05923665929391033,0.003990817092506023,0.003763408951487657
274,0.045046267625822624,0.9179392316289801,0.016921112239007045,0.005360093126037443,0.014733295380152679
275,0.011037073840900663,0.8780141274698473,0.10731217800389567,0.0018530764090859907,0.0017835442762705093
276,0.04204754197897561,0.8451496958414428,0.05721904649610272,0.005729677925154059,0.0498540377583245
277,0.025844438698678564,0.9691916989220044,0.0013764116243475842,0.0014883640671264089,0.002099086687842846
278,0.016501685187145357,0.8410899684390991,0.134252592823785,0.00328111858131909,0.004874634968651439
279,0.14378001716346503,0.789672200456471,0.00914275984790911,0.0038808641204809515,0.05352415841167405
280,0.22756648461147208,0.4254333757673474,0.0018453657387670528,0.0026562378839012275,0.3424985359985122
281,0.36883659248029477,0.6067554051074566,0.001411048577206382,0.00203209332963869,0.02096486050540351
282,0.13996049053677526,0.8444144231092824,0.003171973039281619,0.0009858934788311955,0.011467219835829637
283,0.032175297004750573,0.9599047266762016,0.004591025912056695,0.0007509357694835826,0.0025780146375072067
284,0.01916645179272702,0.9726629829159534,0.0020342909059992615,0.004187968328704256,0.0019483060566159928
285,0.023936768626134093,0.9600960557929447,0.003916453931407463,0.001690543005178357,0.010360178644335525
286,0.003563364452016955,0.9768008279860093,0.016695205288237924,0.0005829746848364307,0.002357627588899264
287,0.0016988037200167914,0.9274130888567933,0.06816017838514726,0.0007885723344054718,0.001939356703637175
288,0.10886150328605285,0.7906799246198217,0.07281877008267784,0.0030648983865717997,0.024574903624875678
289,0.3539746943426607,0.35438013113308986,0.0027499482395756773,0.003561452249682892,0.2853337740349908
290,0.2134249732165402,0.7576215670737229,0.0019169674298927166,0.002075105656874481,0.024961386622969817
291,0.37611405530003955,0.5860207857015962,0.001085497656304862,0.001446531421857263,0.03533312992020206
292,0.025508723390638328,0.9420938465516266,0.023055468166492555,0.00014008295380266335,0.009201878937439827
293,0.006810654671242442,0.9420757603253131,0.048561013043209325,0.00024626915583641053,0.0023063028043985565
294,0.015372610846812237,0.9504099961828129,0.0256951875751876,0.000916645270956912,0.007605560124230341
295,0.02199598636802267,0.9597954139615239,0.01479752554500763,0.001740418651818361,0.00167065547362754
296,0.0119012279242394,0.9379344306677926,0.046590035503217164,0.0013756144891694324,0.002198691415581454
297,0.006313047673184738,0.8295936949545913,0.15891244189945988,0.0015749233200892116,0.0036058921526747945
298,0.0007473481220378496,0.6822986439623626,0.31568172080584417,0.00039188142218143555,0.0008804056875740219
299,0.00047878192816286553,0.5316244714888348,0.46595272300802903,0.00041603955525114936,0.0015279840197221306
300,0.0022843190547564077,0.4129969325793805,0.576410826495692,0.00152762684658623,0.0067802950235847275
301,0.0027606837512101144,0.9528649836371973,0.04076320270758034,0.0014431924155294798,0.002167937488482705
302,0.0037991820961000337,0.8626755170402207,0.12514329547753603,0.0024804118279550522,0.00590159355818818
303,0.0032327618794256974,0.4881296969935212,0.4998710567755475,0.0009759943829257907,0.00779048996857963
304,0.0014035282237938266,0.5481308718962674,0.4474459578962577,0.0007695917234467559,0.0022500502602344243
305,0.009586704213129365,0.6205763756662404,0.36029248964760124,0.0024042325390551665,0.007140197933973841
306,0.008383602006540085,0.28607094759773666,0.6937016805947261,0.0022987426920976343,0.009545027108899347
307,0.009251668327122934,0.7725931517118697,0.1956270108871977,0.0032295975207095083,0.019298571553100077
308,0.05519905917364233,0.686157052722644,0.22034093632876553,0.005279922828911983,0.03302302894603613
309,0.10540455320856594,0.8356741691869689,0.03635495547954843,0.01201712293223633,0.010549199192680466
310,0.104027420334708,0.7621892574142292,0.08887897211252263,0.0150462616243142,0.029858088514226017
311,0.024232667245209942,0.7567948247460161,0.2039582387437493,0.009434157842646226,0.005580111422378422
312,0.005679139989734335,0.6704466362666082,0.3127635903619217,0.005055732724165467,0.006054900657570493
313,0.033989803835820405,0.7977559604348184,0.13974674162631504,0.01758391662595358,0.010923577477092578
314,0.06857358652325916,0.7721959463214256,0.11724195489960271,0.017656667816079233,0.02433184443963348
315,0.02530077981505338,0.7498724209127166,0.20153733155676914,0.0166518087094374,0.0066376590060237125
316,0.03989530077900859,0.8196049502413586,0.08126909098571437,0.0453518981743627,0.013878759819555508
317,0.016901448852091213,0.7517695938201254,0.20215838544402018,0.02309010156205676,0.0060804703217062885
318,0.027631221075334424,0.6607460197362542,0.266896155464783,0.03251807944504701,0.012208524278581235
319,0.21917019819941355,0.5936287032950179,0.015711019207211595,0.11540597385954089,0.05608410543881614
320,0.05972216007351334,0.6405587772507191,0.0797023625161429,0.07574408248777884,0.14427261767184582
321,0.0768759652436328,0.0683091597479024,0.0009050371502228952,0.026637762416596406,0.8272720754416455
322,0.542214441210607,0.08058387787064754,0.0029079846011317565,0.034593986535372344,0.33969970978224134
323,0.5550923869364082,0.14297959292782048,0.005135001627833123,0.02352861914711551,0.27326439936082275
324,0.3127892783746076,0.4679535491964149,0.005521833973977414,0.06152626764876898,0.15220907080623117
325,0.1610514365172806,0.49232477710306166,0.004988137346730944,0.2998964232096254,0.04173922582330136
326,0.09717456896913056,0.6277673510883687,0.003248747785726055,0.20853724442545815,0.06327208773131653
327,0.18383821558930813,0.17184684842062953,0.00011594763907861736,0.6017420443522329,0.04245694399875078
328,0.13275506117492036,0.4563729407838686,0.00048706077313599803,0.34067080904183905,0.06971412822623596
329,0.17514882035247487,0.3926416768992489,0.0008975380189621016,0.22774560285504053,0.20356636187427354
330,0.063993999495783,0.7558415524836258,0.00022019132880827326,0.16696185337688774,0.012982403314895235
331,0.10709633562258045,0.7743172991232592,0.0015732676475275341,0.09862302207099376,0.01839007553563913
332,0.04024296391944099,0.9006823431244146,0.00048023154802678163,0.032811589019043484,0.025782872389074063
333,0.37992957681567413,0.2816006287714301,0.0011910566028076513,0.1270111457170146,0.21026759209307358
334,0.051103144805746646,0.9319281047445448,0.00011161867501191068,0.010117960445148328,0.006739171329548256
335,0.10485947101802572,0.8349317017178086,0.0010369361503951204,0.02843190529045875,0.030739985823311663
336,0.03332753373868489,0.9489601053185491,0.0028988827258351647,0.00984336818252946,0.00497011003440131
337,0.05322319079419084,0.905920098980731,0.000983243655308025,0.0360063331785274,0.0038671333912426655
338,0.01716373068833873,0.9616659113003321,0.0016896956491962603,0.011631433092138087,0.007849229269994743
339,0.0222154190764244,0.9517585070491914,0.0008992908849238724,0.023570467977408693,0.0015563150120516602
340,0.018043049243779842,0.9039894319334195,0.01719661461142049,0.04625032246388826,0.014520581747492038
341,0.024403668807328485,0.8913439535459516,0.004732998672077929,0.06413607155502847,0.015383307419613263
342,0.014460458091901635,0.920149514481689,0.0021100164465986115,0.0581045326811697,0.0051754782986409235
343,0.05082700281466109,0.5923980623915206,0.001438297703993478,0.3478255284412928,0.007511108648532171
344,0.02997967900370061,0.23271828886252596,0.00039482018590999144,0.7265518707615521,0.010355341186311196
345,0.02500475576358548,0.036850364022745795,6.505794085689447e-05,0.9113635472716751,0.026716275001136536
346,0.027011058485717693,0.011493285355046035,2.03011626258623e-05,0.957840817202259,0.0036345377943514984
347,0.026214626475102646,0.011373062198235133,1.4397461627840682e-05,0.9602927650407604,0.0021051488242739493
348,0.026589468425146454,0.008056685986258806,2.597894725638296e-05,0.9603770259959847,0.004950840645353559
349,0.033579042626807096,0.009349037058823326,2.476706141369293e-05,0.8932924843014892,0.06375466895146685
350,0.05017312864626862,0.005816366964564145,8.317027522865838e-06,0.9214375540086616,0.0225646333529828
351,0.1074653013765522,0.007702416882037181,1.3009424221223706e-05,0.8591624410815755,0.025656831235613888
352,0.20124161638959656,0.041625872366405005,0.00020171798398205685,0.5467245721605385,0.21020622109947804
353,0.39028429059473274,0.010170855517321385,6.33751636435085e-05,0.5274426477806696,0.07203883094363266
354,0.12065097953426845,0.014423892144332059,8.105976915868985e-05,0.3496815925901037,0.5151624759621372
355,0.0021694165034486395,0.0008069197694072357,0.0001159480464472406,0.0011894457255738587,0.995718269955123
356,0.07011047926068689,0.009280356429934385,0.00016696792704568793,0.007206558837246843,0.9132356375450863
357,0.5553422631532884,0.02266746581127716,0.0002882707601344816,0.01489793626065519,0.40680406401464475
358,0.610249340967164,0.05830057274586577,0.00024171527844530353,0.034824847516006306,0.2963835234925186
359,0.23423336987457308,0.26819690502269783,0.0002218574284320686,0.44781128528715364,0.049536582387143376
360,0.19121782771039245,0.04739208722422079,5.917557218286809e-05,0.7238820878953183,0.037448821597885464
361,0.09963843746032384,0.018036182669535657,8.947491321412851e-05,0.8587611488042494,0.02347475615267706
362,0.05466040624637764,0.008096564220386505,3.990621649522602e-05,0.930874632010843,0.006328491305897658
363,0.023803494576824846,0.008047362446618779,4.0054685966552305e-05,0.9657461399460481,0.0023629483445417234
364,0.010412147695681972,0.004972740967025995,1.1090818330094758e-05,0.9834565605296094,0.0011474599893525107
365,0.006381602161243508,0.0050551224197773695,4.1561175215073554e-05,0.986171466548166,0.0023502476955978833
366,0.008733474624402927,0.006374129183136671,7.12606307643385e-05,0.9822750734315355,0.0025460621301605
367,0.006748166486339329,0.0028216410134046404,1.8273493345730122e-05,0.9889216372473894,0.0014902817595210433
368,0.010535869122571267,0.002450662552694419,3.979726701550861e-06,0.9793553043880971,0.007654184209935568
369,0.0676566978736442,0.011698489002024408,4.329610357096473e-05,0.8973817441441179,0.02321977287664257
370,0.08774048286256024,0.005272447902731996,1.7584753688111412e-05,0.8960995779385581,0.010869906542461463
371,0.13833532697585593,0.008090960898808107,2.3458504167019563e-05,0.8495635382343496,0.003986715386819207
372,0.07513187810814155,0.006780597171095589,2.486292926453592e-05,0.9115002334062451,0.00656242838525316
373,0.020350818082549647,0.005456942126806533,1.5721305323600716e-05,0.9701844560227931,0.003992062462527141
374,0.026220942948267822,0.004749014473825973,8.95980730769869e-06,0.9572213547546692,0.011799728015929324
375,0.13242818528066225,0.009689053853146971,1.1645591381161895e-05,0.77038579711154,0.08748531816326968
