epoch,N1,N2,N3,R,W
0,3.310906020690763e-05,3.689669281483113e-05,4.934992731930428e-06,4.355226092953304e-05,0.9998815069933168
1,0.0004907026852847415,4.440609552064999e-05,2.6649434183979935e-06,6.544975190944376e-05,0.9993967765238667
2,0.0057140870623930765,6.986795889971578e-05,4.546290263933645e-06,0.00011943233076271522,0.9940920663576804
3,0.022114199881088682,0.00013298045213305963,1.0901078701002452e-05,0.00019111007594782431,0.9775508085121294
4,0.0292181138397379,0.000531810565784771,5.138639510854778e-06,0.00013005166557214214,0.9701148852893943
5,0.014884647811507532,0.0002670188016818662,3.76225305071514e-06,7.772797367365979e-05,0.9847668431600863
6,0.02156321538624965,0.0004032604477091527,7.060577611454279e-06,0.0002519536226709658,0.9777745099657589
7,0.013152696764535421,0.0003306575366057917,4.9132815975815255e-06,0.00021121355130813928,0.986300518865953
8,0.043143362217429745,0.0003984377491489141,6.968091726496384e-06,0.0003746418211386806,0.9560765901205561
9,0.013926281705195125,0.000331165979777543,2.8205697897884256e-06,0.000414070590794245,0.9853256611544433
10,0.014422832004045018,0.005708156005422081,1.993544233488911e-05,0.0003516834548331857,0.9794973930933648
11,0.0011478054470888282,0.0007654996635992556,3.422547057377473e-06,0.00023969858005887338,0.9978435737621957
12,0.0012165150765113255,0.0017538327006601572,1.2783109545060776e-05,8.144919834579e-05,0.9969354199149377
13,0.0018370961486398802,0.004196311483460856,0.0008764026653060682,9.255030545820485e-05,0.992997639397135
14,0.002666872898817423,0.00021451498101626414,4.641384148497887e-06,6.711783532210783e-05,0.9970468529006957
15,0.12117797916266898,0.10370820659749265,0.000339858894701079,0.005171224378201347,0.769602730966936
16,0.04517140702450621,0.004338015598583747,3.970298612671992e-05,0.001628136016535392,0.9488227383742479
17,0.2074725002053352,0.4322798772067177,0.00037531600967935405,0.002747085938048713,0.357125220640219
18,0.15173792137533706,0.14578227791043502,6.487321481414193e-05,0.015234051798081861,0.6871808757013319
19,0.02530290757172404,0.013156706535001351,5.4905522360199255e-05,0.000289936337969646,0.9611955440329448
20,0.056974093034638094,0.13707155074947924,0.00038482908475282704,0.00199506966063449,0.8035744574704953
21,0.061094813023271646,0.28476247736043947,0.000930194606863595,0.0007614182052283683,0.6524510968041969
22,0.10416990037008796,0.5411949180413086,0.00026459396208784774,0.0015348136216136552,0.352835774004902
23,0.15051192872964994,0.2979160999973914,0.0006372280499329277,0.0014953461694035724,0.5494393970536222
24,0.15674518927046843,0.5943187686425508,0.00020984328785102598,0.0010995146183936041,0.247626684180736
25,0.16333978364334065,0.730589655335819,0.0005460082723744718,0.002307667413852341,0.10321688533461358
26,0.047027987140075465,0.9171157356087141,0.0015585546768581288,0.00033879866442694425,0.03395892390992532
27,0.07066362562149085,0.8906061500450161,0.0014409198676496697,0.002568644884510674,0.034720659581332775
28,0.027494913987289035,0.9608943371990188,0.00196481333901473,0.0003821721400918588,0.009263763334585591
29,0.035456171808986456,0.9304031549699252,0.009953577964035228,0.0005030058290100067,0.023684089428043086
30,0.03284653350639524,0.9547046551327216,0.0012706235555378352,0.0009371671799803281,0.010241020625364984
31,0.021388225531549246,0.9541248038085909,0.004730422332595426,0.00028032436999324674,0.019476223957271107
32,0.18719874867393574,0.7690119241096588,0.0006417953813777056,0.0019876448329789673,0.0411598870020488
33,0.0120443993162653,0.9719887736878031,0.009007288665037924,5.418983224030488e-05,0.006905348498653284
34,0.10514940013848738,0.8623503432572023,0.0038987478321920823,0.0002345841348362343,0.02836692463728194
35,0.07365472118924518,0.901541474113569,0.0045402156158217055,0.00025033707731205986,0.020013252004052014
36,0.013077847555631739,0.9745560134620044,0.005798130488241551,0.0001037720197490656,0.006464236474373063
37,0.016654482626213787,0.8373623224819476,0.13540477881810997,8.05518086039788e-05,0.01049786426512453
38,0.018916723130654914,0.8709697505249548,0.08899430316542754,0.00015636377076051034,0.020962859408202025
39,0.01893258480010893,0.9610919537407039,0.013108129235423992,0.0006440539404785174,0.006223278283284738
40,0.017080037774743075,0.7830953067791283,0.18424297087914454,0.00019193944185074267,0.015389745125133247
41,0.00827821134906832,0.8172616643218571,0.16910274612760762,0.00016860174768227392,0.005188776453784822
42,0.004047739643375405,0.7074568099585432,0.28282147874549046,0.00010118998462541985,0.005572781667965531
43,0.004050626755814833,0.47142553728490505,0.5173909515314616,4.8085144158133894e-05,0.007084799283660372
44,0.0023910568896716167,0.48828922285817694,0.5039846686143683,7.762175248495717e-05,0.005257429885298188
45,0.002452491135511632,0.31440223782523685,0.6749749781529015,9.348194995130056e-05,0.0080768109363986
46,0.0027714373406281826,0.34961815314221206,0.6391220200888726,8.30872573140114e-05,0.008405302170973216
47,0.0021812340325504595,0.2226808283359804,0.7692533277209164,6.978381548801057e-05,0.005814826095064828
48,0.005359868961731583,0.48187070160037465,0.5050339842457657,0.00010945248470674929,0.0076259927074213635
49,0.006189450502697737,0.5506034440191224,0.43295439332308855,0.00017090149776988997,0.010081810657321446
50,0.0034985222028739117,0.3644679744816258,0.6233850329764886,0.00016575323212461422,0.008482717106886938
51,0.005954889307352818,0.505637556826386,0.476890405539618,9.895575411862747e-05,0.011418192572524705
52,0.00219594877310517,0.13710150625812872,0.85673676481924,0.00010769649703264229,0.0038580836524934304
53,0.017377024560836955,0.510679724538847,0.4575894697028036,0.00028787036017484396,0.014065910837337634
54,0.004248109198775002,0.16613833751438925,0.8182384035365581,0.00011674589003497657,0.011258403860242704
55,0.0027864212310491376,0.16921086645869612,0.815113078384258,0.0001174156352333863,0.012772218290763367
56,0.003413467817632194,0.23575242166377106,0.7479824706041616,0.0002819238918069276,0.012569716022628389
57,0.0022309065369938205,0.13097541029393917,0.8521161275934787,0.00024501239452762066,0.014432543181060476
58,0.0026854089753850893,0.23047682654216292,0.7480272692174015,0.0004126692144712514,0.01839782605057927
59,0.00756395215602518,0.3105168015556818,0.6509698171307122,0.0005091822078952838,0.030440246949685466
60,0.017461001823789075,0.39914312684498165,0.42660486150476734,0.0004487681220792468,0.1563422417043827
61,0.11746903566293247,0.38183437378434404,0.19278033757284488,0.000893295835275605,0.3070229571446031
62,0.019346584614538788,0.6276907090018072,0.32557812504931133,0.0003443711748601711,0.027040210159482585
63,0.20444676739399792,0.5145547271409917,0.007378840238299933,0.0016422547804498021,0.27197741044626067
64,0.04061805049827416,0.5597213169132765,0.3794209978535772,0.00023806114238659735,0.020001573592485656
65,0.03572626998077318,0.8112048612116162,0.10228522856179886,0.00041874497999159246,0.05036489526582023
66,0.013169706445484012,0.5181434371810235,0.4447733408031136,0.00022759720333445738,0.0236859183670444
67,0.006235375319213962,0.4338795111163454,0.5454018729437536,0.00028732502480882443,0.014195915595878144
68,0.006298695837937828,0.34635799184723554,0.637108071919842,0.00011730453365325855,0.010117935861331497
69,0.005344898928876366,0.4588305885855808,0.5236669291176498,0.0002738076498304641,0.011883775718062536
70,0.0012563398626769375,0.14937770057811378,0.8442684214862454,0.00010261582574943418,0.004994922247214448
71,0.0016634871318991077,0.28040970274425076,0.7140206592541721,0.00011277476126446362,0.0037933761084135227
72,0.002276844998014423,0.4180772191311157,0.5758299959427783,0.0001265409155709739,0.003689399012520559
73,0.001259267260583655,0.22741433336840644,0.7668849875457784,0.00014485820217733473,0.004296553623054181
74,0.0020561267081463243,0.3114522825641569,0.6804553436694123,0.0001926689498888952,0.005843578108395565
75,0.005227667175949626,0.30985998847343016,0.6786530124158289,0.0003981195117073598,0.005861212423084004
76,0.003705337194030029,0.16369985141816343,0.8283600287557146,0.00030913085412531205,0.003925651777966567
77,0.0016808712228619754,0.11407423046710206,0.8800812536247997,0.0002345687700418968,0.003929075915194424
78,0.005086034926146813,0.2486037462191991,0.7372074113905719,0.0006363665656315423,0.008466440898450726
79,0.0009430094718244933,0.1019415163029453,0.8928356211961535,0.00026990328147675997,0.004009949747600179
80,0.005646007737308576,0.18841131169749312,0.7797412102805641,0.0009955050286005753,0.025205965256033778
81,0.03676621259173742,0.08440376718819463,0.020392507157441984,0.0012778595411902457,0.8571596535214356
82,0.07459577133317624,0.389919674313569,0.12618172994308177,0.00315224101095837,0.40615058339921456
83,0.07066954911709311,0.11340501150589812,0.004616769082868532,0.0006565222838462607,0.8106521480102941
84,0.13485196019748227,0.48523728748844275,0.01028998325534656,0.00030296072498240447,0.36931780833374594
85,0.06875602089636414,0.8962338900969825,0.014642398050004614,0.00014065734257064482,0.020227033614078085
86,0.09492469716317926,0.8926281098430979,0.005612137282526992,0.0002828000237251999,0.0065522556874704745
87,0.02876866641786006,0.9519590095058889,0.013334775280762996,0.0002722416299953337,0.0056653071654926565
88,0.011276388466287639,0.9196936294943688,0.06556668389026045,0.0002864806210548405,0.003176817528028459
89,0.0061442152021105225,0.8096959127008584,0.1806501316949791,0.00021216888220325898,0.00329757151984866
90,0.006684227414485971,0.822820417720656,0.16566873994009784,0.0003924618868828487,0.0044341530378776434
91,0.007069510917600771,0.7975434591100754,0.1909448171974276,0.0003007927832735219,0.00414141999162272
92,0.0036671617128689418,0.7936404108339951,0.19854779837593176,0.0001655194202689156,0.0039791096569352265
93,0.006564954524167442,0.8460863954613653,0.14171679455709044,0.00018533073187068077,0.005446524725506134
94,0.004169635831611375,0.27835152419412124,0.7080546294330134,0.0002673394711250255,0.009156871070128844
95,0.0061689471473108295,0.3713913503847294,0.6130718046350211,0.0006927019215584631,0.00867519591138031
96,0.005713576863467592,0.3850679808966293,0.5947846727937289,0.0008252444656138925,0.013608524980560335
97,0.011068063677560983,0.4916985811125439,0.4654318688207831,0.0022504818354088713,0.02955100455370325
98,0.17810801722222944,0.5611140725973652,0.046055066260303895,0.003870741292286628,0.210852102627815
99,0.16426327758101417,0.7103793677972927,0.04027868845307475,0.0026741168342513336,0.08240454933436688
100,0.22575923879378787,0.7060443274603406,0.04356403650158996,0.0023734609345180927,0.022258936309763312
101,0.1370876474580212,0.7319694351758654,0.09256355620795995,0.001158535544172707,0.03722082561398071
102,0.03659470717985627,0.7865393198261093,0.15962975133836244,0.0006643499498415906,0.016571871705830625
103,0.013785437784533278,0.9068363165489595,0.072697546992313,0.000584954950931517,0.006095743723262877
104,0.005128443762348426,0.7132332659825601,0.27517972809206104,0.000492494466676559,0.00596606769635378
105,0.005912128882305541,0.6611729946381458,0.3270914396678165,0.0004934869604302749,0.0053299498513017865
106,0.0020744624962133512,0.6553664988283446,0.33852478068336267,0.00044937003385822546,0.0035848879582210335
107,0.002876886145775194,0.5393712638936627,0.45141792969404554,0.0006258477035690196,0.005708072562947409
108,0.004555961243511794,0.3954286189099649,0.5921855234095894,0.001334767365103184,0.006495129071830711
109,0.04363835632596059,0.5664629594837619,0.25009633301234924,0.0016634931928896982,0.13813885798503855
110,0.021640605172217154,0.506471507776314,0.46440955106335347,0.0007494282920014305,0.006728907696113995
111,0.007873853428632952,0.3736179989879209,0.6141327898426778,0.0002207121976225299,0.004154645543145678
112,0.005914249599242174,0.27001899848128946,0.7153932222931703,0.0003333681616881602,0.008340161464609851
113,0.0014947109139807977,0.1638057539869452,0.8292834202493856,0.00020492902714202836,0.005211185822546243
114,0.0022982208939207067,0.1963951919850098,0.7941157396753864,0.00030137217562006336,0.006889475270063147
115,0.0040984865089433815,0.29573631503720277,0.6899252846860776,0.0004820888613631671,0.009757824906412997
116,0.0022866231514058867,0.20879262174874982,0.7841478880122998,0.0005142160002147396,0.004258651087329647
117,0.0012207924258168228,0.10938332987075004,0.8849214029378535,0.0003086748089725342,0.00416579995660716
118,0.0009159620988196642,0.07292481746423994,0.9236982980350579,0.00016850869082382753,0.0022924137110586404
119,0.003837894703896172,0.19563540364290607,0.7901352826831115,0.00047834557923870597,0.009913073390847542
120,0.003925686162824868,0.13391137238394782,0.8550514573709215,0.00047513370726947983,0.006636350375036272
121,0.001829444883409993,0.14498701440531636,0.8490410020134803,0.00032928168137209,0.003813257016421211
122,0.003336005436009528,0.22898645992962627,0.7619049779648229,0.0007066576223339193,0.005065899047207363
123,0.0009043445743088411,0.12220506483326478,0.8748559755873679,0.0002649541836328286,0.0017696608214257722
124,0.0037866876132367873,0.2761108587688043,0.7127320200359258,0.0009475270866105799,0.006422906495422607
125,0.0023524946524805333,0.1646544280522065,0.8295708344528022,0.00037455644475762126,0.0030476863977530757
126,0.004714115872333582,0.2730503304372619,0.7162639884254346,0.0012964767701542563,0.004675088494815567
127,0.009985680013137644,0.326446059473531,0.6566865012975313,0.0008910047652074059,0.005990754450592482
128,0.0052018829703364714,0.2713744369572417,0.7161460977765995,0.0011154974180456801,0.006162084877776561
129,0.013945167050719598,0.33939153461355254,0.6295108513089269,0.002667271714489442,0.014485175312311463
130,0.016374641876934333,0.37470697489788385,0.568411619427121,0.001503956753976977,0.03900280704408378
131,0.023010603101728113,0.5871382038719795,0.37170232493866795,0.0036582465805438395,0.014490621507080474
132,0.05619536401189018,0.5980601362152597,0.16440133008249078,0.0032097529230400365,0.17813341676731936
133,0.06710146605740597,0.7029902688369307,0.20357968836870213,0.0030481051633967143,0.023280471573564467
134,0.02085209298225514,0.3870235515147089,0.5778637957032534,0.0016491221051981202,0.012611437694584388
135,0.014826564753034534,0.5958177801827489,0.3800366846772978,0.0009607948072320801,0.008358175579686721
136,0.022507053208479184,0.4606051293990488,0.4940700616926278,0.002273381786309828,0.02054437391353444
137,0.002896550347421649,0.3260300166616254,0.6653061684339133,0.0004975615568720059,0.005269703000167568
138,0.004281382544570522,0.4960433700301122,0.49584177277469704,0.000437797476177461,0.0033956771744428627
139,0.006374109680444851,0.2534358399455964,0.7305873752639057,0.0009254366619446947,0.008677238448108457
140,0.0022441807180846552,0.37498004747703023,0.617249245879818,0.000565727826642074,0.004960798098425002
141,0.00272282539302411,0.19596135011753266,0.7974510722279124,0.0006905091124515551,0.0031742431490790926
142,0.003222590122364055,0.366737948604738,0.6263187006605958,0.000558964537683701,0.003161796074618529
143,0.0015788053973620196,0.1536845195719028,0.8418402753127955,0.0004219911924448143,0.0024744085254950372
144,0.001215077132586805,0.1428062652256021,0.853535657481637,0.00031360700832013487,0.0021293931518541606
145,0.0017305423206014619,0.19388138550655948,0.8002300676031332,0.0004575081038893273,0.0037004964658165257
146,0.002054553967860474,0.11748093375951467,0.877716881746611,0.0002917808379191612,0.0024558496880947643
147,0.0014591016248090966,0.12488329484394745,0.8709468858162059,0.00031130411922230297,0.0023994135958150704
148,0.0025582341103174283,0.1625004943202116,0.8302251672641835,0.00068484326631767,0.004031261038969641
149,0.0020213685312903246,0.1294641018758215,0.8661352980326172,0.0003756233422042494,0.0020036082180665783
150,0.0010729730812987603,0.11838702855861849,0.8788721050237399,0.00029215093623282415,0.001375742400110116
151,0.003104979929592484,0.1444898271550315,0.850274824563968,0.0003735362610693528,0.001756832090338716
152,0.0003706966333134468,0.06382628458560777,0.9347297837888465,0.00012731643211682782,0.0009459185601154758
153,0.0012757178998953236,0.06866691738999059,0.9286946019255383,0.0002737121547036892,0.001089050629872172
154,0.0005755748699365059,0.05264069738012002,0.9455457913425042,0.00020543652773312353,0.0010324998797062723
155,0.0008107018152493593,0.06298181513249285,0.934782343742266,0.00022140841160598937,0.001203730898385848
156,0.0004241250398358405,0.042694854010593426,0.955920472017131,8.684660043531525e-05,0.0008737023320043926
157,0.00048457633624500977,0.04487453822698749,0.953473793392452,0.00010939192544217413,0.0010577001188735076
158,0.0006426604103823102,0.05612070778742181,0.9420588249627927,0.0001032914482063045,0.0010745153911968651
159,0.00016789174113161502,0.03875442069068193,0.9604729684416118,7.59472324454614e-05,0.0005287718941293312
160,0.0008446897205234142,0.14452778289191096,0.8527273317705207,0.00022814119317977595,0.0016720544238651304
161,0.0006524175668179795,0.08496499644418984,0.9128123312872197,0.00032611818871179833,0.0012441365130607738
162,0.002122571068122771,0.0749072602368521,0.9174199626861089,0.0003114197880101501,0.005238786220906085
163,0.0011209935610529674,0.08638249462554479,0.9105685209267729,0.0003319163165496531,0.0015960745700798111
164,0.0012100783555965694,0.07459406199826712,0.9226533152446212,0.0003312282589201458,0.0012113161425949446
165,0.0012418805464763654,0.08961862890308148,0.9066900742023929,0.0004462590436115807,0.002003157304437564
166,0.0033278249168193514,0.18468773410673364,0.8070050264092226,0.001096459940422511,0.0038829546268018553
167,0.0015672891888458287,0.07461029951237365,0.9198981073248605,0.0005065793540746835,0.0034177246198452073
168,0.005412173664412794,0.15268703604319345,0.8359233125902398,0.0007950061964333115,0.005182471505720646
169,0.002809603503498787,0.1281130771160894,0.8647474575705995,0.0004473313293753083,0.0038825304804370195
170,0.0018062806610044683,0.09283851585347738,0.9027294013734384,0.0003886558209108481,0.0022371462911689507
171,0.0010976679137631145,0.09338840791218063,0.9027942444518465,0.0002451269566549515,0.0024745527655547217
172,0.010948055742591535,0.42574373486990363,0.5477253918163654,0.0016737437122254315,0.013909073858914055
173,0.005091075637742803,0.2387021307998257,0.7502772834662351,0.0013215241654592443,0.004607985930737076
174,0.00459217133394837,0.1143964869928611,0.874146392960296,0.0038129203185731484,0.0030520283943214106
175,0.008491264333193431,0.15404011380592766,0.8285754566053158,0.002134961903598174,0.006758203351964978
176,0.007328591666457285,0.32512302404395454,0.64322506462693,0.009001413749749325,0.015321905912908766
177,0.010163375764228747,0.41920099615672185,0.5325338362990538,0.008194878652539291,0.029906913127456258
178,0.015275263365281814,0.29000669231561543,0.6057338962393363,0.011210838620408824,0.07777330945935772
179,0.004233297882303367,0.014430432463834797,0.003145077664042876,0.0028220688954738115,0.9753691230943451
180,0.017936935533820485,0.07725869963426996,0.012922868565549634,0.006698865374809581,0.8851826308915505
181,0.0511022328031606,0.03887076271526833,0.00029961532504939765,0.012953949156672149,0.8967734399998495
182,0.0016660161442597742,0.002027757649772256,0.00021673128376689866,0.0004059084869898479,0.9956835864352113
183,0.004510907721824665,0.0027267075237122243,0.00030875887821266976,0.0005225535942932144,0.9919310722819573
184,0.01072889281672281,0.000823713514647377,0.00043026148561453874,0.0005753123467066465,0.9874418198363087
185,0.020359410902280457,0.001066079979200018,0.0002035141846049805,0.0009963278553771727,0.9773746670785375
186,0.11604199843436717,0.0045554254051225216,0.0006075060328048743,0.0024306494129207527,0.8763644207147846
187,0.1971194980701029,0.008944661364507788,0.0011372730511332292,0.005533179169276388,0.7872653883449796
188,0.09605046715810174,0.004778474335791848,0.00015674215824741514,0.019204938035061434,0.8798093783127976
189,0.05096491295221735,0.03351648572425574,0.0006383959402570561,0.04444205713703269,0.8704381482462371
190,0.04966551321327509,0.005744209410018747,0.0003972854671297147,0.016557447330701306,0.9276355445788752
191,0.31438161430237227,0.06456469021822224,0.0003700172742697957,0.3763550882041306,0.24432859000100524
192,0.1291908231529873,0.048521531696767047,0.002474028668777146,0.3133742697204722,0.5064393467609963
193,0.025911277089613275,0.00613772963421724,0.00018963721325107903,0.9524893745478933,0.015271981515025231
194,0.0036319800479067163,0.00541600183413894,5.961387400706967e-05,0.9856625737860838,0.0052298304578634125
195,0.013706815063491992,0.008795310610193815,8.218422216011657e-05,0.9364141026361441,0.04100158746801008
196,0.007169307209516339,0.009495862418145366,5.092628836073937e-05,0.9625356027166753,0.02074830136730217
197,0.006862796047448944,0.004484375372394465,2.9203087361817495e-05,0.9661925292158661,0.02243109627692864
198,0.013953440470988562,0.008516589079601776,2.3338702235663183e-05,0.956547095165703,0.020959536581471004
199,0.01539344766575032,0.005171682156618435,1.4424053090414553e-05,0.9394639708410066,0.03995647528353399
200,0.02651572470275213,0.007408579440169742,1.6616499212284593e-05,0.9476749351306314,0.018384144227234556
201,0.008144270991850543,0.0030908002151897743,6.426940245500841e-06,0.980013097625435,0.008745404227279228
202,0.031657890868867535,0.0061237427855889,2.093960998119188e-05,0.9467746661007408,0.015422760634821736
203,0.0329748575051885,0.006404115750494209,2.4903423424520857e-05,0.9405448599421565,0.020051263378736296
204,0.04540191239077147,0.0051097509979824585,2.7057183919538286e-05,0.9371315521625206,0.01232972726480602
205,0.05396021682736231,0.010149278989897165,2.8191464819817495e-05,0.920547126106644,0.015315186611276685
206,0.02881213581953129,0.008089321623541005,2.326310523976492e-05,0.9508118504508014,0.012263429000886464
207,0.027015421371984333,0.010696480950103456,1.2114836060623406e-05,0.9518458570098985,0.010430125831952991
208,0.03092397324865365,0.011096071101695882,3.9754132379938594e-05,0.9310378225939965,0.026902378923274094
209,0.045649424140557573,0.013398277048978386,2.0181638918711752e-05,0.9226417253907397,0.018290391780805656
210,0.08731559832330273,0.020858549570084442,1.886848860780072e-05,0.8679713871690893,0.023835596448915787
211,0.0599918274058478,0.01048291321738176,1.493309310946801e-05,0.9071918800323225,0.022318446251338536
212,0.06900076301134356,0.017027619624760442,1.677592069998948e-05,0.8704648831362078,0.04348995830698836
213,0.032757333955497944,0.0404712644983987,5.05681540954719e-05,0.8455296797918084,0.08119115360019938
214,0.0496466775277304,0.017632371112771286,1.1221574791316235e-05,0.8991758614820332,0.03353386830267366
215,0.062434921979345956,0.012075885328830567,1.0775881586882757e-05,0.8993350353924782,0.026143381417758498
216,0.10065707022153308,0.01924918091132844,2.4098376351577946e-05,0.8018041444387376,0.0782655060520493
217,0.08299953410481789,0.01267531588815669,2.8078160572210687e-05,0.7237873277877419,0.18050974405871142
218,0.006832969172085364,0.009708349006672796,0.0006364084634086244,0.02849554272328549,0.9543267306345476
219,0.3216048060326035,0.03899805969548203,0.0001633666678511876,0.21711136081507634,0.422122406788987
220,0.5536523953002239,0.032128724142958455,0.00015851845865194644,0.28171875749448033,0.13234160460368513
221,0.5525476577048023,0.029431622775848494,0.00011699802259074658,0.1885074772285564,0.22939624426820213
222,0.25009640758003227,0.04621580098989474,7.480094710543046e-05,0.6622703529497391,0.04134263753322848
223,0.1534529264853183,0.160453497960686,0.00015197455801501392,0.6091814453656736,0.07676015563030705
224,0.35360031554947463,0.1431397182769521,0.00014723608909135408,0.41004066623418745,0.0930720638502943
225,0.14693194084370656,0.539152120090429,0.00015481497261000835,0.29921608653929466,0.014545037553959786
226,0.22298671284128438,0.29756671516355526,9.710185981651623e-05,0.46753036698339395,0.011819103151949863
227,0.10705003888314893,0.6296148417748135,0.000341549100432067,0.2478753341397077,0.015118236101897773
228,0.13226779315368006,0.4505936500880438,0.0002086774607535801,0.4028979015280076,0.014031977769514965
229,0.024445988441686505,0.8725181334160552,0.005727416454655597,0.09127172362646095,0.006036738061141579
230,0.16010909778068005,0.5280510728321683,0.001095269129271129,0.2629673179529123,0.04777724230496829
231,0.07307330047621508,0.7285662709181195,0.0007067248815963839,0.18756744853741908,0.010086255186649911
232,0.03767553423597705,0.8840367363624722,0.000933581642102996,0.06930597064064359,0.008048177118804116
233,0.3177317113857148,0.32809571478597843,0.00018909383734629307,0.335016061447655,0.018967418543305515
234,0.10225269638504209,0.7487731070659981,0.00028216757894058286,0.14219256473772016,0.006499464232299058
235,0.0733619270179901,0.7818891862128153,0.00010184227577875915,0.135646285840438,0.009000758652977852
236,0.06721886589990297,0.8906958991081002,0.0003526257777678931,0.03464481085726669,0.007087798356962162
237,0.030880521382339605,0.9356317900583315,0.0012475878780565943,0.029748130851681362,0.0024919698295908796
238,0.05137857704303882,0.8956373384956319,0.0007759664819373702,0.04877450050206411,0.0034336174773276916
239,0.04373156019433887,0.8806952937696232,0.0005302078932126718,0.06950474810901566,0.005538190033809496
240,0.07971566904631916,0.8306628259931145,0.0024199889895719063,0.07894675478752226,0.0082547611834721
241,0.022956392211288524,0.9344109000152292,0.000645001116803096,0.0395736889156936,0.0024140177409855573
242,0.07922317125677293,0.8434231744476087,0.00091989455508675,0.07146892159267529,0.00496483814785644
243,0.0653343400269626,0.8994502778387063,0.004405008653485746,0.019093023671184036,0.011717349809661172
244,0.16074561637376167,0.7671735004120525,0.0008135150134375867,0.061085970811360295,0.010181397389388126
245,0.09969161781857613,0.8638559835579901,0.001272166967156608,0.02919423017829649,0.0059860014779808705
246,0.12386480132350572,0.8364008045908969,0.001051484661848496,0.031458630202841266,0.007224279220907657
247,0.10407472501134368,0.8629940418830432,0.0012371175003412138,0.02315350525997465,0.008540610345297175
248,0.024985639157380606,0.9651618981782771,0.0013805453539345544,0.0056662344034437845,0.0028056829069637314
249,0.008032411072758174,0.986561264611769,0.002993339616878431,0.00041339394679528537,0.0019995907517989953
250,0.041581642150245283,0.9521998822712519,0.0012931661345573645,0.0017796606362777188,0.003145648807667807
251,0.05388133925832944,0.9332100040300869,0.004679723589299571,0.0019275065807518726,0.006301426541532316
252,0.015245552519358632,0.9781807383268156,0.0011106862799103103,0.0020334494709521225,0.0034295734029634087
253,0.027698710718861395,0.9621184366704597,0.0045613102857404155,0.0012687100803342457,0.004352832244604284
254,0.030427927563689342,0.9614239702714414,0.0027478496796211715,0.0019563390220846528,0.0034439134631633196
255,0.015743986213475312,0.9800447281573682,0.000516262770292838,0.0017804632930945893,0.0019145595657690613
256,0.033784276939235684,0.9544991423659396,0.004155342648221168,0.0031829176202438957,0.004378320426359711
257,0.007497897671526002,0.9823727934001232,0.007002140746717942,0.0007268579441191692,0.0024003102375139544
258,0.03209466497185426,0.9544757943747335,0.004783621676152776,0.0023709780845245073,0.006274940892734641
259,0.011657947958829408,0.9619984246993114,0.01570945495479246,0.0018910962335717363,0.008743076153495153
260,0.018454762289511806,0.9699340699386971,0.004796298256385792,0.0010025197238664046,0.005812349791538809
261,0.018791471445963225,0.9722352182965537,0.004303071944853304,0.0011344872580477706,0.0035357510545818618
262,0.008699199592988873,0.9148926126184284,0.07121937247097089,0.0006090279167790498,0.0045797874008329485
263,0.012077787600923415,0.9539807003607721,0.028167649013486087,0.001500777860398673,0.004273085164419698
264,0.0186510677531374,0.9639640157153508,0.00931416370183877,0.0028848779111408894,0.0051858749185321636
265,0.01668221549876729,0.9529720232731314,0.02059603331875598,0.0019112099003583565,0.00783851800898712
266,0.007560961017011016,0.98233852580661,0.007032861450739517,0.0007446203109984067,0.002323031414641015
267,0.005281833891549462,0.9400645003450108,0.048822252902870275,0.0003457062314422924,0.00548570662912736
268,0.01804381685790657,0.9461564643335391,0.028346242235997503,0.0011694316268116914,0.006284044945745172
269,0.013901222262400663,0.976680163714414,0.005512685793942287,0.0015024588274939578,0.002403469401748915
270,0.008021174485472068,0.9581010464856647,0.027974036418814643,0.0005312611774522589,0.0053724814325962055
271,0.009215786321866473,0.8759040325660936,0.10943451354254263,0.0007272233277651191,0.004718444241731947
272,0.005935624120483323,0.8768562250612768,0.11156102447457163,0.0007337775079345344,0.004913348835733561
273,0.012541559579814796,0.9694916018430403,0.012330582795374074,0.0013741882034612946,0.004262067578309499
274,0.007005905709075754,0.8569346150948371,0.12809063558462758,0.0006601467037106386,0.007308696907748926
275,0.013495171235683756,0.9623882156433279,0.018056402927519262,0.0009450516126083183,0.005115158580860942
276,0.0035697970312457477,0.9045378858337774,0.0897296723413019,0.00029778455308027336,0.0018648602405946775
277,0.004035677836497933,0.7919965082477903,0.19887727290832444,0.00041449691742973525,0.0046760440899575925
278,0.007576762231648958,0.7764300402889456,0.2091456004455676,0.0010964547257316928,0.005751142308106268
279,0.004202870467206929,0.7731882638937932,0.21657001006702406,0.000609442838849804,0.005429412733125785
280,0.012898457549310426,0.8559388909936803,0.12073385812645815,0.0014080586096284985,0.009020734720922585
281,0.00845722242054479,0.7396861040445093,0.24146256356658904,0.0007404767026635565,0.009653633265693198
282,0.014844533438451716,0.6984651284968404,0.2796145696864777,0.000788799763144262,0.006286968615086173
283,0.007865910671090484,0.6160740418119078,0.36665237184489957,0.0006835663580451325,0.008724109314056783
284,0.017397537645185975,0.6471166857854643,0.3211984395197352,0.0017708563022239172,0.012516480747390516
285,0.004856420949479245,0.49682653952028266,0.493591898837474,0.000784177978777208,0.00394096271398698
286,0.014036250294478986,0.4601102218460625,0.5093613319646861,0.0027342543040158067,0.013757941590756518
287,0.010203367691082195,0.3165219201249833,0.6621122396651523,0.001497885866884396,0.009664586651897813
288,0.013008288717311776,0.7260263375363443,0.25212118109319104,0.001506197429320311,0.007337995223832754
289,0.0329131731235525,0.6420718801346299,0.3146791451431139,0.002384354492935972,0.007951447105767713
290,0.021127056186486956,0.6120342497292126,0.356924528461914,0.0022677153570532403,0.007646450265333038
291,0.004467074981528132,0.2911201182777575,0.699393547952881,0.0012401814631761196,0.0037790773246573176
292,0.0074019675338303035,0.5337636770486208,0.44906270285480704,0.001735156711304113,0.008036495851437602
293,0.009013572318330804,0.5804126983128288,0.4023584035638174,0.002055685576017709,0.006159640229005279
294,0.008695718315095143,0.4367814342642979,0.5465210324807147,0.001610234478217905,0.006391580461674385
295,0.003025647441121887,0.3220926347600123,0.6709915567438364,0.000980637934651956,0.0029095231203775432
296,0.007869301742239342,0.5803152195980247,0.3920886956703403,0.002469273685786705,0.017257509303608965
297,0.005929384591749174,0.4030408118697679,0.5844229714983278,0.0013449070341466243,0.005261925006008461
298,0.010667828760430978,0.5745487207561044,0.4065218501778346,0.0023104574977874984,0.005951142807842467
299,0.006852746111248589,0.37299525469954015,0.6134775849957519,0.0021539985149239913,0.004520415678535238
300,0.005071939447802108,0.6132866984486659,0.37505867290224604,0.0012220356496710268,0.005360653551614904
301,0.003511522599891546,0.27251574552116015,0.7179102192579971,0.0012244987739841082,0.004838013846967101
302,0.014661673784299955,0.33849172414944145,0.6164688425599552,0.005807287919150371,0.024570471587153045
303,0.013776825774947049,0.4602438547870194,0.5119235764970331,0.004173610777661163,0.00988213216333915
304,0.012387781710280038,0.5536343923401216,0.42362346949584767,0.003428477623141167,0.0069258788306095715
305,0.011992939666014705,0.5632354785056866,0.4133868519180116,0.002568854026008114,0.008815875884278908
306,0.01310973219709076,0.615885742408989,0.3618719676020525,0.0028175466475574428,0.006315011144310309
307,0.004149235303016396,0.3294723701177852,0.6607644062921088,0.0013199424249788643,0.004294045862110732
308,0.011112266726007717,0.4958775994422827,0.481510663084725,0.0017454290216965067,0.009754041725287987
309,0.0036659056253456244,0.41199757715030394,0.5774371326982654,0.0012070273021996636,0.005692357223885355
310,0.015212676257785435,0.626568003371718,0.33289799403061393,0.0032345622113257753,0.02208676412855693
311,0.00806753376571679,0.4018630639648755,0.5786297408186194,0.0021754100329405774,0.00926425141784769
312,0.008903400142107817,0.4194617891168624,0.560212731352972,0.0028300491655179486,0.008592030222539807
313,0.011470642750308497,0.2578579335156324,0.7183441294066236,0.003707120310894704,0.00862017401654074
314,0.012249236593015158,0.49841749833581905,0.46817694158830625,0.005494419601246531,0.015661903881613044
315,0.048385511319986356,0.5603945649586263,0.3123126315048185,0.016372650708693454,0.0625346415078753
316,0.01491409920772991,0.637119438983866,0.3339593450114632,0.005348753847040872,0.008658362949900054
317,0.024271276384181313,0.7039401372412639,0.23658601221687708,0.013376954709047055,0.021825619448630595
318,0.03971450247079217,0.6807506360656559,0.21580631263996605,0.020391459924904314,0.0433370888986818
319,0.05957802321321206,0.8081289387378569,0.08525815450730384,0.020133874416931367,0.02690100912469579
320,0.03701082666209276,0.6223903249677512,0.2935572814281486,0.02982056019312907,0.017221006748878404
321,0.05542502798353652,0.7044160679407695,0.18516731887534194,0.0314881114037431,0.023503473796608863
322,0.10989328041459563,0.12818477824625413,0.02630018580274109,0.023866850778686232,0.7117549047577229
323,0.19959580333787047,0.6321995181217294,0.11685711659220659,0.02704858376902572,0.024298978179167697
324,0.03467494111460914,0.8276982897031692,0.12436582402145542,0.005179456417864225,0.008081488742901988
325,0.03391998980804562,0.8978179323135765,0.05232584458596317,0.006928530690423599,0.009007702601991081
326,0.011783210327408542,0.8464507038649975,0.12262097823377986,0.009692521414770401,0.009452586159043729
327,0.01931394174595046,0.7690076449408135,0.16873175718049924,0.018686475998095746,0.024260180134640853
328,0.07743880260564157,0.7745206265153064,0.06445983645055348,0.046980851331614885,0.036599883096883765
329,0.10903120387413348,0.415972377970691,0.02190437601090811,0.09208001930173272,0.36101202284253475
330,0.11994895327406253,0.43875113385985204,0.012220634814785096,0.05708820627673903,0.3719910717745612
331,0.47338013148505104,0.10936974708043348,0.00039018041832653775,0.14915002486207574,0.26770991615411327
332,0.16289209586922485,0.7572267118961407,0.001820831378653685,0.026838365367703457,0.05122199548827736
333,0.2052658751479391,0.21978730246696057,0.0019881907803030586,0.02106907197980847,0.5518895596249888
334,0.3885302011615888,0.5488984006290915,0.00011719807501228836,0.03687222793735677,0.025581972196950645
335,0.13636853918961453,0.8319525691999362,0.00014851942670603222,0.0238711621778664,0.007659210005876695
336,0.06679752984332156,0.910412094733993,0.00027883952668622633,0.014833044242113258,0.007678491653885906
337,0.01954643681746838,0.9464966462357481,0.0003571751193075108,0.02577965058078234,0.007820091246693535
338,0.022958594625106046,0.9611411226304314,0.0005350113024482512,0.009235144448631395,0.00613012699338269
339,0.0808872787110012,0.8585056243780289,0.0008882091495702549,0.021850213760112702,0.03786867400128693
340,0.2628335953258989,0.6432231126435978,0.00031619312330236516,0.07795143971434633,0.015675659192854713
341,0.034356585419050685,0.9555739392610971,0.00025531249796273647,0.004113804892548103,0.005700357929341178
342,0.07762624448798938,0.9076736168008972,0.0002815961602680714,0.00977240345308057,0.004646139097764679
343,0.025531785325688314,0.9626857059354962,0.00036853214672939255,0.009530485756288011,0.0018834908357981274
344,0.021484685577138046,0.9634908502284995,0.0013038078108717477,0.010926374265949284,0.0027942821175416135
345,0.04639732951009699,0.8994001683177002,0.0022945573146779634,0.04351094252402477,0.008397002333500119
346,0.184831054376152,0.596611851624852,0.0006970742123973153,0.2062659487307101,0.011594071055888678
347,0.017123282456760022,0.9640116081682575,0.003701723866598398,0.01192571610971821,0.003237669398665838
348,0.011600049138892888,0.9518658882216166,0.0007157576501339219,0.032910708588415785,0.0029075964009407833
349,0.11496880325953947,0.6515714235954941,0.001436259294186227,0.223134351160057,0.008889162690723214
350,0.06437435129710242,0.7778391697033002,0.0007164080097955685,0.15165449086832608,0.0054155801214756496
351,0.08677792219955642,0.7124929851097591,0.0002899544594989918,0.19478052933251447,0.005658608898671068
352,0.05247135469595146,0.8313177530298697,0.0014222239710160592,0.10660504135423585,0.008183626948926978
353,0.26841352835094606,0.5138862559069372,0.001525680678712872,0.09055241440416359,0.12562212065924033
354,0.09320844442842112,0.8656840525003193,0.0002534274880049311,0.02568983203371198,0.015164243549542574
355,0.047342535287236684,0.9343665905311651,0.0002079143700065441,0.01404962944828021,0.0040333303633115
356,0.054253630148996514,0.9189804176735722,0.0002789560313014865,0.01647639933648465,0.010010596809645143
357,0.05122777484001319,0.8998985840007199,0.004908521350463919,0.007874005196978905,0.03609111461182413
358,0.02552553860288501,0.9597181125046009,0.00015786776956845463,0.004507751272710772,0.010090729850234731
359,0.10113410122184596,0.8667575887253238,0.00047087560640953754,0.010957540066089065,0.020679894380331607
360,0.05537987187257918,0.9354170674167251,0.0005287994080824676,0.005255006545672536,0.0034192547569404713
361,0.010957929144506887,0.9842281704222063,0.0003523603010474274,0.0024508273382729258,0.0020107127939663306
362,0.030302084874624234,0.9535915287951452,0.0017977356291843077,0.01119112109077527,0.003117529610270995
363,0.031160860987142467,0.9534842237244966,0.0005707299595521201,0.011941291299119252,0.0028428940296896135
364,0.017016133680786093,0.9755196390702991,0.0005820203626402259,0.004768176284697533,0.0021140306015769196
365,0.02374179175604598,0.9642285142196594,0.003592246504126477,0.005867999452365305,0.002569448067802798
366,0.02454812940061994,0.9675234088494101,0.0007144834943310044,0.004481282491249018,0.002732695764389923
367,0.052194264793489105,0.9351495164699573,0.0013179398851310023,0.007063832428638004,0.004274446422784822
368,0.021476235738466506,0.9689535823297722,0.003127270988118236,0.0037701650147849474,0.0026727459288579435
369,0.008909857551777601,0.9862408626312651,0.0016403300534377637,0.0014943129861687558,0.0017146367773508656
370,0.016112503734194837,0.972754425497746,0.00450471104463796,0.002662309471596207,0.003966050251825112
371,0.010156591356619506,0.9840175518760036,0.0022009101083313473,0.001354315158404966,0.002270631500640501
372,0.04824125909634162,0.9397509077077331,0.0018186257832192455,0.006752912038214857,0.003436295374491426
373,0.025635102386007948,0.9556287978964995,0.008434257199776696,0.0053659483835819385,0.004935894134133892
374,0.01792789179574799,0.9766436958466845,0.0007282349851536294,0.0018372735721646667,0.00286290380024925
