epoch,N1,N2,N3,R,W
0,0.015403923495655546,0.0013518171152179237,2.1810960752761422e-08,0.0004880960483790464,0.9827561415297867
1,0.01861082801263295,0.006539237106923929,1.4158543038557293e-05,0.0007622302536972079,0.9740735460837073
2,0.015567168028443408,0.0014924593805601296,2.270081632657557e-06,0.000648948562816784,0.9822891539465469
3,0.09207795894811718,0.0065967020962798845,1.5069422564704791e-05,0.0026215531618674934,0.8986887163711708
4,0.06895856212355345,0.02037342509251395,1.4596279670796847e-05,0.0008668269318824302,0.9097865895723793
5,0.023922862079203508,0.0027565750035572554,4.8719177108318295e-06,0.0005029037955401208,0.9728127872039882
6,0.012638146732004297,0.0012248963585469864,1.3871903940149956e-06,0.0004502063677211134,0.9856853633513335
7,0.030400724498980257,0.0018016242158641683,2.0388752539997725e-06,0.0005523804374869553,0.9672432319724146
8,0.022827822001893084,0.002015595856640326,3.0082225210265194e-06,0.00044656434943915604,0.9747070095695064
9,0.12151690813690119,0.0041896624600012795,1.1676198301878581e-05,0.001481553783641167,0.8728001994211544
10,0.24151718029811192,0.027205939104133617,0.0002022142362398964,0.008664072642237324,0.7224105937192773
11,0.04312751621229022,0.003666787586578295,1.475771737631721e-05,0.0014477802911969679,0.9517431581925581
12,0.26129688541734497,0.01273781688797854,2.458994988175869e-06,0.010101146808036286,0.715861691891652
13,0.22627464856551474,0.012221099575447803,3.969208542450478e-06,0.014939809818590062,0.746560472831905
14,0.33877610805923836,0.007770149029514463,8.629713848868781e-06,0.01075377585854045,0.6426913373388579
15,0.08109349884849928,0.0031607104534219594,3.844071507881718e-06,0.00951064010911632,0.9062313065174546
16,0.1252199423560095,0.005372556565312586,9.649764881722342e-06,0.022531738260614952,0.8468661130531813
17,0.21361702614472808,0.005441365536653871,8.70973480616345e-06,0.028160517518321253,0.7527723810654906
18,0.06136972909700776,0.004752166147937594,1.8878558565402374e-05,0.0060323047991135996,0.9278269213973757
19,0.08228320670210915,0.015571504803505895,1.0488148750265882e-05,0.02144932809112238,0.8806854722545122
20,0.26049009743916646,0.05261700264172286,7.258506516001406e-05,0.06023581012091557,0.6265845047330352
21,0.20951486954630094,0.0483194343937663,2.5948683937450693e-05,0.044111177580261875,0.6980285697957335
22,0.15358045191093245,0.0713340655012066,6.127612514637251e-05,0.036269434872893254,0.7387547715898213
23,0.14282851651938136,0.023150555707896477,1.603574527025641e-05,0.0158398900021573,0.8181650020252946
24,0.0346469061087192,0.0023180641418148657,5.673681702028899e-06,0.003239915769375022,0.9597894402983889
25,0.001084818513030343,0.0011975681600728965,0.0001328241623944153,0.0001183463625031576,0.9974664428019991
26,0.0022526653159558184,0.0006422032737256625,5.242711559111427e-05,8.99853325641182e-05,0.9969627189621633
27,0.008444195521486059,0.0009412000231189549,4.1495432895461775e-06,0.00016760041979158247,0.990442854492314
28,0.020036177222578055,0.0032530760448919783,4.195405096838892e-05,0.00021471742613800773,0.9764540752554236
29,0.09717048713948243,0.0065511690513341625,4.1240731582173345e-06,0.0008407443353214542,0.8954334754007037
30,0.006471041334664031,0.002080471845194163,2.9216877676259967e-05,0.00011648713170307676,0.9913027828107625
31,0.30784579245444665,0.019401563862569353,7.131861404012656e-05,0.002541562725696151,0.6701397623432477
32,0.2385874489189072,0.015922776134985956,5.5571646673819745e-05,0.002825994487048411,0.7426082088123847
33,0.3518624027261001,0.083490530321086,0.001241938532917,0.005029389941951269,0.5583757384779456
34,0.6648111853524289,0.10396200555040958,0.00022614189605068186,0.02127550412351842,0.20972516307759242
35,0.4679258920694556,0.3489868297452363,0.0006895584633231981,0.008298449070680036,0.17409927065130476
36,0.6161796603976405,0.22645913224438635,0.0013522138027332953,0.01524767266546172,0.14076132088977805
37,0.1470456928469298,0.7950245161982232,0.011353013609816977,0.009071854795190964,0.03750492254983896
38,0.22845804417860968,0.6528377275479873,0.017917302835948324,0.007642343951263492,0.09314458148619131
39,0.1267523563518541,0.7754192674290362,0.03682416739328485,0.002903649439342933,0.05810055938648191
40,0.06262471563618349,0.8662801506342793,0.0234136775850653,0.0014365537159823035,0.04624490242848958
41,0.009827569287680884,0.649892730617973,0.32631335847154924,0.0005444500472680928,0.01342189157552868
42,0.011876912102463404,0.6277388254133242,0.33512242427843764,0.0015072601476206168,0.02375457805815432
43,0.009882866062289039,0.6689471030393234,0.2619726986528822,0.001369106096392009,0.057828226149113426
44,0.0648332524900439,0.23168122208859424,0.026213370562829696,0.004073702895294216,0.673198451963238
45,0.41853436929382315,0.1530988983162778,0.0006063782340239367,0.027145879513154534,0.4006144746427206
46,0.1548153151711583,0.4244879428077328,0.0126950186574893,0.008593644406517404,0.39940807895710223
47,0.10692227144470888,0.04179095012369687,0.00013044862371510056,0.002128627720347518,0.8490277020875318
48,0.1427414034539391,0.007337127370854307,3.2722562928391356e-05,0.0016475762294987021,0.8482411703827795
49,0.757807799976527,0.03617373914924493,2.664346233095314e-05,0.0032069365448634795,0.20278488086703372
50,0.6413727041083263,0.17705383819123902,6.999487343555969e-05,0.0025179392401332027,0.17898552358686587
51,0.3187691521806529,0.17239080636497445,0.001297395721881641,0.0008786609731532926,0.5066639847593377
52,0.20564721942923256,0.6013043720921866,0.003457069085307034,0.0010625070045690314,0.1885288323887048
53,0.14729249686798723,0.6758010368542442,0.0027918144174676725,0.0010161697249015116,0.17309848213539944
54,0.05506119495270661,0.6661849535051421,0.021500857319603127,0.0003482425317706048,0.2569047516907774
55,0.01247200698037043,0.661155750599173,0.2437913630968869,0.00013153885468644144,0.08244934046888322
56,0.1743978254691065,0.24153268183817597,0.051039271434310765,0.0011281981637162191,0.5319020230946905
57,0.03429616393484317,0.7664690796463277,0.10127709218112962,0.0005980473214006448,0.09735961691629873
58,0.026777725226195686,0.788943286139567,0.11445478379495548,0.0005417712864314641,0.06928243355285069
59,0.022210728312841446,0.8355358808333551,0.11323371434464409,0.0005900527280008491,0.028429623781158608
60,0.014875306162538503,0.6615912873480838,0.29910194602893364,0.00015188721094841926,0.02427957324949563
61,0.0031928797325148127,0.6260801948245718,0.365543583721919,8.953475191004384e-05,0.005093806969084355
62,0.003086855038455533,0.4873040195055146,0.5003962994969418,0.0001182400961915901,0.009094585862896628
63,0.006362725350363965,0.7968111853076187,0.18352074151612152,0.0002339173538286751,0.013071430472067108
64,0.010996301127386416,0.7584174546122764,0.21789646722716835,0.00017727071662915035,0.01251250631653976
65,0.009020886479891993,0.7039846811259877,0.2727579776865594,0.0001827595148985485,0.014053695192662308
66,0.015454108066798351,0.4606832432988762,0.4795845043736418,0.0003851925151747543,0.04389295174550895
67,0.011744748434280151,0.609475471777901,0.31936178991018666,0.0008439827273962774,0.058574007150236015
68,0.09364336934388903,0.35344671080728723,0.4158461886329595,0.002254477483437004,0.13480925373242714
69,0.025190249599409336,0.5825845428997526,0.344950022590113,0.0012101055181229588,0.04606507939260219
70,0.01150111858857554,0.48913000887983704,0.4468762146544601,0.0004338387742601481,0.05205881910286719
71,0.03901471938624887,0.35386388955267206,0.5326986611194567,0.0016259217917838954,0.07279680814983859
72,0.06530169830062287,0.6019107102072841,0.27709546104184296,0.001133390890007461,0.054558739560242465
73,0.04126684594686796,0.5009573279862054,0.42211316968653473,0.001134099221313705,0.03452855715907817
74,0.026380090315849147,0.5060526279656605,0.44351804619524365,0.0010027353617109503,0.023046500161535678
75,0.012636599918704394,0.4391557257595318,0.5169649836670367,0.0006123414317836317,0.030630349222943398
76,0.00588108091133126,0.21250046461955724,0.7759325538809316,0.0003437290910728179,0.005342171497107053
77,0.015213638544908937,0.4427047389166756,0.523132030110859,0.0009277702102391206,0.018021822217317348
78,0.0041461380074757775,0.21408225241442122,0.7662639960050562,0.0004190419367873343,0.015088571636259662
79,0.012620862374104954,0.5659756604673074,0.4109228485844045,0.0011708263614784332,0.00930980221270468
80,0.0145486847404899,0.35185049511186794,0.5805372188829463,0.0009960205104238488,0.05206758075427186
81,0.0156697237393345,0.6035683578657152,0.3674850502990568,0.0011085105383317635,0.012168357557561744
82,0.008421146750962756,0.25001699966207486,0.7275368162080144,0.0006598580341482458,0.013365179344799808
83,0.00750723967110762,0.2537919245053991,0.7245396802738698,0.0003702998547387621,0.013790855694884686
84,0.0036894007880474487,0.27705287154479186,0.7064849291270354,0.00046924025035121106,0.012303558289774008
85,0.012243019394659485,0.398299151674376,0.5613337668021452,0.0008726691256300702,0.02725139300318916
86,0.008377002060595414,0.44623328447347504,0.5276345764080091,0.0009748461853876607,0.01678029087253261
87,0.031582388574935324,0.6685263712355112,0.24555095676722052,0.0030606631643481054,0.05127962025798479
88,0.05236825300639598,0.6834610373876728,0.2209768067501592,0.0013739044975328424,0.04181999835823913
89,0.0037839410916187524,0.195991841926136,0.7939659231954621,0.00019104988805572726,0.006067243898727578
90,0.011901959732468824,0.3663873414043815,0.5845052850754696,0.0004635568928320061,0.036741856894848164
91,0.0032587858445355584,0.14549400334228715,0.8426223447935478,0.00021747065930702541,0.008407395360322412
92,0.2505927717110087,0.2458567105085314,0.04346021041744175,0.0013053902325070642,0.4587849171305111
93,0.04255380915498189,0.6862314074761455,0.11713490628835527,0.002139411551336904,0.15194046552918042
94,0.027630882542718723,0.4906065806235629,0.44701283268251885,0.0011396337014798015,0.03361007044971988
95,0.036061130317176275,0.6596497255190831,0.26939717509983585,0.0011945177726392247,0.03369745129126568
96,0.019373611461718728,0.5464719264251023,0.40034344272857886,0.001238526003100597,0.03257249338149943
97,0.062429421868371776,0.4634111611271715,0.40827573191026106,0.0014695020676312044,0.06441418302656438
98,0.014554557800361214,0.3361715821352423,0.6317187361272194,0.0006756089379072626,0.016879514999269773
99,0.007085566606839422,0.17574846531140007,0.8076129575769031,0.00036554689566306727,0.009187463609194384
100,0.017620643810671868,0.38211722272283016,0.5853708451346956,0.0010242341614607113,0.013867054170341555
101,0.010447665878701417,0.3969303103705561,0.5517029481886915,0.0008801686377221341,0.04003890692432895
102,0.007361143158441195,0.24869174706640954,0.7355598332309345,0.0005584400010947198,0.007828836543120023
103,0.017548737495301014,0.5765352831731767,0.3874053581555047,0.0010220407260627916,0.01748858044995467
104,0.01217031754505597,0.29108257858295183,0.6808263493263597,0.0010733153597627613,0.01484743918586979
105,0.00533039152879571,0.2358292916228127,0.7409986065964493,0.0003678697149447122,0.017473840536997607
106,0.012202663784341441,0.3468405985295358,0.6271956718333986,0.0008048620851238773,0.012956203767600262
107,0.005974969593668973,0.2825752202869446,0.6963863177980534,0.0003151325575044291,0.014748359763828604
108,0.021080734911953756,0.48660637823145,0.419108052196112,0.001143133683908675,0.07206170097657569
109,0.006346856766504162,0.41205444923476975,0.5531298137559355,0.00037499911293855634,0.02809388112985196
110,0.006231213152423224,0.23627596673633716,0.7387673535823729,0.0003265553842560269,0.01839891114461081
111,0.00793015396472243,0.26205140436954383,0.698476867398865,0.00036409652303800224,0.03117747774383079
112,0.007088577692789926,0.18664264058215396,0.7627288219462737,0.00045966541867080505,0.04308029436011169
113,0.007543296639982583,0.3526662267214215,0.6093104200168119,0.000694463338822511,0.029785593282961507
114,0.003210558526460539,0.198965197171906,0.7824580526886302,0.00034152475807185903,0.015024666854931404
115,0.006462698954569334,0.28164906656111527,0.6946908237549176,0.0008109327861676595,0.016386477943230032
116,0.01526381359720282,0.41877467410887836,0.5417850990915077,0.0015995140853205315,0.022576899117090488
117,0.012170800193641144,0.36029572850893526,0.6129371651901473,0.0008294180931115334,0.013766888014164773
118,0.011287338080940087,0.46395502451237075,0.5137531115011665,0.0007428914582437122,0.010261634447278931
119,0.002712505928886251,0.1425944974799335,0.8484589930955928,0.000251153190292575,0.005982850305294979
120,0.0017978592174841873,0.23401508209914507,0.7573147071767513,0.0003700915529038932,0.006502259953715588
121,0.001212727839841875,0.11206769244329114,0.8839260754432845,0.0001421570642490151,0.00265134720933355
122,0.00549310686968817,0.29373648970859756,0.6927014298486761,0.000664691267713454,0.007404282305324647
123,0.0030370538156814933,0.22303697527892188,0.7687665805237766,0.0002962329606161437,0.004863157421003873
124,0.0016490002451367614,0.11982991721396091,0.8733627720089295,0.00012825078515547105,0.005030059746817274
125,0.004027227811448479,0.22502504186535316,0.7645153545373168,0.0004892785420604428,0.005943097243821172
126,0.0013521851306371542,0.14599657685193165,0.8495755305504948,0.000146556298541156,0.002929151168395232
127,0.004397120710123143,0.21084776798962004,0.7753483022332741,0.0003300734610218751,0.009076735605960921
128,0.010400145938989299,0.42886326772560546,0.5440051208212482,0.0009108078120712269,0.01582065770208579
129,0.001986053783535512,0.19614167654056663,0.7983397896042788,0.0002579826206059438,0.0032744974510130693
130,0.007744744985498624,0.3313488207407292,0.6469994449675178,0.0006810636655379532,0.013225925640716526
131,0.001963928795114956,0.2725127054417555,0.7221547665003643,0.0006180667268730086,0.0027505325358922546
132,0.0017927014954147742,0.19176755576128113,0.8025816053491709,0.0003350689115820533,0.0035230684825512306
133,0.006080538802325713,0.40121223789290567,0.5817040655639386,0.0011956585108353088,0.009807499229994722
134,0.0030018458385569955,0.2267154902463149,0.7669135703182862,0.00023657665202292885,0.0031325169448190478
135,0.0021791436474272873,0.18064512067592692,0.8134308072054026,0.00033496527630182544,0.0034099631949413914
136,0.0016688203646861514,0.13159196146999932,0.8643305537380315,0.0002717680989451065,0.0021368963283380556
137,0.0006829585802870108,0.10084984805145765,0.8968414181987239,0.00016339406778376417,0.001462381101747515
138,0.0038486519714255926,0.3924534139711012,0.5972890230458001,0.0006920350733908806,0.005716875938282204
139,0.0026587656716937393,0.24757638488316588,0.7445766456771713,0.00045996559821898266,0.0047282381697501845
140,0.0007062878849185514,0.09655149190129064,0.9009898370427784,0.00018227764987084751,0.0015701055211414525
141,0.005607526859960987,0.45490744433327535,0.5326916673367158,0.001061602930078285,0.005731758539969675
142,0.0021409630160457763,0.18911146842964613,0.803138503672513,0.0005114614560329275,0.00509760342576209
143,0.005736307062970289,0.39412257594376676,0.5914913426237418,0.0011276065649031323,0.007522167804617946
144,0.0028725728699222387,0.22032654517312172,0.7732730900117737,0.0005286342746051784,0.0029991576705772635
145,0.008921641079704409,0.46338823235937465,0.5175611616485858,0.0009507459724250637,0.009178218939910153
146,0.011156203332052491,0.5369727845247467,0.44396634051288064,0.0016872922191452132,0.006217379411174831
147,0.0030486836916001243,0.3496517912019098,0.6438570993816591,0.0005517626902807295,0.0028906630345501474
148,0.004904198311065463,0.5072801818548637,0.4824489606772319,0.0013049624729881228,0.004061696683850927
149,0.0022667913060916644,0.2520499368546562,0.7432439576382226,0.0006131088420752762,0.0018262053589543285
150,0.006394047188280014,0.35354823537833613,0.629239766298414,0.001711943962299923,0.009106007172669694
151,0.003806758278290815,0.3248328525261254,0.6660414648884454,0.0012878271627912326,0.004031097144347182
152,0.002228140921640348,0.16698239459483336,0.8285518016612795,0.000767558477008857,0.0014701043452379186
153,0.013689972635178816,0.67099089211433,0.30833527982169295,0.00257303026142533,0.004410825167372846
154,0.00946388558872392,0.4716228108653342,0.5116813210532718,0.0028196096591161504,0.004412372833554059
155,0.011520544803210464,0.6687308880113885,0.31273210217224295,0.0028036247670115318,0.004212840246146543
156,0.01021165099791871,0.688342403670674,0.29059285755388625,0.003079237706901502,0.007773850070619586
157,0.007318598873646865,0.5636581456834028,0.4231670867802493,0.002008000379299355,0.003848168283401738
158,0.005445089948075006,0.6003637582140743,0.3869748072006893,0.002213652032445662,0.005002692604715579
159,0.0038699346573090793,0.45367250768297646,0.5388261527749975,0.0009190189601093759,0.002712385924607598
160,0.006342337662292224,0.7378539809551028,0.2496154031839174,0.001556066076729412,0.004632212121958151
161,0.0056044353443307025,0.4374630039702424,0.5524977832031297,0.0010342402255323054,0.0034005372567649556
162,0.008720704767187485,0.6453312178302459,0.3394339764769939,0.0019075552646311475,0.004606545660941556
163,0.0032971405017459036,0.4565065856258382,0.5364707797119507,0.0007275747622770499,0.002997919398188269
164,0.0030943284855759028,0.3144747556200069,0.6790638612252655,0.0007472986453371024,0.0026197560238146803
165,0.0068049046937751784,0.26957551392140033,0.7162803729657222,0.0013845305751650468,0.005954677843937179
166,0.007215366742636353,0.26867052262457863,0.7150497769605569,0.0011672647498431304,0.00789706892238489
167,0.023091669583886334,0.14356570043998274,0.7803648856500066,0.0021479777139950806,0.05082976661212913
168,0.00424838265719075,0.13473614701596867,0.8568665409790205,0.0008515117862854279,0.003297417561534515
169,0.0059001622871557215,0.12305199481137606,0.8581561676254852,0.0013286330110770103,0.011563042264905813
170,0.003857099556437066,0.1440572700396815,0.841213302920383,0.000959168923574824,0.009913158559923729
171,0.01100180903701504,0.48066384132543893,0.47868759861233023,0.003396650343155868,0.02625010068205989
172,0.11399024077129793,0.08452882646722695,0.06974903370971165,0.01203105073360816,0.7197008483181554
173,0.03532894392142291,0.2898883185977948,0.6315578345728883,0.004470248224436174,0.03875465468345788
174,0.01610999631442524,0.5444166086178834,0.3917447562866247,0.0029213199117795775,0.04480731886928713
175,0.1076186076809391,0.5960013932400929,0.22593411932401444,0.006399843979327451,0.06404603577562612
176,0.00603050160415091,0.28087653832355997,0.6990403654569693,0.00166697401594312,0.01238562059937659
177,0.020926272233660063,0.2610965118351319,0.6616916725273096,0.0026085181955805103,0.053677025208317956
178,0.01226170999479415,0.37413177490022376,0.6035332533358077,0.0022841172982901513,0.007789144470884206
179,0.01374212929251862,0.3918081849154297,0.5817953610316139,0.002966575095404891,0.009687749665032976
180,0.005137831909279701,0.29442314921964374,0.6948991031136235,0.0016913195744871262,0.003848596182965828
181,0.003653004402151433,0.3893652007344439,0.6023638843681266,0.0006755546507366531,0.003942355844541455
182,0.012615726628063366,0.8449657275801036,0.13369333158593577,0.0020035631652432443,0.00672165104065414
183,0.00879538891307699,0.49685023582607263,0.4811516991223207,0.0012842645579202363,0.011918411580609337
184,0.006403198592137887,0.42379329995525,0.5622943453366388,0.001000998679563612,0.006508157436409915
185,0.011687646580523016,0.6386327408690947,0.3343645442716728,0.0014382200397469462,0.013876848238962684
186,0.006214140325334422,0.6333865158427655,0.3480947913232503,0.0012439729308255376,0.011060579577824197
187,0.006182631399069833,0.7695678702140969,0.21791561661767098,0.001400219039481044,0.0049336627296813675
188,0.42789215682280934,0.2851501635555249,0.23218293159296102,0.005763510125849643,0.049011237902855075
189,0.026914019358774088,0.47592145428273036,0.4855668240561077,0.0030280412845744126,0.008569661017813575
190,0.02033007771806643,0.46624692200708384,0.49368234471081146,0.0028390449791046795,0.01690161058493364
191,0.012730972771542682,0.772029791696919,0.19546229623584144,0.002953473031184157,0.01682346626451274
192,0.002474585646460386,0.436453560301276,0.5547248569056916,0.0008494341191762855,0.00549756302739567
193,0.007017613153025068,0.6526962147110722,0.3351796498697092,0.0017664827174757862,0.0033400395487178354
194,0.013220698133144398,0.7677098498731533,0.21176307131535654,0.00248285707165017,0.004823523606695758
195,0.006450254976267473,0.7294553083015235,0.25795546180802587,0.0020392844991720125,0.0040996904150112316
196,0.0023979746729916505,0.4601280061100432,0.5331630517067646,0.0016929403837630784,0.0026180271264375776
197,0.005087766701715001,0.69112653794276,0.2989178591409227,0.002082339847981521,0.0027854963666206034
198,0.003953590323189325,0.6746373425883069,0.3178882198909392,0.0012424846085755871,0.0022783625889891378
199,0.01057335379952189,0.8860055580903154,0.09488025297333585,0.004412445647251011,0.004128389489575695
200,0.008073520280789387,0.6859638580124479,0.299268345424038,0.0027953723028523755,0.0038989039798723647
201,0.011673904873023694,0.75344718223558,0.22518183075395642,0.003413778423941402,0.006283303713498622
202,0.011267427371828787,0.3970642792201008,0.5843397807579285,0.001541934767718777,0.005786577882423256
203,0.009670471415139822,0.6634673098326885,0.3087800553445621,0.004659179107653544,0.013422984299956016
204,0.012800681686096355,0.6930337481496841,0.2811531745041408,0.005204597587666766,0.007807798072411907
205,0.010760949748222514,0.5325416487685528,0.44720026561465076,0.00331507488713053,0.0061820609814433386
206,0.010984304845150112,0.7867784789971279,0.191833788768156,0.004517734530388522,0.0058856928591774355
207,0.00919312039218144,0.8202836178738031,0.16158613710157696,0.003696205998047757,0.005240918634390576
208,0.07478659710499626,0.5131026757874524,0.39568310233260445,0.0031474747149512986,0.013280150059995817
209,0.021213796179489274,0.7821461860501853,0.17279564757095184,0.00738046391981011,0.016463906279563633
210,0.01746617911049877,0.8190964479537575,0.1502587532775944,0.004910400685043977,0.008268218973105418
211,0.02021816971069159,0.7884565561428771,0.17720582376336774,0.0058915770302571295,0.008227873352806437
212,0.024809409599422638,0.7968690134166458,0.11648059670019573,0.009057790534419151,0.05278318974931661
213,0.007996637689687199,0.789448275037903,0.1952407651841765,0.00302628530529729,0.0042880367829360045
214,0.010854742514493115,0.6052762875292101,0.37609730493698446,0.0035499316131222423,0.004221733406190008
215,0.007823486808827055,0.6575323498099963,0.3288563107997449,0.0025912458863190813,0.0031966066951126747
216,0.034328306996954286,0.34223071363504415,0.5930964021057828,0.0069432583838490445,0.02340131887836971
217,0.040007068013508104,0.8281569307022913,0.11278077257766668,0.0063219782022274325,0.012733250504306366
218,0.03283294066506593,0.8821171410393158,0.05896031454178734,0.006338425863685576,0.019751177890145397
219,0.014994197875057484,0.7794933671754184,0.18656627893465963,0.00537633911949566,0.013569816895368847
220,0.005676090553415659,0.840366947895355,0.1461685129855283,0.002271166510433587,0.0055172820552672275
221,0.2958193569549809,0.5297344387657194,0.015908365239607324,0.034998595627453374,0.12353924341223925
222,0.41462724150554353,0.34502099460678226,0.0621146187804986,0.01069011400410264,0.16754703110307304
223,0.13316392038374453,0.7749897029383152,0.05568717216361348,0.012733745336097682,0.0234254591782293
224,0.3333929834505103,0.5956303031664388,0.016610174148719105,0.025082102759897338,0.029284436474434457
225,0.1751647763027259,0.7578942181460574,0.010331729847256882,0.02736187399958623,0.02924740170437369
226,0.023544399510592135,0.8691534114703204,0.07742899585046471,0.02170557281131044,0.008167620357312302
227,0.02230512628456311,0.9254731513200578,0.003960767758363479,0.04479786226894891,0.0034630923680667685
228,0.023560398218590576,0.9060568630265515,0.008241886503638007,0.057488087603589255,0.004652764647630778
229,0.02043509192927449,0.8971205222673135,0.004317493855310117,0.07386685175033718,0.004260040197764743
230,0.01219619333214138,0.8375619353888474,0.009718441641819951,0.13646162638411793,0.004061803253073405
231,0.02794083001656268,0.681841308624509,0.017293678773577046,0.25108312517217346,0.021841057413177836
232,0.040480352215084954,0.3622087984123264,0.0002450372384263013,0.5819511159796431,0.01511469615451926
233,0.03925185650819841,0.12613591820788123,0.00011286105869190914,0.8219754063604278,0.012523957864800785
234,0.040355086022926964,0.0755249585593743,0.000402982826127049,0.8531716711070607,0.03054530148451097
235,0.026287843488849667,0.04189579418264211,0.00022550318564632874,0.8788283509072318,0.05276250823563017
236,0.019776347384551866,0.018058636285337708,0.0001899670698394029,0.08521535375594204,0.876759695504329
237,0.00963389018636295,0.0020566384496771,0.0005753846374810208,0.015932507985306654,0.9718015787411723
238,0.04523607403082806,0.0015943317955014447,0.0001560110541486949,0.03334649110015633,0.9196670920193655
239,0.24968587679353269,0.01665629039065384,0.00034882958248536744,0.025286150673111248,0.7080228525602169
240,0.20412253222631632,0.005820091154191082,4.899113366565806e-05,0.013192544040482684,0.7768158414453443
241,0.18855244515078418,0.04547092018017086,0.001886997360036142,0.0030516759793870808,0.7610379613296218
242,0.0024258519339798263,0.002101180757891631,0.00018070593951118475,0.000533043248638273,0.9947592181199791
243,0.008734979481919777,0.008407454174994323,0.0002892470056928356,0.0012153951976912134,0.9813529241397018
244,0.002885106450899445,0.01287274188018517,0.00035460764552649576,0.0013679952496339614,0.9825195487737549
245,0.0023203855764677623,0.005633198354917403,0.00044885069556133416,0.0004956423772366395,0.9911019229958168
246,0.03265841439295761,0.006387235958577714,0.0304979699542439,0.0017028093123166567,0.9287535703819041
247,0.14225458228156174,0.004371925909600082,8.382444561527333e-05,0.0030231107995154862,0.8502665565637073
248,0.0933600299181897,0.008618997197002674,0.0003163515928439835,0.01862500932841145,0.8790796119635522
249,0.03678849433212303,0.005217276132410337,0.00047765250164726096,0.009159654814805386,0.9483569222190139
250,0.2540840340306282,0.008273521286928853,1.0242922888982583e-05,0.02475699088822692,0.712875210871327
251,0.4158255562172949,0.014100319813294045,2.0841014917379414e-05,0.09360308402460961,0.476450198929884
252,0.05503976995590229,0.014086577011112768,5.80640478955885e-06,0.06966981171717812,0.8611980349110173
253,0.27973898272613756,0.021297122186529287,2.5339128649925093e-05,0.13810157007201815,0.5608369858866651
254,0.22912897346513303,0.044897657783433804,3.7718214088198e-05,0.23118859380831275,0.4947470567290322
255,0.34428470659094323,0.04464085891812505,6.127857029430855e-05,0.48756596468576874,0.12344719123486862
256,0.09984049999056148,0.01801809034629458,2.200422556587381e-05,0.17445340564009426,0.7076659997974839
257,0.19595450056286942,0.044574265394672914,2.5616105948353664e-05,0.29232576971065205,0.4671198482258573
258,0.2735084199433264,0.0919568710830726,3.3537720055659894e-05,0.48876747366771905,0.14573369758582622
259,0.1529927940727619,0.0738259981145431,0.00012607215736598187,0.5505643366798257,0.22249079897550325
260,0.13980740323403698,0.030962141409784313,2.9050187516138676e-05,0.7208186063354088,0.1083827988332537
261,0.09188009543932932,0.047284144464081856,3.494042196184461e-05,0.8146890179198066,0.0461118017548203
262,0.11544102567459766,0.04949019791924708,2.6871912294317334e-05,0.7471996599707836,0.0878422445230773
263,0.07796366006127149,0.028568346313469422,2.617768012247365e-05,0.8765070579702349,0.01693475797490178
264,0.10206145234140336,0.037849975326751044,2.5340350529221366e-05,0.8393952542213324,0.02066797775998386
265,0.13776473222371127,0.020042589207217385,1.9971520211888397e-05,0.7620595541310045,0.08011315291785516
266,0.05270567307619327,0.10187658504853982,9.964120695456154e-05,0.8142902093793256,0.031027891288986812
267,0.08984786435064399,0.1736392127984581,9.490321503003933e-05,0.7032443809681808,0.03317363866768712
268,0.06785154712016638,0.01699542464925886,1.7424699790538482e-05,0.8798417683684688,0.0352938351623155
269,0.058917711061700156,0.022561810052739144,2.904431668118113e-05,0.9078788922545611,0.010612542314318517
270,0.05288439550113041,0.036718203863182634,2.4994667908860484e-05,0.8938759879362804,0.016496418031497744
271,0.07798201163223645,0.04368191314856905,4.686496836716018e-05,0.8332168255898337,0.04507238466099373
272,0.04728173103952495,0.023174679791529377,6.212952389814564e-05,0.7400258061999446,0.18945565344510293
273,0.07494012256025619,0.02863063374385478,1.394230439855068e-05,0.804154661235684,0.09226064015580639
274,0.13502311794159452,0.02224121641028719,1.8482254795586655e-05,0.8162169761917304,0.026500207201592223
275,0.13548568490297105,0.18464752108794444,8.956906312916637e-05,0.6241343541032981,0.05564287084265706
276,0.0916179713208919,0.0759892285830141,8.071328079894558e-05,0.7973809556129955,0.03493113120229959
277,0.07741754236142728,0.03007489066879921,3.25279810398988e-05,0.8749688043074568,0.0175062346812769
278,0.05334525642528034,0.1665786535360431,0.0012348358407538807,0.7506310145913521,0.028210239606570653
279,0.06301306717319508,0.11048909669475851,5.5546921427495515e-05,0.8073878750978595,0.01905441411275946
280,0.08140724758117467,0.06667158794981992,0.00036394187734150566,0.7105631709339626,0.14099405165770135
281,0.16343208889607028,0.04135938902342084,3.0760196249160996e-05,0.7487146492414775,0.046463112642782356
282,0.11299808292578328,0.13210000557530036,0.00027022181225892463,0.3420897961289515,0.41254189355770593
283,0.3065900563919197,0.03598632114306017,4.0096934288604744e-05,0.5072832335845695,0.15010029194616203
284,0.14504216207594559,0.1152043601684767,0.0003833267027530745,0.5084324836189295,0.2309376674338953
285,0.17847621332551902,0.09041789394816299,9.755085387181474e-05,0.42999284638998986,0.30101549548245626
286,0.1554314271343024,0.15343884181787437,0.0001557004215163957,0.6128183898537971,0.07815564077250972
287,0.16731251429905725,0.22203518333200772,7.195211277168517e-05,0.542541086872303,0.06803926338386042
288,0.2006030645061462,0.08424765747143256,4.939953364728728e-05,0.688042537075039,0.0270573414137348
289,0.21264395082899099,0.2114596847453837,0.0005201704250602069,0.5496639507791994,0.025712243221365658
290,0.16476240608619744,0.07258135578327031,0.00040825667480324536,0.73918879516278,0.023059186292948997
291,0.12386989556108638,0.33286508462114495,0.001217011780995989,0.15710807356417025,0.3849399344726024
292,0.3913377779606031,0.0754150928453995,7.118443626363901e-05,0.4291172836999187,0.10405866105781532
293,0.49625167522055685,0.0591851204970591,4.036798685039944e-05,0.2761317468942569,0.16839108940127695
294,0.1560096222645048,0.2617019921883117,0.002203610172578124,0.39279112389929854,0.18729365147530688
295,0.038882426820058526,0.026595019536170047,0.06027895685819584,0.08466402977931209,0.7895795670062635
296,0.18377594251346188,0.11066567078696896,0.000912220925690389,0.4974667527567921,0.2071794130170867
297,0.06284043140284473,0.008457027155188835,6.628315028502622e-05,0.05523805876577028,0.873398199525911
298,0.054824119223484895,0.022372490322259367,0.0029794966560551727,0.09428300896754893,0.8255408848306517
299,0.7232132595571072,0.050260518136359636,3.9800276769694496e-05,0.10474076899076974,0.12174565303899385
300,0.7697155409168797,0.05104373880978839,4.180419514617765e-05,0.10090799188245378,0.07829092419573197
301,0.5760045475699066,0.3044352322435597,0.0006579285085213218,0.060821103252971166,0.058081188425041196
302,0.20417389263767122,0.7454463801218213,0.003176617996199232,0.022282824088409803,0.02492028515589836
303,0.04209592284534448,0.9383682544598658,0.001839835828889209,0.009765773251108634,0.007930213614791832
304,0.1198540804172868,0.8219016740125558,0.005513971623456057,0.03414252956809502,0.018587744378606483
305,0.036226677625644625,0.9163136853064086,0.022217093738272044,0.015672008112426687,0.009570535217248221
306,0.025179816368140966,0.9411101969212552,0.015258245141727807,0.012877496620815575,0.005574244948060543
307,0.032339518889391454,0.9167267124595064,0.016326799762590525,0.017485034175580973,0.01712193471293049
308,0.012635312410464361,0.9194344291779266,0.05606045981189154,0.006454347191512846,0.0054154514082047755
309,0.00794836204826844,0.9353263276741843,0.049848955887321154,0.003386098261870853,0.0034902561283553686
310,0.012111063670091148,0.9599139980099155,0.014562934107996564,0.008036802586098719,0.0053752016258980925
311,0.025639632549659418,0.9207894315908641,0.018180089866258395,0.005599338157322037,0.02979150783589603
312,0.00897151251037181,0.964961339125659,0.019147633630671703,0.0018603025021509147,0.005059212231146662
313,0.01120127292079773,0.9273688472778617,0.04994601284530941,0.0023476997420031924,0.009136167214028247
314,0.010450761904269334,0.9317904262832867,0.04719025449499307,0.0016967774630752466,0.008871779854375815
315,0.014896644162867916,0.8886863896556917,0.08359260171070382,0.002571364585938187,0.010252999884798324
316,0.022251830704603383,0.9285672153825597,0.028497103849701708,0.0030371736618351602,0.017646676401299997
317,0.012301855309391378,0.9364619640675828,0.041986572142206996,0.0016667538272824155,0.007582854653536289
318,0.007410172757582881,0.6644696359342942,0.3173987636108941,0.00234524436427099,0.00837618333295787
319,0.010496433434621444,0.9705937688701944,0.011969349267481904,0.0030196903464951995,0.003920758081206999
320,0.009484524590623726,0.9210647896492923,0.059803855596054466,0.0032019138103546074,0.006444916353674835
321,0.007541816090050984,0.9585459270125968,0.025052392643646275,0.0030511903614181784,0.00580867389228772
322,0.011768255627584193,0.9011907229172351,0.07614439761264627,0.0035406903836556988,0.007355933458878601
323,0.007610258758662061,0.9406633914723209,0.045707784518131005,0.0018770670049917547,0.004141498245894293
324,0.014176553675780143,0.8402810532389553,0.13512679231637303,0.0039222987285465185,0.0064933020403450375
325,0.019096595344894083,0.9385390202075538,0.029497439295556153,0.003392257342442429,0.009474687809553545
326,0.009312568512537799,0.8673040839594143,0.11468807226767606,0.0033912616301695823,0.0053040136302023025
327,0.016440460408769075,0.7967587115178261,0.17334606829818774,0.005841717151614518,0.007613042623602429
328,0.03377112449596253,0.9377189647651162,0.014281731330288615,0.004480873787837839,0.009747305620794587
329,0.04176203223393543,0.9042140925309934,0.0369172396749635,0.0077876021804100855,0.00931903337969772
330,0.01799711998065183,0.9176396640632877,0.05591595343155612,0.0038025694127998013,0.00464469311170473
331,0.013801694226455686,0.8002352338773326,0.1793850349638914,0.002894320459776769,0.0036837164725435773
332,0.019822481350998913,0.7661457941305991,0.2026644507856258,0.00534361659559454,0.006023657137181551
333,0.03635272648009421,0.9110584329483946,0.037529507736543115,0.00605887333552835,0.009000459499439667
334,0.027468372522326645,0.9217053212922918,0.039701372281506817,0.0037338342289123085,0.007391099674962175
335,0.025548682571808867,0.949405589991566,0.015726148179425387,0.00505190345618179,0.004267675801018109
336,0.031529904947745456,0.946855102843003,0.012853445746630157,0.004991435931159866,0.0037701105314615776
337,0.031642080463141806,0.9294403466211287,0.022520374962250064,0.007071519379336533,0.009325678574143023
338,0.010586145963875462,0.7963771155903476,0.18335919949626522,0.0067573901785011655,0.002920148771010618
339,0.022971026514566336,0.921540504288149,0.03678608730458137,0.010426039874473571,0.008276342018229622
340,0.013426305918512302,0.9412954366566747,0.034506411669077024,0.007846828437932215,0.002925017317803646
341,0.02098186134079349,0.9069563538580786,0.051737018367603055,0.010778185906608086,0.009546580526916617
342,0.07010162160465792,0.16487388213429513,0.028234730699169815,0.0036587098052543905,0.7331310557566226
343,0.2847732903267705,0.6905313455339512,0.009492509361818752,0.004489840907702635,0.010713013869756762
344,0.11687502473320314,0.8476942608977133,0.027561062867143635,0.0020173051541937884,0.005852346347746165
345,0.08039411383734146,0.8085593252256091,0.10043694722786768,0.002318825779597061,0.008290787929584579
346,0.02051606253575409,0.913730400676241,0.04914199861432278,0.010149133535632642,0.006462404638049336
347,0.014512783916873603,0.8946740367639943,0.07669909376665611,0.009238412678526183,0.004875672873949802
348,0.018740450538571082,0.9267656526118656,0.03842642653156638,0.009589289986712853,0.006478180331284136
349,0.014495219683245585,0.9402570869982032,0.03577786050268162,0.006285229499617926,0.003184603316251812
350,0.017071049150109003,0.9492137521083083,0.023824448862746685,0.005825134880666928,0.004065614998169091
351,0.009601266330393663,0.6930630680397551,0.2911526518754168,0.00314543864486899,0.0030375751095654937
352,0.01055492074941851,0.9213238568500949,0.05937049150987689,0.003127116298817745,0.0056236145917919105
353,0.013717543888520815,0.9003185447987139,0.07397258799132717,0.005174929038374941,0.006816394283063113
354,0.007458480088395888,0.776403328050383,0.2065840366858009,0.0034355439476486376,0.006118611227771513
355,0.017437893020800604,0.9060116698642964,0.05520140287992706,0.004684305785815975,0.016664728449159987
356,0.0262640572939722,0.9204796384673394,0.034275277204177744,0.004190170567952368,0.014790856466558243
357,0.02792637662872353,0.9378252157382054,0.013544992208535713,0.0027022703027853195,0.018001145121749766
358,0.03345485004094685,0.0516330287563044,0.028820421204948137,0.039386951885454234,0.8467047481123463
359,0.0947930257229297,0.7447764643120356,0.0217486895418367,0.006632936032293349,0.1320488843909047
360,0.14073830674853235,0.6698125067856985,0.003924788358158003,0.007009723646957629,0.17851467446065342
361,0.10273350355558945,0.750134047041668,0.007612738520795201,0.007061012134340958,0.13245869874760638
362,0.020978616452538054,0.934702302349619,0.03304421444892918,0.003989101242915828,0.00728576550599777
363,0.02095978205001502,0.94159992734005,0.025483381718161693,0.004961272816189045,0.006995636075584305
364,0.025856043330497184,0.9381093258942778,0.02560753050034061,0.003153259123243981,0.00727384115164051
365,0.02589847311917128,0.940296470604089,0.02156773503342306,0.005451867937797832,0.006785453305518768
366,0.035529200939976635,0.9420457776463238,0.0099647947597737,0.007543593176767407,0.004916633477158446
367,0.033285748884826105,0.9345915226068938,0.015251835462662811,0.008669217567348553,0.008201675478268774
368,0.013044541530896129,0.933415556395129,0.04157398297622297,0.008459091171427178,0.0035068279263246625
369,0.02074507364968762,0.891206506235221,0.07251613265879153,0.011327049208391804,0.004205238247907863
370,0.02113541805713577,0.944888891934807,0.02113978811599476,0.009026400739422376,0.003809501152640025
371,0.019110835585265145,0.8552884438444927,0.10775990459554388,0.01293645939393619,0.004904356580762258
372,0.023572706997563746,0.9133554332307524,0.04008624667639064,0.01673471544004798,0.006250897655245275
373,0.020904902372549442,0.8972359306025792,0.05777281752144014,0.019463294520260892,0.004623054983170239
374,0.011669753488326181,0.8359383994683858,0.12872425683069783,0.01937721224081412,0.0042903779717762686
375,0.06470438475734663,0.8578738476530336,0.02180944087499061,0.044187346344366996,0.011424980370262018
376,0.018266815224429783,0.9282252883301128,0.0279391204983637,0.021353994173107772,0.004214781773985931
377,0.027169892514610192,0.914473052078007,0.031666302201392854,0.022351725944128337,0.004339027261861819
