epoch,N1,N2,N3,R,W
0,0.006340494757257718,0.005441125459875847,0.00013033121815634848,0.00019422202117217894,0.9878938265435379
1,0.017642283924190726,0.002579619053870013,5.0419108327392886e-05,0.0006326691560313826,0.9790950087575805
2,0.017144066610242634,0.0040120284981270266,2.802133488412765e-05,0.0002078577037302183,0.978608025853016
3,0.00018077673908517813,0.0002422118129314281,8.733225900237151e-05,3.5772926495442075e-05,0.9994539062624856
4,0.0005287551809798163,0.0004417323817180164,2.294527214720525e-06,2.3987164555704308e-05,0.9990032307455318
5,0.0008872943273497329,0.0007724545174063107,3.9129157643665055e-06,3.4964655670783224e-05,0.9983013735838089
6,0.003107334285028611,0.0008986817659719141,3.562175512908256e-06,7.491370078505201e-05,0.9959155080727015
7,0.020404295951904305,0.004913015296039668,0.0016414720270903076,0.00010629787697976457,0.972934918847986
8,0.04695493568048873,0.027489960438852507,0.0007314906341223268,0.00022039069460243915,0.9246032225519341
9,0.025996503069890535,0.014231086920948901,0.002638565585707785,0.00017722829950496673,0.9569566161239479
10,0.034668355778288557,0.06491354227589441,0.003727826963563655,0.0006251461601134468,0.89606512882214
11,0.058690317894839424,0.11377768794941244,0.0025914329641097385,0.0026643488442192604,0.8222762123474191
12,0.03649044155645523,0.06972717167995231,0.011168998401610562,0.0016357408201335747,0.8809776475418484
13,0.02755647404850803,0.0857907715116215,0.009669453885687527,0.0018279527518143903,0.8751553478023685
14,0.047860619916156075,0.1348763653272049,0.003867139095938824,0.0025955660228980763,0.8108003096378021
15,0.018747159763636154,0.08538156638019079,0.0070509434212334765,0.00275041545885647,0.8860699149760831
16,0.07516488072216908,0.14988131125010848,5.486046138623672e-05,0.005737979275646954,0.7691609682906894
17,0.07400750280348019,0.19571580978259703,0.0009789734989643704,0.0020357939970367476,0.7272619199179217
18,0.019624825841024412,0.021309314836946196,0.002591278592018442,0.0008193008230762805,0.9556552799069347
19,0.1539243225310945,0.05821108148269413,6.844230725836988e-05,0.001338366239735985,0.7864577874392171
20,0.05436199944167466,0.187463917500256,0.0025530360337501575,0.001464605940382912,0.7541564410839363
21,0.06303469805599592,0.12902777099313795,0.0032203348820730414,0.001135359224673276,0.8035818368441198
22,0.05441458846575727,0.12453780275198884,0.008376097899091753,0.0012874487885156502,0.8113840620946465
23,0.07630322397386251,0.31977390869469996,0.000759137800788288,0.0026179478922385697,0.6005457816384107
24,0.14956291758288184,0.4780693718772794,0.0021105370107913127,0.006666102159680659,0.3635910713693666
25,0.18802091212641167,0.07831046891513012,0.0042729156902036524,0.0008019975923515491,0.7285937056759031
26,0.0898518045433536,0.24576266945452346,0.005140744662047426,0.003151033093833292,0.6560937482462421
27,0.0905258179699648,0.3860785519302036,0.0034988680201034055,0.0030610396459722186,0.5168357224337561
28,0.05351961087746137,0.12693416336527272,0.015262502387662299,0.002775922011529804,0.8015078013580738
29,0.09065348217559377,0.3349254806952207,0.013515311953130745,0.002303302676868083,0.5586024224991866
30,0.07662185868721906,0.38828226380947906,0.023540366442623962,0.0008489575392032744,0.5107065535214746
31,0.07243774411936335,0.2861414043189856,0.013208688301712705,0.0010133925078378541,0.6271987707521006
32,0.13300257714825098,0.39988963552503404,0.11800307512635637,0.002496855254014184,0.34660785694634444
33,0.07791099538138782,0.4807236779296738,0.026552682109613653,0.0018404434846738375,0.4129722010946509
34,0.1624943879439269,0.5377649941646696,0.01454963600041044,0.005635710863282918,0.2795552710277101
35,0.09541301064133766,0.12569775687901166,0.07557921505556957,0.0007155487532467052,0.7025944686708343
36,0.05874903553826986,0.48506534750802754,0.012780143156027688,0.0017259823796227376,0.44167949141805213
37,0.019712799515517163,0.028527730970597763,0.020982272086499415,0.00014127423617817534,0.9306359231912074
38,0.024800471939954317,0.08501536642247656,0.029249072091882537,0.0002949979917944775,0.8606400915538921
39,0.03301973027788558,0.11269033603621359,0.038918431072666536,0.00028717213107997194,0.8150843304821543
40,0.09285181514222071,0.15448123982430675,0.10210921904588212,0.0009914771666220748,0.6495662488209683
41,0.031019327968751686,0.14739109072725123,0.05124991049538651,0.0003199285102888563,0.7700197422983218
42,0.06132607881446983,0.3744131996133587,0.12443267424979143,0.0006523644920287905,0.4391756828303512
43,0.12179409536042117,0.2805985884419334,0.11161269545563447,0.0013353109259214618,0.48465930981608935
44,0.07512709752818722,0.16221958564637295,0.052945415344914606,0.0006129204040351286,0.70909498107649
45,0.049362501212417524,0.36717683649533667,0.08905902625461469,0.0011355801254837523,0.4932660559121472
46,0.06064901393045655,0.20342974481306206,0.12703782999990823,0.0006329621490528136,0.6082504491075204
47,0.06871019765363123,0.2565688354205056,0.18622211335086208,0.0006201025707396664,0.48787875100426137
48,0.05785798649037991,0.20564235468040898,0.1954974938810421,0.0001906967677297215,0.5408114681804392
49,0.0479438589158822,0.18659341377589583,0.26318239121842313,0.0002093867972627183,0.5020709492925362
50,0.052322512803584895,0.17946042342722365,0.30426935451463966,0.00020351800394236808,0.46374419125060934
51,0.05834475637905887,0.1696479469925184,0.33213276109022033,0.0003773991819137984,0.4394971363562886
52,0.04730480637630614,0.13250215041582022,0.37891771291133947,0.00023634342542769264,0.44103898687110654
53,0.019385519500490916,0.12515719850999188,0.5531129881563267,0.00021783807866809456,0.3021264557545223
54,0.012800406143957183,0.11265748123534494,0.6770952633284472,0.00032896880671304246,0.19711788048553763
55,0.01456835257380648,0.10101889849957427,0.6500414883388654,0.00034632616936764913,0.23402493441838626
56,0.01421895997268623,0.0705389925349014,0.7463538563980149,0.0004874236638127855,0.16840076743058477
57,0.007300395358703075,0.06474280960428193,0.7516577579805465,0.00033878708459778235,0.17596024997187085
58,0.012890857492336307,0.07436399887988693,0.7485810532352533,0.0005092347566542353,0.16365485563586923
59,0.0038070980820362654,0.03709715675736863,0.797740032419164,0.00027304427596650134,0.16108266846546465
60,0.003772020542356658,0.03346893392611367,0.7732842539979637,0.0002814633472658448,0.18919332818630005
61,0.004329918958258715,0.024817215447209096,0.7884417906601994,0.00027484617876175126,0.182136228755571
62,0.003667766688069036,0.021090122849424135,0.6825955055456393,0.00025251218378313973,0.29239409273308437
63,0.0055068485834128865,0.030889962985314233,0.7041467545333442,0.0003629773688373924,0.2590934565290914
64,0.005305802735925469,0.03985074013791988,0.6835342811299656,0.00041681843707802406,0.2708923575591109
65,0.004426461416889334,0.025095438728670445,0.6190908011394356,0.00041554234988226446,0.3509717563651223
66,0.0027990870850914313,0.01946575349784528,0.6179916980201867,0.00033541478594538947,0.3594080466109311
67,0.0037716016000040042,0.01644996352089832,0.5542542281309851,0.0005638994193733104,0.42496030732873924
68,0.0031516359882865458,0.011791123959799829,0.5368627094013078,0.0005767775348231908,0.4476177531157826
69,0.005920485489496808,0.01676590368526975,0.48231363189655496,0.0004796910663190291,0.4945202878623594
70,0.0021866850370575383,0.0067155314144149835,0.5637372889767481,0.00024956499295803136,0.42711092957882124
71,0.005716020964102915,0.01389423546900408,0.33630047342101554,0.0004122206160396559,0.6436770495298378
72,0.0031754853411776448,0.00997975769421801,0.6181415322881242,0.0002822361832847046,0.36842098849319554
73,0.0021191115129750742,0.011413564135989982,0.6107029244636253,0.00036683270842844794,0.37539756717898115
74,0.003044366793500532,0.013736803861578812,0.32030325136841503,0.000286376244220183,0.6626292017322853
75,0.003640045517235643,0.01747169891443244,0.5273579520947385,0.0004965577021138752,0.45103374577147953
76,0.006404301432231959,0.04002676981173371,0.7749492358261528,0.0008588478720889342,0.1777608450577926
77,0.007230091572105866,0.0840983463832615,0.7389255226518803,0.0010287351641135524,0.1687173042286387
78,0.0025407885949305215,0.021709473351502938,0.6334226051738804,0.0003941097564938407,0.3419330231231923
79,0.004747644801327267,0.02470098081125981,0.4685569980833821,0.000637287562236356,0.5013570887417945
80,0.0037068445944419106,0.03125661716496122,0.5121513192346085,0.0004622545235231056,0.4524229644824652
81,0.0029431554474706294,0.023534427557448927,0.36183359225297224,0.0005076335992952836,0.6111811911428129
82,0.0057026752061670755,0.02600895848673468,0.4185064202646233,0.0003307999738205524,0.5494511460686544
83,0.0046307825682756635,0.016320315810867306,0.1144873913827068,0.00020273463088468744,0.8643587756072656
84,0.006667020193189626,0.028080238032341213,0.2948431216060056,0.00040856378671652664,0.6700010563817471
85,0.0039558819126433355,0.011761123521012742,0.05570909218834435,0.00010630814688501983,0.9284675942311146
86,0.04258233752976979,0.16613066210115107,0.20433681852808622,0.0015356377980155103,0.5854145440429774
87,0.14663096191323738,0.12696029517615423,0.14032769241287718,0.0007020138562928819,0.5853790366414383
88,0.32709789739004286,0.31076706841193324,0.24586732258265495,0.0015486295889982516,0.11471908202637059
89,0.36117556210047425,0.33887168303348386,0.16200195982333715,0.0035991840491080077,0.13435161099359666
90,0.2348696606936172,0.5225477665211095,0.07616265656969157,0.008470067454263331,0.15794984876131826
91,0.10904989825122811,0.5711702293511394,0.14585484756982195,0.004967516282808558,0.16895750854500197
92,0.13484032328352563,0.523109703578276,0.14758750460359157,0.0066618876417212265,0.1878005808928855
93,0.19443515648967008,0.6321598795500644,0.10616817697491572,0.006711962019954852,0.06052482496539502
94,0.16456199895393486,0.4459924800017965,0.23097955312815657,0.006895404286168559,0.15157056362994356
95,0.08306243331286851,0.6121053567673054,0.17589123211700777,0.005696550397910588,0.1232444274049077
96,0.08009279637950356,0.6198416101567518,0.20141778283689776,0.0026764801368223405,0.09597133049002453
97,0.09816198410831264,0.4119883199514161,0.09686730944754024,0.0027251456812270973,0.39025724081150387
98,0.2256855935157056,0.6476391176508829,0.03685384123134247,0.004398390956669176,0.08542305664539974
99,0.1704708134540494,0.753274928100742,0.05580372948810849,0.0027265315734710947,0.017723997383628922
100,0.1653672492302392,0.4859990009869472,0.3192903346727022,0.0016899231182158593,0.02765349199189555
101,0.20403084033586366,0.4609809910538301,0.23630353509201404,0.004338439345018139,0.09434619417327408
102,0.0509372282761251,0.3297619686212438,0.5879755416990509,0.0037564167788272187,0.027568844624753036
103,0.028507533661268715,0.5476762556721925,0.4010095612118287,0.002662202223164164,0.02014444723154595
104,0.021416938954817943,0.31356706413450136,0.6489038228324123,0.0008199677605529242,0.015292206317715409
105,0.029064573012306878,0.1356615352140786,0.8143172736423061,0.0009589110480576032,0.01999770708325095
106,0.018191702676831206,0.12600010683742577,0.8318061135332648,0.0010390948713539143,0.022962982081124336
107,0.029378310661602045,0.2764404420720905,0.626262076414456,0.0023060348182683136,0.06561313603358311
108,0.021105732594448035,0.07866341036625392,0.8655288859172452,0.0013099517628113993,0.033392019359241486
109,0.017891012538262217,0.2848497119607362,0.6819173138354839,0.0018165004741897217,0.013525461191327918
110,0.015302934238282434,0.10797544385443571,0.8419213257056208,0.0019380597483402706,0.03286223645332093
111,0.019333065100371118,0.3590360284088677,0.5927733475397908,0.0032013536399718373,0.025656205310998482
112,0.0208596308686028,0.25939477189208116,0.7039716813629814,0.002647413531203798,0.013126502345130738
113,0.009203068170025332,0.07569834406383741,0.8585793704285587,0.0023401387865699505,0.05417907855100851
114,0.011634852965436425,0.06288804487857766,0.7838538877385851,0.0023118725122402914,0.13931134190516056
115,0.04069801818860082,0.27072888677383267,0.4227975008829587,0.007373993726268494,0.2584016004283393
116,0.023500181362617178,0.17656376338230914,0.6661005712620502,0.0029187300435336728,0.13091675394948976
117,0.0185180498363248,0.04694737593226954,0.45307913969926494,0.0011602826086346569,0.48029515192350614
118,0.0512973954392489,0.30425488128704103,0.4858322939282575,0.0025031539247138503,0.15611227542073863
119,0.026591535573216658,0.23220815624246605,0.6175362027246839,0.0022096281081090976,0.12145447735152436
120,0.016483976852262848,0.08466148200292785,0.7611364523036741,0.0030861875824557323,0.13463190125867947
121,0.029748936388789032,0.24285214262270496,0.5789267792025857,0.0033354791847749546,0.14513666260114533
122,0.007524118227605626,0.05279584264360083,0.6813272687533056,0.0018238908854180623,0.2565288794900699
123,0.00877368241428256,0.08264888894765808,0.43487611227281636,0.0017591291402018103,0.4719421872250413
124,0.013134636081221635,0.11021899566179477,0.7677826903878388,0.002057655862179737,0.1068060220069652
125,0.005391455916217393,0.038861305585145854,0.42566992700406053,0.0019050621884491694,0.528172249306127
126,0.004056244470087022,0.022211205749666355,0.3619356460871895,0.000603992747918092,0.6111929109451392
127,0.014483981732372734,0.1642269588705394,0.6983654782987156,0.0014845048053023216,0.12143907629306985
128,0.009232966869524753,0.09375766084142026,0.670363535859469,0.001204480371845515,0.22544135605774057
129,0.006281304909903811,0.039955471535357015,0.6305338473990941,0.0008782176670207425,0.32235115848862445
130,0.014781799995530863,0.1327110625473868,0.68101902203161,0.0012342504291240001,0.17025386499634831
131,0.01210376611511104,0.09463133335719162,0.5938837990386897,0.0008349268285264914,0.298546174660481
132,0.009694062542207244,0.07367222620220629,0.7322286947201913,0.0011921171635636185,0.18321289937183144
133,0.007424816623309407,0.049870968549341865,0.7890824746091214,0.0011220652530565453,0.15249967496517086
134,0.009706088277827297,0.09841215349304894,0.7761587842662026,0.0014101042362239123,0.11431286972669726
135,0.009797510613810212,0.055749913572496215,0.7870388112624336,0.0023088705816195812,0.14510489396964055
136,0.009152235573177849,0.06110639481609799,0.5354953300025157,0.0017775789078835617,0.39246846070032476
137,0.006592452921394795,0.04104295896948536,0.474646088982262,0.0010907432024266938,0.4766277559244312
138,0.019568481239615066,0.14078297679349716,0.6816446939719221,0.0035232694208620617,0.15448057857410358
139,0.006168581494939082,0.05921818320471637,0.8289425118775147,0.0016869645095835496,0.10398375891324631
140,0.007282834373340701,0.05322176006779127,0.8364824607965486,0.0014595005986581039,0.10155344416366119
141,0.010694975099888008,0.05533618109788018,0.8005679747926259,0.0010747997226551542,0.1323260692869508
142,0.003641451810113896,0.019813112576905576,0.9263522281115404,0.00042228032890604896,0.04977092717253415
143,0.005102296769274039,0.03125273879928889,0.9054644080915062,0.0006737317182248055,0.05750682462170603
144,0.007214368125530785,0.040922780630903655,0.7818013724386736,0.001640663494111498,0.16842081531078054
145,0.0027435126377914794,0.01527193146104188,0.896548945828331,0.0006000936866149797,0.08483551638622056
146,0.002572200529458016,0.02080505610241441,0.9099353552812502,0.0008221309521350327,0.06586525713474257
147,0.0031289764929856457,0.015906497412667336,0.8793448620960763,0.0014466792631087845,0.10017298473516191
148,0.0021873119726571067,0.010067656286086283,0.7457880685845889,0.0012143244072669863,0.24074263874940077
149,0.0033684544239089287,0.015178469306175547,0.8394868202809482,0.001368765671513564,0.1405974903174537
150,0.002907148588842086,0.00949985012708292,0.7901155686315409,0.001312007604514558,0.19616542504801937
151,0.0031811247585578316,0.012442706723111352,0.6255091306390802,0.0014702561133611508,0.3573967817658894
152,0.0016806028202619194,0.005903131310046417,0.06775613902848382,0.0010230816893537996,0.9236370451518541
153,0.046220943921966254,0.06876434398431745,0.5341805996033907,0.011183969755349686,0.33965014273497585
154,0.02054165628501546,0.03406898451694894,0.3875316976877437,0.005727826712980915,0.5521298347973111
155,0.05458021489120118,0.1086577425304481,0.49276450156944795,0.008797664722706735,0.33519987628619596
156,0.030558425687756335,0.04335465279262571,0.4313406429637097,0.008066166145919242,0.48668011240998893
157,0.004796090138839904,0.008175899244359444,0.04996259824940408,0.003874451881177341,0.9331909604862193
158,0.014767676793358206,0.020135608592088607,0.03289989374579224,0.004024592907182122,0.9281722279615787
159,0.051231928116135673,0.04356235743784395,0.2735801986145895,0.006067124454889843,0.625558391376541
160,0.03326534301585478,0.022601845371907636,0.3023266871288512,0.0064135797487519745,0.6353925447346345
161,0.03998924151704628,0.059843033339869595,0.3672915699418157,0.010321058079317207,0.5225550971219513
162,0.007910315699828868,0.01807982415618081,0.32953878007733484,0.0019480330940953594,0.6425230469725602
163,0.000510837912847308,0.0025231561066825984,0.035878430971193025,0.0004161181081868123,0.9606714569010903
164,0.004152593868392871,0.009599936128830512,0.7868423878558138,0.0014949138775897234,0.19791016826937305
165,0.0033905954731748705,0.010218928498717882,0.8495230058609224,0.0015165857480531535,0.1353508844191315
166,0.006248563707208413,0.01763572054303107,0.22492974298999754,0.0023039911879160985,0.7488819815718468
167,0.008164505030057726,0.03322283524542591,0.8067463727418664,0.0027699628371700177,0.14909632414547996
168,0.005458362140737576,0.02947867732578445,0.8650441321576477,0.0017999757766590666,0.09821885259917126
169,0.0033327508598005318,0.017028639253369737,0.837855257977068,0.0011452396255481122,0.14063811228421355
170,0.003943393814951429,0.01964785037890209,0.9031474041025578,0.000631986196532832,0.07262936550705576
171,0.0017318879152744952,0.01293171319498977,0.5001797506445579,0.0008391941099559912,0.48431745413522187
172,0.01155535142954666,0.03853266739822029,0.8334516116462068,0.002119925935111342,0.11434044359091472
173,0.008126077030049753,0.045434384300203495,0.857582792187109,0.001119117252008149,0.08773762923062951
174,0.009121362798644691,0.032939240216114406,0.4859453098968587,0.004592599170380049,0.46740148791800223
175,0.019411018102237707,0.04774576175886952,0.35276606204424127,0.0059157519844534115,0.5741614061101982
176,0.022441002668652222,0.0727264747634664,0.27695008596340553,0.007778528286940436,0.6201039083175354
177,0.004650646432196619,0.008922924923743036,0.05160996821329465,0.002152291071797641,0.9326641693589681
178,0.005150741418584704,0.007843279107500998,0.03135567848071112,0.0011028971420124728,0.9545474038511907
179,0.0037394122179184677,0.0028177106834712524,0.0027750501522142324,0.000418566275315812,0.9902492606710801
180,0.003151485918692053,0.002450457360225773,0.00015746891593320877,0.0011074065828356606,0.9931331812223134
181,0.024639585888063108,0.011503093472909379,0.002638497340152169,0.0008735594426761468,0.9603452638561993
182,0.02626509908946173,0.014880854960348123,0.0013719917228166008,0.0005452962731366536,0.9569367579542369
183,0.1160268071820108,0.1657668265942792,0.0016733229259194896,0.004228718523964469,0.712304324773826
184,0.1853509607635952,0.14799878082015452,0.04589718893713858,0.0018545223545055358,0.6188985471246061
185,0.18565014306886451,0.3879361070637598,0.0599582033746667,0.008815272678810217,0.35764027381389885
186,0.13583648507082136,0.17522775602820492,0.09480710567165285,0.0035418557399437165,0.5905867974893771
187,0.08717389811779636,0.5470456193403611,0.04618647599471058,0.00874756428434168,0.3108464422627902
188,0.11515848598437918,0.22889067590727583,0.15022471681696095,0.00838684629413677,0.4973392749972473
189,0.046424415425524376,0.10747861740797002,0.005479009953062406,0.002302166518161597,0.8383157906952815
190,0.192898645739622,0.27976830918898404,0.04084853891283971,0.004401274279376557,0.4820832318791777
191,0.1350734793462077,0.09899174941036805,0.04824729314297259,0.004625798263072817,0.7130616798373788
192,0.2619334794964778,0.25600444567809355,0.08074316574866465,0.008107766443971216,0.3932111426327929
193,0.13923950928331152,0.261975128331168,0.09054000793338032,0.008442016934819135,0.49980333751732103
194,0.1089099317848068,0.40079868633669713,0.07253472614177099,0.014114495672625443,0.40364216006409975
195,0.1088994577056188,0.2023110295557003,0.08177655479402363,0.007595335895004392,0.5994176220496528
196,0.2056774625877477,0.22408884306605822,0.054043954202977806,0.00764418393395833,0.5085455562092579
197,0.327156553824961,0.4738019667851377,0.06704383219155052,0.006603060528727811,0.12539458666962294
198,0.38059140454862406,0.3083962039585478,0.03402268379880259,0.002735941043015755,0.2742537666510099
199,0.5773094602198522,0.2826108627001499,0.058663891444766185,0.005093017181928181,0.0763227684533035
200,0.2612334563723494,0.4886429443628788,0.21250867764534148,0.019087255849344203,0.018527665770086042
201,0.16500049691121377,0.5393656250395495,0.184022464126533,0.09718909681378217,0.014422317108921542
202,0.06987761540673822,0.5073790203219796,0.24625469804929062,0.15397373403430528,0.02251493218768637
203,0.06725443691766383,0.6074531574044182,0.12308447663860633,0.16702480320917876,0.03518312583013296
204,0.15275655716331032,0.6310560055414232,0.008830445795863485,0.1273128284682265,0.08004416303117655
205,0.08817981115400693,0.698084814838691,0.061820321943922105,0.0651267486891958,0.08678830337418417
206,0.12212192210665315,0.6127288943564329,0.20169161765010324,0.04558848102348717,0.017869084863323618
207,0.22445356103933628,0.3544485870920794,0.0009754908853248358,0.3660408714282438,0.05408148955501575
208,0.22781248501056714,0.5127377005810175,0.0418122515586564,0.13181952442041694,0.08581803842934195
209,0.07964835627300383,0.11611619195794676,0.0005089980423602641,0.7815779591800436,0.022148494546645536
210,0.1074091495483642,0.3877014061059896,0.0006594719633881632,0.4939784766372999,0.010251495744958029
211,0.06906225663454521,0.3646195794214466,0.011019995789587981,0.5398635025381384,0.015434665616281812
212,0.07899584331209834,0.4020285707502958,0.030337045548741743,0.4729130092311432,0.015725531157720837
213,0.0825187841104692,0.20004661249317474,0.005326325050415696,0.6762644714489443,0.035843806896995914
214,0.15791986121305454,0.22657960533845542,0.00668513105470405,0.49308724969344875,0.1157281527003372
215,0.19972225429971394,0.2632170862867611,0.003961360413520312,0.42147880715955405,0.11162049184045045
216,0.23213284748638244,0.3700242901456263,0.003366722468960755,0.32578858879184164,0.06868755110718876
217,0.2384932661003261,0.4877319966487664,0.0015182222437370824,0.1402421538423706,0.13201436116479978
218,0.13268743348828227,0.297142804045168,0.004845210055206263,0.09983712243207611,0.46548742997926745
219,0.14847943545102885,0.13652736776784777,0.003919666462254204,0.042810707140567034,0.6682628231783021
220,0.2003994347956174,0.23700500154989346,0.017922246379890913,0.11093056446771982,0.4337427528068784
221,0.23699707555911353,0.2556351173680744,0.0005459010876278888,0.2609120187463001,0.245909887238884
222,0.26734419398164944,0.34108157296273073,0.009278176690286164,0.0688743676542814,0.31342168871105214
223,0.3728311738432229,0.17690835134198266,0.001864402801445681,0.0867888041599468,0.36160726785340197
224,0.25441167939964854,0.21984192009410758,0.0012212572197749481,0.06510668795276928,0.4594184553336998
225,0.25561572587892695,0.09800510271173643,0.0013974214189434355,0.04119568647010292,0.6037860635202902
226,0.2375187823146854,0.21284895134334286,0.002284200366292815,0.0680198610010928,0.47932820497458606
227,0.2579520049807458,0.5162912707024644,0.006240186086321559,0.11802769487208246,0.10148884335838573
228,0.13243301498867546,0.46159865510736103,0.002086771367484403,0.3737550670429492,0.03012649149353008
229,0.061609950782664805,0.34030293504952064,0.019509450328516562,0.5383820851887064,0.040195578650591486
230,0.041891738122459526,0.186253795689717,0.0006472048548924168,0.7645560202183609,0.006651241114570254
231,0.04776400183468599,0.44030172347191804,0.0824369993474203,0.4208971979746509,0.008600077371324647
232,0.0787821578764906,0.3517902058977421,0.006468219997904042,0.531304872192852,0.03165454403501113
233,0.02284377141834022,0.7109944475360356,0.07465789766268399,0.16702049106870986,0.024483392314230402
234,0.04387345712342114,0.6606741982682639,0.14769480287114553,0.13705326031625972,0.010704281420909635
235,0.09245304348024504,0.36086072998914254,0.0035777429830455725,0.5187562277221598,0.024352255825407
236,0.047391407057507044,0.5147828862759719,0.00486779690498885,0.4251464565769641,0.007811453184568079
237,0.03832557090898928,0.6486277219850339,0.03408521942183688,0.2608347761118367,0.01812671157230319
238,0.06388191807067756,0.277521501967284,0.0008794849381171138,0.6307736335175687,0.026943461506352722
239,0.1014614116448815,0.3749612704659697,0.0020349733843985775,0.47756314016564066,0.043979204339109436
240,0.2108376704085241,0.5262542594694646,0.017316205951390315,0.2196279063809025,0.025963957789718505
241,0.06744287233346527,0.7723103822766079,0.02433489347179353,0.12256000616828555,0.013351845749847597
242,0.03319237582924882,0.816684899491834,0.05602509314150207,0.08997501068019412,0.004122620857220975
243,0.0132789391610635,0.8918905285978623,0.05437175892150784,0.03819155749757255,0.002267215821993662
244,0.04967316777542385,0.84819102166077,0.0499342191595032,0.0368693234502377,0.015332267954065204
245,0.02007465136349502,0.7369472177736153,0.2277328524127476,0.013332372664053226,0.0019129057860887574
246,0.026095167692041735,0.7981660988311221,0.016802076134790754,0.14882639559571914,0.010110261746326381
247,0.04457293767084216,0.785100745306778,0.005246028362788396,0.15699797462471235,0.008082314034879207
248,0.022198870106786388,0.8244635261117641,0.010408809753301766,0.1344174117217261,0.008511382306421808
249,0.05854569033050446,0.7048200260317675,0.005900842424333131,0.1595822182449597,0.07115122296843518
250,0.0658916191258111,0.7735563524578153,0.056910633893773765,0.0693392685707012,0.03430212595189874
251,0.03716391609044915,0.8114538673217666,0.08583507561400373,0.05855365032278309,0.00699349065099749
252,0.03288970495673019,0.8340491701152934,0.031448481122647205,0.06914663016471818,0.032466013640610976
253,0.1756687875033106,0.27431595791331664,0.008695006666889788,0.10381624930926106,0.43750399860722194
254,0.053264606417902725,0.7142591200838605,0.05898303900036254,0.09180496416005147,0.08168827033782294
255,0.07959902160514108,0.7384242990882841,0.12760284660048865,0.03982014042402803,0.014553692282058115
256,0.051702297191994616,0.5518251946511956,0.011056929713444187,0.31767783132377436,0.06773774711959134
257,0.08137395731080854,0.5088461264592192,0.0037154377445783164,0.3656306158092013,0.04043386267619263
258,0.14195874650211063,0.41314046260848475,0.0029492166195826835,0.3617553555627216,0.08019621870710035
259,0.15436876418327988,0.4667487359704816,0.05559051617063056,0.2466147365814143,0.07667724709419373
260,0.07711072228096452,0.6300129350815781,0.06650674963354256,0.2043535376641111,0.022016055339803785
261,0.06165833675638486,0.48442624085531777,0.0052900822922070856,0.41436552418400585,0.03425981591208454
262,0.031515789665623135,0.7220868988334689,0.06204150631791047,0.17013150014679057,0.014224305036206994
263,0.044418825643563184,0.31787852701401337,0.0035607421746856526,0.6199742546002185,0.014167650567519301
264,0.05201984677693072,0.6933161177439192,0.003976102666742477,0.23985848106593252,0.010829451746474946
265,0.11908821687214065,0.4136425526542928,0.0021756474795885357,0.37981833958125055,0.08527524341272749
266,0.05792495595668464,0.7310437193282228,0.09628850790812979,0.09853108715757902,0.016211729649383833
267,0.025699669402122517,0.8249930206021743,0.10209430525930707,0.04115147658691984,0.0060615281494761615
268,0.030197383594907156,0.7889001113601951,0.085164754659049,0.0771495587377345,0.018588191648114073
269,0.05320502999092725,0.8136981031837809,0.009351682607772575,0.10853580027802474,0.015209383939494584
270,0.027939724174045152,0.8242141037253301,0.045902177549627936,0.08507989432041882,0.016864100230578025
271,0.030329786153114578,0.8395650567908752,0.08639231164983024,0.034918867613563956,0.008793977792615945
272,0.041023424057268894,0.8340046424626618,0.04069496227972794,0.0709610370663371,0.013315934134004387
273,0.03832167750253065,0.7818480389405874,0.14426466069223304,0.026481094631036074,0.009084528233612884
274,0.009977591822227343,0.8750723091635236,0.10150172446243119,0.008210919277763382,0.005237455274054341
275,0.055883012580531945,0.8254359068076627,0.024085308385385966,0.07839809418950179,0.016197678036917705
276,0.05441920552970408,0.6610389090435498,0.23919581501973824,0.03154620430266381,0.013799866104344059
277,0.11115720898791574,0.7582990116104106,0.09225298019272424,0.02424927731061323,0.01404152189833619
278,0.05027048643623209,0.9135515352327672,0.011575726024832643,0.017244519263959604,0.007357733042208336
279,0.04374029590631955,0.8400103466224582,0.0937007529480932,0.017624420495840783,0.00492418402728822
280,0.13076612899296575,0.8220121038880391,0.009319728611961163,0.02054079773732744,0.017361240769706528
281,0.09070239811892261,0.7130151159070572,0.1618739855407147,0.031819961943946234,0.002588538489359361
282,0.11904101600370272,0.6646073056656835,0.14266958303894775,0.042861382709163995,0.030820712582502026
283,0.15947252340782075,0.7021373247280609,0.0233981896831291,0.0531554778579198,0.06183648432306942
284,0.06777867212897315,0.8535775541369602,0.017508330484072777,0.0488321405790133,0.012303302670980525
285,0.04470728160812266,0.9199064247506394,0.010616723919100159,0.01673421189769919,0.00803535782443863
286,0.2509138208227436,0.4931394171880754,0.05219723907158011,0.08683267001340833,0.11691685290419251
287,0.25631144150717594,0.42072522800426043,0.012639062874077194,0.1123701561836176,0.1979541114308688
288,0.34687437500960805,0.3064037555332027,0.05913331056021493,0.0734923629762283,0.21409619592074605
289,0.31063811452316453,0.3628210717318981,0.001566913624256071,0.3074039281270921,0.0175699719935892
290,0.540808092532773,0.33326312782559214,0.004821581149728253,0.09844672995504025,0.022660468536866304
291,0.3595997407250642,0.22426564498467502,0.009877019571570849,0.368687942681509,0.03756965203718096
292,0.21044500646406936,0.6320877741941595,0.008585424954444115,0.11012432537457646,0.03875746901275054
293,0.13658083253143927,0.6377738828059109,0.0050893030367588216,0.19709750216384359,0.023458479462047422
294,0.42120704515148427,0.30138018214337225,0.0034944037826156404,0.2275546703883019,0.04636369853422572
295,0.42854509386672934,0.3422726480108096,0.024915590154518368,0.13386374117612465,0.0704029267918179
296,0.3949581059529423,0.3814468869763649,0.030595904232986904,0.14646491165125392,0.046534191186451954
297,0.24084193621411684,0.43859479227806697,0.2504243235104207,0.04869533728567301,0.0214436107117224
298,0.1439686939714405,0.4348290295289585,0.3261935682698343,0.037426953219959355,0.05758175500980746
299,0.15896995962326504,0.4450659378179187,0.3317102712443977,0.011027439369335215,0.05322639194508331
300,0.05463447010480352,0.40143686176333104,0.500786052302179,0.010373035056107,0.03276958077357956
301,0.04724450161075797,0.28459774851079095,0.6176357598917697,0.012533753093403413,0.03798823689327797
302,0.021706283804624204,0.17307469953081808,0.7233971566624449,0.007974403727474608,0.07384745627463833
303,0.02067706545744888,0.08277293911876271,0.7501761238118628,0.013185166155429997,0.13318870545649555
304,0.03178497914877396,0.16280395087738814,0.7456791671789521,0.015567150830154123,0.04416475196473157
305,0.029385745037439348,0.37707423093321124,0.5330903524768297,0.00963446484385741,0.05081520670866232
306,0.019425892072432862,0.12816353846307613,0.7785196955198607,0.00588547204886944,0.06800540189576089
307,0.02792987169582702,0.22347764615857746,0.687611834791449,0.006167276068428213,0.054813371285718206
308,0.02092258847332805,0.14204364583524223,0.7916672396646564,0.005292188679331627,0.04007433734744191
309,0.0267894683531539,0.14217303844880055,0.7699268963720585,0.011721368939266527,0.04938922788672063
310,0.025005772493923883,0.10319005542409981,0.8097028817721542,0.012611171293517052,0.04949011901630499
311,0.021256936467557715,0.10185731439259416,0.8235048380109623,0.007862719727243166,0.04551819140164263
312,0.03086674876991541,0.13345141036667205,0.7863540891703408,0.011489962336745374,0.03783778935632646
313,0.05873073823075667,0.2059677099559909,0.34211475618348086,0.0388281698961915,0.35435862573358
314,0.01678446916505277,0.03130139635932608,0.0013093439199269423,0.002447855106082356,0.9481569354496119
315,0.23755568813071615,0.13912969674229012,0.02049717588229894,0.003970601954270033,0.5988468372904249
316,0.21497652388921984,0.07836620749320054,0.01047386835943392,0.0024975567611529863,0.6936858434969927
317,0.2689620621389096,0.0804498525805155,0.006987655304786205,0.0010086487910690764,0.6425917811847195
318,0.1983337240989231,0.15437027656999994,0.02136651629245014,0.004481431407509214,0.6214480516311176
319,0.5115360581319754,0.20465006848221598,0.0682714407413348,0.024516013329443725,0.19102641931503006
320,0.2159745555664659,0.18852379567330663,0.011448023674425156,0.017321968858979193,0.5667316562268231
321,0.40329626068486485,0.33065918201926403,0.045577705338732635,0.038524110914750526,0.18194274104238795
322,0.35228677888177284,0.2503027182360219,0.04353579811773617,0.06761479710623275,0.2862599076582364
323,0.23711847233160577,0.5300126219124736,0.04284181056673035,0.11050236597403791,0.07952472921515234
324,0.2628726325983233,0.5248095462656247,0.03851600957235657,0.06026418846368329,0.11353762310001207
325,0.26520514434925985,0.49704862955942875,0.026513040735895093,0.08638938265680995,0.12484380269860643
326,0.16048778026820815,0.5410221230737656,0.011438982616323002,0.0812476944169401,0.20580341962476312
327,0.09858531354630592,0.6651808810521411,0.052045427873532495,0.04250715009043994,0.1416812274375805
328,0.25777400171086634,0.5141644217732229,0.06629563845082713,0.1131301783714826,0.048635759693601135
329,0.12879891871085433,0.6194638059844433,0.07099179048456859,0.10619065055695032,0.07455483426318346
330,0.2066503415150772,0.4665145288243051,0.09847524960100949,0.18869863818812313,0.03966124187148499
331,0.19983930978704503,0.42907062462002676,0.0937773368421539,0.08565732130932642,0.19165540744144788
332,0.3148224217854431,0.3642326428880979,0.05315022210775797,0.07740788820448567,0.19038682501421536
333,0.2587082603129326,0.44654688919291013,0.08128650814014333,0.09098321334479667,0.1224751290092173
334,0.31561187756537556,0.41516046597722117,0.06998291301887194,0.08654671223720482,0.11269803120132657
335,0.25077037932436713,0.4303168010486186,0.022123061858004806,0.17063491655717603,0.12615484121183337
336,0.2103099609652777,0.3719365382584493,0.0741123538768731,0.21064190362239799,0.1329992432770018
337,0.18930078292042676,0.5595725280914104,0.007095222213741825,0.15763019704051606,0.08640126973390508
338,0.3151706435145191,0.2595351499997177,0.006992066846831801,0.22360982809873808,0.19469231154019334
339,0.419667670724182,0.3652926104454945,0.0038426004058966117,0.15121794541840314,0.059979173006023845
340,0.4395385245358128,0.3815310834327281,0.009495763740005854,0.09581521483793241,0.07361941345352083
341,0.28633802314123696,0.4300024810250659,0.01767479255652243,0.24403200019077725,0.021952703086397494
342,0.27293693785328743,0.34787457668268706,0.008451735291828773,0.34242182194329296,0.028314928228903774
343,0.22475408516674575,0.24924339965359132,0.04558980159683903,0.4411226657397465,0.03929004784307745
344,0.25725445194968527,0.4664305736162815,0.010430883626243836,0.24495130081110855,0.020932789996680738
345,0.13580415145267902,0.47229833615968586,0.19691451761275175,0.15479318820022517,0.04018980657465819
346,0.13417387544372886,0.4715087722192378,0.2072254198852147,0.15859772030204788,0.028494212149770798
347,0.1287305737521091,0.5478952288861915,0.12178085206122119,0.17384332267360875,0.027750022626869666
348,0.1509556984658197,0.54373427871004,0.029683144213848083,0.2538634339728588,0.021763444637433283
349,0.28417798870112976,0.24941751357652614,0.10822171724352368,0.32701443423661974,0.031168346242200586
350,0.15288320416489182,0.4868117050146253,0.18156562353541433,0.13614069478335927,0.042598772501709375
351,0.1469896968835172,0.5714713447129165,0.12284082656800428,0.06320751602219982,0.0954906158133623
352,0.24224872105001138,0.4541935434795277,0.11077299573942938,0.104772295676073,0.08801244405495866
353,0.21650368407842177,0.5078339897641401,0.15678525464758747,0.0695543578771947,0.04932271363265608
354,0.269093236285783,0.3419573186235159,0.13174948363584987,0.14350595248773818,0.113694008967113
355,0.19313590661704663,0.43201821482439323,0.10903026238272118,0.19899139791517456,0.06682421826066431
356,0.16788935892904558,0.3051984349001423,0.16673064452317293,0.2714968307893736,0.08868473085826559
357,0.2005473821275668,0.30090319878119043,0.20571588405829494,0.23847613567455878,0.05435739935838894
358,0.18068045058525922,0.38059490983964384,0.2564381703692762,0.09558389674610676,0.08670257245971384
359,0.15697147386153348,0.3413248432036621,0.20708940928408576,0.16102459228247937,0.13358968136823926
360,0.1747188101676389,0.34526409504576083,0.24773823035684345,0.1667180999561491,0.06556076447360756
361,0.1344121692822282,0.4138489835263452,0.28872184733149164,0.07195207670612586,0.0910649231538092
362,0.21932316481473757,0.2666481087968953,0.2988253334177374,0.15307812990265335,0.062125263067976354
363,0.22771931572349485,0.4890639620046831,0.11974446578254826,0.10725261932170763,0.056219637167566214
364,0.10290604720387193,0.3295180384500023,0.3355955428956816,0.049615123020792976,0.18236524842965116
365,0.034002737131624286,0.14055014604387545,0.671502866051845,0.02430393536896664,0.12964031540368862
366,0.04340441922685404,0.4571435563129188,0.42460160132725616,0.023115459176889327,0.05173496395608159
367,0.014617057171920179,0.12769749006783504,0.6960869777024837,0.010489982805216286,0.1511084922525447
368,0.025328871600095684,0.13446805470293874,0.7221873202289222,0.022561426761181495,0.09545432670686194
369,0.03799578304364293,0.11390342535984173,0.46006679574725784,0.014514708527856272,0.3735192873214012
370,0.045714696018420445,0.12055952503146634,0.742948506112792,0.022417719668333475,0.06835955316898784
371,0.04051069330487523,0.23635498215143602,0.38017156147164,0.02880705760619809,0.31415570546585053
372,0.14060813745808,0.44574049125419907,0.20512821040429285,0.02974420282477212,0.17877895805865598
373,0.18788406645326208,0.3697748232572753,0.19389941703428107,0.01894178495416916,0.22949990830101238
374,0.08913614054204899,0.13221508854096148,0.11636465805778624,0.005742148485360574,0.6565419643738427
375,0.30811275190705495,0.16008266878949193,0.0752004546367588,0.0204100716795903,0.43619405298710406
376,0.27559058736940845,0.3209481966976992,0.09358366995138169,0.011810276777137911,0.2980672692043728
377,0.12948642787461723,0.6350564120037008,0.04848460428245589,0.012447435192664264,0.17452512064656178
378,0.3459950506484856,0.39060845581576786,0.13743731725225108,0.017259956403555796,0.10869921987993944
379,0.33410572228977675,0.3787485258113033,0.1522747550553498,0.03575603197148886,0.09911496487208137
380,0.12606119598195945,0.5902440788023385,0.03440062458325117,0.04158633217168301,0.20770776846076797
381,0.22272439946113468,0.44805939886733437,0.23564873421808596,0.04097443421471713,0.05259303323872774
