epoch,N1,N2,N3,R,W
0,0.00018059822508891912,6.868480054845357e-05,1.5990433890709138e-06,3.824295693398689e-06,0.9997452936352802
1,0.0018171440433362217,0.00034650648370199806,5.703811061246576e-06,2.2401010454085586e-05,0.9978082446514464
2,0.0007443111899926902,0.0002588915958275513,2.4155813175621102e-06,1.302226477380949e-05,0.9989813593680884
3,0.0003720643597336997,0.0001243832651784794,7.58146063022241e-07,2.096864647581265e-05,0.999481825582549
4,0.011396293586289729,0.0004032663639984299,8.12533222188278e-06,0.00016652853354882737,0.9880257861839412
5,0.000990303267585173,0.0002255827614425341,1.0885956379581285e-06,7.129822397946008e-05,0.9987117271513549
6,0.002643087810627394,0.00024201933117898279,1.3409644835965413e-06,6.564821904563469e-05,0.9970479036746644
7,0.007989761841901085,0.0010216518233103894,8.5949188348081e-06,0.000515909772350018,0.9904640816436038
8,0.14136217218716504,0.0029995671779479375,1.665625446232396e-05,0.0015719646330917482,0.8540496397473331
9,0.17293566885354486,0.023083789031820425,5.996766246530568e-05,0.0026669790379546246,0.8012535954142147
10,0.028066434464019328,0.01055986458751031,3.6721296424634705e-05,0.0018433893158928735,0.9594935903361529
11,0.0021878585577187414,0.0010143125329808798,6.038353831943934e-06,0.0007222139948630566,0.9960695765606054
12,0.006544283840103191,0.0007210778797228673,5.148426894219689e-06,0.0010063035085072698,0.9917231863447725
13,0.12380111804245127,0.002995347323483882,1.3361071509592335e-05,0.00344171408741905,0.8697484594751361
14,0.7793274173290587,0.008500499799829375,2.5418313110349778e-05,0.005608534391677994,0.2065381301663237
15,0.7290694079875605,0.11652019582906564,0.0001163264460345661,0.013398997912378948,0.14089507182496042
16,0.44560565496256893,0.043570279221163216,6.572520559282256e-05,0.02194175414950914,0.4888165864611659
17,0.5731430746196324,0.06263563633953625,7.11324544953101e-05,0.024559864021052563,0.33959029256528334
18,0.5841628055579307,0.33037452284752894,0.0011493215668108422,0.020027158300367342,0.06428619172736236
19,0.6398714067860776,0.2889349302125914,0.0021861462615611854,0.023049068601130863,0.04595844813863882
20,0.17684298054939834,0.7507764130223684,0.0027135224830686427,0.024979162093408794,0.04468792185175584
21,0.3241957935468217,0.5536798508466464,0.006785108822736119,0.08072879010029013,0.0346104566835056
22,0.05810072835288173,0.8918103938525722,0.00880263073403606,0.01065985253771982,0.03062639452279017
23,0.20475631242323822,0.6245264185735458,0.018249559592401148,0.030446475727880985,0.12202123368293395
24,0.2084007358455799,0.7083963173343502,0.014798138328009922,0.02418175717375805,0.04422305131830204
25,0.4132170069325378,0.48090443185316717,0.005132035699259916,0.03598113386582706,0.06476539164920796
26,0.30170531792918526,0.6232667816527075,0.006723388488673966,0.02776146102946671,0.04054305089996655
27,0.6435072901201913,0.20384760249103123,0.0004383683384370087,0.03643731730603881,0.1157694217443017
28,0.3105972045067357,0.6704526138821745,0.0024009971554845313,0.008264026838954561,0.008285157616650815
29,0.11686581672198101,0.8601734383183841,0.003963319353733825,0.009789412266329555,0.009208013339571313
30,0.09731599799196869,0.8767476650296261,0.011890845775290603,0.0022635887777840004,0.01178190242533067
31,0.10653744320884784,0.8611022378514471,0.012698393033012755,0.005916090929075452,0.013745834977616847
32,0.08803963693582341,0.8743983070902044,0.014615399001404447,0.005345489592153722,0.017601167380414045
33,0.0691533588998051,0.8624774842299157,0.034515769463044514,0.004339033395371152,0.029514354011863572
34,0.12738225862072558,0.8399413708847124,0.010610772107077235,0.0016092597283528752,0.02045633865913192
35,0.0387160273007499,0.9126830065484546,0.03081384033081723,0.0019248434642838016,0.015862282355694524
36,0.11270225044013676,0.8035587758737577,0.025334069959023934,0.003305535384961484,0.0550993683421203
37,0.019130883403492054,0.8823162596349812,0.0773136234567422,0.0006127974204563139,0.020626436084328317
38,0.023382222101605146,0.859223686967705,0.074000791222844,0.0008862521406366997,0.04250704756720919
39,0.12457421158549739,0.7983829972823487,0.039331308922009145,0.0015491703801408583,0.036162311830003825
40,0.03450545705147931,0.841695007793267,0.1020390901887599,0.001291560433864762,0.020468884532628843
41,0.01831788036817675,0.8582885972276156,0.10919755226677048,0.0009693814406332335,0.013226588696803893
42,0.01400909415951903,0.8243726066478455,0.1478534791176376,0.0012109181429257173,0.012553901932072039
43,0.014685279494591384,0.8174219617179447,0.15211809860864542,0.0009147587296158666,0.014859901449202665
44,0.021394173555503115,0.88124192155583,0.08789611337310069,0.000743421292324061,0.008724370223242033
45,0.008791521391922292,0.8612468123067273,0.11980807796157311,0.0008803116398181668,0.00927327669995903
46,0.0017880013134737238,0.7200332262722898,0.26902126028393203,0.0002516883334531379,0.008905823796851255
47,0.004501595755660499,0.8252232768377444,0.15785745973341198,0.0010696179032192506,0.011348049769963944
48,0.0063334565476828066,0.8185684250272071,0.15462254926595223,0.0019440285407745254,0.01853154061838335
49,0.0026878992174371097,0.6863779880862205,0.30352110850854447,0.0010915595700476503,0.006321444617750363
50,0.003713013818364925,0.6484639809483127,0.33741548786540976,0.0006437142769845698,0.009763803090928318
51,0.005243450238511336,0.6635381168859175,0.3177152492942884,0.0010891419693706272,0.0124140416119122
52,0.001093351836585783,0.3657688265117543,0.6246066794615643,0.00011445698187746794,0.008416685208218174
53,0.0014588568623238834,0.26186664989940406,0.7320742729067412,5.1374194230975257e-05,0.004548846137299873
54,0.0047752612248967855,0.6098261126562089,0.3721701930563437,0.000421857705140885,0.012806575357409769
55,0.0017115458188707675,0.48258387245177825,0.5084394752098442,0.00011767545994532143,0.0071474310595614566
56,0.005423083039629765,0.5501708602885536,0.43608950287386017,0.0003823363220499943,0.007934217475906495
57,0.007376385290011198,0.5822942925183952,0.3937545594087487,0.0009229422917347987,0.0156518204911101
58,0.0017133919488535956,0.46108100962179954,0.5308928681100474,8.610650837855446e-05,0.0062266238109208935
59,0.0028828885922001454,0.7204449469498823,0.2676426284099994,0.00016272699059832768,0.008866809057319883
60,0.002527938708648146,0.46709942246534264,0.5230184105570467,0.00011566623696371222,0.007238562031998712
61,0.004055661067192035,0.5863353421893253,0.4016698462756607,0.00012357948868921715,0.007815570979132816
62,0.0040177872368215035,0.3646900700044695,0.6248470930081521,8.811905557274624e-05,0.006356930694984142
63,0.0013704253015540723,0.3861295591495097,0.60694039048635,8.136754720030938e-05,0.005478257515385897
64,0.0036457222079446174,0.48867728608590216,0.5000855741647375,0.00022071347751537141,0.0073707040639003326
65,0.003046296118641967,0.3256445165615032,0.6634777275417933,8.780369603308466e-05,0.007743656082028595
66,0.0029518998165543367,0.3065839484125116,0.6822775057564309,0.00012564765330704166,0.008060998361196215
67,0.001784774178173276,0.25715935510695903,0.7339262755800795,8.165152592201696e-05,0.007047943608866141
68,0.002035909987768111,0.25598095655437236,0.735077614233342,8.437941189467454e-05,0.0068211398126228825
69,0.001355972009112296,0.23825449573079346,0.7546762614592927,6.976989266527602e-05,0.005643500908136292
70,0.0018376130873730217,0.3402203149742177,0.6449348744425427,0.00014995633625750516,0.012857241159609019
71,0.0014402059324805532,0.39586190375237046,0.5944758555557988,0.00014996774234214442,0.008072067017007854
72,0.0021592702414952657,0.4612612293090038,0.5300784932028522,0.0004122057284494522,0.006088801518199333
73,0.006586194259058639,0.3699886665160477,0.6124311680189091,0.00026861058311616627,0.010725360622868309
74,0.0038248556407164238,0.47205351957610237,0.5165120900841791,0.0002606898850835402,0.007348844813918575
75,0.002377778018462639,0.33988003564865676,0.6496165227481782,9.524675274695022e-05,0.008030416831955354
76,0.003277627135745652,0.4285245783594233,0.558770111544059,0.0002137041737406148,0.009213978787031424
77,0.0019023425084164244,0.42573067621393673,0.5652782560367632,0.00030831809672049183,0.006780407144163323
78,0.0024140576207992512,0.28516344550302963,0.7017782517311909,0.00041433067232820166,0.010229914472651981
79,0.0010486417070157828,0.24071522500606063,0.7528988159781368,0.0002448424044828327,0.005092474904303915
80,0.0005442418234549828,0.019407390801419604,0.9763838124055434,0.00015215471265653396,0.0035124002569254255
81,0.023230960908335267,0.6403153305753609,0.2941839297051355,0.01011924371431727,0.03215053509685102
82,0.009477511223459412,0.5992423537836159,0.3603073484551596,0.0037662530923204913,0.027206533445444575
83,0.1403760933195854,0.6840351108655118,0.02608851490343255,0.12258501410117971,0.02691526681029039
84,0.45610104692970116,0.39544836834801067,0.01147459445649252,0.10098588308646957,0.035990107179325985
85,0.152975991003025,0.7690316728390124,0.015116196278465867,0.03841722630013244,0.024458913579364364
86,0.05408563729342614,0.9190136972092846,0.008614725146217302,0.013837660580541936,0.004448279770529933
87,0.2637433859184316,0.6416485129079773,0.001700419286359018,0.06436167885829396,0.028546003028938054
88,0.41887879594439453,0.17821336734710935,0.0006607343082346488,0.0658591388290327,0.33638796357122874
89,0.23977136593477655,0.6791545169941576,0.0021172243964636445,0.05857631494136661,0.020380577733235587
90,0.28502819804561835,0.6142110182921922,0.003668138543810668,0.06519439386654184,0.031898251251837
91,0.34172225699054337,0.19165701260238047,0.0028939623633710476,0.4105793661712478,0.0531474018724574
92,0.32997786845250154,0.09340281623709668,0.0003640642542228994,0.4342478503451747,0.14200740071100423
93,0.22082185725416312,0.10177080900943265,0.0005308938432007973,0.5845949755286983,0.09228146436450504
94,0.33055426687222583,0.20399913652551535,0.0004296170808069241,0.41565824460939266,0.04935873491205912
95,0.2650142345181779,0.2988723643777561,0.0010484806904445174,0.41191228072727737,0.023152639686344154
96,0.10947306498070465,0.1121330323702793,0.00021472197638446806,0.7530606047532126,0.025118575919419083
97,0.07277402106519697,0.19518253140528966,0.000610889629399998,0.7192065562989468,0.01222600160116674
98,0.07347288399206826,0.3724827897441027,0.0006512673099014796,0.5440364805931168,0.009356578360810707
99,0.13853099800839516,0.07168264885238905,6.942434907904446e-05,0.7500372142720716,0.03967971451806517
100,0.07149080814651446,0.6757321826034036,0.0007041598919679256,0.242241489038002,0.009831360320112073
101,0.08701938680870507,0.13331086371005962,0.0005327986075709405,0.7694719668659635,0.009664984007700987
102,0.20971961163456726,0.11925953263454184,0.00012379929828869874,0.6574262319100612,0.013470824522540982
103,0.0936931401422633,0.3087825349346474,0.000828934105843399,0.5849443229734639,0.011751067843782013
104,0.1247400826256901,0.16108998287429488,0.00046263218414880085,0.6952678569668812,0.01843944534898508
105,0.06117060394851653,0.6978579460647828,0.0007402533925873037,0.22760386284617104,0.012627333747942338
106,0.1252321872928034,0.2821238472334194,0.0024372637186183058,0.572011864602523,0.018194837152635975
107,0.1020265615569167,0.46762895710461205,0.0024341554094075763,0.4022334303001191,0.025676895628944586
108,0.08463403459826559,0.18466532861379678,0.0017613555130628227,0.713146687465128,0.01579259380974682
109,0.10209310383550421,0.07006676761134321,0.00020940304560628618,0.6988685117930348,0.12876221371451152
110,0.17483722478778901,0.33540534793244947,0.0010793787042238942,0.4238122926504133,0.06486575592512434
111,0.11249671004453655,0.6490795461496133,0.0008454807400057092,0.22285677102894447,0.014721492036900046
112,0.2834217302526908,0.13186063826819483,0.00013009637690839033,0.11550762839204966,0.46907990671015637
113,0.3316988938642928,0.3644489020306612,0.0004575365249024023,0.1581162255801309,0.14527844200001266
114,0.37466237174187184,0.25788811659225946,0.0003507356489972303,0.2769690920047124,0.09012968401215896
115,0.4210628837267604,0.36681859941157496,0.00020951572176672968,0.10719189724065002,0.1047171038992478
116,0.413397722876913,0.28257036718216283,0.00020462851816451704,0.2377922456596763,0.06603503576308349
117,0.28230245210977206,0.5617201079747541,0.0005425679068289886,0.13152535366320187,0.023909518345442884
118,0.1116445256458896,0.8137856791049533,0.0015004138089659029,0.06447474322505048,0.008594638215140777
119,0.24710703312867094,0.5681181047872355,0.0005344797647961402,0.17383524008208226,0.01040514223721523
120,0.0457220181275481,0.9212446477903914,0.0012456868832693908,0.030018515339257732,0.0017691318595333394
121,0.15675074615527937,0.7920744394851261,0.007008151620798756,0.03954239033432296,0.004624272404472853
122,0.016600921647558626,0.9743262036255257,0.005234511154395519,0.0030730353813672607,0.0007653281911529424
123,0.07925649997192602,0.9061893824930958,0.008068934561139548,0.00425352825994709,0.0022316547138916867
124,0.04169929988068481,0.9306661936150615,0.022150697046474932,0.0032342853295187746,0.0022495241282600724
125,0.013512048839089052,0.9484896166593623,0.03349124443293576,0.002814231402346383,0.0016928586662665298
126,0.03485973551470499,0.9297912152765379,0.02464972290536317,0.007615577844819392,0.0030837484585742
127,0.0177195015746472,0.9348782629164711,0.04126827348162579,0.0040122762945153205,0.002121685732740545
128,0.036112950604827526,0.9229516656152228,0.029538258226929938,0.006384456848582529,0.005012668704437372
129,0.01315790257961722,0.8884395442213319,0.09446003617396004,0.001887173421087853,0.0020553436040029846
130,0.006895995614324901,0.8686658177246086,0.12044408356914349,0.001817744440951657,0.002176358650971681
131,0.02024246451094363,0.850122477802654,0.12419423590292679,0.0033955974097149757,0.0020452243737605633
132,0.005510226618899655,0.841679748524224,0.1502490274588804,0.0010595405383635697,0.0015014568596322243
133,0.017624739559753903,0.9082430501096805,0.06470991425829169,0.00525726936935679,0.004165026702917186
134,0.007507636664209464,0.9314945526694923,0.05708896312329,0.0019373380855675587,0.001971509457440709
135,0.007801318616580457,0.7817069418235546,0.20344356624711948,0.002898514640228531,0.004149658672517062
136,0.019398486981540695,0.8398901132428026,0.132601220167501,0.0044167921833763325,0.0036933874247793742
137,0.002565391405023036,0.7020430087631677,0.2921144139001026,0.0008419402638728034,0.0024352456678338047
138,0.017401127148078902,0.7604885860389157,0.2156421232755522,0.002788777054591748,0.0036793864828613995
139,0.008406485427067659,0.7703808695313205,0.2135131305319971,0.0020222959593077954,0.005677218550307069
140,0.0156982809142002,0.848759213018293,0.1303568089636734,0.0026753391397048424,0.002510357964128673
141,0.011145991225760843,0.7679746202668098,0.21326596520967186,0.0015539976842681112,0.006059425613489277
142,0.005283901018879644,0.8054835110941727,0.18507235173356934,0.0008633021013622564,0.003296934052016084
143,0.0061720256802284155,0.7234543852542178,0.26507055967708537,0.0009446745264701981,0.004358354861998321
144,0.002981927750079863,0.6941303678184051,0.297861751406654,0.0012989370330149064,0.0037270159918461002
145,0.0018404144779943503,0.48779099865488346,0.5074179157529819,0.0002558219754752493,0.002694849138664974
146,0.002554093640406427,0.3728088549065383,0.6212452739221145,0.0002473959393124264,0.00314438159162815
147,0.0029831303406887806,0.4022398024914687,0.592222873303822,0.0001814685032454992,0.002372725360775148
148,0.0010866983092347325,0.2988189491544569,0.6972529570543372,0.00013895616155655874,0.002702439320414509
149,0.002416246677865162,0.29963998604681497,0.695204536309381,0.00014255712980625485,0.002596673836132848
150,0.0016638579604351085,0.18757347690861723,0.808294840147199,0.00013885454370775812,0.0023289704400409395
151,0.002319764491640706,0.36886688463551265,0.6260260307409756,0.00019949018993725793,0.002587829941933873
152,0.002157565740941405,0.31239423735991423,0.6819563485466411,0.00011910919728390316,0.0033727391552193803
153,0.0013931205924989118,0.14889014207726206,0.8470597178497864,7.031357916651995e-05,0.0025867059012861858
154,0.0004939645446888877,0.1851854846684632,0.8131142157108319,3.309047172835295e-05,0.0011732446042878187
155,0.0008365098072278135,0.19569672801803328,0.801215947219524,6.168497019173769e-05,0.002189129985022995
156,0.0013462361765298738,0.22526828228816165,0.76908706087937,9.510320371454288e-05,0.004203317452223989
157,0.0014966624001459402,0.3228656370302802,0.6730522252648276,7.945070629592163e-05,0.0025060245984503547
158,0.0010232146090139228,0.33140979235081625,0.6650820317265207,0.00014089787312336445,0.0023440634405257803
159,0.0020959656171497137,0.17112878728727277,0.8215222471686484,0.0001756954705183369,0.005077304456410871
160,0.0032443722219568263,0.25672256540341565,0.7364017540400043,0.00011022258469358656,0.003521085749929575
161,0.0009023763820316584,0.1373338276159489,0.8589231696826849,8.390155425386585e-05,0.0027567247650807664
162,0.0028528834670931025,0.24772347450022236,0.7449862191351151,0.00014773744775981618,0.004289685449809741
163,0.0015711907631173329,0.28234907704923434,0.7141921183261292,0.00020126111990350067,0.0016863527416156859
164,0.0006368157588900302,0.09082360371627432,0.9063884689731765,4.810142578080754e-05,0.0021030101258783435
165,0.0015805140491876638,0.2394017143554586,0.7556494761934932,8.755377488721403e-05,0.003280741626973424
166,0.00035507042729742745,0.09302199659485338,0.9043150681544377,3.738352521578774e-05,0.002270481298195734
167,0.0004708370707170619,0.1320325724995329,0.8646022978819655,6.577018335980892e-05,0.0028285223644244984
168,0.00043247006688185694,0.07607622607683807,0.9220940028230806,5.904096234331226e-05,0.0013382600708560924
169,0.0004930865826828792,0.07665386910216478,0.9203999272053387,0.00012327407511717204,0.002329843034696449
170,0.0008483496851272765,0.23521974067755547,0.7590007634042859,9.342509412241386e-05,0.004837721138908957
171,0.0021225348034632605,0.21503473232340561,0.7771942045588253,0.00018312413686035332,0.005465404177445589
172,0.0003037162736732442,0.04055563747884268,0.958057212369583,5.420120578747818e-05,0.0010292326721136422
173,0.0004988516257586414,0.08464023671101115,0.9126527501119756,7.87511377166315e-05,0.0021294104135377865
174,0.001052832737961662,0.17675051520860202,0.8189131607898021,8.933374195528683e-05,0.00319415752167889
175,0.00023050478228741277,0.045708466409706355,0.9532940706797455,9.589766362490602e-05,0.0006710604646358992
176,0.0005701405180031837,0.12339150643980978,0.8732961867945337,7.806234569126522e-05,0.0026641039019619866
177,0.00027998758104632443,0.1069577354527188,0.8910787874497382,6.472909255915177e-05,0.0016187604239374506
178,0.0007909039682901308,0.26130120165977544,0.7347665721753787,0.00010776436378242392,0.0030335578327733543
179,0.0005330782798701242,0.09609509008575592,0.8973132185276347,0.00010264595411979453,0.005955967152619354
180,0.0007533134621900007,0.13932179557740024,0.8574491743513448,4.849025357259316e-05,0.0024272263554923584
181,0.0007725087409982347,0.13847842213249612,0.8570919535048529,5.781177233135675e-05,0.0035993038493214464
182,0.001758077555055204,0.1809040666392652,0.8129727358371176,7.201680136790341e-05,0.004293103167194026
183,0.0002701297826465559,0.03138369635461751,0.9666040645097858,9.938330309451272e-05,0.0016427260498555647
184,0.0013221933467766382,0.14885972290779095,0.8467099976547542,0.00011968639745110034,0.0029883996932272717
185,0.0064177074204451404,0.3645574411514145,0.6150710159180046,0.0005613663554933844,0.013392469154642383
186,0.002062269297210728,0.2404520580910973,0.7528315158857517,0.00014732078372203453,0.004506835942218266
187,0.0005792767332694003,0.06963595113357907,0.9283071477554055,0.00010039195731213062,0.0013772324204337435
188,0.00324357656575929,0.2613366539441677,0.7279342617056511,0.0006478735652824862,0.006837634219139437
189,0.0020860549865670073,0.15608522277564352,0.8371471017952999,0.0007050158656791636,0.003976604576810297
190,0.08312659347084517,0.7721246071026593,0.1045639378163961,0.009146451888719922,0.031038409721379473
191,0.008786136255376093,0.7877708735368125,0.19247798791555581,0.0042841222827563,0.00668088000949916
192,0.024553372543286874,0.7290080798270766,0.22032134289623445,0.008396527042823869,0.017720677690578415
193,0.02373343213125043,0.7715271131806486,0.18180806569599725,0.004391650148641113,0.018539738843462734
194,0.07281083502749074,0.7930554939299171,0.042193693978243726,0.07850005757207315,0.013439919492275135
195,0.4670644199421798,0.2170720273374177,0.0013257267608323274,0.0476690574148384,0.2668687685447316
196,0.554998916924192,0.27587116961708286,0.0020479220123362507,0.10796988274048741,0.05911210870590149
197,0.2726771700425695,0.5382638253728051,0.0056475241668961515,0.15076161735533128,0.03264986306239781
198,0.5508634065032035,0.17606602759060055,0.0008300836923462742,0.2252910099522999,0.04694947226154983
199,0.08954906927811468,0.061618204032216704,8.233355204077269e-05,0.832858001123909,0.015892392013718996
200,0.05915125184213166,0.039318477368606254,0.00014837126308567868,0.8910958527633919,0.010286046762784513
201,0.0533036232672563,0.01970396556778192,3.877746214143278e-05,0.9206167192736759,0.006336914429144352
202,0.07919620645288672,0.01140695728227747,2.381000522949001e-05,0.9010342635610615,0.008338762698544635
203,0.033141862810618386,0.014955329676404871,4.144083088981584e-05,0.9492731394189218,0.002588227263165118
204,0.042004868606588724,0.028685996687079694,5.476014986687263e-05,0.8782569159469716,0.05099745860949314
205,0.04891554472290911,0.03781782295886215,1.867695960240163e-05,0.9001467132806854,0.013101242077941012
206,0.0764471239779914,0.011498329974285734,2.0454508846014665e-05,0.8878339368087634,0.024200154730113447
207,0.05225785951683885,0.014611099428246697,3.623030237463062e-05,0.9209248982167696,0.01216991253577037
208,0.03470756386336121,0.006741682898358662,2.80852751058573e-05,0.9512629908369907,0.007259677126183595
209,0.014684030385839809,0.008754434210394152,3.444493044087019e-05,0.9733542016401693,0.003172888833155927
210,0.016766848675675357,0.01270610079705509,3.401420585221909e-05,0.9665723388143193,0.003920697507098163
211,0.02195931355864869,0.0166641920518673,3.510041544629347e-05,0.9560905831738719,0.005250810800165774
212,0.01603595821521343,0.010589740694807658,2.496783292159041e-05,0.9707070716012618,0.002642261655795523
213,0.03780096953561236,0.05497930499726496,4.49879388791793e-05,0.893687390948075,0.013487346580168622
214,0.046344945931053434,0.048891191410644734,6.550014799755321e-05,0.8915007060031626,0.013197656507141721
215,0.042439754972339185,0.013789637776302793,5.332990842489883e-05,0.9341317366658248,0.009585540677108316
216,0.06648035123083133,0.022051050273326444,3.590131345775894e-05,0.9012950296085072,0.01013766757387733
217,0.024974131345594626,0.01177773752382369,2.8844822801470007e-05,0.960352159961274,0.002867126346506229
218,0.013389455881876908,0.008459549504962504,2.8613923501899957e-05,0.9762929585239633,0.0018294221656955086
219,0.06041557089261183,0.04038973186494953,3.3811012414812564e-05,0.8807729501543946,0.018387936075629177
220,0.05732525511015134,0.01962748923774706,4.852002502651482e-05,0.8845504138179993,0.03844832180907572
221,0.021102546122796464,0.015267192290177636,9.311930944477178e-05,0.9584383247841303,0.005098817493450817
222,0.028733925000239312,0.014506235060940759,5.895811900330759e-05,0.9520020704817362,0.0046988113380803526
223,0.009701475769682995,0.0056039770679729515,7.302802467796429e-06,0.9774742814504204,0.007212962909455783
224,0.008557901660357385,0.005154969625219348,1.0492652016096923e-05,0.9834303976559104,0.0028462384064967647
225,0.011866800892296745,0.0043313148898656804,2.4750816720345527e-05,0.9804412547397848,0.0033358786613322594
226,0.0739979379249397,0.02658145340233724,3.900491721793368e-05,0.8756281553880639,0.02375344836744139
227,0.02854171903989831,0.005520671774704272,2.5643216664019694e-05,0.9587426424184361,0.00716932355029726
228,0.014789988954938682,0.003608259798494133,1.1890776036033504e-05,0.9754164083473287,0.006173452123202481
229,0.014754937349165742,0.0043824096412094,1.6602580391614734e-05,0.9757285734100718,0.005117477019161364
230,0.015996935613172295,0.005681365225543262,1.0476519695984187e-05,0.9761706437035208,0.0021405789380676207
231,0.02490674004704581,0.009774770660191254,2.268522418520619e-05,0.9605313296036876,0.004764474464890099
232,0.03694608962424598,0.01334870952764919,4.405646136511089e-05,0.8248517853538918,0.12480935903284801
233,0.32169513033083885,0.02013984727358706,3.7505348547959294e-05,0.5227841122963084,0.1353434047507177
234,0.1243356876282334,0.013445239770068096,6.451135450643216e-05,0.8294746347446034,0.03267992650258866
235,0.3118494649949798,0.09232727566334265,0.00031226782063260654,0.5167660473037042,0.07874494421734075
236,0.03078778117718824,0.025155746634146967,6.648136398815817e-05,0.9394828285553312,0.004507162269345569
237,0.030356268008831698,0.06701020992306778,6.667851586512347e-05,0.8999643911552263,0.0026024523970090137
238,0.08344545398264136,0.17476025294328607,0.0003894750177608242,0.728468890521328,0.01293592753498364
239,0.07769838217430641,0.15378096435471575,0.0004573440099337294,0.7538671315637907,0.014196177897253432
240,0.11181753445364229,0.2937147198329632,0.0006607422109503061,0.567165584578826,0.026641418923618206
241,0.08500187015632649,0.5062536982125456,0.00111385841030219,0.4010098340226199,0.006620739198205677
242,0.11183127610518888,0.23954926006596838,0.00045839354837500743,0.6417067707686591,0.006454299511808562
243,0.09461653344734837,0.5108196834589441,0.0005364673275612127,0.3856931307320795,0.008334185034066794
244,0.016110269130873055,0.951601706898302,0.0009648076301455835,0.030001936682589152,0.0013212796580900476
245,0.06253318217596979,0.8552950081867923,0.0007392828150678474,0.07645977376413156,0.004972753058038558
246,0.2646178075256458,0.360529149452552,0.0005536483730076945,0.3489907352504753,0.025308659398319177
247,0.042844335158867285,0.8505227551949992,0.00041465336752700093,0.10287687685140381,0.0033413794272028736
248,0.13726971624512135,0.7532359584787656,0.0010125419057766972,0.10016283456209613,0.008318948808240382
249,0.02796355952647545,0.9165570549750768,0.00020006984322785236,0.052422782392812804,0.0028565332624071824
250,0.12375740720976305,0.5538076218864673,0.0013430414457091676,0.30970610359180517,0.011385825866255271
251,0.06385824991228563,0.7799833976869831,0.0011451181417248284,0.14920731064284895,0.005805923616157451
252,0.09557193712302886,0.6367803564883051,0.0008565200522322979,0.2540111307795749,0.012780055556858872
253,0.279371919844825,0.05650885647751811,0.0001287986435988847,0.08311375033259398,0.580876674701464
254,0.7284309845896819,0.11345909071696503,0.0001877613441916136,0.14040264090340457,0.017519522445756892
255,0.6274132036732043,0.28781145420185766,0.00029922443960839207,0.07345587728461589,0.011020240400713553
256,0.6811179949419914,0.23001071501203424,0.0004145169163641554,0.07706205090234902,0.011394722227261006
257,0.0788031165794771,0.8247405531772881,0.0013426870593978648,0.08563919006401194,0.009474453119825008
258,0.3028000105769491,0.37381026982506615,0.0018532491727427834,0.3143405219488182,0.007195948476423897
259,0.13459765712916838,0.7166238068339512,0.003754124284160772,0.14027585128766745,0.004748560465052257
260,0.15244633119352474,0.8207236496231268,0.005807590759506081,0.017593025985750497,0.003429402438091867
261,0.059254852171102636,0.9140548249599467,0.005219277588078921,0.017581411700108726,0.003889633580763099
262,0.030264608020608506,0.9536719512037952,0.006446605531336935,0.0075188117769811645,0.0020980234672781377
263,0.03874837285470566,0.9354476323956505,0.014819785635170515,0.007841890492087725,0.003142318622385373
264,0.013294881710367372,0.9504016593329829,0.028254356053381634,0.0056608165807896784,0.002388286322478306
265,0.018770745156893535,0.9534212408727254,0.01823588974906234,0.007650620155639066,0.0019215040656795654
266,0.02836190486827169,0.9320497131837637,0.023674273097376394,0.012618764757389423,0.0032953440931986267
267,0.021819611162305762,0.9296331138500007,0.03043925804172425,0.015819358271608294,0.0022886586743609055
268,0.020395270225729067,0.9335935080338268,0.030113243858433544,0.012451898050144497,0.0034460798318662863
269,0.009355304986842235,0.972975711387885,0.011459488119331873,0.004765156365560526,0.001444339140380484
270,0.04955956719001958,0.8984990554172204,0.03138128070991839,0.015677567777011212,0.004882528905830358
271,0.028849170427517366,0.9309945139077428,0.03400051045180755,0.00467379714017147,0.0014820080727609205
272,0.011154891846414569,0.9176393030360231,0.06599464727108144,0.0032299178988959526,0.001981239947584894
273,0.018838513521575395,0.9333257367474735,0.039823395648852546,0.0061048125244538,0.0019075415576445887
274,0.026634221846722362,0.9412187492791857,0.02419260707038345,0.006228746285573112,0.001725675518135268
275,0.026812061378282435,0.9213872089140207,0.04363565922813131,0.005657954754918398,0.0025071157246471525
276,0.022703102142734223,0.9243825299006508,0.045178796702420185,0.0049151434760718775,0.002820427778122826
277,0.028846266366060108,0.9049313638392474,0.057547430281268595,0.005909950528817589,0.002764988984606444
278,0.010377843900992431,0.9311284294218067,0.05452781506744796,0.0019561838405477666,0.0020097277692049187
279,0.019974040447042693,0.9054739929820722,0.06592504044233226,0.003557179486228158,0.00506974664232479
280,0.025639453583190832,0.8620670675344653,0.10472575237176886,0.004354717221824391,0.003213009288750422
281,0.021937983558514604,0.8477791157528575,0.11796950597197482,0.005446424579251402,0.006866970137401821
282,0.024788418285089205,0.8577097719484045,0.10865698190458979,0.005018391851992091,0.0038264360099246877
283,0.013140525665200903,0.9076269439789892,0.0747612321537449,0.0024878906108725817,0.001983407591192192
284,0.008434783427024075,0.8600180344729486,0.12391193464301788,0.0036354841100925037,0.003999763346916881
285,0.010621616147349593,0.8717297584865498,0.10470653146329606,0.006481369620396599,0.0064607242824078325
286,0.019958025413923507,0.9471117744927449,0.025411249874723974,0.00553242001881371,0.0019865301997939577
287,0.023128423128313678,0.9292612009801168,0.0418653767438165,0.004019532506222419,0.0017254666415308713
288,0.0084257812300304,0.9418890201930894,0.04726605267935774,0.0011935573704135438,0.0012255885271089512
289,0.010376595363816783,0.9212727054721883,0.0644440169084615,0.0014743740050614227,0.0024323082504720665
290,0.004382150059252556,0.8492877855200919,0.1427669946815657,0.0015985889540017584,0.0019644807850881844
291,0.008696671010872056,0.890275104788077,0.09740317398966429,0.0018727131284366429,0.0017523370829498855
292,0.003724080208496156,0.7741339232637914,0.21849115351737317,0.002000045591498703,0.0016507974188404778
293,0.004053638505856257,0.7411073679908049,0.24930537458717228,0.0024927631873933,0.0030408557287731727
294,0.0036319341866575074,0.6850101372483224,0.3034633388005031,0.0017006886450041778,0.0061939011195129385
295,0.01657937684768078,0.7152093510067994,0.2612434262538257,0.004484701355800484,0.0024831445358937166
296,0.013890065570034422,0.857613195381418,0.12270322084945458,0.003913172492852365,0.0018803457062406747
297,0.006822990424656342,0.8433570900949929,0.14396530655267847,0.0028399281620766397,0.003014684765595581
298,0.030871050943897263,0.8694215727745488,0.0772657067302785,0.0089099260570496,0.01353174349422581
299,0.0129291525308934,0.7373136711945556,0.23190844367008334,0.005067841865245464,0.012780890739222145
300,0.02061126886083116,0.819149753603103,0.13166485467276853,0.01003964388037452,0.018534478982922743
301,0.08856405873229947,0.18356647404536866,0.013219877550292435,0.003037082685229813,0.7116125069868097
302,0.5073989006781913,0.10907602516911384,0.0014530760209234515,0.004560487789274958,0.3775115103424967
303,0.5756919658624848,0.3671659341971136,0.004781777257540627,0.0042037024123995235,0.04815662027046142
304,0.3683683779747645,0.5905029610133419,0.01188822415251539,0.001259572398824578,0.027980864460553815
305,0.3309216207740083,0.6436496072906663,0.009526129718262461,0.0027633977753723877,0.013139244441690602
306,0.060255649010110116,0.9129508389303506,0.021557102538844648,0.0026300229411019725,0.0026063865795929063
307,0.006768482313841223,0.792222621811241,0.19659141727182006,0.0020270043607859734,0.0023904742423116253
308,0.03141858447233367,0.9295148861192173,0.031110246499365463,0.004471992531984202,0.0034842903770994057
309,0.015109242402126612,0.8869232595836636,0.09111557968083143,0.005024946471086248,0.0018269718622920777
310,0.00894766376060131,0.8553818246430395,0.12844734408084185,0.0051833076072887695,0.0020398599082285564
311,0.021942395376444577,0.869179822932806,0.10180400320920473,0.00334713383789422,0.003726644643650247
312,0.006254935609859467,0.7769037243854423,0.21359742569293744,0.0013908389276791407,0.0018530753840816224
313,0.060518548049061816,0.8500023598188496,0.07459993707964666,0.011238173471367584,0.0036409815810742726
314,0.027639439058553462,0.8859271911252596,0.07522808766861849,0.008272982604519051,0.002932299543049281
315,0.024028312292175794,0.8193399570561583,0.14192073758289128,0.008753050951454153,0.005957942117320593
316,0.01684637287966068,0.7151041004919807,0.2569610979316807,0.004815823395634863,0.006272605301043173
317,0.05764626544913993,0.6173815732379572,0.2913095116043899,0.018646165174193798,0.01501648453431903
318,0.13420709994737126,0.3693328794527148,0.006356391592430825,0.007305083525830176,0.48279854548165274
319,0.514493110880039,0.3104927596464061,0.0019958586752805603,0.029989092196150695,0.14302917860212364
320,0.5268624726062938,0.44127445576926494,0.002270477592020433,0.0025520199486080363,0.027040574083812833
321,0.4934872349564165,0.4857063739750461,0.003289538653254254,0.0013715129096351151,0.016145339505648167
322,0.34078107097573807,0.6359405647309847,0.011813741268603337,0.003636232416427291,0.007828390608246506
323,0.34201091829540636,0.627667856917788,0.005156862748422821,0.006896245226214569,0.018268116812168243
324,0.021204200757132877,0.9500544320875006,0.02380036076679771,0.0027911252793265005,0.0021498811092424065
325,0.027899865620933013,0.9561816413420468,0.011138122642567376,0.0012567886183810874,0.0035235817760717702
326,0.021392585025360206,0.9357519475568099,0.02499151620511795,0.001666141565507432,0.016197809647204273
327,0.06402061553053078,0.8872018325072302,0.036864537057422334,0.0018864475476169473,0.010026567357199652
328,0.0614726829553878,0.8917357535673621,0.03432375538446885,0.0039310682379035886,0.008536739854877615
329,0.09724332443701322,0.855846470599124,0.035284992090035744,0.0027985377847040403,0.00882667508912289
330,0.009559445939106372,0.822569436027271,0.164592565058312,0.0010955727638502658,0.0021829802114604335
331,0.0143597388192323,0.9529916791535025,0.029257557771894992,0.0015328667109810168,0.0018581575443894025
332,0.0021583302748686144,0.6367537520651728,0.3592770912958119,0.0006241079611651082,0.0011867184029815527
333,0.016241559875391744,0.7692483707168996,0.20698771809653418,0.00460968233215765,0.0029126689790168673
334,0.017366867684364292,0.7736624060793393,0.20024543072376272,0.0052689609523646815,0.0034563345601688134
335,0.00998936178783775,0.5671617554257455,0.4113388369220807,0.0060271441606848,0.005482901703651312
336,0.0022229494998160845,0.627103253156986,0.3678850349187474,0.0013389987305768595,0.0014497636938736271
337,0.19844890211555233,0.7544419142677671,0.0063552803125484945,0.0066313711941356724,0.03412253210999642
338,0.0990892435655923,0.8294853519776616,0.06345574467394412,0.004417513093691675,0.0035521466891102584
339,0.056360369435127414,0.8934756690865684,0.04594146516108145,0.0021165867020897667,0.002105909615133024
340,0.06074784435247833,0.907777603645327,0.02832593463040794,0.001487978849277056,0.0016606385225097224
341,0.010246208765901231,0.7153637783136139,0.26878284206556524,0.0021436829080635645,0.003463487946856008
342,0.012322845690386507,0.8698139936307131,0.11168564897843039,0.0033953313850407507,0.002782180315429026
343,0.004461881282302949,0.7906071698685767,0.20038975036890055,0.0023103845815659716,0.0022308138986536917
344,0.0030744973178497767,0.7476379233685729,0.24397214619177032,0.0024701542456212386,0.002845278876185656
345,0.006678976888691189,0.8052134149761082,0.18091789992975152,0.004672280761542822,0.0025174274439059762
346,0.0055475126921204375,0.799557232862235,0.18997010606063108,0.002479421650929328,0.002445726734084186
347,0.004265678209946384,0.7321249486973187,0.2582160806218483,0.002549767209821823,0.002843525261064895
348,0.010085107429285877,0.7056308791068979,0.27789740355874804,0.003449599862705987,0.0029370100423621814
349,0.011027490012623521,0.7400464243538346,0.2398673145915003,0.005482269331448863,0.0035765017105926886
350,0.012107405981719995,0.7609955749713354,0.2193595307738018,0.0033074766051718733,0.004230011667970982
351,0.029750381450869473,0.73110320693919,0.2243980423458346,0.004701348245178999,0.010047021018926862
352,0.010916635676075315,0.5882383209756704,0.3877164935129863,0.0019287820935192767,0.011199767741748672
353,0.03745290361873381,0.7785272693469126,0.1427284127008913,0.005742725735083116,0.03554868859837949
354,0.2084751892035558,0.4117862053403358,0.002139626178778363,0.017347483751993343,0.36025149552533675
355,0.2591311424305246,0.6937040710486974,0.006261546018892399,0.011993718822862457,0.02890952167902315
356,0.31093107770288125,0.6365831456249064,0.016408311566015,0.016099940441244243,0.01997752466495299
357,0.294236405851793,0.6300868950770221,0.011943673035561826,0.04421945059888904,0.019513575436734102
358,0.15154915417544682,0.5267017810961656,0.00531271980707083,0.03796817638532342,0.27846816853599343
359,0.19757368825735439,0.097237535050289,0.0007978373405467477,0.04646031378247606,0.6579306255693338
360,0.6224000318334704,0.20497765402647408,0.0015709346136351158,0.0748026882294241,0.09624869129699623
361,0.7472417713771741,0.15539068003596077,0.001554840492723589,0.07153490716458297,0.02427780092955852
362,0.30411675770031577,0.6067502908997485,0.014872722062885351,0.046928191756547735,0.02733203758050244
363,0.09522541317270716,0.8104930522709324,0.010052032009659945,0.07671937013658968,0.007510132410111049
364,0.07296432098153739,0.8930766381431607,0.005774487511357371,0.01881949473304446,0.009365058630900033
365,0.30040774633435546,0.5448142545930036,0.04333920072670643,0.09260707624434762,0.01883172210158699
366,0.09805610432317859,0.7895953589569442,0.07244414348916153,0.031304241970312986,0.008600151260402832
367,0.2123967675663434,0.6550273737290482,0.03121120572344583,0.0842715394807846,0.017093113500378152
368,0.055388285164791606,0.9200113504546871,0.005417001160655447,0.01610378956014039,0.003079573659725387
369,0.4507281954326177,0.38675103162548413,0.0012635492602582497,0.09636974095268193,0.06488748272895792
370,0.1375243748060916,0.7525803845835415,0.0017809085583417416,0.10032022084979623,0.0077941112022290445
371,0.06815605153462496,0.8822305957444777,0.003554919647280484,0.03918366179811207,0.006874771275504589
372,0.203159599063737,0.591288804101315,0.005818101228001261,0.017390271163765358,0.1823432244431814
373,0.6770166849172342,0.14281399469212655,0.00037009097319070836,0.06964608198073377,0.11015314743671464
374,0.41335897098582514,0.4784440825859901,0.0010034527506366478,0.03934086184682154,0.06785263183072654
375,0.5832259209170523,0.3114815821752452,0.0009879698527189237,0.05087042806923898,0.05343409898574461
376,0.1398265316769348,0.7593537638246993,0.0017487440395189827,0.09351147269743632,0.0055594877614107965
