epoch,N1,N2,N3,R,W
0,0.004421917961944299,0.0022872048576393065,7.186852604821398e-05,7.411938144129446e-05,0.993144889272927
1,0.04403200111308639,0.012345445985810971,7.531434931101413e-05,0.00165098190834793,0.9418962566434436
2,0.03217443091309752,0.009872004091807055,0.00010692841078983757,0.0008239580786776874,0.9570226785056279
3,0.01580434331501699,0.012907302378128057,6.906574734974694e-05,0.0008214764062216694,0.9703978121532836
4,0.001898405417548065,0.0009168905799242695,2.3805446080370315e-05,2.7787414075253113e-05,0.9971331111423721
5,0.03289494669916767,0.0012347572109447055,2.5119567684951637e-05,0.0008115291304108556,0.9650336473917919
6,0.03669978090789565,0.0022561735527051132,6.230991022998052e-05,0.0015758284698512207,0.959405907159318
7,0.010632813908712147,0.00021474366375704695,3.0835693018242286e-06,0.0004729876725001178,0.9886763711857289
8,0.07936505605541207,0.0012142320699093396,1.9513546453725614e-05,0.0009353532738846106,0.9184658450543403
9,0.17436835431755435,0.003016085899422222,4.045752452424619e-05,0.0025448950539879974,0.8200302072045111
10,0.20065638444406753,0.007566645175352269,0.00010007941888528765,0.0042746986308618284,0.7874021923308332
11,0.2029602844139711,0.011904925939799858,0.00012665508412349418,0.007045347314791437,0.7779627872473142
12,0.29236821349505937,0.03695772415995696,0.00013789145992960792,0.011601670303514762,0.6589345005815394
13,0.2934135424522111,0.051815313684777264,0.0001899282883209521,0.021396074877054826,0.6331851406976359
14,0.21496265874118356,0.16913951970436547,0.00025447697654740415,0.008254075516276802,0.6073892690616269
15,0.28305845790955486,0.09904769764471473,0.00018830619233717503,0.018409026365169456,0.5992965118882237
16,0.11606339905122509,0.005810326941873861,2.386919617723076e-05,0.0024648425115008587,0.875637562299223
17,0.5582718993571026,0.04908353968625287,0.0002869023530235213,0.009395744077416038,0.3829619145262048
18,0.6209671188758724,0.25484574983202785,0.0027311621574397423,0.016403471058898982,0.10505249807576095
19,0.44014880596634826,0.22978327020870287,0.0013382253533105448,0.07914345574930942,0.24958624272232893
20,0.12271262641011493,0.7857340772937661,0.008812317685652021,0.05246105675013829,0.030279921860328594
21,0.1929387335369121,0.6367491260300304,0.003791522058057949,0.04427322808940323,0.12224739028559634
22,0.055733430204709986,0.9095776401130723,0.007332447767485582,0.01512904389009681,0.012227438024635403
23,0.055638493387389514,0.9002264698981713,0.00742116178026999,0.014809376937478849,0.021904497996690194
24,0.2608216048657042,0.2909016546565279,0.0005794680440040267,0.02606780583508671,0.4216294665986772
25,0.11449935565259647,0.8128646740260668,0.0024774641914921407,0.01231325028265214,0.057845255847192426
26,0.09542291175978485,0.8714016619671524,0.0032885493133000925,0.013042822180378368,0.01684405477938428
27,0.0384431733593536,0.9083735430514028,0.0375187739588032,0.0059681939308458285,0.009696315699594768
28,0.1775800535146559,0.6448662355266239,0.010279142577277167,0.11615071997514748,0.05112384840629545
29,0.03448052644313117,0.8455216179650824,0.031815434811413836,0.08001337104973177,0.008169049730640828
30,0.33267381397287715,0.449543667317646,0.003535650584485037,0.0863674373736706,0.12787943075132135
31,0.46021851267012626,0.20343810887487343,0.0008758235138317416,0.15420125830400055,0.18126629663716806
32,0.2453374957182324,0.6330348346544814,0.0016485862110026319,0.08802802364719979,0.031951059769083724
33,0.19931455575685367,0.7148505754781065,0.0017289538099784358,0.04270444125170259,0.04140147370335881
34,0.34349913811116045,0.5229889538381871,0.0016718565145221306,0.07008806453855901,0.06175198699757139
35,0.2451070920703279,0.5409055991011985,0.0021802664129171867,0.17790920124332377,0.0338978411722324
36,0.06506538510619903,0.855233109025803,0.00786545849678982,0.06642906177352821,0.0054069855976800205
37,0.14181347181654988,0.8008678201443066,0.0037301563176616683,0.03674635139145747,0.016842200330024454
38,0.035464886549190326,0.9270616655192527,0.015974159314860212,0.01738295961301042,0.004116329003686524
39,0.20554908648015377,0.6089404713119285,0.0034726949123489257,0.04529912289705274,0.13673862439851603
40,0.28391658998014235,0.6065287071822033,0.0019106937162146924,0.00879793259550705,0.09884607652593265
41,0.08311181112486693,0.8942900478026828,0.015189784617295393,0.0010399815478407367,0.006368374907314031
42,0.09365036114715473,0.8295441783783188,0.0675065236479857,0.0006779142472568118,0.00862102257928397
43,0.08054725523472409,0.8698992992091499,0.030083857814612928,0.0009891586035782169,0.018480429137935152
44,0.008644389691491595,0.8747391272201938,0.11088126082480973,0.0005752249742594257,0.005159997289245325
45,0.01847171568812408,0.5873538466697805,0.3845881499822351,0.001144305898783624,0.008441981761076554
46,0.017692243273453954,0.8392143309068065,0.12037825630689461,0.004907108791603938,0.017808060721240884
47,0.015463254609786982,0.5922449450918035,0.36124663473657637,0.0020271244898124037,0.029018041072020894
48,0.05319537966665508,0.3185164262591925,0.12662695270123586,0.002133496853602829,0.49952774451931375
49,0.0527867751584187,0.5434220541084854,0.11656640037589994,0.002225866981744092,0.28499890337545186
50,0.0038954411932520237,0.0013951720545777627,2.2251854965452602e-05,0.00034059133046383333,0.9943465435667409
51,0.01911682853184272,0.0020069475826464465,5.092971204410004e-05,0.001253243657063938,0.9775720505164027
52,0.04027269627334461,0.001494950363548743,2.024129367023004e-05,0.0007767928815562537,0.95743531918788
53,0.019495016354190965,0.000424157416110035,1.0286997782033765e-05,9.877821595537937e-05,0.9799717610159616
54,0.05092472192190953,0.0016199278407585428,1.860168594726247e-05,0.00024147114398671954,0.9471952774073978
55,0.05068739450202044,0.0021102517056057995,1.2011069622406202e-05,0.00021026422530415415,0.9469800784974471
56,0.052262063363598614,0.008805722653924798,2.6046130340568092e-05,0.0008192364014473592,0.9380869314506887
57,0.13515513137762314,0.01028797728355756,2.6931292945725915e-05,0.002230956613267649,0.8522990034326059
58,0.028680820578331868,0.0029558871186773417,1.2226571789947844e-05,0.0013823869705933093,0.9669686787606077
59,0.07323418902012915,0.007941222185324915,1.5534493520422087e-05,0.0022396063620223026,0.9165694479390032
60,0.16799233245132336,0.04019614622756281,6.0055888550151974e-05,0.0033041633101583367,0.7884473021224053
61,0.17546904241612538,0.0192440192198096,4.978810159351195e-05,0.006204913418901889,0.7990322368435696
62,0.05366944582175832,0.01504780336451249,4.363251456292127e-05,0.002177808501217688,0.9290613097979485
63,0.023435747982639633,0.004491520747587515,3.10563325679684e-05,0.0008816696684318236,0.971160005268773
64,0.0971576067442325,0.006215390417389616,1.5721128911399934e-05,0.0027753819013023938,0.893835899808164
65,0.07081118077803031,0.007966896796944579,2.896782902613647e-05,0.002527216269046075,0.9186657383269529
66,0.07504290264333338,0.0022580362966861814,4.468135895236101e-05,0.0010382874534732185,0.9216160922475548
67,0.055260159562599914,0.0016585103113588918,1.7510932618112823e-05,0.002958030373961059,0.940105788819462
68,0.018823214714297695,0.0010595442316290286,5.443609618204974e-06,0.0013686790003986612,0.9787431184440564
69,0.04849997745587637,0.0020377247899885154,1.6621790124536337e-05,0.0015450850543798575,0.9479005909096309
70,0.15599226990104678,0.006273748398487441,6.757731046745434e-05,0.006023574672751372,0.831642829717247
71,0.007111647612871011,0.002274759921483071,1.8675356264234015e-05,0.0005614465602360794,0.9900334705491455
72,0.00800351987909206,0.0004743304641019163,1.0754083774078966e-05,0.0002626649629651353,0.9912487306100668
73,0.009617622100351931,0.0004769310356144621,6.336989086108517e-06,0.0002134765787294466,0.9896856332962181
74,0.013151287875983025,0.0003580813584435817,6.928949861351962e-06,9.597317032457436e-05,0.9863877286453876
75,0.008400857509918043,0.000685857236208874,7.073423653723934e-06,0.00011915889490089575,0.9907870529353185
76,0.05516950762638067,0.0011474776382129513,9.473803748285694e-06,0.0006768762304933917,0.9429966647011647
77,0.00829963793316828,0.0026417404704602455,2.8415259780731674e-05,0.00016661058063752716,0.9888635957559532
78,0.0009564327766911338,0.0009500965436535162,1.8406096703168974e-05,6.118672394702931e-05,0.9980138778590052
79,0.0012119141705210414,0.0003909324867817291,9.172509624777848e-06,3.847680847303202e-05,0.9983495040245994
80,0.0027598153157043746,0.0005788174624751804,1.0714126327216296e-05,3.6114959748869896e-05,0.9966145381357443
81,0.005713355392568257,0.0004863151546480633,1.561041130277697e-05,4.642182866496552e-05,0.9937382972128159
82,0.00768287823160012,0.000889937374058951,1.671299356689558e-05,3.660394105513442e-05,0.991373867459719
83,0.0015471411171123948,0.000558231698032503,7.793850696859098e-06,3.974316810694545e-05,0.9978470901660512
84,0.013694563786955223,0.001324737965667069,2.2914078142555833e-05,9.98794966601995e-05,0.984857904672575
85,0.04946740935239374,0.0017769980089861327,6.453603118009919e-05,0.00018388475610298,0.948507171851337
86,0.06877879484702355,0.005821392009326586,5.662029608227633e-05,0.00041408087565592965,0.9249291119719117
87,0.034406865400635145,0.008423673150277368,9.609316631948523e-05,0.0007128291359901257,0.9563605391467779
88,0.05778749849920062,0.027714480608245745,9.333208754884885e-05,0.0009131096920227767,0.913491579112982
89,0.03623433215509075,0.009326432885405732,4.738235225993907e-05,0.0009931674654704362,0.9533986851417731
90,0.002451177824061874,0.011010485529820714,0.0004795109752822484,0.00023358723616099245,0.9858252384346742
91,0.0025941738154143246,0.0015748054993738757,2.038806412320703e-05,0.00016516297690367428,0.9956454696441848
92,0.0039545852166645214,0.001378712106282499,2.2028224272110967e-05,0.0001329379374508272,0.9945117365153301
93,0.007345135746476874,0.0008816299359998355,1.306103767566183e-05,5.833484823838721e-05,0.9917018384316093
94,0.07725894518561063,0.0032172278077035716,7.015526030897148e-05,0.00021329933693365032,0.9192403724094432
95,0.10618903278172481,0.005263497316747639,8.03486463696965e-05,0.00020822852185502325,0.8882588927333028
96,0.0894465636195294,0.009509860794521603,0.00010469751038540885,0.0005972833573257307,0.9003415947182378
97,0.14646896353291394,0.049090968250814555,0.0001563031137987788,0.0010720807023948977,0.8032116844000778
98,0.09847959891653023,0.039145836164657694,0.0001822496621025831,0.0024456786690730003,0.8597466365876365
99,0.1116720430427514,0.057347099790263284,0.0001434981168669387,0.002425064079918349,0.8284122949702001
100,0.34195426336859186,0.10619995536610569,0.00028317292504118205,0.003805238455748654,0.5477573698845126
101,0.32151679023436885,0.2973224479719488,0.00046378753472489653,0.0058413465641933915,0.3748556276947641
102,0.17961853908935516,0.5853005234861669,0.0008716548145125129,0.004066020320261501,0.23014326228970397
103,0.13205463033173265,0.688087873366901,0.0013239053007849538,0.003329510375202794,0.17520408062537868
104,0.20533604785637818,0.5388957005920098,0.0017575913974158981,0.003932328786184698,0.2500783313680115
105,0.15433391496534118,0.6688098789782205,0.009448616405192239,0.005627794017187988,0.16177979563405817
106,0.18781189695892073,0.5301933562986899,0.0066382120970962894,0.003088758388457131,0.2722677762568359
107,0.11907394653852957,0.5851425112567591,0.02857782387219234,0.001751530849933509,0.2654541874825856
108,0.04749368907333741,0.45735806814876656,0.049027866925488904,0.0005884230273101649,0.445531952825097
109,0.05144325373314399,0.7436830644980276,0.045433430510531676,0.0003913783985910615,0.15904887285970568
110,0.049188897693445886,0.4694358805048462,0.26040574893760754,0.0003727276414210953,0.22059674522267927
111,0.03261746555745454,0.34385295627805285,0.31701228242753937,0.00019987921053848742,0.306317416526415
112,0.0854904094535414,0.5869198684691489,0.21469852593246513,0.00028511422835625713,0.11260608191648823
113,0.0435912233878421,0.3488911549280294,0.5986658172978183,0.00029227635296301657,0.008559528033347209
114,0.009701710057279888,0.2637084883487404,0.7235699224517279,9.361937496043554e-05,0.0029262597672913824
115,0.00293390136518174,0.3199670379749799,0.6757545577099429,9.208395782806273e-05,0.001252418992067454
116,0.000526822071987145,0.05508446844021716,0.9437129671215877,6.959962026330106e-05,0.0006061427459448028
117,0.0006939103672408141,0.06286368008158429,0.9353134265525167,0.0001780985007337192,0.0009508844979245586
118,0.0005360970806393319,0.09052399216255545,0.9078686967158448,6.551916338110355e-05,0.00100569487757931
119,0.00094527788175598,0.06572317679688063,0.9323064511111782,7.827073988171652e-05,0.0009468234703033402
120,0.0007409150477532195,0.08222282398823962,0.9160057043613697,4.776943509758813e-05,0.0009827871675398086
121,0.0012329712945789537,0.10474578244232441,0.8904785521878825,0.00014284825445703078,0.0033998458207570663
122,0.0014376216134757518,0.048722963666099274,0.9472579121416129,0.00017123021175714757,0.002410272367054746
123,0.0006571178411527661,0.03445569867398441,0.9631092798805634,7.722949203356269e-05,0.0017006741122658623
124,0.0005650997432667437,0.02917865447357054,0.9690377473338404,4.6119353592454744e-05,0.0011723790957297057
125,0.0008049714700294636,0.049421842800089516,0.947870077118454,7.356223536050586e-05,0.001829546376066572
126,0.00018221825435494783,0.020136651581663577,0.9787213432873613,2.4195278096138763e-05,0.0009355915985241653
127,0.0006467745518073966,0.024896130103188488,0.9718020460698721,7.697327731511816e-05,0.002578075997817089
128,0.0003193823083911841,0.020231337379054044,0.9774683740889457,4.669665766406665e-05,0.0019342095659448672
129,0.000499847246201115,0.06319482872292083,0.9339722649629736,3.488234848335456e-05,0.0022981767194212607
130,0.0018307117356597487,0.042425240175560076,0.9495018130303474,0.00010925516673914221,0.006132979891693686
131,0.00046585243417381273,0.019971945846945647,0.9764885079790214,5.54917182086051e-05,0.0030182020216506784
132,0.00079981397926953,0.031003668379293702,0.9655075877752726,8.985674866676728e-05,0.0025990731174974206
133,0.0007535495537052092,0.06416384343703568,0.9334471505773289,4.702422614685833e-05,0.0015884322057832453
134,0.0011014904344091097,0.028403727689296276,0.9668671985473417,0.00011543515144586157,0.0035121481775069936
135,0.0005315094029788284,0.024174623132651528,0.9732339310900847,5.274827099987977e-05,0.0020071881032850537
136,0.0005262943452808628,0.04925571482936154,0.948354816251493,7.877963109863574e-05,0.0017843949427658534
137,0.00028228948340377455,0.02615561337505704,0.9729622892863232,2.931760012797401e-05,0.0005704902550881303
138,0.00023610111901373318,0.025264696577986665,0.9741572442729175,1.4810775016647498e-05,0.0003271472550654541
139,0.00037534471610561383,0.032620440955505155,0.9663854746506356,5.012044702191054e-05,0.0005686192307315867
140,0.00017429739726968464,0.01844337616333974,0.9810574128782226,2.1022979683776994e-05,0.0003038905814843135
141,0.0007144745972868502,0.0684014152421866,0.9300637403812181,9.103628029362987e-05,0.000729333499014931
142,0.0002873233997832172,0.03055455838256627,0.9686174086208412,4.6475212207198385e-05,0.0004942343846021295
143,0.00017687937266407282,0.02635097091074314,0.9730725306415222,2.9867726323481743e-05,0.0003697513487470192
144,0.0008501623464033756,0.05334824035909637,0.9442556590368724,0.00016527999373529975,0.0013806582638924438
145,0.00040055241332012615,0.03946245228013688,0.9594675964356477,7.748766620726683e-05,0.0005919112046880482
146,0.0003139121318274359,0.013679691822562066,0.9853207385467457,4.595866511487623e-05,0.0006396988337497225
147,0.0005291976231791861,0.01630723920334502,0.9819750077827515,6.954850729357656e-05,0.0011190068834307787
148,0.00028224596624395256,0.01858092417602165,0.9803207876684686,3.2092277575057344e-05,0.0007839499116905315
149,0.0006920435038072013,0.018383538986591123,0.9783180588568559,7.790304452748904e-05,0.0025284556082183084
150,0.0003118215898261587,0.011014113357775631,0.9875899515322127,4.281882561638735e-05,0.0010412946945690571
151,0.0010883941002003909,0.021075943772830556,0.9749161951355638,0.00011346519787992699,0.002806001793525259
152,0.0010012138524553237,0.07047702159495715,0.9258835564714746,0.00014794356432092762,0.0024902645167919446
153,0.003368541050353471,0.057442655411554,0.9322353784158937,0.00018319890283927158,0.00677022621935967
154,0.002245136994756972,0.06997463906374357,0.9229919343729397,0.00028078068178041343,0.004507508886779505
155,0.005793599211289105,0.05323220870665695,0.9367967813685145,0.000231069560857397,0.003946341152682136
156,0.009905831614218248,0.12757173980665182,0.8539150722978063,0.0006256516428967614,0.007981704638427008
157,0.008731696349493329,0.05316502445855383,0.9333051477291213,0.00039749541365941953,0.004400636049171871
158,0.00205318131149626,0.029773378928223182,0.9653713604946108,0.00014503432345990523,0.002657044942209788
159,0.0027149907135515117,0.06662395115938645,0.9285526920567294,0.0001421778441312905,0.0019661882262013985
160,0.0035857298793884034,0.08339475478017373,0.9100491900106524,0.00025731918485298496,0.00271300614493239
161,0.0035709220020986353,0.0412652784007649,0.9514223273760856,0.00024620010116373046,0.003495272119887185
162,0.0021956991415077475,0.021287721372622456,0.9749587617824528,0.00011225501009012404,0.0014455626933267385
163,0.008897386145778641,0.1079658665670224,0.8725114717593729,0.00047165563223145954,0.01015361989559442
164,0.009185155091214365,0.06273262626681758,0.9211132790493726,0.0002735635362657135,0.006695376056329677
165,0.007374562423941608,0.06300533401493899,0.9225391184688992,0.0003038826348382094,0.006777102457382061
166,0.01727668095544019,0.06830464828748885,0.9025949260128585,0.0008182610700231429,0.011005483674189402
167,0.010231649773178546,0.08273665271780971,0.9003203900207847,0.00033567670354399387,0.006375630784683102
168,0.006631050007056601,0.0644040060301658,0.9222627240258803,0.0003029797537125801,0.006399240183184813
169,0.0072245563632788844,0.04421858712574322,0.9410575058472879,0.00045819107944576517,0.007041159584244269
170,0.014623746975330181,0.09308014089451519,0.8751231055983498,0.0009689153463035842,0.016204091185501104
171,0.01739721011188507,0.08808688725051354,0.8732963851802983,0.0010254039308901129,0.02019411352641301
172,0.015585476308297664,0.07652035541727965,0.8910071253401747,0.0015194003763460686,0.015367642557901968
173,0.0187942264935982,0.10283384049716446,0.8633232657994432,0.0006421579217437804,0.014406509288050586
174,0.012541320156565805,0.05383019288143642,0.9195564736679973,0.0010347200323742524,0.013037293261626311
175,0.013367732819080085,0.058236164956458114,0.9097718204795454,0.0006597901867267045,0.017964491558189754
176,0.01323663542964931,0.07295765670045239,0.8957841386270022,0.0007733553981327805,0.017248213844763362
177,0.0031808388738236355,0.02548092388988998,0.9648277066084293,0.000294219873929102,0.006216310753928016
178,0.003585624980992791,0.03972843881918858,0.9488872223475628,0.0005490486152082393,0.007249665237047581
179,0.009412349723321412,0.1077850709501225,0.8730849927557899,0.00145151301174856,0.00826607355901775
180,0.05472893976302336,0.3106873189212218,0.4832373652088509,0.01725115028851195,0.13409522581839206
181,0.03689054828853028,0.1232186385702407,0.06469222565604772,0.029884121560622978,0.7453144659245583
182,0.22101561504979336,0.30532707676738324,0.0380603075445378,0.1272979167416925,0.308299083896593
183,0.25003791549125315,0.18293798095418445,0.026069626730818134,0.076515088135738,0.46443938868800627
184,0.6096886953835398,0.12659515906203375,0.007145387023330663,0.02298130945174792,0.23358944907934803
185,0.4213121945420071,0.20039027566733056,0.007497032328633486,0.038917659267109,0.33188283819492
186,0.2929885002382771,0.16134386007660365,0.008882745733267326,0.02714612864760946,0.5096387653042425
187,0.38497593027263705,0.258670257153441,0.009970723668283403,0.03865686928990571,0.30772621961573277
188,0.3023316530870798,0.18647635739667454,0.014248526871612236,0.02221726201296018,0.47472620063167315
189,0.26800990575078193,0.4374340624045447,0.019938655366527915,0.07968114805838382,0.19493622841976163
190,0.11212322506627215,0.8072772419666869,0.019616118555429975,0.04069654542580677,0.02028686898580413
191,0.1949605372046565,0.5672837826464641,0.04171987581426877,0.12473566648738658,0.07130013784722418
192,0.21179232602935869,0.6530355679357261,0.011752006566377524,0.10084833357977226,0.02257176588876529
193,0.2592684603257907,0.607786683145041,0.0032058038801733996,0.08227765841150528,0.047461394237489594
194,0.21800637905674317,0.5944546550657434,0.00457535803888147,0.08934339579364023,0.09362021204499185
195,0.1744630321581338,0.5440382696662693,0.002912172279889615,0.21187621775048565,0.06671030814522161
196,0.12422160509989275,0.7962417042027461,0.01037901981900368,0.009342591552280123,0.05981507932607744
197,0.23139273563978288,0.6691055652122921,0.0036009020602096697,0.019370970654001878,0.07652982643371335
198,0.1530617384952803,0.7802143239676139,0.004467412611909603,0.01069451873847043,0.051562006186725795
199,0.34423497568921485,0.5715124274618307,0.0029892566843180536,0.013184175222437075,0.0680791649421992
200,0.23039253062418857,0.723311070310566,0.003296732524957371,0.007524307115164784,0.035475359425123434
201,0.06973712006983775,0.9175533307117334,0.005871185099942625,0.0024716868971053434,0.004366677221380915
202,0.12842083936338136,0.8357908533936256,0.013980912392954,0.00818905797823609,0.013618336871803027
203,0.022487718703917824,0.9302139995710125,0.04112004772080609,0.004369631676847851,0.0018086023274159295
204,0.04279973108929072,0.9217551378898243,0.01420229594680649,0.016796282072000485,0.004446553002077926
205,0.07602288114936054,0.8772673383654649,0.008577964437209037,0.03493718724185347,0.0031946288061119616
206,0.015287603958848735,0.9443976928080435,0.017116340127318243,0.021456552092918135,0.0017418110128713988
207,0.04694785915333864,0.9197311770297009,0.007220113511159928,0.02222245034027239,0.00387839996552797
208,0.030733026620238288,0.9266730091643659,0.015120390460403697,0.023246778432940676,0.004226795322051459
209,0.09390158274687382,0.8236271418009491,0.004061623387528556,0.07524825110116601,0.0031614009634825355
210,0.3325498132078088,0.5221207681558943,0.0016495392370582292,0.12907010645675218,0.014609772942486382
211,0.018119045267385073,0.9572914685857556,0.00493319280819556,0.017561967446685114,0.002094325891978513
212,0.06531413336869042,0.8478405320694498,0.002884733221348188,0.0795016626525664,0.004458938687945295
213,0.0518379701210115,0.8770029092818611,0.003714874757689546,0.058333209499526466,0.009111036339911574
214,0.11864038762173097,0.6397277732589477,0.004005002085539817,0.19596409165560266,0.04166274537817884
215,0.18782039676080992,0.18363401723842868,0.0007737742341404118,0.08489326897346007,0.5428785427931608
216,0.02268861257587645,0.070322092609151,0.0003852426581419103,0.00583226844340725,0.9007717837134234
217,0.009034275378688702,0.0017547667845248115,2.832140242634937e-05,0.0021704174882162183,0.987012218946144
218,0.15610882440169221,0.0024893672637394905,2.7859153058326513e-05,0.005009521827059325,0.8363644273544507
219,0.04942272428588586,0.0016830782018390877,1.5955089057334033e-05,0.0020056821162098516,0.946872560307008
220,0.06307086986666362,0.004909317952694899,1.9551003125132534e-05,0.004751184791180482,0.9272490763863359
221,0.032467158067747755,0.003146520794314327,2.4958340240581413e-05,0.004617553752750476,0.9597438090449467
222,0.05763922853459059,0.0021849075908393404,1.0133300316313197e-05,0.008100076059438169,0.9320656545148156
223,0.21397953133121705,0.005365191259851529,2.418530404319159e-05,0.018545743651766186,0.7620853484531219
224,0.3216313896822734,0.007252629290490865,4.297755401924178e-05,0.041046856527200866,0.6300261469460157
225,0.6382740263767904,0.019321334294647136,0.00010767878370517014,0.16025162467928633,0.182045335865571
226,0.554181340110487,0.054981082119352265,0.00016290783351188061,0.34999330946979446,0.04068136046685449
227,0.4422429453500736,0.08523739581723917,0.00022515183731626568,0.41067058966133557,0.061623917334035466
228,0.19053915951245162,0.3315463286926659,0.0006186538716304216,0.46250280460289145,0.014793053320360518
229,0.19141378163505868,0.2637002744436101,0.0005100671510228464,0.5310008001774186,0.013375076592889681
230,0.09237066938826607,0.6910264615188825,0.0007010910195666002,0.20662848756585483,0.0092732905074301
231,0.14081081466276743,0.561868751882007,0.001326414756851863,0.27227342275516064,0.023720595943213105
232,0.06972771616412868,0.7837686303022027,0.0014073707872180098,0.14071321527466238,0.004383067471788261
233,0.10519046922986024,0.7790956060029631,0.0009655062295561805,0.10107090235886872,0.013677516178751748
234,0.16777352782852217,0.6936033974469138,0.0011367214478355755,0.11735672446291691,0.020129628813811702
235,0.16246044120230144,0.5569951944101147,0.0007149914042969846,0.13871031419327373,0.1411190587900131
236,0.1784398342482784,0.692204632526357,0.00012022521446794233,0.04863189421929584,0.08060341379160074
237,0.16549462589882863,0.4734211760137889,0.00046028671586662907,0.036203911001862696,0.3244200003696531
238,0.03506294173618914,0.06300344366129819,0.00016275091640986984,0.006328471021406663,0.8954423926646962
239,0.008998484025924637,0.01009906150660263,4.111081273955412e-05,0.0016231148871911074,0.9792382287675421
240,0.004476788179592951,0.002537387945260598,1.8013567664342556e-05,0.0011267075496281963,0.991841102757854
241,0.004205931236265945,0.001237476240844477,1.5435269178482672e-05,0.0006902759001460414,0.9938508813535651
242,0.008274386198167909,0.000752364361963506,1.7587257340274198e-05,0.000525247647585631,0.9904304145349426
243,0.0037937420987911442,0.004004654590622546,0.000331425139284695,0.0007582378933306183,0.9911119402779711
244,0.0030045312407163006,0.0003875532387600192,7.933680025741108e-06,0.00017413659347272582,0.9964258452470253
245,0.005456718314894527,0.0005548888419759518,8.184007033243889e-06,0.0002462653075214148,0.9937339435285748
246,0.005402901049468486,0.0006196424647931863,9.601618199144526e-06,0.00035963147415756517,0.9936082233933816
247,0.0042112023267544445,0.0006764678224797728,9.031168956340155e-06,0.0003210783319083043,0.9947822203499012
248,0.005812742304507013,0.0013283242914830253,1.4414668171845177e-05,0.0006489894933981443,0.99219552924244
249,0.008098855908734857,0.0012781881824537188,1.9295705330055918e-05,0.00032972761356651816,0.9902739325899149
250,0.005394475968029176,0.001050469267999267,2.716589475657665e-05,0.00021053921869195608,0.993317349650523
251,0.026770077175292718,0.004805669654458408,7.644544424324595e-05,0.0006788742170911587,0.9676689335089145
252,0.010626192333696983,0.0031117803320911647,2.5409419236473604e-05,0.0006411156636220099,0.9855955022513534
253,0.008850689373591373,0.003935642938494144,0.00010253062964998102,0.0004479988251821718,0.9866631382330823
254,0.18954774237064373,0.046267874390800524,0.00013948631011054976,0.002642490281414845,0.7614024066470303
255,0.22734542354413945,0.021060987128317953,0.00011274471805888719,0.009862137169831448,0.7416187074396523
256,0.059905974871490894,0.018954780893258534,0.0001498829032271512,0.003910420439735531,0.9170789408922878
257,0.12033899385478837,0.07848333976337714,0.0005589700001625992,0.01990971366098106,0.7807089827206909
258,0.24802584190855206,0.029686146998975285,0.00018579194968963546,0.023700363143704044,0.6984018559990789
259,0.17044132783415247,0.014371299868507664,9.10864630796409e-05,0.024119596447246677,0.7909766893870136
260,0.008218705697259207,0.0022835428512187885,1.992723014233593e-05,0.0016854649984235275,0.987792359222956
261,0.04005640160115854,0.005083985086430679,8.974610469579198e-05,0.01396627240257758,0.9408035948051375
262,0.018178993368781624,0.0027945733660859075,7.13386683692322e-05,0.010045491857836712,0.9689096027389265
263,0.01607255775785131,0.0043970927205578235,6.941378459542304e-05,0.008170739629612882,0.9712901961073825
264,0.015292402749507448,0.0039792204899190865,5.915864207058991e-05,0.0065424572804687825,0.9741267608380342
265,0.01787737725350454,0.005837062340662544,0.00012006873366406937,0.03583492196217594,0.9403305697099928
266,0.03553582155032066,0.007941435435982786,0.0001355977365155626,0.03019543659238613,0.926191708684795
267,0.04497720835623325,0.009372011944946473,0.00015297993950475863,0.04464539905173434,0.9008524007075812
268,0.038025402823746224,0.003876988592636789,0.00011850272392561138,0.02909877786804158,0.9288803279916499
269,0.06076973772618135,0.004637285967369569,0.00011097525370539125,0.04085820437936567,0.893623796673378
270,0.39757107799813257,0.02248946954601112,0.00027904630926551426,0.028776384476426803,0.5508840216701639
271,0.37801120310853614,0.017199815146660625,0.00026639953928010734,0.07873285566650773,0.5257897265390153
272,0.7079751333387139,0.034230649173563,0.0003370309018234923,0.12563706595497012,0.13182012063092946
273,0.33464190625354395,0.3705349763235264,0.001552091094827268,0.1849034384677182,0.10836758786038413
274,0.13707721200142334,0.7272832574240595,0.005294915076451699,0.10082072776676665,0.0295238877312988
275,0.18653354126810473,0.19438958832921455,0.0006997367062044644,0.47143443139725977,0.14694270229921647
276,0.1823520360475677,0.32632618657495516,0.0011872213809358588,0.43534464369343867,0.05478991230310252
277,0.1755640531227812,0.4901619905777654,0.0008859689555551842,0.26689753031112706,0.06649045703277097
278,0.3280215157960154,0.423154263379836,0.0005625024207348653,0.17804052256992803,0.0702211958334855
279,0.18347817011852155,0.663189830986755,0.0008054463279527468,0.13229978610582468,0.020226766460946045
280,0.1405094995073248,0.7644728604608036,0.0016362048802672272,0.07838046795732104,0.015000967194283295
281,0.12192169751104476,0.7361060599286284,0.0019171801502799583,0.1275007729437517,0.01255428946629536
282,0.1602833932242658,0.655012118651326,0.0010989814204466482,0.1612913014949587,0.0223142052090028
283,0.12490546869930849,0.7031764056045436,0.0020868897814001214,0.1547590768214388,0.015072159093308989
284,0.09722899006567715,0.805391847673951,0.001973852884168956,0.0883913907918059,0.007013918584396917
285,0.02973349318635834,0.05299709647999957,0.0009379060192032347,0.0012886039127878556,0.915042900401651
286,0.5467861865928728,0.2825606252890631,0.0020815173201439038,0.010866058092846726,0.1577056127050733
287,0.5997836074944167,0.36970311722441146,0.003303610351202209,0.014353030682530816,0.012856634247438868
288,0.17626766790818285,0.7973883686110432,0.012605662909162554,0.0069693111270486925,0.006768989444562633
289,0.03573172712278158,0.9503144003343073,0.004476934496730071,0.007864047504055175,0.0016128905421260741
290,0.0324264683866557,0.9434714028819801,0.011265916771456143,0.010568481778588755,0.0022677301813189554
291,0.08553603628914007,0.865561239626032,0.00816122895234756,0.03344389623201429,0.007297598900465933
292,0.03358216051263835,0.9488005586747316,0.008264655475847088,0.00592536942262757,0.0034272559141555
293,0.018444460778154675,0.9723986555971076,0.002353134429669985,0.0058426539019428595,0.0009610952931248623
294,0.029233711928826348,0.9566905521473209,0.006243362183717666,0.0061156073050180945,0.0017167664351169971
295,0.0272151886073003,0.9578446456542107,0.0070323360826502436,0.005726411854248512,0.002181417801590266
296,0.040958487862402276,0.9299049320503263,0.01634221573125408,0.008954166195791738,0.003840198160225641
297,0.03193723422073446,0.9329739337072386,0.02532312639173523,0.006798763337060956,0.0029669423432309334
298,0.02481920553320067,0.9214595738060438,0.0464359225004351,0.005208202682527269,0.002077095477793074
299,0.04285226100621296,0.9277048190622906,0.017763882862510624,0.008039916037520281,0.0036391210314653437
300,0.021163438097686883,0.9512611854236889,0.021435294771957332,0.004068662285772181,0.002071419420894833
301,0.012437314492774326,0.9355978363225003,0.046578927097890487,0.0035396118941785205,0.001846310192656213
302,0.003944927135591201,0.9313802933077919,0.06236569651076904,0.0013699601443308066,0.000939122901516785
303,0.009998143149669418,0.9521569914018134,0.03351094882979905,0.0026215717030247166,0.0017123449156933933
304,0.004842301552333291,0.9078864890916354,0.08402283002073961,0.0018519435984799238,0.001396435736811846
305,0.005433797900222936,0.8336418063656736,0.15804007153187108,0.001533742281349294,0.001350581920883155
306,0.0068809708916054025,0.8870786544358793,0.10185904513648114,0.002347627377661725,0.0018337021583725497
307,0.009797874765697044,0.923682632813752,0.062077502517443164,0.002309851500582742,0.002132138402525024
308,0.0045800408256626984,0.6769383344808002,0.31518913018200817,0.0012091632604370429,0.002083331251091895
309,0.007518730108736427,0.8478969586479866,0.1409306261046567,0.001666327286742332,0.001987357851877608
310,0.015111175316637972,0.8248750302736348,0.15290290250504512,0.00249245962218324,0.0046184322824988815
311,0.016050619848762052,0.8593294103823985,0.11784536523793464,0.0030846969541470535,0.0036899075767577614
312,0.015040421640396876,0.8624422445559599,0.11551236581843193,0.003009217007523444,0.003995750977688013
313,0.007235823739507649,0.6346862278042591,0.34753963796309584,0.002975170787079595,0.007563139706057758
314,0.023748046187460608,0.7855611895697655,0.15566299724605098,0.0017478028985691246,0.03327996409815391
315,0.14733765664211584,0.743491811777027,0.029743483201095638,0.005866139738042511,0.07356090864171907
316,0.12851783405426234,0.6997149809038827,0.12355476695083094,0.01055558947594104,0.03765682861508302
317,0.12287098463092422,0.8411437642643129,0.025187546026116368,0.005580780244293774,0.005216924834352674
318,0.08511356883317343,0.8763335648872906,0.0195103323037132,0.011450930952027436,0.0075916030237952
319,0.08183481504300046,0.8747178544217951,0.023328584360847806,0.012370169015080494,0.007748577159276249
320,0.120079215157946,0.8412074736100775,0.010824209798630037,0.011781287098950138,0.01610781433439627
321,0.0489342440097395,0.9303185473348236,0.012504361116847728,0.004382515576187688,0.0038603319624017332
322,0.14512590216922985,0.8211888018001866,0.007721851242969802,0.010012706700617328,0.015950738086996503
323,0.14160373305606502,0.8320899738067112,0.011074560050030352,0.010408325856211525,0.004823407230981934
324,0.06987436685153108,0.89877535696677,0.020151971065156347,0.008042402283459113,0.0031559028330834025
325,0.028790147635669814,0.8919838873866648,0.07205714837779906,0.003807069431593007,0.003361747168273396
326,0.026376399774500365,0.9442151352558866,0.01848409728560893,0.007543331882458407,0.003381035801545649
327,0.01690460241830302,0.8845600961919062,0.08555410045334962,0.008107744286742076,0.004873456649699128
328,0.02211537636830549,0.9030013926527989,0.0607753457694315,0.009562788789186151,0.004545096420278136
329,0.018383046496243345,0.666796536552841,0.29931696440963496,0.006750027711238052,0.008753424830042725
330,0.045947244926674215,0.8551430967237199,0.06652233822446657,0.0074026941346191436,0.024984625990520298
331,0.14179394167084078,0.6939538294569172,0.03116703700363637,0.016856818538268915,0.11622837333033667
332,0.2673661186137981,0.6717960967482759,0.022860597243595914,0.01661493411022744,0.021362253284102583
333,0.16784226590551377,0.8020016178776456,0.013704196295656433,0.011026924347788868,0.005424995573395419
334,0.12426285096406643,0.8420513677461722,0.015471911399434836,0.00970298017569388,0.00851088971463266
335,0.05001413315757002,0.9089539415227732,0.02538854764129309,0.010216451959540435,0.005426925718823214
336,0.03534418391336381,0.9293912073779848,0.018524575004614997,0.012295233147974673,0.004444800556061753
337,0.05979190235204021,0.7939837196644776,0.11409939593333902,0.017628894678868145,0.014496087371274847
338,0.0730258164062987,0.8432554272240212,0.05241079287681401,0.020050683457920743,0.011257280034945317
339,0.12268501838546916,0.5744556271241665,0.04174601578242734,0.006335092422429144,0.25477824628550777
340,0.33628076256559963,0.47934971669948734,0.07844891333993023,0.01989222379336117,0.08602838360162163
341,0.3568135047952014,0.5319739210055471,0.06927502509538637,0.010550525981751673,0.03138702312211342
342,0.1407482463119999,0.7621715351903604,0.0773348621757418,0.007919308188048603,0.011826048133849205
343,0.2286183205945817,0.687714590614873,0.0496624038195844,0.020230288357188046,0.013774396613772858
344,0.04953999449965082,0.8513174844956923,0.0921685577839707,0.003349438698658589,0.0036245245220274556
345,0.08985222504035585,0.8467852225579969,0.04603006823947845,0.008158857465633204,0.009173626696535415
346,0.13930186794478758,0.8224868029493007,0.011700123574657164,0.01175687840193441,0.014754327129320304
347,0.04905283931256608,0.9174700588474285,0.026515909096469625,0.00326632862618409,0.0036948641173517806
348,0.030977538891918746,0.9035743226859543,0.052523703332964924,0.00480994030162284,0.00811449478753905
349,0.029089454652785562,0.8736989046615248,0.08972171403737517,0.0030145904629760734,0.004475336185338531
350,0.04611538360138573,0.7613662716959413,0.18015755430774996,0.005248061003843054,0.007112729391080127
351,0.04492373191625688,0.8745864731144608,0.0689708643848226,0.005823753793689495,0.005695176790770143
352,0.0640489686872545,0.712063898396965,0.19773965113585726,0.0141416062954991,0.012005875484423896
353,0.030085977280388126,0.8908653578393106,0.06994160803729815,0.004594128583315866,0.004512928259687272
354,0.024738114044087683,0.792086515184801,0.17204732650691584,0.005993619793655373,0.005134424470540198
355,0.014922967989675242,0.6727596307423818,0.3066475691518197,0.001960322450633625,0.00370950966548954
356,0.021308429272948296,0.6649394308288575,0.30394930416141663,0.004924346413753862,0.004878489323023787
357,0.014569802979632295,0.6587319013323915,0.3182741241835652,0.002555313232843671,0.0058688582715674354
358,0.014377137441227433,0.6894925437535093,0.28410699663090605,0.0051007532229503305,0.006922568951406875
359,0.024134495582098278,0.8091904089216068,0.15816200209634598,0.004105181009442023,0.00440791239050713
360,0.0360973047697823,0.6615067152375883,0.2658366361108825,0.0051546325429414445,0.03140471133880549
361,0.09406768571628363,0.6410721372956102,0.2271679299472303,0.011807203284647756,0.025885043756228073
362,0.03824542746885604,0.8727193703648853,0.08024317957964827,0.00395646937502981,0.0048355532115806855
363,0.0783730322636568,0.8438243202567526,0.04899749253074724,0.008288855444640331,0.020516299504203018
364,0.09305725056149826,0.868190856418187,0.022559891927114245,0.011090504682771332,0.00510149641042911
365,0.008131261754808418,0.8341575499222055,0.15349337936699067,0.001967199972260959,0.0022506089837344076
366,0.049530656885187936,0.7625692792438463,0.13932561680264488,0.020009389317922337,0.028565057750398467
367,0.04505590926172831,0.9153325940000692,0.010611487920141206,0.023798158751214184,0.005201850066847213
368,0.01885664836951821,0.8961635992361839,0.07346365068227353,0.007968141992625228,0.003547959719399188
369,0.05486128358904303,0.04006506770334604,0.00043937731781115133,0.0066768179957782834,0.8979574533940216
370,0.540896048050138,0.15888822777398587,0.000625099189108062,0.04449445219022822,0.25509617279653984
371,0.6201215552140629,0.1110356705812439,0.0003693119629078919,0.07136807164631105,0.1971053905954742
372,0.6854594696791381,0.14598729804654226,0.0005338562202000797,0.06306868784980586,0.10495068820431377
373,0.43483652721820226,0.2958032654630285,0.0004753280494680372,0.22046406268336635,0.048420816585934716
374,0.1704235257880161,0.054692365961774285,0.00046985511251965015,0.08665352477454769,0.6877607283631423
