epoch,N1,N2,N3,R,W
0,0.002717303755814677,0.0005899982712677796,4.895492426182692e-63,0.0034209679140460004,0.9932717300588716
1,0.00037203403570130577,0.00020568106813953076,4.6705000733982285e-06,4.75017210210026e-05,0.9993701126750648
2,0.0007034234371479588,0.00017448241052991294,7.600204903642714e-07,2.7582335824540774e-05,0.9990937517960071
3,0.001529569731433833,0.0003088422218392579,1.7660899986456973e-06,5.7720775733579053e-05,0.9981021011809946
4,0.004387749104100033,0.0005959807800843941,2.410811308787726e-06,8.76406475989224e-05,0.9949262186569078
5,0.10657249157477296,0.0023509604180599504,1.5932005931987553e-05,0.00018887982770995128,0.8908717361735252
6,0.19405315996041061,0.004514197236970629,2.0805577801431797e-05,0.0006999879668304575,0.8007118492579869
7,0.0650147033507808,0.01150066286279294,0.00011180649720128323,0.0034270714883201142,0.9199457558009049
8,0.03248985498292836,0.019747126234095316,0.001459136779024473,0.0016220331934755344,0.9446818488104762
9,0.009722007415730757,0.0012068624265118863,1.0263103643712554e-05,0.0008533029747496808,0.9882075640793639
10,0.5341027406709232,0.05358753826303091,0.0003802924700214679,0.0058679153911803785,0.406061513204844
11,0.4708950043276346,0.2746138158223512,0.0036337927277191803,0.008546031318979365,0.2423113558033157
12,0.4992664625636289,0.3786631859645953,0.001969836276574281,0.013463029716931179,0.10663748547827029
13,0.05772200483387089,0.895076042680296,0.0035074116627783715,0.009699213237149697,0.033995327585905136
14,0.01759764245243339,0.9409557279028042,0.012815063216590612,0.001955106745014133,0.026676459683157662
15,0.07325113659533306,0.17994584657247412,0.0006252476075012066,0.0009743938188640695,0.7452033754058276
16,0.08864744752829143,0.8268890951830383,0.00604601174652865,0.0010445942379817118,0.07737285130415988
17,0.14616021281229866,0.8269219603335446,0.004990047170163828,0.0015256336023812915,0.020402146081611738
18,0.0932553695309008,0.8891799732585102,0.004493643592532904,0.0007193010372113888,0.012351712580844738
19,0.04614931748208853,0.9303308978703916,0.003965699819253285,0.001106600444042771,0.01844748438422373
20,0.060110098665424876,0.9075844363913663,0.008667067814823947,0.0010715939376014902,0.022566803190783427
21,0.13988600357912045,0.8411659237113857,0.007940360352715193,0.0014292088342184326,0.00957850352256034
22,0.03347847993861868,0.9266330043951219,0.03222611914045566,0.0007722476520072845,0.006890148873796755
23,0.020323995753668708,0.9383163920370968,0.03585946315674279,0.0008213438911327021,0.004678805161358883
24,0.02818277352508138,0.9282622889112687,0.0377373867404223,0.0007010273374819144,0.0051165234857459725
25,0.01842257091088011,0.9329852819356674,0.0424876631120144,0.0008086163519272016,0.005295867689510786
26,0.017030664669554666,0.9504122703269422,0.026033623896890203,0.0007172174483168253,0.005806223658296111
27,0.03161245168550441,0.9294563001777697,0.03089925827963703,0.0005838449061806417,0.007448144950908304
28,0.014019951953978699,0.9213267246318345,0.0575706812313219,0.0003211893732736788,0.00676145280959108
29,0.01365725513007135,0.7803075483336723,0.1982957047601517,0.00026460160106503476,0.007474890175039537
30,0.007999154793570603,0.7350909718531013,0.24665199712034314,0.0005000404277384605,0.009757835805246381
31,0.005643154730582559,0.7720366153872454,0.21122162743393658,0.0006579423681590273,0.010440660080076459
32,0.005830180048037626,0.8387633975209726,0.14769461005189588,0.0007163581898207613,0.006995454189273146
33,0.00507918758377193,0.5928743562450361,0.39536519661351216,0.0003275549772472752,0.0063537045804325796
34,0.003702805075949227,0.7346089585278303,0.25682476179731706,0.0003407289695578168,0.004522745629345729
35,0.008933384264897237,0.6814350767889081,0.2977838952536361,0.0010431820101809192,0.010804461682377732
36,0.0048188421973221485,0.7121510843755572,0.27720361189053183,0.0004102156766899016,0.005416245859898843
37,0.006416447785899873,0.7632593369140803,0.22535715679595406,0.000408951339006735,0.004558107165059188
38,0.0026992044104724266,0.4691991889996861,0.5222876378882023,0.0003921656162458965,0.005421803085393394
39,0.0014205135956431266,0.6657667229659474,0.32808969008579336,0.00021737918043508703,0.004505694172180976
40,0.0021589137565489252,0.6835769070661781,0.30977088696797384,0.0002859748514154361,0.004207317357883494
41,0.0013511312149834288,0.42496291585804086,0.5688153386746678,7.481580654373819e-05,0.004795798445764289
42,0.001601638304745963,0.41709771560608017,0.5783499951575866,9.394392594231155e-05,0.0028567070056449515
43,0.0011791968440132057,0.6341446562570129,0.36247667619455487,9.318231621243135e-05,0.002106288388206723
44,0.0016180781969156895,0.514317520067055,0.48092639298396267,9.753204565624028e-05,0.0030404767064104933
45,0.004518845625283997,0.6465042472490139,0.3434956681176435,0.00021870034518678782,0.005262538662871906
46,0.0024000386682474853,0.4434915956617901,0.5493035032195348,0.00021001942335310744,0.004594843027074478
47,0.001594852344996729,0.4110155879002722,0.5832282773180438,5.770452664884215e-05,0.0041035779100383595
48,0.0013167500765040644,0.4629267864484021,0.5336336852449284,5.857405668424459e-05,0.002064204173481072
49,0.0008364467583493391,0.14012773801843317,0.8576003294214664,1.5908711213384194e-05,0.0014195770905376204
50,0.0010524914246617873,0.1550012970313926,0.8419936163027871,2.8791020782621114e-05,0.0019238042203761033
51,0.0015470969006937275,0.42107416999716984,0.5744468217122771,3.108626365647504e-05,0.0029008251262027697
52,0.0025781347056317095,0.5686016376768861,0.42522127362394124,8.616225130745429e-05,0.0035127917422333433
53,0.0015864824735953831,0.2224234611837268,0.7739643673366225,2.748947078309134e-05,0.001998199535271954
54,0.0028814504802352737,0.35249732891280044,0.6416687379154816,6.857289625753971e-05,0.0028839097952249857
55,0.0031733476501431043,0.6562428926989213,0.3377542757241461,8.38762020955645e-05,0.0027456077246937396
56,0.002189979611415125,0.27205752744224126,0.7240464640544598,3.0420209300360728e-05,0.001675608682583569
57,0.0009388327181854289,0.6283272688253326,0.36915070970773234,2.5286867018042103e-05,0.001557901881731533
58,0.001117659019568142,0.465933650007762,0.5312315774111209,3.292361468206008e-05,0.001684189946866916
59,0.001243901822653365,0.38415441856307597,0.612007381988063,4.627022541085304e-05,0.0025480274007965466
60,0.0013750156218926785,0.3769917522194397,0.6192682108895267,3.9049453402021756e-05,0.0023259718157388957
61,0.0006428463466156538,0.21835381927069714,0.7795008584169492,2.6512408236616525e-05,0.0014759635575013156
62,0.0014723501358108754,0.40695399115064235,0.5895496431812546,4.256262887068228e-05,0.0019814529034214955
63,0.0033701612628084356,0.7231812230059536,0.2694853539308227,0.0002542556536337349,0.003709006146781558
64,0.0015467544062736846,0.2943424881567532,0.7015764793620797,7.510664088969615e-05,0.0024591714340036976
65,0.0005473213704151635,0.1488438093095507,0.8488183430596962,3.49535808978508e-05,0.0017555726794401024
66,0.001804202182714356,0.6272266847174707,0.3686382115801285,0.00011871648040571353,0.0022121850392808297
67,0.001618810271524745,0.3765828907242995,0.6198608807618075,4.573840490144287e-05,0.0018916798374666842
68,0.0008863736113806426,0.10003407354821155,0.8965135875856919,4.3284754771414965e-05,0.0025226804999444945
69,0.001029864324558068,0.20019790384225752,0.7952939079899174,4.765936446612887e-05,0.0034306644788008075
70,0.0015294970707295551,0.48873155110258754,0.5069898972757083,9.45010530451732e-05,0.0026545534979295184
71,0.0013090169750566893,0.28868613413305666,0.7077930303005544,5.1118160361295844e-05,0.0021607004309710004
72,0.0015747433962570068,0.49809311055443983,0.49809619371017877,7.577868502677632e-05,0.002160173654097724
73,0.0013680647481325772,0.23633665546206023,0.7604616809170067,2.7514891819206528e-05,0.001806083980981096
74,0.002099412078031613,0.43174018534535646,0.5632849291342895,3.896974805100267e-05,0.0028365036942713836
75,0.001015537861410994,0.2686806174924169,0.7280452211728079,2.5534352208243517e-05,0.002233089121155903
76,0.0023628042619108997,0.5213965825169335,0.4731794702194549,8.067375241893149e-05,0.0029804692492818503
77,0.001983920955266012,0.39704844951752066,0.5981179817170253,8.851239147985002e-05,0.002761135418707995
78,0.0008521729902280413,0.1455445857952039,0.8509090292499714,9.618831496821618e-05,0.002598023649628407
79,0.00386121394168029,0.6028985325814029,0.38932843826310604,0.00014313025097021948,0.0037686849628404875
80,0.0016851080895311087,0.5314254631713307,0.4643990257438304,0.00012005869154548461,0.0023703443037623915
81,0.0018441191181104558,0.26699774374913526,0.7290794370098546,8.969062881021186e-05,0.0019890094940895357
82,0.0018490433036434642,0.5899174174289336,0.4041633887296189,0.0006353054751729751,0.003434845062631087
83,0.005484681319387882,0.44591407387124976,0.5448760550697771,0.0006175831878364568,0.0031076065517488746
84,0.00428405285582974,0.5293094984056045,0.4611971155686128,0.001503580105241134,0.0037057530647117186
85,0.021462802009095644,0.619858314148789,0.2825755418232564,0.008406620305258095,0.06769672171360089
86,0.07759016997729332,0.7680071335328155,0.06580230580810963,0.021088334050678084,0.0675120566311036
87,0.4556412951634036,0.4628432594584402,0.00710277899145474,0.028384470552394857,0.046028195834306646
88,0.24725895757823527,0.7212979908209622,0.01884248365273191,0.001432699856539217,0.011167868091531388
89,0.3446414735682216,0.640981584284527,0.0061881291295385315,0.0013648616743759474,0.006823951343336885
90,0.2876551267320302,0.701465685744357,0.004870148114233909,0.0010022817578494276,0.005006757651529507
91,0.017206486753669748,0.937633558358001,0.04221575633342256,0.000545042450492062,0.002399156104414492
92,0.04792876559498504,0.9322947778268057,0.01659776871853319,0.0008013877270351662,0.002377300132640784
93,0.03277679974166652,0.9328146216095926,0.03115303989362246,0.0010068114344729945,0.002248727320645484
94,0.0035466387181074047,0.8853195695066706,0.10966162658028138,0.00039665587508943824,0.0010755093198513848
95,0.008112737559629888,0.9123629346838952,0.07601061632451057,0.0010668517201977952,0.002446859711766654
96,0.02746111976475749,0.9045243719333964,0.061629707985530476,0.0016961359598907393,0.004688664356424736
97,0.028517351208456693,0.921556869361624,0.04525255259159663,0.0015692865002438691,0.0031039403380788925
98,0.009356276905670853,0.8918968608981184,0.09484267216420408,0.0005540392282334376,0.003350150803773178
99,0.010074518777804123,0.8835704364749793,0.10110567473960708,0.0008079971530601008,0.004441372854549434
100,0.007548317268491357,0.9112201670182732,0.07578367275532318,0.0019518815211298926,0.0034959614367822594
101,0.017664982965560665,0.8926699517203015,0.07578914414916664,0.010341484303576624,0.0035344368613945444
102,0.01942884965246436,0.9235432762222048,0.029895559572783996,0.0064554437394663934,0.020676870813080502
103,0.009081614140895327,0.8860004723063931,0.08259271322574568,0.006972262875973105,0.015352937450992601
104,0.007153599620826887,0.8195046652534748,0.14899447532322457,0.0037748958901541283,0.020572363912319657
105,0.1086681478595765,0.23872368264746824,0.005680050918728071,0.013982371559850926,0.6329457470143763
106,0.09394194038338419,0.1504388443006313,0.003743552306613405,0.009282701862512116,0.742592961146859
107,0.021357539296449558,0.006698833877804495,0.00018038533331376545,0.0005493010189614014,0.9712139404734709
108,0.6593887842920726,0.03093279540317338,0.00014536153926581223,0.004162398482508379,0.3053706602829797
109,0.6470083735338088,0.1907454324987748,0.0013845239104768987,0.01804903054736296,0.1428126395095766
110,0.7421485746621168,0.20906022849341793,0.0012109061045471145,0.014275811068083233,0.03330447967183492
111,0.37187997915389837,0.46714708585470943,0.0006585061423063013,0.08934993302809355,0.07096449582099229
112,0.17547204387031481,0.601292420450279,0.001551999401335534,0.16321756464322254,0.05846597163484804
113,0.1759186735407279,0.7342118057259598,0.00200959020764063,0.06750280949116841,0.0203571210345032
114,0.04706808543181892,0.9287907519369478,0.0023279234506950195,0.01511056837832902,0.006702670802209184
115,0.11677122642380351,0.8434040738739209,0.0016573284242412094,0.01445118114830697,0.02371619012972729
116,0.2831124643980698,0.6410523344360115,0.003139761452174722,0.0636688414483983,0.009026598265345586
117,0.0858566447971293,0.8895848321542248,0.00644604290763988,0.014724288763331405,0.0033881913776746685
118,0.08771709371296513,0.8857233954244412,0.002912368545352739,0.019150572029474885,0.004496570287765933
119,0.03268676551264335,0.9382272908639753,0.005056996787958794,0.018768656682821443,0.005260290152601068
120,0.06536629436602356,0.8647885530270651,0.005407168850684705,0.05504322572240819,0.009394758033818482
121,0.05548589586094786,0.8689212787264009,0.005511967003212098,0.06666904978673584,0.003411808622703278
122,0.058186926949038306,0.8553615660955285,0.004990922326603272,0.07430321118173851,0.007157373447091476
123,0.0536536786980496,0.8275550331660622,0.01039418506053038,0.09964200656318262,0.008755096512175377
124,0.05448544755340412,0.8498123115666165,0.0051811711674206486,0.08085484687299381,0.00966622283956491
125,0.20981714620254419,0.27801115705035495,0.0004322799209354285,0.10336818153283138,0.4083712352933341
126,0.253326235807419,0.652061225064628,0.0011940876767522132,0.0731208540916721,0.020297597359528623
127,0.12291083647723354,0.8015396539276254,0.0034409823832526054,0.04114888890127046,0.030959638310618105
128,0.0703451617326325,0.041121689081695924,0.0024462497107715815,0.002182324980706751,0.8839045744941932
129,0.39676038840574507,0.12970667602652491,0.001416082938214166,0.041155580093969094,0.4309612725355468
130,0.859657229980456,0.08360803520690016,0.000770123068987729,0.01397287275782434,0.04199173898583177
131,0.2050427077476545,0.7745217466664142,0.00393045619327803,0.007763222873460641,0.008741866519192829
132,0.17314103733642752,0.7377461578896276,0.0016500143419899188,0.0834156895744291,0.004047100857525854
133,0.03334085742883402,0.8677432693494922,0.007304754843357055,0.08707534940359633,0.004535768974720592
134,0.040503546704936035,0.7935437990483986,0.0028500506169072694,0.15916611291580118,0.003936490713956878
135,0.07507650844072394,0.4193656268439464,0.0017531259071725236,0.4965853081832153,0.007219430624941799
136,0.08390049996168258,0.42975142839184055,0.0014454616461646278,0.4781016952984868,0.006800914701825462
137,0.054640646568252245,0.1930467816430232,0.0008121260182048867,0.736775371754141,0.014725074016378637
138,0.04641844391437806,0.049409206820791744,0.0001909283244347701,0.8949196193510282,0.00906180158936722
139,0.10001282467726501,0.06595062625487542,0.0002980944721492838,0.8127148172750012,0.02102363732070912
140,0.12693117410365323,0.08498097642123617,0.0002947227974526261,0.7662363789200882,0.021556747757569814
141,0.1324771732712281,0.0810518398043695,0.00024441211150493804,0.7648279710900406,0.021398603722856856
142,0.083245989145912,0.04509476678217579,0.00014939947668478784,0.8499094207932502,0.021600423801977214
143,0.08749847914637811,0.039877384828171686,0.0002597888198617555,0.8447194622796282,0.027644884925960143
144,0.09079372656542861,0.05058197503036519,0.0005133782527187234,0.8274139465612184,0.030696973590269058
145,0.18123489470895954,0.059609441306105314,0.00031740579043892903,0.7225398532024254,0.0362984049920708
146,0.027900202870110958,0.023083286030003706,0.00029119722200902356,0.9156058819102392,0.033119431967637114
147,0.05053364065888621,0.032360895775778796,0.0002161406034993589,0.904675871939619,0.012213451022216727
148,0.05857070174263775,0.037591160709742326,0.000296637868725739,0.8878449845426502,0.01569651513624389
149,0.10235839301364703,0.03187502063802326,0.00015596834769612334,0.8408421998399039,0.02476841816072963
150,0.06623344559522025,0.029096587676855263,0.00023026046237991822,0.8896956797519374,0.014744026513607036
151,0.02952554062108876,0.020889004524412974,0.0004934394494446777,0.8397932979818272,0.10929871742322649
152,0.17751165977458314,0.03471695354553929,0.00020093117092185434,0.7131621903620271,0.07440826514692861
153,0.12803317870160857,0.015411988575149537,3.275266208464397e-05,0.8092114134831162,0.04731066657804122
154,0.3693574802713287,0.05949758373889575,0.00014014483053445382,0.5087170484965604,0.062287742662680785
155,0.2262047241851551,0.08251517728817041,0.00017346507637275928,0.6389662352836682,0.0521403981666335
156,0.2583574818484869,0.03304154945127757,9.638860077949439e-05,0.669401004457432,0.03910357564202421
157,0.2875851809499236,0.05438455041547059,0.00015889190700411966,0.6218606565900489,0.0360107201375529
158,0.3775072907122672,0.10488813916471657,0.000240850341300911,0.4917385303472907,0.025625189434424517
159,0.17390851973136048,0.08513443650898145,0.000142407876829925,0.7208108443526785,0.020003791530149685
160,0.11335647820229795,0.061591671692902396,6.098199358317037e-05,0.7996903239538788,0.025300544157337637
161,0.21206000360389854,0.06142105445100965,9.527238692085986e-05,0.6813972268035499,0.045026442754621
162,0.3154508639185904,0.057901254681648306,6.855197418850087e-05,0.41416505150527666,0.2124142779202961
163,0.18136097041391214,0.019714870755790617,0.00011190519810708778,0.1375745071058583,0.6612377465263318
164,0.3797047036608881,0.016853205684476028,3.9090434677214524e-05,0.0755462101609452,0.5278567900590134
165,0.8517206157655288,0.02456697562725359,0.0001289403757434022,0.04462913019410621,0.07895433803736795
166,0.791662567711393,0.03051274969793872,0.00030690194660303396,0.10433755388008675,0.07318022676397866
167,0.40458400892247504,0.2730213709671837,0.0004404120400545148,0.3004973856032273,0.021456822467059555
168,0.112895749233521,0.37628893659925977,0.000871095775907282,0.4910673761142973,0.01887684227701483
169,0.1500353419445218,0.318565882034437,0.001645666869411181,0.4639533062823358,0.06579980286929438
170,0.12647181428565027,0.044371456241185984,0.00043575108626620827,0.8111600789133893,0.01756089947350831
171,0.16582943704645983,0.17413323401740652,0.000674051697796395,0.6464701668175468,0.012893110420790596
172,0.19229271176638055,0.43082845571429235,0.0006646060770355843,0.36807933689770034,0.00813488954459117
173,0.18607211686227365,0.5824098664499628,0.0009338746722954837,0.22389262296171328,0.006691519053754768
174,0.14756162348389792,0.40448617245629276,0.0018219959257460585,0.4107534798315271,0.035376728302536214
175,0.27371914672326697,0.3269441145613429,0.000738641731964629,0.3319689378017786,0.06662915918164682
176,0.09110448813859644,0.8256324744333358,0.0004799522309791775,0.07160070091067197,0.011182384286416817
177,0.1143894100268258,0.8073032109984167,0.0006772325797544184,0.07294107174660623,0.004689074648396538
178,0.10028040810560836,0.8388659317763081,0.0008987026196050646,0.056150818295568526,0.003804139202909806
179,0.07760656451982295,0.8466206170156281,0.0017888970803706069,0.06990449382062648,0.004079427563551897
180,0.01370149307482153,0.9591051595334844,0.007229547057860758,0.015011425860851524,0.0049523744729818246
181,0.012333574520045751,0.9660383425550171,0.004563866800490429,0.01604969709111946,0.0010145190333272001
182,0.05090234182487681,0.848166962367562,0.00228799157344212,0.09688660042721954,0.0017561038068995844
183,0.2420079924780449,0.36937649457811317,0.0005831167011165113,0.09051265153799426,0.29751974470473114
184,0.22827468720026703,0.7381788765346222,0.0011978695750113457,0.028121225463965567,0.004227341226133848
185,0.23930986762643294,0.7459038631204344,0.0010050467275904199,0.010215296294913337,0.0035659262306287367
186,0.2784875893728918,0.7104634183019312,0.0006433363460309269,0.00693401288791196,0.0034716430912339474
187,0.07160722070616542,0.9108336818604118,0.003034040709326943,0.012453341656148566,0.002071715067947172
188,0.03229015283606854,0.9515260755329606,0.00777295939291522,0.006879250707915244,0.0015315615301402653
189,0.013524348642699007,0.9732258505349662,0.0070943445301029475,0.004878733317509764,0.0012767229747217884
190,0.02236568887240879,0.9599291353118387,0.007731079924200277,0.008042473510514684,0.0019316223810376502
191,0.0476049662542453,0.9137489825849651,0.012308327296043694,0.02285890438139471,0.0034788194833511913
192,0.022050544891624443,0.9411698078481002,0.01556320435576334,0.019078592938259104,0.0021378499662530076
193,0.029637873750856907,0.8854008767361656,0.02211830636069285,0.06025553332792735,0.0025874098243574895
194,0.13544592277689585,0.7712807265467554,0.015862743950016404,0.0045255578438966,0.07288504888243579
195,0.2706945286322196,0.7015360726420952,0.008194283007824639,0.011403709689477673,0.008171406028382915
196,0.18405820701819894,0.7973757997363426,0.00514754838047351,0.005036982948351284,0.008381461916633503
197,0.19025616812143253,0.7961770477586819,0.0070884443877155005,0.0035709750033632083,0.002907364728806939
198,0.06607921272269644,0.9161659460950292,0.009447979329718801,0.003556909823424644,0.004749952029130949
199,0.033327291495594456,0.9533293869203002,0.009297683135249852,0.002123874165890409,0.001921764282965056
200,0.05535697295354672,0.9372256271540573,0.003877052732891855,0.0017614011065633965,0.0017789460529409142
201,0.03235836218581778,0.9536237762626572,0.009365718345645188,0.0018451788942936908,0.0028069643115862654
202,0.019160158126625512,0.9479365925045016,0.02069111417507901,0.008381614237670173,0.0038305209561236204
203,0.008913747099342171,0.927562381940954,0.05481884808258803,0.006666312988328698,0.0020387098887873116
204,0.01879415181066182,0.9449417269504109,0.02705979709419528,0.007717955061240715,0.0014863690834910333
205,0.01379273426291527,0.9258728544514343,0.04584734707422166,0.011584787178673934,0.002902277032754865
206,0.009709056080207694,0.9240032922406842,0.05586584902153352,0.007557973318593671,0.0028638293389808716
207,0.018518827804066808,0.834325242657464,0.1369279297256317,0.00573641881661708,0.004491580996220393
208,0.010080967300792575,0.8525163928629685,0.1303450471404885,0.0040041285736180385,0.0030534641221322263
209,0.07857485016867526,0.8382469932932349,0.0351804772390165,0.008342290918608854,0.03965538838046451
210,0.38219987752970225,0.5804362439458588,0.002281463865633005,0.007450916967991568,0.027631497690814428
211,0.11463690361143115,0.8578422732177831,0.02330467041857514,0.001236155250688241,0.0029799975015225907
212,0.33885005435584736,0.64239497897566,0.013652419729151802,0.002101006743772408,0.0030015401955684187
213,0.058743037618031645,0.8923469465084507,0.04336082372321002,0.0020387305349154022,0.003510461615392119
214,0.07323896739127467,0.9052030737938558,0.010237209691138133,0.00792060687637463,0.0034001422473566084
215,0.027844050651095607,0.9430337229749227,0.022370861948793626,0.004916971783081113,0.0018343926421071697
216,0.00911848832290691,0.9187796242062368,0.06674361876551223,0.004265340375081004,0.0010929283302629736
217,0.013843907555416814,0.9350632664066278,0.044423305297260005,0.00313926186126815,0.0035302588794272924
218,0.011620129560202083,0.9059078345275864,0.07719564433689476,0.003468144706970912,0.001808246868345684
219,0.010179033779742228,0.8916537737000372,0.09058419754690651,0.0056070417186612695,0.0019759532546527975
220,0.008572792090802353,0.9027657911631843,0.08221059033137061,0.004623376870311095,0.0018274495443314593
221,0.013315348460556741,0.9153699196800772,0.06038145001240436,0.00921689639826365,0.0017163854486979728
222,0.03145070939754879,0.900361551355063,0.052927462101422615,0.011202501897041112,0.0040577752489246175
223,0.008226024488055076,0.7587756118300908,0.22727937489986452,0.0032688550660121946,0.002450133715977415
224,0.00801047639892944,0.6261088879675369,0.36070685027214694,0.002826067887926811,0.002347717473459739
225,0.009166359856271077,0.7426002730799682,0.2347863818947709,0.00987642666968581,0.0035705584993040674
226,0.06909200589066321,0.733874510315314,0.09848363485255666,0.033287130855105845,0.06526271808636035
227,0.022247717878194486,0.8034520433826084,0.1415572080573648,0.026892714729763876,0.005850315952068328
228,0.02395203816664963,0.8738952259914744,0.08732593463581681,0.011026907620701347,0.0037998935853580276
229,0.09357352505586028,0.8261245339476745,0.06140799182056249,0.01512825303479531,0.0037656961411073565
230,0.051575758963890744,0.9084964238755722,0.02614386798535707,0.011382309051321746,0.00240164012385835
231,0.016301537198486964,0.9332435223909091,0.04389810831725041,0.004684158398687227,0.0018726736946663113
232,0.06716296259381466,0.9024277485008589,0.021744144927746772,0.005954697436896902,0.002710446540682597
233,0.03626136236561104,0.92190873060958,0.03705385637059214,0.003377672875955174,0.001398377778261818
234,0.019941091706656346,0.8905219449096202,0.08655756336930258,0.0018144562710292616,0.0011649437433917302
235,0.023604032127828755,0.9309246851792798,0.04174206732187806,0.0021397479502294338,0.0015894674207837904
236,0.010025682871358313,0.9130953820491929,0.07243720943443797,0.002264215483356434,0.0021775101616544838
237,0.022961887284769944,0.9186846590404342,0.049480286390391065,0.005481147297005456,0.0033920199873993173
238,0.015396163334599573,0.8301718585390013,0.14777361452872367,0.004573988482290498,0.002084375115384948
239,0.024967981787803732,0.9057625101562872,0.060666528490104406,0.006251732432597598,0.002351247133207144
240,0.009964055178164535,0.8650829011936442,0.11946375675242309,0.0033457122989886227,0.00214357457677948
241,0.008953062840498833,0.8691866198489979,0.10763710256603476,0.012264040183983192,0.0019591745604854516
242,0.03527430850116795,0.7979708444724275,0.08925378190313382,0.05925700457752721,0.01824406054574342
243,0.01944060317118401,0.8239316087106467,0.12145776505400714,0.029500620119441413,0.005669402944720771
244,0.09456382158872355,0.665019037250511,0.02412539779218451,0.20735999363895655,0.008931749729624225
245,0.18884580641983365,0.5477219962428254,0.0017512081009514236,0.15990542461881577,0.1017755646175739
246,0.21945908732130584,0.5520995179107357,0.009246683460595208,0.13763303280157219,0.08156167850579094
247,0.0853968416963697,0.7880908542571442,0.004556644117405686,0.10074614969681704,0.021209510232263352
248,0.11803822041999236,0.730385654104912,0.004716543378827267,0.0996597189828616,0.04719986311340683
249,0.030182949313473217,0.6551542758560894,0.014535037200373817,0.00836107416297337,0.2917666634670901
250,0.004372174817061184,0.0035743818938496616,7.88116718586797e-05,0.0021102441039977647,0.9898643875132327
251,0.02339751118092522,0.002415771086900471,3.471696482722765e-05,0.003016262238853674,0.9711357385284934
252,0.06202201611468899,0.0036527438612263007,7.64565868623238e-05,0.002208156015004214,0.9320406274222182
253,0.019366285647906285,0.0022867388599228508,0.0011077662127250967,0.001259140426790673,0.9759800688526551
254,0.02859866430132529,0.00439994374712919,0.0021602962889316437,0.0015284719547021587,0.9633126237079118
255,0.028016873974984438,0.005746414008191102,0.00014300675342696195,0.007004080678581855,0.9590896245848156
256,0.015490511443717802,0.0014552687781372545,2.812301501050942e-05,0.004944992693521538,0.9780811040696128
257,0.019340332775088925,0.013487657810679657,0.002374914635130511,0.013903606303738448,0.9508934884753625
258,0.02353415968904035,0.013187792637305127,0.010097371343827105,0.010280151540494107,0.9429005247893334
259,0.12647916628523095,0.06315094666068083,0.002558849043610699,0.02376706094519821,0.7840439770652794
260,0.41224663591136035,0.5313131904961749,0.001465046694234728,0.021617228001605458,0.033357898896624605
261,0.42026892069191096,0.5108227317549441,0.0025188354305219437,0.023955374389768858,0.042434137732854094
262,0.5600013018023606,0.36643389739364884,0.0020112951902328388,0.028275634976802123,0.04327787063695547
263,0.14849836307153924,0.8053604704129436,0.0030359489617464213,0.025186644553687257,0.017918573000083458
264,0.5022493050651584,0.43557673641982636,0.0013940614859066331,0.027125684552690592,0.03365421247641786
265,0.3241585756558405,0.513394492198305,0.006158848032384264,0.013356734897816466,0.14293134921565367
266,0.05444001044003968,0.033320838353082416,0.010230585142727382,0.00618168016347468,0.8958268859006758
267,0.022854735465248254,0.030347496276724586,0.0017764493450558813,0.00388987449082628,0.9411314444221449
268,0.03797327460552767,0.01974694771292894,0.0013702458877448173,0.007512283491212089,0.9333972483025865
269,0.1724930581403838,0.2784858840134696,0.009461740397007121,0.01082622747962092,0.5287330899695186
270,0.3509427923265218,0.33526321991742947,0.011063856652453609,0.04455930539646658,0.25817082570712846
271,0.1949939027972599,0.6954851604604841,0.02271832965996797,0.007542350101337361,0.07926025698095086
272,0.3449524781342978,0.32989834361377046,0.036229496739780286,0.0072325494284585425,0.2816871320836929
273,0.4753009610558212,0.47757475832483126,0.012297480978961276,0.008546636722247246,0.026280162918139078
274,0.08371577325442328,0.851504451941695,0.04960320112441123,0.00181909041017999,0.013357483269290467
275,0.4619662280994374,0.48317795399826735,0.027478053365323673,0.009397910100613607,0.017979854436357957
276,0.1026908137470073,0.8358926468205417,0.04274806938812085,0.010135351092296241,0.00853311895203379
277,0.03841125091708355,0.881255436806545,0.07255606250973186,0.0037441259869007096,0.004033123779738927
278,0.05299959163607721,0.892865899127922,0.04306792429652803,0.006241313795436884,0.00482527114403594
279,0.15125894600500298,0.5917643706964679,0.13386049865936261,0.00171204040584846,0.121404144233318
280,0.05194698186412187,0.8359665186180655,0.10139483181101389,0.005333549116184303,0.0053581185906143285
281,0.028728495251389607,0.8389485148792947,0.12500216503686942,0.0031315497366096573,0.0041892750958366295
282,0.018929838761394854,0.8164196069473184,0.1552745861038879,0.0018364316801311993,0.007539536507267801
283,0.0029395593897429844,0.6979568006267249,0.29615801278313203,0.0009406158721734829,0.002005011328226523
284,0.006707326793656745,0.6553428003378652,0.33195486737983804,0.003426139221469786,0.002568866267170269
285,0.004093965863720316,0.8227017540207189,0.16837434838356072,0.0025572744987961762,0.0022726572332040728
286,0.0038714432608247715,0.613425329247384,0.37748593512102535,0.0022803913911895635,0.0029369009795762752
287,0.0014770662521050857,0.7070644081702296,0.2889077127821335,0.000987874138392987,0.001562938657138841
288,0.002524401361505003,0.7096693450966389,0.28454827665430854,0.0011978105589481845,0.0020601663285994437
289,0.0018296463414891689,0.6170010204079316,0.37819693968462376,0.0006215283657447475,0.0023508652002107895
290,0.001167337779512547,0.44453851921794935,0.5528795408207958,0.0002937480503645355,0.0011208541313777617
291,0.0011744610315407836,0.24628796688553087,0.749876792697568,0.0010537675157685136,0.0016070118695916905
292,0.0014481850313548886,0.22991223916924922,0.7657048294747569,0.0010095633909901335,0.0019251829336486381
293,0.0022860950303644494,0.5778767321091086,0.41679950411239947,0.001180231000481963,0.0018574377476454943
294,0.0016370308614218666,0.3682545502542379,0.6273342519775871,0.0006115864913860447,0.00216258041536705
295,0.005661580642283913,0.6475367448516636,0.3355442299443834,0.005760403390212525,0.005497041171456742
296,0.0031959916546361274,0.6967552599383252,0.29447641959227616,0.0021938514998131476,0.003378477314949284
297,0.0036478305865136483,0.717892009919187,0.2711292213511636,0.0034464961171158494,0.0038844420260197884
298,0.008959110037651513,0.7574363598149486,0.21819594935471362,0.0071533795514327776,0.008255201241253375
299,0.006996169065940105,0.661149418274028,0.31645296764713327,0.008014042791447462,0.007387402221451199
300,0.010097889861395828,0.42356530056483027,0.5408167471058484,0.009330929030124611,0.016189133437800856
301,0.02805706004641221,0.0471545481138538,0.09694519818150804,0.009828417678973163,0.8180147759792529
302,0.21635759569821225,0.27193539571698083,0.007819525480649356,0.0866854988364069,0.4172019842677507
303,0.3254816125622104,0.27138322301142526,0.00850956747134205,0.06960325048786181,0.3250223464671605
304,0.07504634238824338,0.09354186228079868,0.0015071539852292665,0.008240062196785783,0.8216645791489429
305,0.09845908719797937,0.1075529473302749,0.0027722796382106275,0.013252291729321079,0.7779633941042141
306,0.05358509187942714,0.041789158298190264,0.0029701756392152318,0.008919917415465283,0.8927356567677021
307,0.016366606019073787,0.0067939068212304,0.009107234845464848,0.0012716359817678275,0.966460616332463
308,0.4041531672044903,0.1285802988716938,0.0018569909980323334,0.07195204873696905,0.39345749418881454
309,0.298602837944972,0.2979756649845795,0.003320276988115133,0.04619188752476993,0.35390933255756346
310,0.4701771596678917,0.3548689978380786,0.004492920506175149,0.06659124571159696,0.10386967627625751
311,0.2397811820254039,0.7093379796645011,0.003336370963508734,0.02803892393464529,0.019505543411940943
312,0.3577385520159872,0.5842920842102277,0.001881624646923331,0.0437811606941457,0.012306578432716042
313,0.12726313043740722,0.8488747208774818,0.011075419138952602,0.0069513718740719195,0.0058353576720863555
314,0.11772084220619748,0.8625141829129882,0.011661627003405214,0.00492166906446382,0.003181678812945391
315,0.053336964807080896,0.9081287845776139,0.033848675485985025,0.0026536499295641406,0.0020319251997561886
316,0.017037227714311227,0.866774404939643,0.10728506566290863,0.006258850023341169,0.002644451659796045
317,0.01629132338640872,0.7862860119882725,0.18837149460569613,0.006969164680821043,0.002082005338801552
318,0.00845698925768028,0.8642882205652616,0.09050977501628049,0.0336782355418942,0.0030667796188835117
319,0.010706439860256274,0.6402692132467275,0.298792205820715,0.04798891604597483,0.0022432250263263944
320,0.006267736224761993,0.7280168804114244,0.1053287496575095,0.15651983913706077,0.0038667945692432946
321,0.049874054069116075,0.4695520747450193,0.010998079866199592,0.46507863283925366,0.004497158480411227
322,0.04377191753844179,0.05490260243554004,0.0004898718622784251,0.8986855712551257,0.0021500369086140045
323,0.029784431473616493,0.02761234326023052,0.0006424928969867529,0.9400166501574465,0.0019440822117196956
324,0.09656103893456519,0.03372521910376426,0.0009533323192773026,0.8653442309804633,0.0034161786619298024
325,0.047607169935272066,0.021511224275551917,0.00037259428673796667,0.9268518153216943,0.003657196180743892
326,0.022368898269932852,0.01535363003710811,0.0004185635733613951,0.9577127661943831,0.0041461419252145654
327,0.019199537372244432,0.010271332752287837,0.00026971213421476373,0.9561354064496353,0.014124011291617713
328,0.027291778464642723,0.011458733031142958,0.0008091995290651146,0.9412642467299669,0.01917604224518231
329,0.011570948844552153,0.004135818875360213,0.0003260131548420129,0.9803223387334203,0.003644880391825303
330,0.030498621047536603,0.0056627015078548745,0.0005357919477880365,0.9592731312906683,0.004029754206152157
331,0.05569826572755547,0.012196629252745787,0.0018305596659677762,0.9204918127690546,0.009782732584676355
332,0.026692766787562633,0.012596024302155825,0.0005449090570606006,0.9535519980626322,0.006614301790588585
333,0.03140893116012084,0.006016062482082568,0.0003009565129823722,0.9555645243503946,0.006709525494419626
334,0.08921625611704122,0.013681146996874578,0.0008169971594488786,0.8824111860371496,0.013874413689485663
335,0.3009385360073647,0.06957771522974826,0.0074413139122240885,0.578690928371751,0.04335150647891197
336,0.48160354230212765,0.08250475128181278,0.0006744400529176741,0.38556415287866846,0.04965311348447351
337,0.27114725412186835,0.06786805087913826,0.00026144560703906475,0.6348557516105671,0.02586749778138732
338,0.12260382824061773,0.06264529990669548,0.0007811296983248889,0.7874648689554349,0.026504873198927123
339,0.1386542395524529,0.06252166629083436,0.000586560906371131,0.7712017561560159,0.027035777094325704
340,0.012279196821677508,0.013060156695899765,0.001924822119233735,0.01591728680365088,0.956818537559538
341,0.6192469160923393,0.027727321760177653,0.0007111838116770779,0.10084546327096883,0.2514691150648371
342,0.6152409214761391,0.023569335442877478,0.0003372258854954168,0.1550885038838724,0.20576401331161565
343,0.7816013348597861,0.042754215124973224,0.000487958515242909,0.11068422243645011,0.06447226906354747
344,0.4886029875571344,0.034863014814071426,0.0001250398680258243,0.42281597919478053,0.05359297856598785
345,0.5727160038213472,0.01994401788516475,9.569636596268973e-05,0.2579179876121702,0.1493262943153551
346,0.2588385010344919,0.03325203533153665,4.765112335170426e-05,0.6283522604602666,0.07950955205035323
347,0.2553950218982261,0.03151412804600481,8.53063132935848e-05,0.693348325786424,0.019657217956051513
348,0.22123412490714264,0.016660805243965866,4.2044614620730246e-05,0.7289663339913784,0.0330966912428923
349,0.2643809310451035,0.022095888431111835,0.00011356197357830584,0.616029473561308,0.09738014498889827
350,0.15503761217966217,0.01610819189723668,7.909783438383731e-05,0.8048090017990459,0.02396609628967133
351,0.1664436243715722,0.012810058508906264,0.00011030406484351419,0.7938016403539438,0.02683437270073417
352,0.2416526535967874,0.024141481408084402,0.00018912035805686685,0.6552679907694204,0.07874875386765087
353,0.02353875585195614,0.025281451711053924,0.0024876901794552535,0.13198667699633634,0.8167054252611983
354,0.009919139535469242,0.008689263575625333,0.0004901092263365256,0.013702613865905853,0.967198873796663
355,0.3909499717417145,0.02505422668465164,0.0004239151871532261,0.015193044339051796,0.5683788420474288
356,0.6157466451240258,0.12510424137686385,0.001877134396350657,0.0684085183353637,0.18886346076739585
357,0.43155589927346893,0.033180294935050855,0.0008479997258176117,0.08926167269410125,0.4451541333715615
358,0.43738312038348676,0.038858376855044674,9.579511133449741e-05,0.23352687006195413,0.2901358375881799
359,0.3356053225169209,0.13885930159144055,0.0012064144841199215,0.4856794506199419,0.03864951078757673
360,0.4180169235305854,0.03941286876582541,0.0007410278830108262,0.5168190056184272,0.025010174202151198
361,0.06422139738482655,0.4439562482993566,0.0024989714679477075,0.4710513258428335,0.018272057005035636
362,0.08668995396052882,0.1592514145184396,0.0003577907639650983,0.7400345229719557,0.013666317785110833
363,0.1442448236209527,0.21101683342921113,0.000677515930583926,0.6134762048221344,0.030584622197117873
364,0.10840027734806257,0.7847879569104379,0.0007084778314936354,0.0889786167114357,0.01712467119857032
365,0.16058046663038777,0.12620849166347423,0.001226283894489501,0.5011376873846894,0.21084707042695916
366,0.36445116289811436,0.1381774455132594,0.0005321193768781383,0.46776054953244656,0.029078722679301627
367,0.24933303171886378,0.17136516820520425,0.00040698953690209387,0.5658355848902352,0.013059225648794682
368,0.2648935786814237,0.29407496720880133,0.000533786899322657,0.4294293667781079,0.01106830043234439
369,0.24016420158071944,0.31640185770180085,0.00027280552500526966,0.4323928444020706,0.010768290790403815
370,0.26037732292453036,0.32603893611595464,0.00031016473322316153,0.4004461330315979,0.012827443194693838
371,0.11930104233969999,0.7354917183157286,0.0019435060082675145,0.09883164479424138,0.0444320885420625
372,0.30733860386036277,0.44333843640508785,0.0007059054268396142,0.23458660769451561,0.014030446613194114
373,0.10414908874827346,0.8210194070815295,0.0015440299650690274,0.06322186691843168,0.010065607286696369
374,0.3038022647828874,0.1195832113822008,0.00024756386896762725,0.13245847800359198,0.4439084819623522
375,0.01010889399837865,0.0009589033159026573,0.00018357711328950257,0.001846594938330611,0.9869020306340985
376,0.853610110978578,0.05074847825407734,0.00015305430867649128,0.008997880435048787,0.08649047602361945
