epoch,N1,N2,N3,R,W
0,0.003050784585404465,0.00024155203650218733,2.8563072549926285e-06,4.561878136963942e-05,0.9966591882894688
1,0.003621863032397749,0.00026973750876914046,4.0271237372461046e-06,7.284896212205739e-05,0.9960315233729738
2,0.010960077486740133,0.00044064761755754423,5.470041401591147e-06,0.00012860340282020707,0.9884652014514806
3,0.019844992148836248,0.0007367571201277438,5.1941763761019845e-06,0.00016910241330675844,0.9792439541413531
4,0.05912372919283719,0.0006743103892215925,8.522141350111494e-06,0.0003046494717049716,0.9398887888048861
5,0.4690040293458161,0.003402230987402553,1.9622095890763438e-05,0.0007791448847258201,0.5267949726861647
6,0.541000476066196,0.004860900611909246,5.3817045287364214e-05,0.0023770892655153994,0.451707717011092
7,0.7529621941958761,0.1087312793867508,0.00032997438160798026,0.00987297284048074,0.1281035791952843
8,0.4502503092730866,0.18496094747828362,0.00045331260290774807,0.03848782115254265,0.32584760949317926
9,0.4296187885757735,0.3249689994209618,0.0009434070643708185,0.034444129805367554,0.2100246751335263
10,0.4779399453652406,0.41878368757348594,0.0013532733799603643,0.025967984247316986,0.07595510943399614
11,0.32151772210945456,0.6048678390380371,0.0028607356300006026,0.0029435439692572373,0.0678101592532505
12,0.4981126765541846,0.3601433972564097,0.0012718468388899235,0.007020495149365848,0.1334515842011498
13,0.1950488880094883,0.7587727756557039,0.009167455661338428,0.0031318237469311074,0.03387905692653808
14,0.070073661750089,0.8939958345160361,0.011758583164456665,0.0010605138229002518,0.02311140674651778
15,0.5033541578159171,0.3483847608105567,0.0007777162318382214,0.008771891679241797,0.13871147346244617
16,0.35581662401548825,0.6055121219250164,0.002233668156015856,0.0031150830458479594,0.0333225028576316
17,0.32276941210084065,0.6482867710603717,0.004103118903052818,0.002847405246699475,0.021993292689035396
18,0.3023486463087915,0.6768620445083469,0.0029873021190643407,0.0025461510345872337,0.015255856029210174
19,0.28289675710400547,0.6911522604215458,0.002849556276799793,0.00234323814763001,0.020758188050018767
20,0.36266954354240216,0.6030139087094666,0.0019459283733869249,0.0022660082910549275,0.030104611083689427
21,0.06261971950708374,0.9199380085452002,0.007397653811511318,0.0010991900564922494,0.008945428079712455
22,0.27517804118375766,0.7033856883623958,0.004929738891586594,0.0033323494346888458,0.013174182127571182
23,0.24287887028895724,0.7352958070580033,0.004578271794934955,0.002329245550731495,0.01491780530737293
24,0.17784831166128137,0.7994034278979426,0.005588946366894277,0.00396330457510987,0.013196009498771909
25,0.1861771499864021,0.7934177353666867,0.0061766146343562225,0.003032390936138813,0.011196109076416176
26,0.10266698711805973,0.8827329923008428,0.0038751310352677084,0.0011988833211498322,0.009526006224679973
27,0.05765875819963734,0.9136482696480894,0.020794426044638357,0.001439284887682073,0.006459261219952853
28,0.09957749006747475,0.8721001182114679,0.01665000896464265,0.00168535975815049,0.009987022998264367
29,0.07274697442714263,0.8936223558903985,0.025377984509480027,0.0015029949307520036,0.006749690242226851
30,0.03808705473835736,0.9185602050557695,0.034041084048896796,0.001603469816424684,0.0077081863405517705
31,0.028163339500890283,0.9295190532844385,0.03135184806103296,0.0022328574610288054,0.008732901692609533
32,0.22669946196532542,0.7222054925231942,0.019024044471876896,0.004567106288344901,0.027503894751258688
33,0.008771791897086729,0.8861226782646934,0.09764141607229318,0.001420384480452421,0.00604372928547423
34,0.03875562789643558,0.8501714249301393,0.09721759099772116,0.003139279269355486,0.010716076906348503
35,0.030588869721527717,0.8641736814016183,0.0906453704493134,0.0034360639863653983,0.011156014441175392
36,0.0234805952966434,0.8948630460000521,0.06387308951944208,0.00879500760011791,0.008988261583744533
37,0.35411350084422577,0.4139387709882112,0.002913500410252783,0.02040222213921988,0.20863200561809042
38,0.4461084422437808,0.5004203729324949,0.006427680702677636,0.020149226559189545,0.026894277561857114
39,0.3766735790540633,0.5836245408567332,0.0017511036038241209,0.011368054275144299,0.026582722210235086
40,0.07836826047155349,0.8974925744683702,0.012934458869498521,0.004860300397531471,0.006344405793046455
41,0.46902853345711476,0.44757915813113003,0.0008990744105869285,0.06640606806055899,0.01608716594060941
42,0.08555231195228069,0.8630730038586758,0.005126598530829734,0.02424261621431523,0.022005469443898622
43,0.5366280946395646,0.29707165784243056,0.000528513266509175,0.07800086412786171,0.08777087012363395
44,0.1199901853536773,0.8422052151162355,0.001943756263638845,0.014340941560651738,0.02151990170579677
45,0.5996303510299116,0.32879953954866076,0.0007885753984376569,0.021665056050952983,0.049116477972037144
46,0.09524832165803315,0.8770048596142781,0.00036331333335360886,0.002330414771468001,0.025053090622867244
47,0.7343316476280014,0.1399721336500923,0.00027601331963433585,0.017000908278211473,0.10841929712406065
48,0.28328858172236615,0.6957097779676223,0.0010360937123837864,0.0029436461226975295,0.017021900474930327
49,0.1406955252207842,0.8116939609808239,0.001416170291657463,0.0033843170825103718,0.042810026424223956
50,0.2583262530506519,0.7170817256547565,0.0020322333106425855,0.009762190140684737,0.012797597843264064
51,0.24517706143042242,0.5886497470686122,0.0005286874563144244,0.016885053111137523,0.14875945093351345
52,0.31118649039866164,0.6113433687248668,0.0019173131314516472,0.015529570101187672,0.06002325764383201
53,0.3856626430764478,0.5288282330698627,0.0006670148755388333,0.029922862944706516,0.054919246033444225
54,0.19159507554521946,0.7850556723005843,0.0012418171839295865,0.008354106076835932,0.013753328893430734
55,0.6516661990857889,0.22812521959749593,0.0005232869825481164,0.019783623197265628,0.09990167113690153
56,0.17226933157706625,0.7849938036663344,0.001466586076295433,0.0042467179734326805,0.03702356070687129
57,0.3087094201005784,0.6353278284370172,0.00265395026393275,0.020687653113448976,0.03262114808502279
58,0.2966552432828403,0.6645664424367883,0.005011881419352428,0.012387219497546342,0.021379213363472566
59,0.2851178541343166,0.6666521329099752,0.0034142483941563945,0.014473344025365088,0.0303424205361869
60,0.12925503288077822,0.8400092404046624,0.0034249964401364685,0.007440316687403341,0.019870413587019548
61,0.12954635849750507,0.8158068457548776,0.012140484703636819,0.010053393027612316,0.03245291801636804
62,0.19857386545101197,0.5422659242034373,0.0005948752401368994,0.008273294333274015,0.2502920407721396
63,0.3203197447060066,0.5599942714197145,0.0034226855531427937,0.005803887905916403,0.11045941041521962
64,0.347502884351267,0.6061593395751625,0.00413387577969768,0.006633972866757109,0.03556992742711551
65,0.5728912277183196,0.1871773881206259,0.0008491746497644008,0.0031768177939331494,0.23590539171735708
66,0.5209207644530642,0.32767650477941673,0.000568587750768435,0.014875072641048497,0.1359590703757021
67,0.3994429578280256,0.4204881733505164,0.0006861444784036065,0.011308872288880521,0.16807385205417377
68,0.2217685550932886,0.63448593687127,0.0028185996449121118,0.0061678961565190165,0.1347590122340103
69,0.1679089851040152,0.7238899791571614,0.007545526162452981,0.014113955597090475,0.08654155397927993
70,0.21487269400552209,0.24471102915146428,0.005864409268436487,0.001478555264525891,0.5330733123100512
71,0.4024998945408825,0.08963715927400565,0.0001221550468165214,0.008978292142394238,0.4987624989959012
72,0.4294923738637632,0.3979460635236586,0.0002734063660758096,0.0073071938609908195,0.16498096238551152
73,0.4701441676683563,0.3891728073584515,0.0009662298006452455,0.003533220902747897,0.136183574269799
74,0.4334188425024584,0.5310445263257778,0.001768022803052934,0.0025798175437592038,0.0311887908249517
75,0.3458206359325717,0.6129514884800332,0.003030840963865009,0.005888218595311057,0.03230881602821906
76,0.2154046308801391,0.7475978300843095,0.009467761044240235,0.004138466424252612,0.02339131156705857
77,0.313062183316353,0.6553465536301376,0.008983088950555674,0.006835748101723021,0.01577242600123075
78,0.12047188422512903,0.8362502050920612,0.02338305001750457,0.006723064965143323,0.013171795700161887
79,0.3559893053243551,0.5977916598265836,0.0055514773128987945,0.011125454042851512,0.02954210349331105
80,0.13372841405201497,0.8496809460150679,0.007482065570159466,0.002984973173944667,0.006123601188813111
81,0.299794147024939,0.6777304578796657,0.006574651729701448,0.005529876682503093,0.01037086668319086
82,0.10776377533446925,0.8670857079985709,0.016724586287869093,0.0015799310533801249,0.006845999325710633
83,0.08538466987321763,0.8873443003200617,0.019540930197899545,0.0014079128246874736,0.00632218678413361
84,0.07915071180333905,0.8920654720959009,0.021910548661964884,0.0015757193244814386,0.005297548114313797
85,0.055270727733258876,0.8954894358658898,0.03889954542232151,0.0032948729449098577,0.007045418033619946
86,0.14781937067791004,0.8112736877165461,0.015316963532404686,0.00778961337581652,0.017800364697322647
87,0.16198197432201894,0.8036274613792495,0.020761730800824586,0.005884210124988202,0.007744623372918656
88,0.13643022564240798,0.8164150283247031,0.025444183296846522,0.008766896769570586,0.012943665966471948
89,0.039111848305797066,0.8975100042212197,0.04795380412555803,0.007760786055073519,0.007663557292351564
90,0.18978144378152897,0.7562107114916606,0.02295010215828645,0.01872024731556685,0.01233749525295701
91,0.10490292570718387,0.8549532719413319,0.015309212986929107,0.01943683713158066,0.005397752232974491
92,0.4045732000635424,0.5169169725123304,0.0016141227205782095,0.04627305285769107,0.03062265184585785
93,0.5296005339913107,0.3866191931937516,0.00100465558042011,0.05075860620827283,0.032017011026244734
94,0.15026229202493047,0.8175623616917044,0.008065288262920987,0.015546003183742323,0.008564054836701779
95,0.5682751342884557,0.27384379801750436,0.0009739562139772102,0.10219688772732256,0.05471022375274033
96,0.12679640112337412,0.7136750866781668,0.0025800321337873778,0.04656908224002548,0.11037939782464626
97,0.14377212651310842,0.7358582566818402,0.0037263311404750784,0.06587222563151275,0.05077106003306346
98,0.1390050251548869,0.6823291789734887,0.003459383607829625,0.0657245998085669,0.10948181245522787
99,0.14943741891251486,0.6653271825030423,0.0058606168341883424,0.06552120375363486,0.11385357799661948
100,0.044519355839072544,0.01863722275063194,0.00011876575083039939,0.015272988154137034,0.921451667505328
101,0.009358620853533794,0.00646206415796469,4.322139465969324e-05,0.0038838706579038024,0.9802522229359382
102,0.007598768982211465,0.001397981187737706,5.390031783369893e-06,0.0016786365264962627,0.9893192232717712
103,0.00290658107464392,0.00013839776117566008,3.8361504689521993e-07,0.0002418509864651275,0.9967127865626685
104,0.000581693628037056,4.408539532537519e-05,1.041961481028989e-05,6.225261877597367e-05,0.9993015487430513
105,0.0011637873886206544,4.514477825840909e-05,1.363310038116015e-07,0.00011389749108147644,0.9986770340110357
106,0.0021716917254229503,4.205068566672802e-05,5.473008457850955e-07,0.00010144302678557736,0.9976842672612789
107,0.10290913695010089,0.000617926203922935,4.080267420908626e-06,0.0002875926160788069,0.8961812639624765
108,0.14001387653631295,0.0038700618178539358,3.406175140043268e-05,0.0006553150314284429,0.8554266848630042
109,0.6906359845526258,0.036945301013093006,8.705198756613011e-05,0.001355653472234945,0.2709760089744802
110,0.39694665703294985,0.06468342843888261,0.0002880906018618109,0.011216472589448882,0.5268653513368569
111,0.1803176099855083,0.06537863005818753,0.00025988335841765307,0.008152872201529052,0.7458910043963575
112,0.33389027097911506,0.1461992937472497,0.0009327220787499078,0.12590779383035305,0.3930699193645322
113,0.3781381180159478,0.20989245440111465,0.0008665343858180186,0.15429067509499075,0.2568122181021288
114,0.2528833073258121,0.15746130348153176,0.0006818674998060227,0.20048870044618938,0.38848482124666067
115,0.15823188274847375,0.718296234092359,0.003741001050808897,0.06744082029835134,0.05229006181000709
116,0.1834805084939741,0.19065961328776107,0.0020592019588709285,0.5886345898652335,0.03516608639416031
117,0.08167555941038211,0.05087454466914745,0.0005902814368919744,0.8301142683518761,0.03674534613170255
118,0.029853520399550637,0.033204883249460214,0.00016967492961658898,0.9174364768716962,0.019335444549676433
119,0.02349294374794547,0.011446851890744313,6.916254818599033e-05,0.9244235587755713,0.04056748303755295
120,0.03120529447348869,0.009084292939798134,6.210634685132662e-05,0.9207614845993457,0.03888682164051625
121,0.03631628400913593,0.007436139263502001,0.00011429003881760113,0.920526318465096,0.035606968223448436
122,0.030417618800366097,0.00366409778975821,6.560117059790693e-05,0.9304557156654901,0.03539696657378763
123,0.02325592060556503,0.004421825258000356,6.208393402899826e-05,0.9301037709091735,0.042156399293232096
124,0.03931390671139592,0.006592096587776294,6.862024318398775e-05,0.7821949397032502,0.1718304367543937
125,0.030490779090574054,0.012056496668785109,0.00013374698087299336,0.3401621087180194,0.6171568685417484
126,0.07614889026323823,0.015734399642669348,0.00042346281006461667,0.08354305812792436,0.8241501891561035
127,0.047438772564447784,0.01033120729057043,0.00017229145834363755,0.0780042288957136,0.8640534997909246
128,0.0026465319444280034,0.00048493967924419245,8.916673536080538e-07,0.00235536993883203,0.9945122667701422
129,0.0017202461515698423,0.0003416969636309064,4.10979459405136e-06,0.0007992026214379282,0.9971347444687672
130,0.0016056646818389476,0.0013848081117388243,0.00012426448067272278,0.000297631433408312,0.9965876312923412
131,0.0019781315479430244,0.000656243313314068,8.745372855679428e-06,0.00021887492526317148,0.997138004840624
132,0.006140540541503718,0.00024241164731722155,2.2566632322860015e-06,0.0003588310869585277,0.9932559600609883
133,0.004068293672470238,0.0003749806293584719,2.545783060867044e-06,0.0003872981586624564,0.995166881756448
134,0.020956119347401683,0.000725646007964997,8.597221411536879e-06,0.0006188080196799268,0.9776908294035419
135,0.30092126150416143,0.003576512586587083,5.1282271867624775e-05,0.002002927807780728,0.6934480158296031
136,0.36191956932917485,0.00495152424502029,4.803530230825629e-05,0.005443160525076758,0.6276377105984199
137,0.36595136301269854,0.003612299327555229,1.8697705474561894e-05,0.01584749310507341,0.6145701468491983
138,0.6986390184156179,0.08845655664435126,0.00039106260894714284,0.12857202573201726,0.08394133659906633
139,0.6557895235827568,0.09121217454284049,0.001310941445155683,0.22274103484692837,0.028946325582318633
140,0.29118634866256654,0.2667718435923371,0.0010255431024469297,0.42252619004991976,0.01849007459272973
141,0.24966638815152936,0.1935164284753261,0.0003593391635922266,0.5287413071365443,0.027716537073008033
142,0.11576826879430765,0.5209695839565021,0.0010125807406265565,0.35369285795986494,0.008556708548698985
143,0.22297307063440175,0.4245270202160262,0.001051190389360968,0.32901748589776036,0.022431232862450565
144,0.11276632339262997,0.6361735546937491,0.0017398328123558945,0.23984324087756886,0.009477048223696216
145,0.09144954027065445,0.6377267729931595,0.001495059687194292,0.26473458326183735,0.004594043787154303
146,0.1672440166219299,0.07642110461111673,0.00016887245288645867,0.6417861001943242,0.11437990611974265
147,0.2637176053778296,0.07219555944940671,0.00018395577150478825,0.5447256053051583,0.11917727409610056
148,0.718521947282651,0.05509457359548404,0.00012389067002908078,0.20322638822908748,0.02303320022274848
149,0.8375319459675392,0.06634449007543032,9.240528435408626e-05,0.04468745031504067,0.0513437083576358
150,0.8315437510771972,0.08604907860106038,0.0005298999900037682,0.06927005648225218,0.012607213849486423
151,0.05284218008904753,0.9042260816210259,0.0020571401787568082,0.036436286991324604,0.004438311119845171
152,0.2160867009516393,0.6131348764980211,0.0023153015508614533,0.15095279126698805,0.01751032973249011
153,0.17072348975190424,0.7318627396971693,0.002889963756509503,0.08157215513735806,0.01295165165705872
154,0.17056984271551265,0.7614840618641138,0.0014408814014250564,0.05667100729527422,0.009834206723674268
155,0.20491476557210248,0.7634342365829249,0.002241059092656303,0.021975285443000574,0.007434653309315836
156,0.6721464654238702,0.2561246800661158,0.0004609841612569322,0.058051441877178415,0.013216428471578695
157,0.05663261604393474,0.9239174165352073,0.010443070967985963,0.005889190869740422,0.0031177055831315753
158,0.40806016692885233,0.5564040367617683,0.0017425483626702526,0.026620007645350264,0.007173240301358901
159,0.4787439778731038,0.5014436133460122,0.0010864013659980735,0.008792522914777789,0.009933484500108123
160,0.03735696253959062,0.9537546507242718,0.004318407533219753,0.0021002906057320165,0.0024696885971857937
161,0.04477881368422061,0.9399794274170308,0.008496349126960378,0.004435628762922366,0.0023097810088661018
162,0.2184505843869956,0.7371227624419117,0.005372384432398432,0.007179197037898581,0.031875071700795614
163,0.15216598044371368,0.8193002830576019,0.011351924514832658,0.01227925762568315,0.0049025543581685
164,0.13270614944167944,0.8466764412066241,0.015284516884614715,0.002005502068536427,0.003327390398545411
165,0.08118312024702995,0.9069379992959951,0.007785357794960067,0.001741244471081884,0.0023522781909331536
166,0.031032201763248286,0.9229909666343222,0.04311291027292907,0.0011769611259490789,0.001686960203551527
167,0.03284648859379042,0.8972988549150923,0.0667926423752735,0.0012431791940626777,0.0018188349217809997
168,0.013192602985847181,0.8825149396263415,0.10137473419230582,0.0013739169244935145,0.00154380627101193
169,0.0017010135135234826,0.9007978349387765,0.09487119190701666,0.00042554212333884906,0.0022044175173443
170,0.04038178702612942,0.867339092957497,0.0870353847565684,0.002192655456884356,0.003051079802920707
171,0.042626298792784054,0.879006587235341,0.0735096627447999,0.0015674246869072119,0.0032900265401678477
172,0.02522004174887013,0.855701633346306,0.11565037415709235,0.0015270321083353563,0.0019009186393961779
173,0.003176522287334558,0.8439902881653921,0.15113644413259192,0.0005908746295813196,0.0011058707851001395
174,0.003160762327163514,0.8377948153274093,0.1563981840904253,0.0005682468650334833,0.0020779913899683323
175,0.006325476774143903,0.7359806405195318,0.2524897496051372,0.0029490993182162495,0.0022550337829710197
176,0.002567267477693914,0.6983883781405464,0.2939690847358809,0.002373093320549541,0.0027021763253292893
177,0.006007548252980475,0.6614739656252109,0.3283905885808676,0.002288194239529191,0.0018397033014119638
178,0.0018501616735546744,0.6241917075421477,0.37129559037773124,0.0007751506403689244,0.001887389766197528
179,0.005330321761078642,0.6421570385204997,0.34803410942882723,0.0010054300546379253,0.0034731002349564573
180,0.0005505518187239397,0.6231779317676265,0.3747229709237958,0.00011097363103281619,0.0014375718588208858
181,0.0006756441982701941,0.5972124774344801,0.4000422548294934,0.00019645206714268435,0.0018731714706138039
182,0.0005702769552138567,0.46653967725864565,0.5305004268824278,0.0002059916912307154,0.002183627212482038
183,0.00039500048792139313,0.41959757611315995,0.5782996891630295,0.00016642771219460114,0.0015413065236944896
184,0.0003299944325758105,0.3982986834648142,0.5996160172503452,0.00011380939798479502,0.0016414954542800701
185,0.0003948729490785539,0.3958213629290797,0.6006205285617302,0.0002208976329547151,0.002942337927156791
186,0.0007934911788294916,0.3568373265341811,0.6389082675314945,0.00046155180326195233,0.0029993629522330196
187,0.0007180676998385143,0.39552158669666126,0.6011166748582548,0.0003922880063307751,0.0022513827389146206
188,0.0006734226586371441,0.3654626380596673,0.6316544086485993,0.00022674583301180885,0.0019827848000844956
189,0.0004176872895764009,0.3816785389583981,0.61613482470733,0.0002769676560021501,0.001491981388693324
190,0.0009986539698083933,0.3559877550007461,0.64068532236736,0.00030586860859802554,0.0020224000534876103
191,0.000786843678690633,0.3615013899912358,0.6336894188766921,0.00048226896830310225,0.003540078485078374
192,0.0006877025767421635,0.3149990178087203,0.68178844697075,0.0002933232302815805,0.002231509413505886
193,0.0007266542660355131,0.3990689953766004,0.5967599736125764,0.000340899821083911,0.0031034769237038213
194,0.0004881489226844995,0.21448727156251704,0.7821951075767132,0.0003500872279969442,0.00247938471008828
195,0.0017081805864800025,0.2845286125618007,0.707365551138413,0.0007895128330949701,0.005608142880211377
196,0.0017167882998335526,0.3559496471058056,0.6354995159117011,0.0007923003528156161,0.00604174832984408
197,0.0009522550808283504,0.24634395557981517,0.7488845905096863,0.0004996566786957276,0.003319542150974659
198,0.008735110184384623,0.5351681703613491,0.4438581667273872,0.003685468198485114,0.008553084528394012
199,0.0016132398357231674,0.49134856261413723,0.5034002859309377,0.0007783106767263132,0.0028596009424756313
200,0.0012257287388382988,0.36392797909003155,0.6316318448721794,0.0007030778083960338,0.0025113694905546788
201,0.0009735982008616893,0.40314386702548155,0.5927233838802626,0.0006927033899381216,0.002466447503455996
202,0.001305936275957041,0.3540952763867513,0.6416422745254247,0.00028465330511266094,0.0026718595067542613
203,0.001456565648630397,0.2835304329016774,0.7094174421286448,0.000704166870233535,0.0048913924508137245
204,0.001599718116422379,0.4508156113154184,0.5438901045665508,0.00046344641762215285,0.0032311195839861977
205,0.001340937125060238,0.3899361841093859,0.6056756871926026,0.000598959030061009,0.0024482325428904113
206,0.0015962296446451617,0.28531041040596217,0.70946207039672,0.0003763063438956073,0.003254983208776901
207,0.0007530790176029797,0.3079513677397283,0.6878213043328003,0.0002882561655669234,0.0031859927443013774
208,0.0006405674940876385,0.31916120334613307,0.6762477857168668,0.0005496892170230803,0.0034007542258894037
209,0.0009744316491848889,0.3721894232293897,0.6226104340963795,0.0006995998391564257,0.0035261111858895713
210,0.00044568231031063036,0.24667339424741772,0.74656812452181,0.0005045503938411991,0.005808248526620347
211,0.0009339864881620115,0.34364412390218035,0.6514868578918864,0.0010384216875660858,0.0028966100302049557
212,0.0007847809248272946,0.436975082989394,0.5590062460795311,0.00035726823087573584,0.002876621775371823
213,0.0006369874210000333,0.3668478589428026,0.6301398121730855,0.0004369130222769151,0.001938428440834983
214,0.001325837315515514,0.4618004458649331,0.5330060886295812,0.0008094831048932613,0.003058145085077067
215,0.00039032970263393836,0.3746206015404546,0.6217902169724407,0.000247513205388252,0.002951338579082438
216,0.000752147750354707,0.32986948859453663,0.6660540609678656,0.00033915305416367715,0.002985149633079427
217,0.0019798282644216477,0.35979498176890595,0.6335219851733774,0.0008477746518071378,0.003855430141487947
218,0.0026291871508236056,0.47361165083442663,0.5187065729184873,0.0017085759861290135,0.003344013110133378
219,0.0007764303940746197,0.43962355061118563,0.5567120937298962,0.0004250661082453329,0.002462859156598176
220,0.0007291520249345947,0.45272385919630553,0.5444605133969491,0.0005511704216079854,0.0015353049602026899
221,0.001176115683569698,0.4262697124529686,0.5694877607566486,0.0005652973180584721,0.002501113788754634
222,0.0007131929767208582,0.4762198884122046,0.5207845784427381,0.00048803371351865163,0.0017943064548178096
223,0.001721121479436084,0.412621903056205,0.5823612374094838,0.00122117342064579,0.0020745646342294477
224,0.0018142294121497873,0.4127338286425573,0.5821352103039176,0.0004472740587697554,0.0028694575826054653
225,0.001019809565282783,0.3452677161387739,0.6508412139831644,0.000879371230022233,0.001991889082756648
226,0.0011665059246485925,0.3633104124449112,0.6316710248967702,0.0008131206041983723,0.0030389361294717353
227,0.0008025109467658673,0.29984274724616977,0.6965355587199561,0.00042577051993201466,0.002393412567176198
228,0.0012165314904266583,0.32241437348934054,0.6731087637830743,0.0005464901395577244,0.0027138410976007836
229,0.000993918478160948,0.29803356637499956,0.6979218837978918,0.0006626238334912883,0.0023880075154564294
230,0.000836920693769398,0.32807990579135043,0.6686921916478484,0.0007199275076925806,0.0016710543593390272
231,0.0007771971319942444,0.3670146246053955,0.6298319432895649,0.0007264050392501828,0.0016498299337952124
232,0.0006028746426640074,0.3031448015603254,0.6938964704402871,0.0003197618525084891,0.002036091504214831
233,0.0010373359352510553,0.3416648258054124,0.6538550981399519,0.0006503555413981506,0.00279238457798648
234,0.0011250422659534766,0.3812580887222224,0.6135956016961208,0.00047782383123747,0.003543443484465944
235,0.0015028055223383775,0.4563410768439971,0.5383283315246338,0.0007778721481759681,0.0030499139608548046
236,0.0008635632319433807,0.41571196840225866,0.5809891468911637,0.0002979841148876316,0.0021373373597466526
237,0.0016670279852612827,0.3948655122052301,0.5989371019879219,0.000468848737332972,0.004061509084253743
238,0.0003585611614406429,0.37152142821441236,0.6258592385928952,0.0002584355184946527,0.0020023365127572108
239,0.001615945067294759,0.4729054598414751,0.5219901686650129,0.0007674621097082582,0.00272096431650899
240,0.0014662043762717117,0.4300422191415187,0.5650569211936693,0.0005393102114805462,0.0028953450770597567
241,0.0026635403353029727,0.5620436172046173,0.4307137262513099,0.001414737573518041,0.00316437863525181
242,0.0026038456355327436,0.6327291211851069,0.3590116867634725,0.001299674509692802,0.004355671906195079
243,0.016636198873943072,0.8101160824078502,0.1439534568256633,0.0031890359175041775,0.02610522597503932
244,0.2800812263083857,0.6638140068733922,0.014347817121773208,0.029585874527346838,0.012171075169102064
245,0.07784520363456023,0.8814639575727929,0.01892263087317473,0.012369793544779429,0.00939841437469266
246,0.05306547351124573,0.8862731588709889,0.027770470063566872,0.025428458160993157,0.007462439393205376
247,0.07893815903344618,0.8490078553183669,0.007424955758386496,0.05894015151927499,0.005688878370525466
248,0.11136045372249376,0.273590465144064,0.0018159202002156626,0.606957344377141,0.006275816556085566
249,0.14743125630627618,0.3752877056111429,0.0009597918816328157,0.4677481628299179,0.008573083371030354
250,0.09170918517963982,0.23936233845583127,0.0006988983854682077,0.6574376287334363,0.01079194924562437
251,0.03942649163930332,0.032096168929698576,6.316084982216495e-05,0.9249138941812669,0.003500284399909076
252,0.015988265987271138,0.01690528538360455,5.455990101621546e-05,0.9630920511588367,0.003959837569271453
253,0.012871312452718586,0.0053465371144407765,3.555364063947753e-05,0.9788514061223635,0.0028951906698377002
254,0.022519226397642558,0.0030271541918959334,2.712851233052689e-05,0.9721950603382039,0.0022314305599269056
255,0.013988501333566909,0.0027020264634812813,1.9959988575577593e-05,0.9818148864396641,0.001474625774712104
256,0.006462395927481115,0.0033058057209284218,2.122204273279362e-05,0.9894306310823372,0.0007799452265203718
257,0.008079646053654755,0.004540617563789078,1.2662952849856782e-05,0.9856642636809573,0.0017028097487489706
258,0.0077773844845496175,0.003808844398829071,3.294357055956103e-05,0.9868268288879934,0.001553998658068357
259,0.006961958886295418,0.005323244196523426,1.878639459014895e-05,0.9863178815328416,0.001378128989749513
260,0.009065264726153316,0.004830905666616509,1.765722219855826e-05,0.9846935900214103,0.0013925823636212447
261,0.01635929744518788,0.006185980523591594,3.118069132079745e-05,0.9752622732145283,0.0021612681253714286
262,0.025713984358949407,0.01583971596593611,5.069463568864663e-05,0.955497976059059,0.0028976289803667745
263,0.030361208015420034,0.046132831231280855,0.00010343873515466407,0.917814273833867,0.005588248184277407
264,0.028582578739181227,0.034610667317397995,8.260728376799134e-05,0.9316014083808019,0.005122738278850894
265,0.10799989903046757,0.1874493549652079,0.0003335537439762234,0.5604132018803913,0.14380399037995684
266,0.11231751767124261,0.05034824929581295,2.076850084626848e-05,0.21668369201410703,0.6206297725179912
267,0.4688410041853902,0.0695023405144937,5.2688742623931046e-05,0.3745970086595028,0.08700695789798929
268,0.5133518044308597,0.17072710414350414,0.0006271775568428737,0.3044833865518056,0.010810527316987764
269,0.21025922535266206,0.10520967303149767,0.00010116063135526038,0.674791632173333,0.009638308811151922
270,0.1064445712648232,0.08013598604757464,4.704519128659102e-05,0.7874158290619181,0.02595656843439743
271,0.0643462131362421,0.02367838425034437,4.43829906615623e-05,0.9043111636379731,0.0076198559847788375
272,0.0820563221563491,0.06862219638142997,0.0003254143092541424,0.708347208596564,0.14064885855640286
273,0.246276372913629,0.03641995761729937,0.0001111561735551428,0.6887619663280113,0.02843054696750521
274,0.2461771227716388,0.018681536713807033,5.508621647258273e-05,0.7090352316842491,0.026051022613832422
275,0.2530851624446388,0.03259322699221081,9.471113184855347e-05,0.7009399194373238,0.013286979993978055
276,0.12507107380994,0.19773766511073476,0.00011105482724128606,0.6579832716160338,0.019096934636050143
277,0.08421229095306919,0.02904117161599086,5.09547103832809e-05,0.8753398181373455,0.011355764583211171
278,0.02864857445544901,0.015437942421781058,4.736553311127034e-05,0.9531897860035085,0.0026763315861503077
279,0.03217392008400177,0.01024922761929269,2.172263406787336e-05,0.9515777088423696,0.0059774208202680885
280,0.028624841270627917,0.013203506457129366,4.8727543076968876e-05,0.9563086613222623,0.0018142634069034547
281,0.013309048198965721,0.004487948210208294,2.7540332326974757e-05,0.9806466234480845,0.001528839810414411
282,0.019977652457893468,0.01568589892828868,3.916842901183716e-05,0.9625680536113972,0.0017292265734089494
283,0.012892415392439982,0.006229146703941996,2.9773867557691374e-05,0.9786533707041158,0.0021952933319445123
284,0.011053381496811654,0.004487691089040806,3.2167503486770083e-05,0.9823672669756509,0.0020594929350097957
285,0.01882157259437131,0.006274695885801238,2.5426632725935753e-05,0.9711694352506676,0.0037088696364338852
286,0.12527461867682665,0.007881757896832096,9.019812988526692e-06,0.8360558346051047,0.030778769008248226
287,0.10836231183890527,0.024490750882096627,4.159280782732596e-05,0.860994439791403,0.00611090467976781
288,0.12797547549002,0.06432373290539659,0.0001072986029863199,0.8007484042303167,0.006845088771280353
289,0.04477323441386143,0.0837266595970425,0.00023002590180717323,0.8685122313205389,0.002757848766750023
290,0.046406392819130574,0.04880203393715942,7.719421143413919e-05,0.8927943770049371,0.011920002027338755
291,0.03486721117878723,0.018169889354863463,3.500437914879438e-05,0.9427254184393113,0.004202476647888966
292,0.02840189904805903,0.028944683627364243,8.452229006968118e-05,0.9388731020862979,0.0036957929482091608
293,0.022732681900539366,0.010088663728729536,4.2479509796192285e-05,0.9648014878050565,0.0023346870558784653
294,0.02012782328544875,0.008641400265067257,2.4779083043871927e-05,0.9640546929877327,0.007151304378707227
295,0.01533807919031122,0.0067023118512299,1.8761537769409575e-05,0.9730325962808428,0.0049082511398466635
296,0.03237571860840646,0.008777987774484563,1.677896920502036e-05,0.9525759532348763,0.0062535614130276055
297,0.025540598649049232,0.014249864098824208,7.890657610523342e-05,0.9580252563796141,0.0021053742964071416
298,0.0278598706516378,0.0069789867674959075,3.215819072892847e-05,0.9587930081920311,0.006335976198106144
299,0.012371906593207619,0.003288268787271188,2.9634376609276667e-05,0.9815922204895893,0.0027179697533226844
300,0.005753608497909483,0.0020282867068345126,1.7196312527760923e-05,0.9908057672805408,0.0013951412021875492
301,0.005862031089702915,0.0018217085823967443,1.1471823299020803e-05,0.9913193234524676,0.000985465052133811
302,0.005647000542945001,0.002347970182037994,2.589793696098139e-05,0.9887037962547014,0.0032753350833544343
303,0.009423732713896764,0.0034567912291731447,4.680045151846015e-05,0.9780366125751938,0.009036063030217829
304,0.017374496553233337,0.0026083279490601847,4.579469785341573e-05,0.9652335249733026,0.014737855826550295
305,0.11460571094425442,0.006745205415169727,2.847483689919498e-05,0.8399822036806779,0.03863840512299882
306,0.1398314494589808,0.0059437380001304664,3.225715870047092e-05,0.8065821189722033,0.047610436409984906
307,0.0749622615372849,0.010831366998884703,7.716187237784587e-05,0.9092677236961003,0.004861485895352057
308,0.04251735168532714,0.009638276537202345,5.0352039680401965e-05,0.9442452483987027,0.0035487713390874656
309,0.035601840411768546,0.00973934062979274,7.786827127636032e-05,0.9444646200006018,0.010116330686560477
310,0.02297725194856079,0.006588148042339481,4.477827820432571e-05,0.9655280588503422,0.004861762880553315
311,0.05393061903021873,0.020790614075253747,5.302310184343583e-05,0.9128221560414442,0.012403587751239748
312,0.2100369963035304,0.01985432150474291,3.1222690178565687e-05,0.6415182631872359,0.12855919631431226
313,0.545374098904926,0.020836574984451548,3.208641215162892e-05,0.3658579369229577,0.0678993027755131
314,0.5777670941536316,0.018999208640432114,4.44126813315796e-05,0.36870582775158944,0.03448345677301525
315,0.3452905185334302,0.12080018167729879,9.842435045830317e-05,0.5134846191822775,0.020326256256535204
316,0.22933707964832228,0.012922738275539126,5.7825465335059205e-05,0.7324244629931607,0.02525789361764275
317,0.13943836815757557,0.05079297336146142,8.032747066916153e-05,0.7936063267075493,0.016082004302744528
318,0.11279838020125794,0.3039317167539665,0.0006546139974379478,0.5733002632653315,0.009315025782006115
319,0.23461673751362283,0.029135416935219295,8.155688604832658e-05,0.7055134913526729,0.03065279731243652
320,0.2964342925326755,0.08670208601699605,8.106722110968697e-05,0.5897751337066418,0.0270074205225769
321,0.3682092624714131,0.16927575483171128,0.00019564317289973024,0.4502541539742878,0.01206518554968813
322,0.6315096567774536,0.11035350441960863,7.594572999145753e-05,0.1491107343721398,0.10895015870080647
323,0.6722687036115244,0.1316419333872551,0.00020867662503785275,0.16891481011064724,0.026965876265535395
324,0.13364842970245938,0.8317315317495342,0.0005614586806348847,0.029391386442378035,0.004667193424993377
325,0.2786199351038893,0.5855285859136045,0.0004750657979710905,0.12253350683276402,0.012842906351771115
326,0.16294635142750433,0.6762988198216323,0.0016831083480171997,0.1477775257014277,0.011294194701418424
327,0.35231017163987843,0.26856563017790774,0.0003554711339684258,0.2917493839680388,0.0870193430802067
328,0.47544753298025333,0.1938516424949009,0.0003215916813089405,0.3072508031910655,0.023128429652471316
329,0.2730798770868582,0.5955075894636882,0.0005686335136099529,0.12096032954966882,0.009883570386174871
330,0.18485426271978087,0.7761267023271224,0.0009002433868170611,0.028958761811316472,0.00916002975496326
331,0.3575735931711248,0.5538044905306493,0.001436356485919314,0.06249417484002026,0.024691384972286214
332,0.3228182150412893,0.6367594412276155,0.001197571942618226,0.030860008342727382,0.008364763445749445
333,0.2027012072025017,0.7411675135051928,0.001739130861792621,0.04359234005251571,0.01079980837799703
334,0.3079657473798104,0.5486617073912895,0.0013292111685070883,0.12204327740700331,0.0200000566533895
335,0.10293178417871422,0.8534752315528891,0.0015262414492960576,0.03642541927159345,0.005641323547507221
336,0.09998687984487784,0.755866968068726,0.0016430896995749448,0.1051199281725229,0.037383134214298425
337,0.08946010228188139,0.8468430226281394,0.0016721734439808095,0.04719920128883754,0.01482550035716067
338,0.009384822703760754,0.010670760634206262,6.627060846981036e-05,0.001278734882896738,0.9785994111706664
339,0.009467007452918534,0.004427095348699355,8.226272775700326e-06,0.00038945019340723853,0.9857082207321991
340,0.42806000643274894,0.030279289041271057,6.070172354090024e-05,0.003635372104113056,0.5379646306983261
341,0.36842641161117645,0.18098136978785712,0.00018410234044176067,0.002913357291996906,0.44749475896852775
342,0.8023337139969666,0.14337191324996096,0.001002513513174859,0.007893596639311183,0.04539826260058634
343,0.4683404390524903,0.3950724045028677,0.0015747731031520579,0.07604356407918007,0.05896881926230976
344,0.328383483175305,0.5745526249513236,0.0016229823888060252,0.0556666180153134,0.039774291469252
345,0.21727525617720794,0.5729806167017456,0.0013985012808136444,0.1562395750279832,0.052106050812249616
346,0.38788220805663154,0.3691293393590534,0.001581070475486786,0.19893616972984257,0.04247121237898577
347,0.43308291791709597,0.26696135522006575,0.0015209943182941399,0.26897318073149623,0.029461551813047823
348,0.1504376195491636,0.45203767692075186,0.0012372127555319579,0.38711059435554956,0.00917689641900309
349,0.2801656508493117,0.1467727628246853,0.0004073083642642612,0.4793930266041184,0.09326125135762037
350,0.18836791502116654,0.39978254109037714,0.0008147840485320132,0.4009703988413285,0.010064360998595792
351,0.2318309968944347,0.14407116502439965,0.000677590681916727,0.6121457193291819,0.01127452807006704
352,0.49704691408192164,0.12731709440011135,0.0004408615273532542,0.24938861670959586,0.12580651328101783
353,0.6690363206352633,0.07569058106699116,0.0001934120960821346,0.20710428491491253,0.047975401286750846
354,0.5897108675491209,0.33658868471720793,0.0005877317632083958,0.06201529699681929,0.01109741897364347
355,0.5373922549041332,0.37024202884966756,0.0008293194034309074,0.05335006366425505,0.03818633317851314
356,0.5732197764672144,0.07454172207156605,0.0002109659738138342,0.2952209333261429,0.05680660216126271
357,0.06349778391624696,0.8979618971807838,0.0010193222422455461,0.03328274994744608,0.004238246713277529
358,0.3477694537411688,0.5351752972582929,0.0019322734022903345,0.10311732929382979,0.01200564630441812
359,0.09492409421396657,0.874976172539421,0.0005669678165309484,0.017556505198452026,0.011976260231629456
360,0.6342731674966704,0.24251443509395898,0.0003907661003046972,0.08703899801266436,0.035782633296401634
361,0.103986050029547,0.871190896562884,0.002363544203514147,0.01752788386910516,0.004931625334949733
362,0.2887736989597588,0.6471050622085199,0.002596561507634419,0.05362907742779864,0.007895599896288076
363,0.11951067071895247,0.8133593857001022,0.0027013608766089667,0.04771159714182227,0.016716985562513983
364,0.12483134200913332,0.820917445563855,0.0014181225188280749,0.04426590968051215,0.008567180227671252
365,0.07636651103095218,0.8727365330209406,0.003422206476927304,0.0421825877490033,0.0052921617221767196
366,0.21264677574968519,0.7111021936328781,0.0023798932431303137,0.06783439081478904,0.006036746559517352
367,0.21870569296142975,0.6464056724159981,0.0025773222339048668,0.11990745017058918,0.012403862218078172
368,0.13185191743707209,0.7439034659994814,0.003997897750065915,0.10943635264030473,0.010810366173075837
369,0.08647423066893885,0.821436768059064,0.00297429483182645,0.08253977915611055,0.006574927284060334
370,0.24768244931525038,0.6414677509582571,0.0015203080321085224,0.09663173801073666,0.012697753683647083
371,0.07563461042309869,0.8869057924064815,0.0017622436501321139,0.03041658936822589,0.005280764152061751
372,0.3215193816699441,0.5506776601304714,0.0041726478934853714,0.11276778437346316,0.010862525932636072
373,0.23844797203235357,0.6974311295384794,0.002409540421097848,0.05468088312568877,0.007030474882380309
374,0.2628220937020345,0.6542657751926837,0.0029700243075124473,0.07183679204334091,0.0081053147544286
375,0.10077305466919714,0.8440337561907534,0.0071949173397231996,0.03924905727816321,0.008749214522163163
376,0.1292099836521752,0.7843343006182303,0.0016886603280646061,0.07575551746381422,0.00901153793771577
