epoch,N1,N2,N3,R,W
0,0.07327902483122327,0.005110814949407407,2.8747731658094036e-05,0.004255622233353859,0.9173257902543575
1,0.06850705270853863,0.003468090116363383,1.9143554016948094e-05,0.0035509223032400756,0.924454791317841
2,0.14046679931645806,0.006357859096716646,2.5685255096487447e-05,0.012903614357975437,0.8402460419737535
3,0.086058377819343,0.003911634910211306,1.345338359864726e-05,0.00873237885370999,0.9012841550331371
4,0.06627150604732866,0.0025936467584826515,1.5093652973485272e-05,0.008947092858360345,0.9221726606828549
5,0.0837495677143108,0.0035686381492798258,2.2929288784801394e-05,0.015282184045584474,0.89737668080204
6,0.13119968588420874,0.0035437457407739947,4.106705678104912e-05,0.004376565682266071,0.8608389356359701
7,0.21223276883506184,0.010754192799041516,5.972698310120955e-05,0.018347845635869883,0.7586054657469257
8,0.5039626878244935,0.21099594960752296,0.0004607507444141445,0.039770524300503436,0.24481008752306602
9,0.42370981702139093,0.21044455951416507,0.0021625330674257155,0.0485023128940694,0.3151807775029489
10,0.36572485416224254,0.3222853829574061,0.0029252389074158544,0.026949433535361632,0.28211509043757393
11,0.10404484948351582,0.38593611873465233,0.4256906673645545,0.004791008319011065,0.0795373560982662
12,0.1600488128628885,0.7112482329333006,0.06500999723459551,0.00833497552701857,0.05535798144219687
13,0.057589640649303386,0.8196513761642895,0.07843603810908796,0.0019697886408944917,0.04235315643642458
14,0.06264457328907141,0.8050156820152717,0.10614554814860415,0.002949556457134824,0.023244640089917775
15,0.06838979522293899,0.7953857798293684,0.10554246384711977,0.0010068327135907959,0.029675128386981935
16,0.013752720471064982,0.5889677247238794,0.3328415844714568,0.0004405535407861526,0.06399741679281269
17,0.026287291922480485,0.7038569264856158,0.23974698430976002,0.0003552621989619767,0.029753535083181713
18,0.024210314608346703,0.6243931372135559,0.3175218532735124,0.0005342506391346292,0.03334044426545036
19,0.08438125149896648,0.8451395996252352,0.02463921573318047,0.0026255839999350843,0.04321434914268291
20,0.06660775006410191,0.5615719427121073,0.08419522631061944,0.001107689913936797,0.28651739099923457
21,0.3393204154205148,0.39491957612827566,0.02406027738510637,0.0029869450460843563,0.23871278602001889
22,0.14534824302586188,0.37909255375411705,0.1325763280016577,0.002523054078633241,0.3404598211397301
23,0.15167174257643887,0.17719657768908395,0.012043712155767435,0.00361939883332816,0.6554685687453815
24,0.2209562112085484,0.08697901110783353,0.00045496934350237325,0.008681869456586904,0.6829279388835288
25,0.391434080285243,0.22266189590687757,0.0022617892030697894,0.020245969469013785,0.363396265135796
26,0.009741616776010925,0.0034921140421989858,5.644073175400026e-05,0.000502735168990256,0.9862070932810458
27,0.12174101999344153,0.00673903978164827,2.233231475319536e-05,0.004225587130057599,0.8672720207800994
28,0.0215496249450529,0.01394296302062338,0.00030246822838876186,0.0013365171826580432,0.9628684266232769
29,0.2774227146087658,0.05755224559121874,0.00011988178350191157,0.0027202574017149085,0.6621849006147987
30,0.128810418641682,0.11411007723910213,0.00020232152841007792,0.004324128790786699,0.7525530538000191
31,0.1155433250071118,0.09019642197072635,0.00016210311410739378,0.008689538992912164,0.7854086109151422
32,0.02209468447975666,0.01515512522863057,0.00021453101700117692,0.0015552527954962518,0.9609804064791154
33,0.044793301532295694,0.008549952875931879,1.733185363640591e-05,0.0015912636145295875,0.9450481501236064
34,0.032915340576129826,0.014237076273112404,0.00013911419445131326,0.0009755570422465434,0.9517329119140598
35,0.0003764917874544372,0.0006625165812015954,0.0004056443526068651,1.3257062061938549e-05,0.9985420902166753
36,0.000407118748304033,0.00029248954423064053,0.0001731408249830389,1.3949557380224743e-05,0.999113301325102
37,0.0029911638452377195,0.0022212876569867278,8.27995374599045e-05,2.270131575840296e-05,0.9946820476445571
38,0.000592918172510176,0.0001741468770723032,7.741795500339517e-06,4.256118707554443e-06,0.9992209370362097
39,0.0003754390963842722,6.692388420261746e-05,5.778589872980873e-07,3.4092372590652597e-06,0.9995536499231668
40,0.0007551151031937801,0.0002295768286753023,1.0193116507061068e-06,6.148330665764533e-06,0.9990081404258144
41,0.003334421411414415,0.0011177484089527202,0.00022563563461367416,9.76061000404462e-06,0.9953124339350152
42,0.005129561790309964,0.0036617249934924132,4.2213984158120366e-05,2.759973691268405e-05,0.9911388994951269
43,0.0048341304431108924,0.0008181099438157396,1.915826797045831e-05,0.00019626758148732882,0.9941323337636155
44,0.021200362867207067,0.002634280163053764,6.648508315203842e-06,0.0016584085566850187,0.974500299904739
45,0.032819921105268664,0.004027864466404282,1.1869683895726853e-05,0.001610974459577703,0.9615293702848536
46,0.04581269005624238,0.009071326201896705,3.7398318700210106e-05,0.0029248144782989577,0.9421537709448617
47,0.0842413394903131,0.005288337049894688,3.3737996669874526e-05,0.0036484691285625552,0.9067881163345598
48,0.1319225429438073,0.008241003033455313,2.7827397096016496e-05,0.005660882602013242,0.8541477440236283
49,0.30065492546500716,0.014487540595998352,6.36189924138595e-05,0.03277405175637523,0.6520198631902054
50,0.06120554517957195,0.019820807338508443,0.00016767511516001962,0.002563863933256207,0.9162421084335034
51,0.11100298858445813,0.013102935687305311,0.00024012333501409412,0.011578572830607103,0.8640753795626154
52,0.2247440193900872,0.011176018063888609,2.535216846750944e-05,0.0200924517393633,0.7439621586381933
53,0.16943717847298903,0.006099236610781102,1.515084666762199e-05,0.010757008866147827,0.8136914252034144
54,0.02590052104853582,0.011416481654838684,0.00012442284630929782,0.0014861712527027351,0.9610724031976134
55,0.008894849108514824,0.0053285813826459485,8.463227358845956e-05,0.0010298657319827576,0.9846620715032679
56,0.006440380665878449,0.003394967469494624,0.00024518035277949914,0.00027307219103932966,0.9896463993208081
57,0.004939819196278963,0.0027431415235231846,0.00010951220082491042,0.00012416611590316705,0.9920833609634697
58,0.02855852536925247,0.00796960661732862,0.00010201549364790876,0.001367352937807382,0.9620024995819637
59,0.029681638685013535,0.006698293557371028,5.210720848621056e-05,0.0009731060621664715,0.9625948544869628
60,0.016718211466405595,0.007077780558967435,7.54286238486401e-05,0.001671162697232444,0.9744574166535458
61,0.00677508618415279,0.010143631206524993,0.005927187761027906,0.0005955545227213906,0.9765585403255729
62,0.03254724859312948,0.006262034269591377,8.177940781018203e-05,0.00048116598559594907,0.960627771743873
63,0.02574125704711759,0.0029353337711598075,4.276942338169809e-05,0.0005375823007932012,0.9707430574575476
64,0.08930984495902743,0.004805853391889821,4.0024947209753024e-05,0.0008233175521501321,0.9050209591497229
65,0.09180002799699837,0.004688778889987589,9.99286053258477e-05,0.0009157031611145358,0.9024955613465736
66,0.17334315422096608,0.019395787887945277,0.0004334105795713552,0.0008953750816592744,0.805932272229858
67,0.19297326423086372,0.13627136145643182,0.006983400602770171,0.002782567127578166,0.660989406582356
68,0.27160550819420526,0.08273433777552473,0.0011765142456681924,0.0038630114107230692,0.6406206283738788
69,0.16932175467091506,0.5692997570404084,0.020265468209310845,0.005233002677613074,0.23588001740175274
70,0.04036954173441277,0.1637001966312143,0.013640823639293016,0.0023298772687896266,0.7799595607262904
71,0.006617823397766101,0.01407003997712666,0.0010574263428839922,0.00043827018934792557,0.9778164400928753
72,0.022852350862060906,0.009022809702542219,0.00021400395215549642,0.001401680151566544,0.9665091553316748
73,0.011502722876344715,0.0061823039104972975,0.00010019623792211003,0.0003708492290544974,0.9818439277461815
74,0.06242204198766555,0.008494256458233889,3.49528398402337e-05,0.0005739937826853114,0.928474754931575
75,0.43824637225623825,0.07123606098924036,0.00012593480539460804,0.0053077091111943,0.48508392283793267
76,0.03512910166336579,0.019094399424906826,0.0002718110209671361,0.0013219828278036973,0.9441827050629567
77,0.02157397746043253,0.01022435690797544,0.00022290645793444092,0.0009399086439363148,0.9670388505297212
78,0.009690144263536263,0.0027497312376860597,4.016135507238599e-05,0.0009406126646203222,0.9865793504790848
79,0.007921755564951425,0.0026398538448570135,4.401175055076413e-05,0.00028309628558093687,0.9891112825540598
80,0.1081943327943267,0.008136227761592011,3.771853106781741e-05,0.0012591344524578978,0.8823725864605555
81,0.03609105351517128,0.003150899675953802,4.855206620340316e-05,0.0008324589399702782,0.9598770358027011
82,0.012588578535070097,0.004461028507474169,8.593196094928606e-05,0.0003703997307124369,0.982494061265794
83,0.003087741728832243,0.0033429558958555945,0.0016769316086245468,0.00017864203433858597,0.991713728732349
84,0.0008046063309282606,0.0011652890094006382,0.00044468716212295176,6.385926721534086e-05,0.997521558230333
85,0.0018689903117494052,0.001648661450826746,0.0006008199881415066,0.00019653985389056017,0.9956849883953917
86,0.010257654543312959,0.0026875811700501186,4.835673987470922e-05,0.0004717007930818925,0.9865347067536803
87,0.00481661086931918,0.0043078857619460705,0.00017460852464026863,0.00021547121565156324,0.9904854236284429
88,0.05882402625846053,0.009466308157441195,1.7286060858938837e-05,0.0006169212136674345,0.931075458309572
89,0.1748985523825006,0.015337006534991714,3.0223846954510718e-05,0.0019318642165158926,0.8078023530190374
90,0.595482262805304,0.022182732953115465,4.752864335113744e-05,0.005156523456714439,0.37713095214151493
91,0.4163680752600993,0.18173155787461817,0.0008433187141742563,0.00800055865859979,0.39305648949250854
92,0.24777431025297747,0.07121804565843164,0.00011434559678516694,0.010260928971625925,0.6706323695201797
93,0.2174154224685931,0.6841044225061341,0.0016696239300283216,0.01916992722928053,0.07764060386596408
94,0.2463276919112245,0.6626601097606017,0.005132458352521864,0.03976581055312435,0.04611392942252742
95,0.1282378400021786,0.7842671966666269,0.01625447192330354,0.03855018270982444,0.03269030869806644
96,0.02489147426390698,0.8776999247916245,0.0657888753236941,0.013728033441074523,0.017891692179700016
97,0.04815303730900927,0.8482275531494097,0.040790809098628755,0.01697823009164787,0.045850370351304466
98,0.013794029528185151,0.889330711363504,0.04391028216762537,0.0042518121389626086,0.048713164801722844
99,0.01681114746020221,0.038430203320358465,0.000514876810829427,0.003942634242513949,0.940301138166096
100,0.019867453438682552,0.02531608028889064,0.0004918088535764902,0.005117268262200448,0.9492073891566498
101,0.008015221866764455,0.004320208646074513,8.974772416680738e-05,0.0012594574647705888,0.9863153642982236
102,0.0030924939103703936,0.0009921001253202215,7.462090797839379e-05,0.00017004692279280122,0.9956707381335382
103,0.008483273912214862,0.0014410173356805979,9.58804331101063e-05,0.00019323389269015906,0.9897865944263042
104,0.010202358277505444,0.0008163955869989955,1.8003390222656868e-05,0.00038184328591502883,0.988581399459358
105,0.0025160066526339502,0.00141287720949848,6.0012954419129294e-05,0.00011935490155482832,0.9958917482818935
106,0.0033116009293895675,0.0006600474470311519,1.045207519175091e-05,0.00021524387754867178,0.9958026556708388
107,0.005834824134593636,0.0010401829363529422,1.2604709327292634e-05,0.0003583894444734747,0.9927539987752527
108,0.003324426960078624,0.001664165268908292,0.0005470052371997822,0.00019407490641273027,0.9942703276274005
109,0.0008652720533954478,0.0003708645780096822,1.1766094233035402e-05,3.539941269311143e-05,0.9987166978616687
110,0.0006935354605117529,0.0005897765170058758,3.40842169864454e-05,5.663121366012764e-05,0.9986259725918358
111,0.0005231340024078007,0.00560065873444532,7.714975929301326e-05,0.00019399414101397864,0.9936050633628398
112,0.00028168051097230226,0.0006592764557760398,6.509701750654524e-09,5.974571685677028e-06,0.9990530619518643
113,0.00010933808285572071,0.0009575037231042348,1.1703195676249466e-08,6.963855267566314e-06,0.9989261826355769
114,0.00017172068222587775,0.0012402701058447374,9.988551786871328e-06,1.8344622233603576e-05,0.998559676037909
115,0.00016778998339490498,0.0018743465562427594,5.508320593579456e-06,1.536176461381001e-05,0.9979369933751551
116,0.0002457799324918181,0.000942693017292334,1.2085739012359902e-05,2.1235306922168865e-05,0.9987782060042812
117,0.0508849100463797,0.00555197470470157,0.091571907269926,0.00017658058647328743,0.8518146273925195
118,0.0010619438876567967,0.00011162486726969196,5.943317655555587e-06,0.00017063642425785218,0.9986498515031602
119,0.020169893883513777,0.00045939174611773164,9.528046859858198e-06,0.0010368168662465093,0.9783243694572621
120,0.002864801862858427,0.00046960812280577596,1.088364287559171e-05,0.0018897509916271816,0.994764955379833
121,0.00418335823454114,0.0016214871211384936,0.00016180486634404515,0.0006850613775408047,0.9933482884004357
122,0.0012515177462421622,0.0015539953660663281,0.00025844046415929615,0.0001972961977302629,0.9967387502258019
123,0.016016611343594,0.011337233190991858,0.00023083001463473048,0.0017392092906551818,0.9706761161601242
124,0.007048718889251203,0.003529900205991558,0.00018899397698071723,0.0007411039065874237,0.988491283021189
125,0.0038959073611503606,0.003889390670171274,0.0002667996976417289,0.0006703501590544599,0.9912775521119821
126,0.057428315999312966,0.011515704805472354,7.713737718095835e-05,0.007171088626068302,0.9238077531919654
127,0.06467179650948265,0.0028613549198751418,1.4542532343260508e-05,0.011404922607414126,0.9210473834308849
128,0.08285782094661891,0.003958593436185215,2.2760872746093255e-05,0.03301524269017165,0.8801455820542782
129,0.18831980720130417,0.009959225483005185,2.66355346591938e-05,0.11963836952338312,0.6820559622576482
130,0.0931311444831421,0.009568255197514664,3.5488328073966475e-05,0.04056672150446846,0.8566983904868009
131,0.06922693787022995,0.004278454621119161,2.4232862367695402e-05,0.027334100870574356,0.8991362737757089
132,0.06220806752992273,0.005913367151635887,3.730173498413463e-05,0.03747670699720735,0.8943645565862499
133,0.10133494501108618,0.004020714651715165,1.1623511956386564e-05,0.06418001847715953,0.8304526983480828
134,0.054721886465020596,0.001819494540600388,7.554985823500365e-06,0.030970787471115674,0.9124802765374399
135,0.07608514352277748,0.002264240412395607,1.1521742364083433e-05,0.02622573293397401,0.8954133613884888
136,0.29495867606677395,0.012633316939410534,6.49026947014424e-05,0.14332449437318476,0.5490186099259293
137,0.27736117427970824,0.05587880900491823,0.00019210305790573614,0.19206975302715715,0.4744981606303106
138,0.07017618551654783,0.029568487563659433,0.00021660897599272725,0.046143421036834435,0.8538952969069656
139,0.08757672319468245,0.005686526663957331,2.2452599043701184e-05,0.03874296321004608,0.8679713343322704
140,0.7050479091505645,0.10608805368688184,0.00011513224749347542,0.05501530902712445,0.13373359588793549
141,0.5691349364215661,0.25138839307061817,0.0011494999817706962,0.06421721411633657,0.11410995640970853
142,0.4745483485180988,0.43609575484223,0.014814189677504199,0.02743747945837701,0.04710422750379008
143,0.03737979018217299,0.8461724792948835,0.09574225907506878,0.01087273646477248,0.00983273498310232
144,0.04873091558130561,0.9318204157764625,0.0077822633695411175,0.0063851433771952605,0.005281261895495538
145,0.01135743293625659,0.8319083804614662,0.15022691333016505,0.001563019826760449,0.004944253445351857
146,0.011113335993038265,0.8708778501967219,0.11440797756835969,0.0009050864738667696,0.0026957497680133264
147,0.012026810385221838,0.8590884327853895,0.1234742751488305,0.0004592337518543547,0.00495124792870373
148,0.009176907943319537,0.8573748076908324,0.1304492215832835,0.0004709498950777992,0.0025281128874868383
149,0.014200061309734672,0.9008221723659755,0.07926291492714363,0.00039680948512141524,0.005318041912024605
150,0.003728290739542763,0.5606988717746024,0.43374304059150853,0.00023439909658616576,0.0015953977977600836
151,0.008130186873229346,0.8316507280760822,0.15789482459465165,0.00035910692945159223,0.001965153526585295
152,0.00354600469732239,0.5261368835857754,0.4683168647727705,0.00014346132028948718,0.0018567856238422054
153,0.003116624912509381,0.8520601547910278,0.1428233399035339,0.00015103959749917864,0.0018488407954297752
154,0.0008962903187447114,0.6367489569693622,0.36047531708451636,0.00010873911014485262,0.0017706965172318012
155,0.0007256981178512739,0.1517596478519762,0.84589483981547,4.778033109799484e-05,0.0015720338836045088
156,0.0020472146653815865,0.44052604115553856,0.5538955957899735,9.387797002091763e-05,0.0034372704190854166
157,0.0018031068366018185,0.31516469182097584,0.6789042487595547,7.401285323420522e-05,0.004053939729633337
158,0.001508722041313807,0.15774878527385455,0.8393044751888177,4.266110538059185e-05,0.0013953563906334268
159,0.00114803873755106,0.09714726023099426,0.9009496390779849,3.110332285885741e-05,0.0007239586306110918
160,0.0003866868935364223,0.05124585606327628,0.9474323023397894,1.3545450370659589e-05,0.0009216092530273144
161,0.0006954659386430177,0.05525808098850403,0.943231016873372,2.1262786880461124e-05,0.0007941734126004677
162,0.0006070056064847511,0.059463022367606866,0.9387235279081934,2.137149117200327e-05,0.0011850726265430383
163,0.0006077385602785895,0.06005792981232859,0.9386236025086454,1.6759578620987197e-05,0.0006939695401264781
164,0.0012008540403561903,0.188821923615653,0.8082259506769461,8.061611947623369e-05,0.0016706555475683744
165,0.0006671583872889923,0.07456852478189353,0.923110369931952,2.6027759612277173e-05,0.0016279191392530332
166,0.0005512292847249668,0.05435709925605598,0.9430389108059214,2.6989992816450988e-05,0.0020257706604811096
167,0.00030057467423884917,0.05785044123993783,0.9409893912245266,1.7464499363257878e-05,0.0008421283619333006
168,0.00012697492415118596,0.028169619501690023,0.9712548365383932,1.0911895624918363e-05,0.00043765714014074643
169,0.0005405692725795899,0.12417693422751762,0.8719993205479958,4.335612180550956e-05,0.003239819830101471
170,0.0003634673009363262,0.058104754763553694,0.9405346930910155,2.787530072117644e-05,0.0009692095437732561
171,0.0011023144558811179,0.09725478588324399,0.8998970483019006,7.518560510928354e-05,0.00167066575386511
172,0.000297557258320955,0.028257287959500204,0.9707146702852196,1.5951398802698205e-05,0.0007145330981565331
173,0.00038538602381626335,0.054325429078380255,0.9444295615900442,2.3356419291291826e-05,0.0008362668884680561
174,0.00011160292564503476,0.025427166844563535,0.9738005167384595,9.38088604959179e-06,0.0006513326052823339
175,0.00035109145386048,0.044123249197114654,0.9547557615699619,4.174421777297232e-05,0.0007281535612899963
176,0.00048728307981158104,0.061560272954419924,0.9362708019613871,3.174094377014265e-05,0.0016499010606113194
177,0.0008091873898488611,0.0867108180208113,0.9109247201477019,8.470270903091871e-05,0.0014705717326070971
178,6.606431544619092e-05,0.01625224491064764,0.983478270047601,8.04380321433644e-06,0.00019537692309066075
179,0.00021528650028249991,0.04461886930896587,0.9545469582071812,1.9989125186502635e-05,0.0005988968583838107
180,0.00011945177289760328,0.01848570900759573,0.9807549988678497,1.1354725801557412e-05,0.0006284856258557193
181,0.0001354295278026777,0.0318668390029678,0.9668398591137137,1.0028464192598786e-05,0.001147843891323162
182,0.0009040274588839745,0.12521721466843747,0.8722687331333008,8.100187242120394e-05,0.0015290228669566802
183,0.000373840700560349,0.059377199594081526,0.9390722617840335,4.394117386710061e-05,0.0011327567474576866
184,7.451006249851532e-05,0.0156568900816675,0.9839025818024857,8.460048989922958e-06,0.0003575580043585324
185,0.0001621899031963774,0.03123596710321314,0.9681206519045881,1.867520029190568e-05,0.0004625158887106051
186,0.0003509062435566849,0.04189600967597245,0.9568678291923759,3.416564899024304e-05,0.0008510892391046439
187,0.00037524081072777093,0.05250955119937712,0.9460047659427739,3.7301888827099114e-05,0.0010731401582939695
188,0.00011084180254887712,0.024823562726331332,0.9744421206747109,1.6561147567897866e-05,0.0006069136488409799
189,0.0005323313564685836,0.06880832920636358,0.9292062458347167,4.355468879018242e-05,0.001409538913661017
190,0.0008434928746792023,0.09812285930417346,0.8990786098417283,5.9968219784357075e-05,0.001895069759634949
191,0.0007400486340807157,0.06890428355889275,0.929492774433928,4.9407081094786325e-05,0.0008134862920036474
192,0.0010991428618957984,0.1887408435693755,0.8078394726805913,0.00011525010292763047,0.002205290785209823
193,0.0005634108058765223,0.0657660195181258,0.9328145343843826,4.907094755260394e-05,0.0008069643440623579
194,0.00010268218557808425,0.023610325976123694,0.9757940161807747,1.2337368275065919e-05,0.0004806382892486232
195,0.0007053292770922382,0.0816249898686348,0.915647212048859,6.842345196008659e-05,0.001954045353453998
196,0.00018559434674263214,0.01774453472339631,0.9802988851851898,2.2893606206736148e-05,0.0017480921384644414
197,0.00020439252940155487,0.03182951367560402,0.9673113101575345,3.86127824806272e-05,0.0006161708549793893
198,0.000360327024400332,0.039034593017482314,0.9599340119911985,5.155038506774642e-05,0.0006195175818512361
199,0.00019011069183103295,0.03919218595748201,0.960173893155036,2.3877937042233268e-05,0.00041993225860866175
200,0.00034872523004796996,0.06142006723910997,0.9372604991724869,4.135537016430291e-05,0.0009293529881910161
201,9.635548050777134e-05,0.03439765416417734,0.9651392717078099,1.781726618177836e-05,0.0003489013813231902
202,0.00019097156547656348,0.047557704879076144,0.9518743075479711,3.0024345202135878e-05,0.0003469916622740653
203,9.600828101675166e-05,0.026226213860216098,0.9733754337041394,1.4702523071376371e-05,0.0002876416315564034
204,0.0002633363407335851,0.05839225807411653,0.9407159353790263,4.123476070335375e-05,0.000587235445420153
205,0.00010423100397435458,0.02448031940337694,0.9746967830907307,1.3012792982286577e-05,0.0007056537089357356
206,0.00012595554004221046,0.02259033291657804,0.9766671470746079,1.5727374244150308e-05,0.0006008370945277754
207,0.00014680322477723197,0.028385752168049224,0.9710598662946255,1.9055342293215957e-05,0.0003885229702547448
208,0.00014689357515120308,0.020644271874369364,0.9779873769572617,1.9079567110919828e-05,0.0012023780261068856
209,0.0009422371248449867,0.154901216636275,0.841821890612585,0.00015959154264405737,0.002175064083650907
210,0.0003240940235679947,0.04169284009944234,0.9567982436371382,4.928944245368877e-05,0.0011355327973979923
211,0.0009399584915627817,0.08291457551514654,0.9134655956489265,0.0001951441716002498,0.0024847261727639768
212,0.0014821523173698145,0.10335974958968937,0.8929062444612227,0.0002904209399055736,0.0019614326918125256
213,0.018290491686416693,0.7617040980150925,0.2087131429572925,0.0050673969303837805,0.006224870410814327
214,0.008692169195595744,0.4797502352622681,0.4834733730937792,0.016711500236171295,0.011372722212185476
215,0.03895044517749833,0.8647527343200827,0.04794613487624583,0.035712559455675225,0.012638126170497982
216,0.09199418009982988,0.7392754965401676,0.021729414604347734,0.1374894221471366,0.00951148660851815
217,0.0898408897895318,0.20426973952159705,0.001796418405095158,0.6933466371465586,0.010746315137217306
218,0.03474126842481842,0.05799612258988436,0.00016117824435255926,0.9006972427569764,0.006404187983968304
219,0.07079844355191517,0.2651816017058869,0.003734003744169642,0.6303631576242841,0.029922793373744094
220,0.03833729514925103,0.023515875915025613,6.684929619163766e-05,0.9217168810220918,0.016363098617439856
221,0.03611173464793336,0.05234546344197283,0.00013446417735388678,0.9054757680443642,0.0059325696883758515
222,0.01975328448108451,0.03770089012405053,7.086211573029004e-05,0.9403757499263894,0.0020992133527451703
223,0.03334246249219095,0.04571206356553254,9.660445641215355e-05,0.9170438449115743,0.003805024574290123
224,0.053041163677287846,0.08374067468886055,0.0002010779957397755,0.8531530733935997,0.009864010244512065
225,0.03428230840046397,0.09275914731060694,0.0002648299640851829,0.8671292267844736,0.005564487540370399
226,0.0574613938966944,0.08116025009616543,0.0002910441489045275,0.8263498651217301,0.03473744673650544
227,0.035191103087733905,0.05462903045853246,0.00010632999462298943,0.9022035496654675,0.007869986793643216
228,0.03413724679600316,0.0727075516444031,0.00021318179861446246,0.8710335126123971,0.021908507148581995
229,0.027461810059248724,0.02465421830481964,8.954081698521113e-05,0.9367937102603542,0.011000720558592187
230,0.06759496068559862,0.02570882481943999,0.00046604709163842046,0.8506347067493869,0.055595460653936085
231,0.054558831360918686,0.03865453652943929,0.00010094816599614067,0.8779604372970513,0.028725246646594597
232,0.04212197965371915,0.03986140994876111,0.00010228649353119642,0.9030963258467856,0.014817998057203071
233,0.053445054343926934,0.10270760278494663,0.00012007575332688565,0.8212048927386381,0.02252237437916143
234,0.12834801824131975,0.2669160443441038,0.0003266778338177703,0.3166716083708942,0.28773765120986455
235,0.20617806731509344,0.20290613334552818,0.00010068063927248417,0.5099743821911122,0.08084073650899365
236,0.406082666404821,0.054987852063728755,0.0003499451491844861,0.09111996669871494,0.44745956968355083
237,0.004174678609189254,0.003533574777672185,0.0001496310593735278,0.001282920198740984,0.990859195355024
238,0.01361582279765572,0.006249522607112454,0.0005756859363363179,0.0007413027512039743,0.9788176659076915
239,0.008984528921250868,0.010320438764398126,0.0008473172476880389,0.0004143981463066104,0.9794333169203564
240,0.009714323190279588,0.006365869388852619,0.00010923393048243656,0.00016318426788850316,0.983647389222497
241,0.005461870929911911,0.0007394549126212127,1.732806751679926e-08,8.31396009579818e-05,0.9937155172284414
242,0.013770706485068746,0.0015573719523159647,1.3040104434483475e-05,0.00015455869990406795,0.9845043227582767
243,0.021038130371961623,0.029943309722017947,0.005506874174335369,0.0007489224047998508,0.9427627633268852
244,0.04624642856631065,0.003825027033452877,5.6492699972034505e-05,0.0005060792161553692,0.949365972484109
245,0.07766845136241836,0.007946290143031382,0.0005002276615326038,0.0043974814323063,0.9094875494007113
246,0.009019804433557545,0.0017101762701790667,5.233282859574162e-05,0.001802062899444788,0.9874156235682228
247,0.04207966844453118,0.007768750574811301,0.00033809138593834416,0.003497170635560337,0.9463163189591588
248,0.3497674530014016,0.010733215384805626,9.577876973470149e-05,0.012646946833238254,0.6267566060108198
249,0.20483046510764347,0.07137497364188616,0.0008564629106040243,0.044725821470457415,0.6782122768694089
250,0.2530258996028689,0.3442422633925122,0.0008032319733963371,0.09860612566842443,0.30332247936279805
251,0.07956544481278925,0.04405528985248994,0.00032903975697143735,0.057350187436226975,0.8187000381415224
252,0.11913365353932777,0.049569212154298964,0.00037395399414280774,0.14681902523582563,0.684104155076405
253,0.03280202678512695,0.017130012312160207,0.00014820017602552586,0.026980023141245573,0.9229397375854418
254,0.06459355158883251,0.006032947833677998,8.016369923776308e-05,0.020666317420500097,0.9086270194577516
255,0.06759787348561914,0.009707468050829358,0.00012298176853151494,0.01973149098651393,0.902840185708506
256,0.06439371124491969,0.006074703478043366,5.030824564218607e-05,0.016672447751174428,0.9128088292802202
257,0.06015879390072093,0.013693321905370951,0.0005783375204522769,0.03197140965831282,0.8935981370151429
258,0.08585513095028453,0.03962691968414491,0.00015514624410941117,0.02585190105038042,0.8485109020710807
259,0.07405177741474672,0.024655551945953088,0.00021000798187179853,0.02381189759498288,0.8772707650624456
260,0.058901022448852314,0.02699292087883057,0.00016463958112145866,0.027848529340986295,0.8860928877502093
261,0.16788038457453366,0.018960254827852224,3.839664175754755e-05,0.037674909475738115,0.7754460544801184
262,0.42290513855378953,0.12546751210335488,0.00022849500906840046,0.18164099256376692,0.2697578617700203
263,0.3960145099709385,0.22481706084796627,0.00036610424954790704,0.2509479006083288,0.12785442432321859
264,0.4058947111658926,0.15782940069064946,0.000342767981144898,0.37777995419153626,0.05815316597077669
265,0.1635300635873651,0.10542069631614377,0.00023397315424643312,0.7031329143772703,0.027682352564974325
266,0.1301283474396656,0.4646818792604794,0.0063279354447262235,0.3714974712750937,0.02736436658003523
267,0.18824789981958215,0.2044187132204019,0.0008511178802863171,0.573197865231202,0.0332844038485276
268,0.11104731904848347,0.5318555574277064,0.007031457860486242,0.33969427835161153,0.010371387311712214
269,0.05717075662823214,0.743786131819682,0.005703824041337422,0.18152877380754245,0.011810513703206025
270,0.028269526987218196,0.8366367000089007,0.0679048826312732,0.055172897530201916,0.01201599284240598
271,0.02710918037371173,0.8662844709505363,0.06497663357655267,0.03197824502310686,0.009651470076092596
272,0.15334145858604611,0.6517097204231537,0.0010701858712604095,0.17991709848159124,0.013961536637948505
273,0.11140285213602637,0.7957528435561517,0.005780918394352689,0.06387187423303531,0.023191511680433936
274,0.028849784324399785,0.9388510110478182,0.007778434342479038,0.015139125230729146,0.009381645054573774
275,0.021657143845959678,0.9545023746372431,0.00559666433148551,0.009878785513457397,0.008365031671854156
276,0.016858417335067263,0.923365601594413,0.04521600914211073,0.007308108063610381,0.007251863864798334
277,0.14344283364345128,0.7728236671968194,0.004770278006298969,0.04894039025996877,0.03002283089346165
278,0.09260684076227797,0.8505869010394104,0.002578270910576179,0.030334003431739746,0.023893983855995622
279,0.05595823526595345,0.8906303588450748,0.005665434784659817,0.040242816129708286,0.00750315497460346
280,0.028880055142996127,0.9275265556197769,0.01752563894103086,0.011380246407679213,0.014687503888516914
281,0.07212424392223757,0.8654007876157737,0.0024465361276304197,0.048998314305838946,0.011030118028519368
282,0.029273769969552138,0.9139350700712231,0.007313328266054572,0.025485054095973788,0.023992777597196556
283,0.2242044617469626,0.5751863133186172,0.0037598938333407526,0.13699312603805117,0.05985620506302813
284,0.05056147817069198,0.9035348281538259,0.005689105140627928,0.0320404666363649,0.00817412189848933
285,0.18041290670254514,0.7074593575752411,0.0031913907038284605,0.055778816040764484,0.053157528977620806
286,0.4038519621710098,0.30311840975097354,0.0013878460514266003,0.03955111806939459,0.2520906639571954
287,0.3002688853989846,0.6340130322631279,0.00042496051618538583,0.04100987346640321,0.0242832483552987
288,0.41643716093634076,0.5095388846243936,0.0008305139147658879,0.05572045428263953,0.0174729862418602
289,0.1179139981461282,0.8352567318386613,0.0032994471337938107,0.017756974407464276,0.025772848473952316
290,0.03478301965666008,0.9397795775761204,0.00552433011580977,0.009758215516204758,0.01015485713520514
291,0.013166627258414691,0.9622607461892483,0.01426242152302641,0.007722261575115678,0.0025879434541950627
292,0.015931818174752307,0.9570866705439981,0.005764359983001856,0.017163810289266952,0.004053341008980649
293,0.03232932749984004,0.8662104632212163,0.08030232395344303,0.01148737036652658,0.009670514958974136
294,0.05220911958643011,0.9298304336225947,0.0020642614216575266,0.007889393209175432,0.008006792160142336
295,0.012456042590988295,0.9325950908829912,0.04938532223985448,0.0029083705277076484,0.0026551737584584742
296,0.05943426475647991,0.9223888491174741,0.007365484694651332,0.005332870993106197,0.005478530438288538
297,0.013016854817934527,0.9552089946419137,0.02342205181599096,0.003456431019996282,0.004895667704164458
298,0.03726527416993854,0.9242491471954066,0.022570677610740185,0.006943289862975552,0.008971611160939159
299,0.024658580309879583,0.9252616061951805,0.03908220428274104,0.00533236905029569,0.005665240161903126
300,0.03762780182085901,0.8864120738042738,0.059820253553995756,0.009737224783937506,0.006402646036933999
301,0.014486501786367902,0.9163427656893056,0.06079023210928632,0.005951789255373679,0.0024287111596663917
302,0.05261154867966874,0.9277489185918402,0.002805355481993552,0.013713107649835072,0.0031210695966625607
303,0.018916064493388347,0.8967301616253974,0.07471686341480321,0.00612236596119566,0.0035145445052153146
304,0.006912928042940647,0.891793355157347,0.09555670648065236,0.0033465689614957323,0.0023904413575640358
305,0.024190945535679596,0.9355645398838228,0.030220599265902474,0.00533388837017556,0.004690026944419526
306,0.008180020077313568,0.9538452270141117,0.03189757778844156,0.0031191398524451287,0.0029580352676880023
307,0.020222476535954194,0.9574869484069202,0.01455455189879929,0.002836523806115154,0.004899499352211245
308,0.01020813722588617,0.8315565253197694,0.15243987585814722,0.0015001345566601242,0.004295327039536794
309,0.009127850493001658,0.9649577407808997,0.01749761070994078,0.002692731031411493,0.005724066984746502
310,0.01861525793371794,0.8879047464657649,0.08453011400958783,0.00438807009349095,0.0045618114974385
311,0.018763927107914656,0.8748731757683473,0.09406210825626816,0.004819217467493098,0.007481571399976765
312,0.004560688998328488,0.5692600734647408,0.42031018569723994,0.002316525641785366,0.0035525261979052953
313,0.01102178118129746,0.2763101004555943,0.7032283108041865,0.003303061417331992,0.006136746141589942
314,0.031656225352650384,0.2819800923504827,0.13657641193635248,0.011950503966405648,0.5378367663941088
315,0.04180629650526733,0.05020607441003632,0.009201541746792899,0.007853459981927201,0.8909326273559762
316,0.05759179175871053,0.0286727895778276,0.003231357648272509,0.010727628458067342,0.8997764325571219
317,0.15186607720312392,0.043272836432570204,0.0006360594485415029,0.018471323708500197,0.7857537032072641
318,0.1386099619217805,0.019370138485010693,0.0012084456674080414,0.00932659369611614,0.8314848602296846
319,0.15987862381107854,0.014673118319477459,0.0003026719041590687,0.007124878512660705,0.8180207074526242
320,0.44775980604131815,0.07381120406206378,0.003711387863713951,0.016823898065737617,0.45789370396716644
321,0.5232382513667995,0.27770475364180214,0.022565171906456474,0.03485180114507817,0.14164002193986389
322,0.39535590238333584,0.5297666319783607,0.003119710545041863,0.04298916013573909,0.02876859495752243
323,0.05656023044456504,0.5628269191528072,0.33104365438721095,0.021864136275621993,0.027705059739794716
324,0.20574784760437936,0.6610818887942493,0.04601236362663615,0.050751769139615065,0.036406130835120114
325,0.05720537585771387,0.8786275757469444,0.0373525934774683,0.014746649412028615,0.012067805505845004
326,0.014091286921950845,0.9605906251181094,0.008214011418173274,0.014188245585270317,0.002915830956495917
327,0.015937644215498287,0.9624941553009242,0.012572523717331377,0.007125464610301718,0.001870212155944429
328,0.020654879523229853,0.9651154184846726,0.006127428535538263,0.005034619161206681,0.0030676542953525904
329,0.0094046619842744,0.9487899257106701,0.03645155485304973,0.0028537452619481203,0.0025001121900577253
330,0.018689064122512238,0.927929489854463,0.04756616387962661,0.0024806778124254894,0.0033346043309727333
331,0.011524708267462923,0.9170044267348413,0.06613659910056607,0.0028644972914116766,0.0024697686057178615
332,0.022466876461454052,0.9326416434842323,0.0358585767334716,0.0044424973221854356,0.004590405998656422
333,0.006536633067082493,0.9025267018665961,0.08463211491071229,0.001993620521374945,0.004310929634233914
334,0.00796024098770651,0.8897764439374557,0.09616031659275054,0.0029520021158685483,0.0031509963662186245
335,0.0036194532931356094,0.5683464111503,0.42303140732178673,0.003360459934035656,0.0016422683007418597
336,0.007877571712145417,0.8108471764544826,0.17225760826215591,0.005411564616804071,0.003606078954412119
337,0.020544732175573913,0.9217762431838835,0.04486304163689268,0.007157985084957403,0.0056579979186925115
338,0.013958292757950212,0.767108021433943,0.20766773745596673,0.008074106485043111,0.0031918418670968795
339,0.008769656024583346,0.9551924573061906,0.02977582772722192,0.0026281127740105602,0.0036339461679935313
340,0.012889725358879863,0.9176484541779016,0.06506005175232242,0.0013320666835933705,0.003069702027302739
341,0.006215591627236227,0.9518544661749823,0.03660533735557838,0.002267444527567029,0.003057160314636037
342,0.0035051271527897793,0.7818195254101111,0.21136740813014335,0.0012993911413448393,0.0020085481656110233
343,0.0042686203702656435,0.6610126325937952,0.3289669791046492,0.0019587756701920783,0.00379299226109784
344,0.01369250843029665,0.919771304694838,0.06120079857699962,0.002437422850838016,0.0028979654470276664
345,0.004674036376865584,0.5581426203642562,0.43352221751880704,0.001754709926508556,0.0019064158135625434
346,0.008374410376464532,0.7964673421927995,0.1907604174920644,0.0011666492745898975,0.00323118066408152
347,0.003892849668530186,0.5086907010362277,0.483900948971312,0.0014713496193853616,0.002044150704544863
348,0.01430626488704953,0.740321400057098,0.2388732243481838,0.00316417316625119,0.003334937541417507
349,0.010416618014240198,0.7750579724853461,0.20965224906137328,0.002261151136635535,0.0026120093024047963
350,0.004364418206932174,0.6388601712664658,0.3479369843919149,0.003255252456955888,0.005583173677731446
351,0.009284726206674712,0.8129953928994705,0.17100676711956617,0.0031598332688689175,0.003553280505419412
352,0.024967922641608683,0.7697577099568017,0.19591200472160128,0.003415432245254244,0.005946930434734053
353,0.020755728008123475,0.7303220951672972,0.23973317879593511,0.0037359182876188154,0.005453079741025425
354,0.027653689553955998,0.9299804418527414,0.025096875410871352,0.006631041774940518,0.010637951407490782
355,0.01789362166930094,0.7096101541465331,0.2384470586361491,0.0013534042081821181,0.03269576133983481
356,0.0060553906827452205,0.026105483659531827,0.0022939944373154826,0.0032950039506264646,0.962250127269781
357,0.007708707083580932,0.00916264961533834,0.002220886086316252,0.0022134611622976583,0.9786942960524668
358,0.0039048449923140506,0.004199225831540535,0.0018557461353397788,0.000845471912822771,0.9891947111279829
359,0.0051657548196492094,0.013460842981394102,0.000384583953266606,0.0012377294000813547,0.9797510888456088
360,0.0017248671676205816,0.0021378491489414423,0.00016837517068741558,8.75703988539534e-05,0.9958813381138966
361,0.0005490824285769774,0.0010017568850136567,0.0003084590731862911,0.00048566407733133347,0.9976550375358917
362,0.0013617745685700472,0.0021636094246365984,0.0006905343701897062,0.0008000257077745667,0.994984055928829
363,0.042185179553765474,0.016981015622831663,0.029830116524695718,0.0019239182019926756,0.9090797700967144
364,0.12224442914391523,0.01237707020845853,0.00022168143559545854,0.02520609146214956,0.8399507277498812
365,0.03966622369256181,0.006346194738587717,0.00013090270367685093,0.013167893281177852,0.9406887855839958
366,0.046775700723026885,0.004636094404876953,4.482861646566363e-05,0.03940690987031126,0.9091364663853193
367,0.049598757818436874,0.014156597170156273,8.027105785478638e-05,0.030902451946101427,0.9052619220074506
368,0.036995371010113486,0.0147477976453679,7.308224006832701e-05,0.03657100430431286,0.9116127448001374
369,0.13633417962764882,0.009862907781954035,4.649037239684927e-05,0.08192969298400761,0.7718267292339926
370,0.08039988182068183,0.028879249001270365,0.00036320175301019403,0.05525102360805186,0.8351066438169856
371,0.40720260459339164,0.06105532410695074,0.0001193775282685339,0.14960430549707956,0.38201838827430956
372,0.054105925052281637,0.012962831589231418,0.0001359384875851395,0.046111630490971285,0.8866836743799305
