epoch,N1,N2,N3,R,W
0,0.012363836255724212,0.0007535690190739652,1.2273330314174197e-05,0.00018572193705175536,0.9866845994578358
1,0.0004939953235773071,0.0008636111441197805,6.0322598023375785e-06,9.279022860417469e-05,0.9985435710438963
2,0.0036951228145856493,0.0007736796817151079,2.2333542092443147e-06,0.0002774265599904726,0.9952515375894996
3,0.024744384593308397,0.0012578920173480519,4.132817470731028e-06,0.0001481732263817755,0.9738454173454911
4,0.010054412857097251,0.001014644546309401,2.9783700647823624e-06,0.00033573730002361035,0.988592226926505
5,0.14818488382080794,0.004126635983921414,2.4200359100191693e-05,0.0005707779664665349,0.847093501869704
6,0.25774320521194855,0.023387982166972573,5.316893709005795e-05,0.0021865597089144703,0.7166290839750744
7,0.3600428803933919,0.04997381333033169,0.00018320606862109543,0.002082855342935637,0.5877172448647198
8,0.4471566818671325,0.1142621645332915,8.418330494511634e-05,0.009027478515746472,0.4294694917788844
9,0.30204721420009256,0.5571257522946621,0.0012587287085865308,0.0031658207328367914,0.136402484063822
10,0.16146524353709427,0.6352727447413409,0.001640449445811495,0.0063301013494751505,0.19529146092627825
11,0.08438585076477685,0.8289863671055642,0.004053444122658456,0.0009516898010372471,0.08162264820596338
12,0.07588841201345622,0.8605449110668912,0.00504306743058599,0.001704340296457595,0.056819269192608886
13,0.015919392392870903,0.9024270566997569,0.0610947208626168,0.0009590834960356573,0.019599746548719803
14,0.03473487150046159,0.8741132937494075,0.0060535585012659095,0.0015104133966337148,0.08358786285223134
15,0.11591514633544946,0.7310288184912026,0.0008134488966545824,0.011752087238970109,0.14049049903772334
16,0.05076294809951551,0.825000880726825,0.09620820536639442,0.0018773670322160475,0.026150598775048873
17,0.042763729261248114,0.8573818519720025,0.07949844356665309,0.0016351066543445908,0.018720868545751657
18,0.013779918067044499,0.8141204529374302,0.13622747035261124,0.0006750525288648264,0.035197106114049165
19,0.005875883805648608,0.8774477173444933,0.10315221354461167,0.0011860474904165233,0.012338137814829932
20,0.006250941433136987,0.779212100766485,0.1915967487792386,0.0012158225843879639,0.02172438643675148
21,0.0226916326563673,0.35214898347330004,0.0277801023980657,0.00172128486341298,0.5956579966088539
22,0.025733619623616935,0.0314066629221941,8.234250000589802e-05,0.00024024593942302723,0.9425371290147601
23,0.4106416090379985,0.3112185314735611,0.00040883427673349176,0.001980271451279124,0.2757507537604278
24,0.35709814265439066,0.5524582933909549,0.0009322433942596804,0.0020415187461196825,0.08746980181427512
25,0.23894459337184654,0.7014038042111576,0.0017093311143432522,0.0009032576440433967,0.05703901365860928
26,0.1049295101367567,0.8329682081105974,0.009309378461782173,0.00034970605536660396,0.052443197235497174
27,0.11654669380091931,0.7552752713975931,0.007716604667255552,0.0018569049840352304,0.11860452515019689
28,0.10951353540608254,0.8404968838819834,0.008698004438701808,0.0028682531739907076,0.038423323099241534
29,0.10452873534167785,0.848200956502066,0.009757395672243057,0.0034765279979972444,0.03403638448601602
30,0.033069767682075306,0.9283505611598196,0.023556013162293107,0.0017432195089237684,0.013280438486888332
31,0.007207198352743498,0.7996875815956326,0.17543211908161532,0.0009035450171428337,0.016769555952865795
32,0.012747382561305047,0.7870465039190733,0.16857450647911276,0.00403101661760554,0.027600590422903307
33,0.07486894862900036,0.23328011861009676,0.00045061121728937173,0.0013367939976011629,0.6900635275460124
34,0.060346866852476734,0.7315592877946002,0.025878060975268936,0.001139812950310394,0.1810759714273437
35,0.14080508541923972,0.6301169370224079,0.021810138195336542,0.0037723371344737283,0.20349550222854215
36,0.06379736834253176,0.6935349856665302,0.008334950863371745,0.005439737806217039,0.22889295732134923
37,0.05735409509738249,0.08357659939975383,0.00013768051705645548,0.013622944618727663,0.8453086803670796
38,0.016708834058148894,0.0105759496655776,9.30777169034799e-05,0.0021356034857547765,0.9704865350736152
39,0.06079393816668919,0.0493090834733768,9.660332582563635e-05,0.006054479880314988,0.8837458951537934
40,0.013011360092344855,0.004119733171802813,1.0492257685574551e-05,0.0009132789531594458,0.9819451355250074
41,0.02881989806121692,0.006644296995555868,4.240486973524106e-05,0.0008877830939889727,0.9636056169795029
42,0.020950216314679058,0.0038660713259204105,3.894909360570432e-05,0.0010994147785923494,0.9740453484872025
43,0.000444826294923001,0.00023658328370683397,4.4401533293898866e-05,7.431401977752027e-05,0.9991998748682988
44,0.0018961397171003455,0.0003412705926366831,8.835687140722027e-06,0.00021712525903897127,0.9975366287440832
45,0.09037677799615007,0.014864631501394176,8.738106220815503e-06,0.0008832776775955166,0.8938665747186395
46,0.04858947709571008,0.004615750919794011,9.48207959750913e-06,0.0013130421509090187,0.9454722477539893
47,0.012635609321436848,0.003167107496047513,2.389968310174324e-05,0.0005010157300554778,0.9836723677693583
48,0.08351122208643039,0.01153218652420691,0.00010540020110025129,0.0004514193987865661,0.9043997717894758
49,0.12971513975331952,0.072377735177783,0.00017313062936461055,0.003057880842089521,0.7946761135974434
50,0.0721884655631593,0.02570040321671833,0.00014859412887885458,0.0025988389287556796,0.8993636981624878
51,0.004912426159632854,0.0017536937388779664,1.2332558094860393e-05,0.0004732809274969786,0.9928482666158973
52,0.016584508713187802,0.001839147579464134,7.689130130651235e-06,0.0007349992488271989,0.9808336553283903
53,0.0001970033886678291,0.00022444541319772797,2.5327918010923897e-05,8.457279384216888e-06,0.9995447660007393
54,0.00021450621705569324,4.955744349511569e-05,5.776281261650732e-06,5.684906884731041e-06,0.9997244751513028
55,8.065097521080687e-05,3.568240947710149e-05,9.475215018797216e-06,1.8479909404815447e-06,0.9998723434093527
56,0.0007323825771527447,3.1444069038055226e-05,2.2751459112228577e-05,1.3205824706120167e-05,0.9992002160699908
57,0.0003869312162866872,1.7609011073088203e-05,3.3385543943895385e-05,6.818509441129037e-06,0.9995552557192552
58,0.00086793474993441,0.0003082412444893904,5.424678617396588e-05,1.4641773638944097e-05,0.9987549354457633
59,9.511868719777474e-05,1.6170187754699167e-05,1.024676453791561e-05,2.722239802578053e-06,0.9998757421207071
60,7.532369852725149e-05,2.8363184113231194e-05,2.058178033494236e-05,7.758203795585628e-06,0.999867973133229
61,4.4407155525614485e-05,2.74213415208981e-05,1.337714947086477e-05,1.2530112466233287e-05,0.9999022642410162
62,0.00011155400500001097,3.8076871910968026e-05,2.4282344100251265e-05,8.53327772500734e-06,0.9998175535012638
63,0.00010715847505497411,5.9707194512798524e-05,2.1961286954754844e-05,9.226061825487781e-06,0.999801946981652
64,0.0006652319714739366,0.00011825766225946797,6.495025614019873e-05,1.4499467332285093e-05,0.9991370606427942
65,0.00100453195203909,0.0005821746810477169,1.5406045383526416e-05,1.6766838545684555e-05,0.998381120482984
66,0.0004977050973558782,0.0001306625670247071,0.00012907208176587832,6.1972841457279455e-06,0.9992363629697079
67,0.0002517458384258208,7.01294583039499e-05,8.960080545429595e-05,5.861113846796555e-06,0.999582662783969
68,0.001316784257104589,8.556565090858465e-05,1.2600874398385012e-05,1.4367220397376129e-05,0.998570681997191
69,0.014114682701819278,0.00022819757238772874,2.5895427028978908e-05,3.553149632350058e-05,0.9855956928024405
70,0.0022901280822240806,0.0003064930397093058,7.413584052462072e-05,5.308563885677623e-05,0.9972761573986852
71,0.0009368458463206676,0.0002511871638764838,1.636151581558667e-05,3.352921529510845e-05,0.9987620762586921
72,0.0021440348108497723,0.00039819085273051563,1.6806767885551218e-06,4.092223635417832e-05,0.9974151714232771
73,0.004625429067160049,0.0005081738432487043,1.2958512019066739e-06,8.388590228220689e-05,0.9947812153361071
74,0.004386679914550317,0.0009009994496793815,1.4562167579877038e-06,0.00015774559296330955,0.994553118826049
75,0.0044522823090377885,0.0010883479466471558,1.6386068977297786e-06,0.0003744614945812086,0.994083269642836
76,0.029007040897792984,0.0017064835250475106,4.053647069737925e-06,0.0011552055521489195,0.9681272163779409
77,0.00863922651876368,0.0022741245460317174,4.630498851808445e-06,0.0005503004585615268,0.9885317179777914
78,0.012695048485433583,0.0008628874469269967,3.237693957140189e-06,0.0004641289800291771,0.985974697393653
79,0.20518094797613898,0.0056247472115885395,2.6100546325213043e-05,0.0016778521297229167,0.7874903521362244
80,0.43156490272899833,0.009344907048112002,2.407848611958041e-05,0.00855869818661555,0.5505074135501545
81,0.13434808013600297,0.014899806092545324,4.6211856419071655e-05,0.008250251014638115,0.8424556509003944
82,0.06575238692482704,0.005403585174853308,1.2191854246908727e-05,0.006823261908916817,0.9220085741371559
83,0.40129096029147976,0.045217671280936456,0.0003207669925647227,0.03165198122136496,0.521518620213654
84,0.3867314172307882,0.09877051110375226,0.0002892820244733286,0.10220620190099239,0.41200258773999365
85,0.2799191605926367,0.15599524984143634,0.0011342410648205467,0.051714651154905214,0.5112366973462013
86,0.2555949628600607,0.2696402940656194,0.000985330228969915,0.1283773362823826,0.34540207656296734
87,0.17797376750341448,0.26447100412313196,0.001528367091616795,0.0938774081075084,0.4621494531743282
88,0.039466913134402204,0.5323984781820187,0.013098101602754523,0.013969288461781035,0.4010672186190437
89,0.12847949529783012,0.24017580884845982,0.0024533312753362594,0.059291392400590476,0.5695999721777834
90,0.1249675168194392,0.20555267727531532,0.00021968319958960285,0.12833416808462664,0.5409259546210293
91,0.11979880204331136,0.39013557532562854,0.0007298963822388731,0.0770681882741561,0.4122675379746651
92,0.11752418329008069,0.4198275852009109,0.003969924602483745,0.017635238937475813,0.4410430679690489
93,0.1180111923214952,0.15533751187440178,0.0009378102578590311,0.053520361628983514,0.6721931239172605
94,0.15139754917876655,0.17664115029723812,0.00025990981013194103,0.0790228668306693,0.5926785238831941
95,0.11757396408698396,0.5736500538523026,0.002175762857141375,0.09097560068439627,0.2156246185191757
96,0.11941349760127196,0.5145625408137462,0.005987786507187023,0.04082385966037172,0.31921231541742306
97,0.05783571980744368,0.4749132112964169,0.002202508942449277,0.05717417331336143,0.4078743866403288
98,0.012420060026895647,0.00914391190191131,0.00015378922827207668,0.003001618113243232,0.9752806207296777
99,0.04703850184276424,0.015530606821868943,3.996058546603473e-05,0.007927266350415525,0.9294636643994851
100,0.039877142640866343,0.043522560304196586,0.0005212404397239643,0.0023304141879776107,0.9137486424272355
101,0.08291307344179523,0.01247387567649107,3.496252700414385e-05,0.00292197300677017,0.9016561153479393
102,0.3152323004772862,0.06930419832088004,0.00022551864773717278,0.03783221584755316,0.5774057667065435
103,0.13633416643489868,0.14428777515774718,0.0004313985848684642,0.026662293012109,0.6922843668103766
104,0.06388396102940644,0.21238520079489018,0.0011857712420574804,0.017186401512520634,0.7053586654211252
105,0.014529929030221222,0.010882480108858119,7.05690862278982e-05,0.003364882875734901,0.9711521388989579
106,0.2986253055789882,0.1724532249911753,0.0001288993845099926,0.054541413034325026,0.4742511570110015
107,0.14326082986061955,0.19214930429921112,0.000630270892882483,0.030712133271921693,0.6332474616753653
108,0.12859347663216547,0.2409785014714231,0.0031660952039430936,0.03144870992528033,0.595813216767188
109,0.09466339403376113,0.26634431391261976,0.0032185990541743993,0.02661702297811529,0.6091566700213294
110,0.028494782707580386,0.04597372198297109,0.0005911991166071795,0.01932810482739991,0.9056121913654415
111,0.01328389912273856,0.08232274165861109,0.003876138452693862,0.003426751873628927,0.8970904688923275
112,0.026663495386537138,0.004225249952053881,7.231525362141153e-05,0.010866749926020618,0.958172189481767
113,0.024102466853187236,0.007016612326953248,0.00016174909583988931,0.002379592720677845,0.9663395790033417
114,0.01720510720796167,0.0021941912761002324,9.45486843152459e-05,0.000623521202025685,0.9798826316295971
115,0.03525722079835949,0.003739150295579713,6.446747580473433e-05,0.0008330832559568075,0.9601060781742992
116,0.07616176147337247,0.024548061930691055,0.00022395576789472051,0.0013436315849577375,0.897722589243084
117,0.2705175140766792,0.12875725052869874,0.0010749064246177748,0.002311893797562217,0.597338435172442
118,0.40510427126956694,0.32759920035081014,0.005920863241856908,0.006038699752883696,0.2553369653848824
119,0.18982646681190427,0.6567348272134261,0.022169231279542692,0.005927899232179052,0.1253415754629479
120,0.04379707736533137,0.8469454310945457,0.06544877767659091,0.0030898229623665323,0.04071889090116579
121,0.11458022658436155,0.7759783128813548,0.03777779795381375,0.003524002507792592,0.0681396600726773
122,0.029472610526254068,0.7177562815150007,0.23726244753597328,0.0005485048423987713,0.01496015558037313
123,0.002629366609488057,0.23333659579219798,0.7586528529021668,8.911173183872953e-05,0.005292072964308555
124,0.00248914314714187,0.21521122703613083,0.7729888137908301,0.00014062429359217957,0.009170191732305027
125,0.00485004054587307,0.3008650386890347,0.6873228124424255,0.00023660659492531498,0.006725501727741354
126,0.00021016500783139618,0.0496164293301726,0.949207466107902,6.345570284289218e-05,0.0009024838512513549
127,0.000485002020816461,0.0815734424432176,0.9169134145960107,4.0679202432311454e-05,0.000987461737522929
128,8.816896706084509e-05,0.027660072314818283,0.9718287933230578,9.86471892897448e-06,0.0004131006761341106
129,0.0008471550314512575,0.08982427931034126,0.9085137017289798,3.0199567575497865e-05,0.0007846643616520106
130,0.00011320135056236745,0.041692347930440105,0.957478203956672,1.5718881926378387e-05,0.0007005278803992217
131,0.0007561305848566223,0.10455961742895484,0.8930568541863563,8.254106126677598e-05,0.0015448567385656586
132,0.00021765651740511907,0.03157549871320412,0.9670343082074373,1.9709058975111985e-05,0.001152827502978414
133,0.0026380123620633744,0.2274110960112661,0.7646324367875124,0.00022837530058316695,0.005090079538575005
134,0.00037159042264093444,0.08954262599872614,0.9091959090583602,4.492422340825045e-05,0.0008449502968645779
135,0.0006377584752105574,0.12096553226760949,0.8772215203662248,5.370116391692696e-05,0.0011214877270381719
136,0.0014433550676913544,0.17371083520093403,0.8220102660231297,0.00013176921898058912,0.0027037744892642393
137,0.0005514272705783586,0.11399580094367834,0.8846181125203261,3.7939173279051945e-05,0.0007967200921382503
138,0.0003923797235564476,0.06370300140932164,0.9351578480522589,2.115313431712624e-05,0.0007256176805460979
139,0.0002779310594187787,0.07772830923548404,0.9213155233788416,2.9254267365500082e-05,0.0006489820588901292
140,0.00010767502384960628,0.03823922551171063,0.9613794755518106,3.2075856747464016e-05,0.00024154805588169097
141,0.0015141042472596362,0.10682398135492378,0.8892314676851379,9.325143839046258e-05,0.002337195274288177
142,0.0003447516716219331,0.02350676632969822,0.9755382935962674,5.371863708372629e-05,0.0005564697653286443
143,0.0005868467940661221,0.04887687394996785,0.949221257969946,0.000238349239797821,0.001076672046222293
144,0.0035291637139806585,0.13521205073808304,0.8550481076351335,0.0009994445425055918,0.005211233370297294
145,0.0015375147562452485,0.05941568375531975,0.933673195712563,0.000674541315160357,0.004699064460711545
146,0.0035041411983169385,0.04247415652458137,0.9407827001061811,0.0009258326248315426,0.012313169546088836
147,0.006915252442900878,0.027645215238593687,0.010958417579084048,0.0020750881821429527,0.9524060265572785
148,0.01004995563529558,0.00537134698246149,0.0017014541893085506,0.002153291198752892,0.9807239519941814
149,0.0060801106523817195,0.00193607729658944,0.00024046302008441878,0.0004755495036369918,0.9912677995273075
150,0.303405494596268,0.0748519634187083,0.00019168662873152975,0.014893787064943945,0.6066570682913482
151,0.0743981729525604,0.057108968424417025,0.0008625566894101816,0.013543803290065189,0.8540864986435471
152,0.501198750954064,0.06342088515717927,0.00011062727421402193,0.031286326920187464,0.40398340969435526
153,0.38397933785234195,0.23209072036898912,0.0009577346938755459,0.045569064083825904,0.33740314300096746
154,0.1905194149609833,0.18166323596632772,0.0035472318575186074,0.04315460309096192,0.5811155141242085
155,0.33367849338668026,0.30692131848869364,0.0042542496103199256,0.2176072961079891,0.13753864240631702
156,0.017483580501057458,0.048192897390668475,0.006674535801180643,0.009854195731991488,0.917794790575102
157,0.15085209451297424,0.09144056265387705,0.0003748457196382724,0.01445621742167863,0.7428762796918319
158,0.5175424826269247,0.17202401100460332,0.0005075857918605703,0.013837859516437167,0.2960880610601742
159,0.37147808274852145,0.3234092878282518,0.0011134419040206543,0.0072188659991758095,0.29678032152003037
160,0.6727279092366221,0.24119710698601143,0.002694715287048904,0.007035981270765702,0.07634428721955185
161,0.23616284463580423,0.6090785370272191,0.011675518134413698,0.02462111755114832,0.11846198265141475
162,0.11587528067606145,0.7925157944650555,0.04908253791839306,0.014096221398459598,0.02843016554203042
163,0.025665450597542515,0.6848259132258868,0.272213114370136,0.005220045299469381,0.012075476506965341
164,0.029592051631059862,0.5847706776905507,0.3635239048810675,0.003238867561928827,0.018874498235393083
165,0.08832172208702956,0.6520619783468695,0.20093753889152013,0.0035133227671703604,0.0551654379074104
166,0.25643878447442353,0.5445466917795189,0.04248086043993866,0.009991837824481938,0.14654182548163713
167,0.11264025636258189,0.7919695085619235,0.0877179899016229,0.0012575648752668764,0.006414680298604928
168,0.08125884235243098,0.7674343188087546,0.13136182841143348,0.001697218550620242,0.018247791876760726
169,0.06015129240697886,0.8401116240183313,0.06037501696607266,0.0031108301560578678,0.03625123645255925
170,0.11190668496486095,0.6512784471367489,0.21357571240908813,0.0028242760463977785,0.020414879442904293
171,0.163338072658787,0.5860719253521725,0.2217192915255196,0.002428558732061455,0.02644215173145952
172,0.28302979933651445,0.5010186711112624,0.18238254269964513,0.0030701250014899075,0.030498861851088143
173,0.04644764431119696,0.47890833800746063,0.42104741706852966,0.005048150544009179,0.04854845006880362
174,0.03648159677490782,0.675459720744063,0.22088354344769345,0.004004313348479324,0.06317082568485644
175,0.020121503905516418,0.026539851399132133,0.0021169546451302707,0.0016939005333813423,0.9495277895168397
176,0.09497032225241642,0.03961575794095985,0.0003897050834277637,0.0023362924522172144,0.8626879222709788
177,0.3223968969262101,0.5381055293521988,0.026151916110057655,0.00507534036921472,0.10827031724231881
178,0.18041173817979456,0.7493710031333485,0.011773483760505316,0.00577582767378979,0.052667947252561936
179,0.3856654049230979,0.509332274219529,0.005018218430435365,0.01757016282686087,0.08241393960007695
180,0.021725279754940197,0.8776327685596096,0.07153199755283894,0.010382834649876518,0.018727119482734783
181,0.04082570971839371,0.832914685440889,0.04669950012772195,0.034911504383385916,0.044648600329609316
182,0.06675898257341448,0.14773440215932368,0.002449752942765905,0.08532225176453029,0.6977346105599657
183,0.11638959391015738,0.252262907624375,0.0033357800907627163,0.2386910245056177,0.38932069386908713
184,0.10574518600422714,0.4434588249377639,0.005496187111129547,0.1533252679347222,0.2919745340121571
185,0.26348079882379044,0.248453703613785,0.00045605045747141107,0.15398672607605143,0.3336227210289018
186,0.15011492995988515,0.3486141486971744,0.0011785471450562895,0.09742761708732715,0.402664757110557
187,0.023957594216730094,0.07094613363884887,0.004486546350655088,0.008081269615076967,0.892528456178689
188,0.25152483720236274,0.1474816163439153,0.000567433475263546,0.062300219010255294,0.5381258939682032
189,0.2617019249955526,0.47013664962783847,0.0018640598515900254,0.037683314468769484,0.22861405105624935
190,0.13053439350408885,0.4460347196918008,0.007264721562132079,0.021916469872951684,0.39424969536902654
191,0.22973240072349158,0.49986170054080165,0.0034028390045935876,0.05062561577029477,0.21637744396081854
192,0.12328313357464137,0.25344534140230135,0.004305817545104097,0.0537486569245384,0.5652170505534148
193,0.10859800148127596,0.6911214219828773,0.021279666700519215,0.03683825498447693,0.14216265485085067
194,0.18399302041825827,0.2392552383356214,0.004502035616338015,0.048599083826946714,0.5236506218028356
195,0.2052510280414539,0.5707028499494794,0.03739970834774508,0.0170314462123094,0.16961496744901222
196,0.523753186592226,0.283943353586677,0.0005596884482333759,0.05501898949112471,0.13672478188173898
197,0.5858127255253642,0.3084409452826107,0.0030805648569787705,0.01571224653290995,0.08695351780213642
198,0.47174614536325643,0.4768394369094175,0.0010405060456772327,0.012686305978108712,0.037687605703540177
199,0.13506580187382075,0.8042624868843116,0.0018520365144777257,0.009462135507146306,0.04935753922024368
200,0.1180020489242129,0.8053899311587653,0.013184869742324537,0.026793040773834525,0.036630109400862726
201,0.065132417136483,0.8932492133590885,0.017007974928172086,0.011586939996436172,0.013023454579820229
202,0.03747206690666831,0.8655431815763439,0.08163392509618649,0.005156428233898305,0.010194398186902898
203,0.23546407453431686,0.711102731932225,0.0016788801321854694,0.03634939767931259,0.015404915721960169
204,0.04564390642125463,0.9328957443884894,0.011036140131574277,0.005390997242486794,0.005033211816194777
205,0.027912468041170646,0.8250449694790939,0.13672919060508568,0.002854347794047867,0.007459024080601868
206,0.02211538161628329,0.8193414477515726,0.1443648323730607,0.007100775015834141,0.007077563243249364
207,0.06559590594401855,0.6418858461181101,0.03900894606298555,0.007419383339344249,0.24608991853554146
208,0.17690247943875576,0.41055036821069363,0.0404832149049153,0.03480451462721554,0.33725942281841975
209,0.10961010422369648,0.12655450934297235,0.0012372086790528379,0.010127650811311457,0.7524705269429669
210,0.2869310823357613,0.6294308311848394,0.02072423751458354,0.011604277269447861,0.05130957169536787
211,0.030557651193472583,0.054627739008133745,0.007594605564942396,0.005439646282392038,0.9017803579510593
212,0.4588370293287549,0.24586169041566952,0.0009066170218091836,0.06954747852513225,0.22484718470863396
213,0.20084753554034676,0.5896332281491425,0.0032053433494750915,0.017777453268210553,0.18853643969282494
214,0.3679365794751345,0.38101682512239315,0.0018730497971137172,0.011403613902043858,0.23776993170331498
215,0.49262087872407917,0.3565663515337611,0.0016915262273756461,0.011088295763362578,0.13803294775142136
216,0.06976269282334982,0.8693883039578921,0.00973982116376919,0.003916434702745706,0.04719274735224306
217,0.1732749307342361,0.7863555712110032,0.009680037134798267,0.0034053323923273673,0.027284128527635145
218,0.09840851567144714,0.820603341860659,0.06544276668054654,0.0033636138463600984,0.012181761940987287
219,0.01581161596198276,0.8595777169890069,0.10959299360746672,0.0020219771742104476,0.012995696267333273
220,0.007233806527195408,0.698983701842545,0.28561408171351904,0.0012442832465061789,0.00692412667023447
221,0.007287281104194883,0.7134140521156692,0.27214186410029717,0.0004872187348490717,0.0066695839449898075
222,0.02304330101330189,0.7513396310387644,0.2113173079188163,0.0007404010489359583,0.013559358980181336
223,0.10955808824347091,0.6967137046049502,0.1396792772428716,0.0031852759685767782,0.05086365394013059
224,0.07986979481680982,0.7631173046800263,0.142020283122012,0.0008704194495442079,0.014122197931607548
225,0.03128993405372895,0.39635273868376264,0.5653677253146038,0.0007059737399726853,0.006283628207931888
226,0.00989595452867293,0.7363368625885803,0.24754438614392676,0.001650355729086686,0.0045724410097334476
227,0.004959159482389602,0.6266442370728205,0.3594267062749899,0.0013770921274708578,0.007592805042329239
228,0.0192215659917838,0.8215581879996651,0.15163415024683227,0.0022242752404667094,0.0053618205212520266
229,0.010591541064100641,0.5335680827868312,0.44983418130146596,0.0022537652181784024,0.0037524296294237547
230,0.0418104385385008,0.8804063891790169,0.06621244562693966,0.004117044245219137,0.0074536824103235136
231,0.08700993512267358,0.8349938453057008,0.015298627436334894,0.04249126687419307,0.02020632526109776
232,0.10495202876965991,0.7059284624329946,0.08134386340928743,0.027266252107767605,0.08050939328029043
233,0.11060947216496282,0.8408393704377791,0.015824249314356578,0.020718706640384027,0.012008201442517257
234,0.20224938428422315,0.5245716293576932,0.011119375175058909,0.058691736810941156,0.20336787437208367
235,0.18011897507192784,0.6629568956002281,0.018489738161606435,0.062081450075309186,0.07635294109092834
236,0.22786477430099927,0.5185493794433931,0.012183773493601224,0.12008685893599161,0.1213152138260149
237,0.13461323237717143,0.5895200811396356,0.01143803979119197,0.21798286790973692,0.04644577878226403
238,0.20787639217772408,0.26464092945015955,0.00511601815272179,0.34043776049961444,0.18192889971978018
239,0.11574932493145491,0.17142016133494536,0.011041973334425508,0.6170297406823514,0.0847587997168228
240,0.11285669732309425,0.43169154017209105,0.008167336039921539,0.39952187974381026,0.047762546721082794
241,0.1089877506706083,0.31920402290054695,0.004599883379312904,0.5268172479342578,0.04039109511527409
242,0.06849807313418384,0.34077356759704086,0.0007031287973286917,0.5366148621338221,0.05341036833762437
243,0.057476202453638776,0.3146979849889431,0.0012769284130314288,0.5862058835811473,0.04034300056323934
244,0.05263792065539911,0.4728430610488173,0.001404226893800246,0.43652216274808137,0.03659262865390207
245,0.08045026505830456,0.5581436236324391,0.004684263389107195,0.2764275680969017,0.08029427982324747
246,0.09353382473776432,0.14143786365087635,0.0008813297409372584,0.73821799362959,0.025928988240832125
247,0.07372783326150319,0.13323630672446732,0.00010822836275534812,0.7818481814871195,0.011079450164154665
248,0.10370712493118141,0.32165924579236665,0.0019041241486901957,0.449579541380085,0.12314996374767663
249,0.10392081591933644,0.19156268002605706,0.004796232028391296,0.08903405764813496,0.6106862143780803
250,0.40923848258179524,0.30441607907672125,0.001624963586023383,0.14918926192951976,0.13553121282594027
251,0.3574549488442377,0.387967280584035,0.004677172708792958,0.2122592855236529,0.037641312339281426
252,0.1300026730009007,0.8020183980542098,0.011143203990340054,0.03556482730725622,0.021270897647293247
253,0.11847701164110905,0.7751834668812875,0.007344073011472895,0.07252846586189991,0.026466982604230683
254,0.09274251697936034,0.8192533021622185,0.017623313066954534,0.05839185838575111,0.01198900940571572
255,0.031872809368309975,0.8705990909131922,0.0717771082364686,0.013720964209310692,0.012030027272718487
256,0.1339895335387733,0.8134814046560537,0.0035371260600693833,0.03745752760187828,0.011534408143225363
257,0.027682357891911015,0.9258805375434599,0.03464423251684443,0.003597385650575389,0.008195486397209252
258,0.07872267578175493,0.8020851690395134,0.11100102287712725,0.001583190394749251,0.0066079419068549
259,0.133141647187503,0.7984089545638526,0.01436388798003109,0.008588674568663135,0.045496835699950104
260,0.03545461419816938,0.9109556681476755,0.03978063077352809,0.0019397878588850316,0.011869299021741915
261,0.042519395549140165,0.9241981581281979,0.024594126263832727,0.0015899858698701038,0.007098334188958895
262,0.026685345347477244,0.9147285230971733,0.04632861940834344,0.0022910623744122555,0.009966449772593968
263,0.03963522105617558,0.862358968604675,0.08887704547329073,0.0016816653936460703,0.007447099472212401
264,0.029614423930676054,0.8575156433523221,0.10571504513508521,0.0009638683370607203,0.006191019244855618
265,0.00554925111797796,0.5120768786915484,0.4791826363632974,0.00048416318714617255,0.0027070706400300153
266,0.016516712731091537,0.8045214191873516,0.17610874094149134,0.0005679573155503927,0.002285169824514993
267,0.0011009812534191498,0.2729095353166333,0.7245960416771939,0.00015828729010376562,0.0012351544626498052
268,0.0023346033344364327,0.3007247937883901,0.693642261865921,0.00031926069463283094,0.0029790803166196136
269,0.0029757847654834912,0.42725684205763514,0.5671356535141341,0.00031545353031283487,0.002316266132434319
270,0.003078020068599189,0.29695332490449233,0.6964915444785909,0.00025328314758074806,0.003223827400736937
271,0.0032484567221320333,0.3660374823601266,0.6285178239942197,0.0002792837117984086,0.0019169532117231235
272,0.0005154767522997604,0.12706087798142346,0.8718573677696606,5.470088971764435e-05,0.000511576606898555
273,0.0005707332562969684,0.08174808293252486,0.9170285489661618,3.639748183215602e-05,0.0006162373631842157
274,0.00036571262585804114,0.07748426116750032,0.9217161965004449,4.260273019782433e-05,0.0003912269759989581
275,0.0001550695023726678,0.036976767465078636,0.962565067656807,2.1695668957187385e-05,0.00028139970678443566
276,0.000239562615979194,0.020433135550989936,0.9789670521586578,4.2725958649595506e-05,0.0003175237157235832
277,5.991209884651136e-05,0.010677714764148364,0.9891013851145204,1.5350739183069582e-05,0.0001456372833016927
278,4.960730370093141e-05,0.01702197339703644,0.9827046384820064,1.3874279990971888e-05,0.00020990653726515757
279,8.427954659532649e-05,0.014005206563861474,0.9856315358503591,1.5322681191721692e-05,0.00026365535799223846
280,0.0001346749449908487,0.024556005648220466,0.9750249104743955,2.9186584952251254e-05,0.0002552223474409685
281,5.6949737066386386e-05,0.016534958775091136,0.9832281209615236,1.2182353204362811e-05,0.00016778817311437528
282,7.9508012730931e-05,0.013286714704007474,0.9864465512430194,1.611455232431527e-05,0.00017111148791784528
283,8.301744247072887e-05,0.024227343114046077,0.9752455421535067,3.4087212748077457e-05,0.00041001007722844785
284,8.167954214216424e-05,0.03549638507927229,0.9640918676931827,2.3352409524370174e-05,0.0003067152758785185
285,4.4769309076582e-05,0.020561949556215545,0.9791141505729696,1.380840506945504e-05,0.00026532215666864916
286,5.8031708901039616e-05,0.010305883442560749,0.9893317720079275,2.559995247345608e-05,0.00027871288813707286
287,5.390197099563761e-05,0.011674473392524008,0.9881039399034047,1.6040710059897502e-05,0.00015164402301551822
288,3.2654381460116616e-05,0.005807642689228367,0.9940203988237397,7.1903445001134555e-06,0.00013211376107177277
289,4.1772221003021e-05,0.015217881579871292,0.984541812785025,8.795098997675576e-06,0.00018973831510326307
290,5.103180948642187e-05,0.012205981308850405,0.9875478981678647,1.2119198288768184e-05,0.00018296951550963815
291,7.29854828179956e-05,0.011479881277470535,0.9877339572080687,3.7846222498841545e-05,0.0006753298091439742
292,6.375588089773406e-05,0.016493108649818185,0.983147173827979,1.8449222533779533e-05,0.00027751241877143
293,7.145751043767775e-05,0.012668335784866588,0.9869769279869445,1.9198778636294443e-05,0.0002640799391150519
294,0.00014843296932697092,0.03722697188107529,0.962122828682627,3.582550124757351e-05,0.0004659409657230972
295,0.00013036010080384348,0.01998800403440769,0.979660044215962,1.8415047774324867e-05,0.00020317660105216055
296,0.00011790710638544297,0.01935619770743494,0.9802781694888963,1.9932056653732983e-05,0.0002277936406294976
297,5.8318041066431214e-05,0.013398735210598079,0.9862748795498969,1.9117588922289577e-05,0.0002489496095163919
298,0.00024923195243280416,0.029121587029357403,0.9699648722652636,3.0303799849567517e-05,0.0006340049530964924
299,8.038872411571288e-05,0.012348783165408744,0.9872369532718854,1.3108361867745367e-05,0.00032076647672222967
300,8.604707871109824e-05,0.016687499154431986,0.9828882603228181,1.723376970971414e-05,0.0003209596743289997
301,0.00010458425088320286,0.017937026300609542,0.981671999960458,3.2995338688569064e-05,0.00025339414936074523
302,9.822061923073962e-05,0.010539054726732285,0.988743346510429,0.0001229110227195313,0.0004964671208885002
303,8.569968120088606e-05,0.0279159602746249,0.9715356121405733,5.9168628723849086e-05,0.00040355927487694976
304,0.0002563121930296434,0.025173227829823196,0.9737883531176413,0.00014246711370805498,0.0006396397457977841
305,0.0005162222989814304,0.03563129073144357,0.9621968555831192,0.00021214454287047616,0.0014434868435851556
306,0.002484535647923773,0.1387085408619868,0.8519803603777235,0.0007748662554036533,0.006051696856962348
307,0.05885308863165457,0.25987400555432405,0.5550285431071004,0.005797099294905259,0.12044726341201571
308,0.046982599350542505,0.0907543308406342,0.28460091263825926,0.0026193524214033845,0.5750428047491606
309,0.5111080447755185,0.45507008681659994,0.007175970272447282,0.006274889375425919,0.020371008760008382
310,0.10055930831433713,0.7181126602310839,0.16547393501811913,0.002608181740395081,0.01324591469606478
311,0.02674172090094256,0.9266608348737498,0.031063728994143808,0.004939443240169956,0.010594271990993973
312,0.012389674901500721,0.6337556655987806,0.34353310286043864,0.004676540758658042,0.0056450158806219675
313,0.02695981154326322,0.7698968657153339,0.17088361041754624,0.02584703856881164,0.0064126737550449535
314,0.02204157194079629,0.7818740810996843,0.1733089896701829,0.014237988220850192,0.008537369068486188
315,0.019296009398525205,0.8361900080498028,0.12011976971592143,0.018472215375337702,0.005921997460412727
316,0.058790648771383805,0.8579428320609327,0.055613181928399,0.02051132984289159,0.007142007396393011
317,0.03109864612844562,0.7856480345730692,0.17377859384578245,0.005890228129621796,0.0035844973230807786
318,0.02842333898293246,0.8720289726759263,0.0881920987024988,0.007646621731225466,0.0037089679074172374
319,0.015754586434850826,0.9002353204039366,0.074719613907594,0.003780895036402819,0.005509584217215735
320,0.005860910862688264,0.48318113771968024,0.5085404004215555,0.000637254453949049,0.0017802965421268905
321,0.0014084090315852843,0.33843079156850114,0.6579096372009622,0.00039180976624322785,0.0018593524327081478
322,0.0031295361283729937,0.31862068601146964,0.6742284677876755,0.0006871936392689318,0.0033341164332127667
323,0.0048839579152794455,0.38147168176354346,0.6095067522480215,0.0013446232098012591,0.0027929848633543573
324,0.002616839950017525,0.3283383193798002,0.6669465495129113,0.0005846952058495459,0.0015135959514213852
325,0.002596075621713234,0.17230269566256926,0.8231438564970539,0.000649435156768211,0.0013079370618952588
326,0.0024751217824489093,0.2719457907542509,0.723223278825286,0.0009495085006046392,0.0014063001374096155
327,0.003529682804912272,0.4574634777122081,0.5340868944424022,0.003583492492797079,0.0013364525476802643
328,0.03214891356128907,0.1624297163409504,0.058252911697225226,0.004006666124362673,0.7431617922761726
329,0.12971244111678498,0.84407825698164,0.014673876757746292,0.0042572428827759076,0.007278182261052747
330,0.09014711763976635,0.8790705549579875,0.02182955127394094,0.0024472344224033436,0.0065055417059019975
331,0.016153650280730424,0.8146766073071325,0.1643150257791132,0.0010589652051059763,0.003795751427917914
332,0.005283986750613341,0.8101819181716279,0.18052462932419983,0.0027984364461315146,0.0012110293074274175
333,0.0017997330359652672,0.7730041370160358,0.2201264206199168,0.003498645611492001,0.0015710637165902612
334,0.004572945899238279,0.6384744539542704,0.3484695708041071,0.007038709021234813,0.0014443203211493747
335,0.005955118613044558,0.353890156844028,0.5790436664821282,0.05939358377226178,0.0017174742885373508
336,0.015749173080700198,0.3654516907773547,0.48587390029089367,0.1239563601116125,0.008968875739438916
337,0.05058141733229903,0.6542763175747414,0.054908609098118476,0.16151137640471805,0.07872227959012304
338,0.10520447394395,0.46492633305759395,0.00375641793264506,0.40882212785288435,0.017290647212926686
339,0.0876414475554502,0.5301081071621241,0.0018231916673729124,0.32807297138119634,0.0523542822338563
340,0.08161625475176343,0.5335464508347683,0.0012908269833181386,0.3552283901555774,0.028318077274572778
341,0.0338347884950176,0.49244376627618475,0.00385923356694294,0.430964950068972,0.038897261592882766
342,0.043729231147072674,0.18730369907022448,0.0003144404498087234,0.615622092117965,0.15303053721492912
343,0.04486132033004451,0.04806154585140892,4.035209656768036e-05,0.8670731542526947,0.03996362746928414
344,0.0619260587702595,0.2286235696087565,0.00012261987575117768,0.6505643521141438,0.05876339963108907
345,0.05814545557508788,0.11629107693647783,9.754758331899968e-05,0.7908988186257568,0.034567101279358296
346,0.026135931870422995,0.03956794645936811,9.518967782073476e-05,0.909462148819612,0.024738783172776092
347,0.029999130929044875,0.04863232356536442,8.975675357673914e-05,0.8499793549286064,0.07129943382340748
348,0.042076286781120006,0.05515519728683258,2.959347453738702e-05,0.8860048576504563,0.016734064807053698
349,0.05379229508863571,0.10277359381706892,4.952732492132654e-05,0.8081670051761022,0.0352175785932719
350,0.04549273350395532,0.22332284432791052,0.0001086077462348172,0.6761307789346301,0.05494503548726923
351,0.08370573607487973,0.14980917101535646,0.00010060449338842045,0.5848674397435031,0.18151704867287216
352,0.12032517179100599,0.28535433739457583,0.00011175814772145194,0.5200635697994416,0.07414516286725506
353,0.07884925720397082,0.10246719469119255,0.0013718027667840296,0.10272748056304228,0.7145842647750105
354,0.1541138252003738,0.48254382116469374,0.0008119338885813828,0.32027531914981155,0.04225510059653958
355,0.10346027051247642,0.6671183921127336,0.0018079249094630932,0.15897037129119268,0.06864304117413433
356,0.13668063994416157,0.2348246547983167,0.00011446407990453748,0.5980249937422077,0.030355247435409374
357,0.06129236265414617,0.6112540832969541,0.001439723660784896,0.30222931991087665,0.02378451047723813
358,0.17932518598991729,0.31638698918355684,0.0017767304180706025,0.40349626837265623,0.09901482603579904
359,0.509258933887929,0.15064482783951966,0.0037759203769780238,0.25396441445200413,0.08235590344356916
360,0.07447962211566987,0.7434348989819682,0.009340460603963065,0.15800037831963276,0.014744639978765987
361,0.10768508651880074,0.8021946917356028,0.020347632216927484,0.0603882766916952,0.009384312836973982
362,0.15914767417743275,0.6646404819928818,0.01476771394968693,0.13677301626879523,0.024671113611203183
363,0.05900765353138721,0.8505703196659283,0.0061845818685072555,0.0669391733536505,0.017298271580526704
364,0.14698473734697273,0.8137752981192268,0.009605783729541933,0.008995010111861818,0.020639170692396753
365,0.10974044240172727,0.8632918940363989,0.004826983184257944,0.01001000934884463,0.01213067102877112
366,0.15195706896697633,0.7970026185826449,0.02816046352704276,0.008238134916267141,0.014641714007069078
367,0.030452394325878474,0.8360432763628125,0.10234347923496434,0.0038715384787180148,0.027289311597626632
368,0.11589282224702424,0.8399905158730703,0.022747406378587604,0.012567835358008175,0.008801420143309948
369,0.05739392999162041,0.8740547210714987,0.04765915707805157,0.009232404159619264,0.011659787699210061
370,0.024426377749799243,0.906725444962556,0.05176120037734249,0.005831379000003843,0.011255597910298483
371,0.019109787905285225,0.9204992452458203,0.03078890916752701,0.008904144958719707,0.020697912722647795
372,0.020721248586345095,0.8527995991614699,0.09544611637824543,0.017009685455249456,0.014023350418690218
373,0.05152147211570168,0.8174659270561995,0.04001217263915588,0.023173800645510476,0.06782662754343231
374,0.03067226948760587,0.8086511428576507,0.1056888397524798,0.024551611251290066,0.030436136650973524
