epoch,N1,N2,N3,R,W
0,0.006922364814127379,0.00020498692007758153,1.0481466053427431e-63,0.00021518943380045494,0.9926574588319946
1,0.003915898811314458,0.00011057230802300376,3.174332250562536e-07,6.395113748905509e-05,0.9959092603099484
2,0.005502941096803571,0.0001160928897415437,8.396177765970642e-07,0.00010906904928090052,0.9942710573463974
3,0.00283641018484106,0.00010310502112273584,3.367223492150725e-07,7.508364452771428e-05,0.9969850644271592
4,0.0041211540076665455,0.00011028392709179102,1.7508191223979252e-06,0.00012365930413145028,0.9956431519419878
5,0.009051702493515364,0.00018867779368666012,1.7098411686591415e-06,0.00018651854392885066,0.9905713913277006
6,0.02019998038921275,0.00031644049817700065,2.5709002139721482e-06,0.00025462853423551863,0.9792263796781608
7,0.014373909885421303,0.00029865761441748366,5.738270879013552e-06,0.00020553986583967036,0.9851161543634425
8,0.058124271785538376,0.00033237935711967796,4.902744038658637e-06,0.0004750736062986944,0.9410633725070046
9,0.028866348018990445,0.0002449793363709799,1.6316009445357367e-06,0.000273403667328014,0.9706136373763661
10,0.01355834974537221,0.0002008550766720745,3.1209348780006405e-06,0.0002191527954411139,0.9860185214476366
11,0.03679280112662969,0.0006318622736261338,1.1291469737824797e-05,0.00034363464471458716,0.9622204104852917
12,0.08907302948561395,0.0018568527718972414,2.5556351773984156e-05,0.0011626853026888856,0.907881876088026
13,0.013767908561191445,0.0006022201888796253,1.0455373149198165e-05,0.0003191699169813876,0.9853002459597984
14,0.02886094847889637,0.0014988906320104825,6.954900758577078e-05,0.0008102452788297526,0.9687603666026776
15,0.021331686091767634,0.0012409473970424398,5.408195805669463e-05,0.0006535997608221103,0.9767196847923112
16,0.0476453734938584,0.0014011631381295392,0.00013208663569026462,0.0009926791696912955,0.9498286975626304
17,0.0174132424313763,0.001183804449830357,4.1365509818117526e-05,0.0009594151739240671,0.9804021724350512
18,0.022619192485451547,0.001343965063583,8.112909592693765e-05,0.0007733744623664046,0.9751823388926721
19,0.021868282781321538,0.002574352180840747,4.2868507313516015e-05,0.000769867368183904,0.9747446291623403
20,0.027049488442525717,0.00232627818807441,3.945795258672259e-05,0.0010665602975420544,0.969518215119271
21,0.013338492512234588,0.0024673388136429867,1.8275904357330457e-05,0.0013613057167671224,0.982814587052998
22,0.028290222049156113,0.0032938683319562864,2.9646904009514487e-05,0.002002829201698448,0.9663834335131796
23,0.05549662639080833,0.006580240647491288,2.3135996692703425e-05,0.0016595596283395806,0.9362404373366682
24,0.08409671150567731,0.031070143773674626,7.372124289590388e-05,0.002689159480570363,0.8820702639971818
25,0.10039397827753649,0.12605452094411315,0.00044800595219246525,0.006623421789588904,0.766480073036569
26,0.1149337287614273,0.15755708189416454,0.0005959298287709217,0.02108640677999974,0.7058268527356375
27,0.10767506573931097,0.48452741535889987,0.002869666228289112,0.008334410432775835,0.3965934422407242
28,0.07833231348571677,0.1805527626743048,0.0006685624845305362,0.0027940856028587434,0.7376522757525892
29,0.0279721920040939,0.3294319347957723,0.0007952114933401944,0.0005794167287949932,0.6412212449779985
30,0.035691363643550265,0.36782513911324827,0.001991777683875411,0.0006497798007403237,0.5938419397585858
31,0.06321759833744026,0.38429701645622777,0.0006168225781709174,0.0006273221562010002,0.5512412404719601
32,0.1252192812611376,0.21653967457622034,0.0007179339751832609,0.0015183376922223073,0.6560047724952365
33,0.17142033885086086,0.2287380737331342,0.0006581600112216262,0.0015307789797144897,0.5976526484250688
34,0.09578340604480318,0.508253458779811,0.002094845911827987,0.0007144210493052788,0.3931538682142524
35,0.04903321994578454,0.3176673567687266,0.002212926688466098,0.00048339759214233397,0.6306030990048804
36,0.03884769870103262,0.348005062783009,0.002489149901473648,0.00045252367195474725,0.61020556494253
37,0.06277412704375276,0.5947440993503685,0.005951178710192082,0.0008328893281324402,0.33569770556755407
38,0.04475569674038524,0.6119872808919702,0.006551588076793583,0.00042968790646797636,0.3362757463843832
39,0.03392190417871085,0.3595402854876681,0.0021407849852318377,0.00045517294882533975,0.6039418523995639
40,0.02850404080344597,0.2871688494327757,0.055122184846995936,0.00033742051677172925,0.6288675044000106
41,0.017518879446830102,0.13319548385521277,0.01685856143931009,0.00034365900681239446,0.8320834162518347
42,0.09429059615307987,0.2190269028857552,0.0036197282745205907,0.0013551405358670878,0.6817076321507773
43,0.05229306578988287,0.21603456658884293,0.12361472878801909,0.0006750758267198031,0.6073825630065353
44,0.021645715884307106,0.08925999183535217,0.03279087739510048,0.0005845753429901965,0.8557188395422499
45,0.011040053665441673,0.05011110899900645,0.04059776040620318,0.00014880044415307295,0.8981022764851957
46,0.012288504543056925,0.05603724467355257,0.017779380559875095,0.0002372937822941015,0.9136575764412214
47,0.013824845184466476,0.10964289182619767,0.05458388061490528,0.00013029727366141338,0.8218180851007691
48,0.005172627863557451,0.049967811621912266,0.028425083423004746,2.836058655606605e-05,0.9164061165049695
49,0.007323779761674804,0.06328718584178789,0.025434589481460018,5.588917609436255e-05,0.9038985557389829
50,0.005477668627527027,0.062370068496065315,0.026229604057294135,4.1266658555177616e-05,0.9058813921605583
51,0.00953663285199519,0.08423581063292507,0.026837552727509588,9.78908583004562e-05,0.8792921129292698
52,0.004683350836111638,0.04610100595725108,0.04678807779762932,4.981852337278091e-05,0.9023777468856351
53,0.0010538219847661613,0.014492368993822457,0.014455112365939729,1.2176399370213056e-05,0.9699865202561014
54,0.0015935588339786998,0.023351930819231415,0.03449245852822304,1.8662990921509302e-05,0.9405433888276453
55,0.0014783148296107034,0.02778793186481661,0.012738662354565678,3.0822369694470475e-05,0.9579642685813127
56,0.0018262593549911892,0.03407738235540771,0.03452323897819128,3.813950389468342e-05,0.9295349798075151
57,0.0017587798474474731,0.023126618795995434,0.019471166812518162,5.2252885311216406e-05,0.9555911816587277
58,0.0007647867934130676,0.010976379894735858,0.031508449954242464,1.7798386181839326e-05,0.9567325849714268
59,0.003313984584493561,0.02818932105591065,0.019394594768308314,8.08262314291031e-05,0.9490212733598584
60,0.002123676898887184,0.018324542537241275,0.012719831761370187,7.525952446963076e-05,0.9667566892780317
61,0.0008191773769158639,0.004228402397634114,0.00794509078798982,0.00021972670801056782,0.9867876027294497
62,0.0002088586989998261,0.00034129149125856125,0.00038634311537365175,2.1537356623355037e-05,0.9990419693377446
63,0.000276950029611246,0.0004379353218711537,0.00010109483544261329,3.459676220733402e-05,0.9991494230508676
64,0.0017199676806975508,0.0005882034939601413,4.838974797612557e-05,7.543232859282411e-05,0.9975680067487733
65,0.001713593630568278,0.00021011463476760164,2.756873345276119e-05,3.016153591773428e-05,0.9980185614652936
66,0.016149855903363722,0.001421920489376368,5.111130989075793e-06,0.00010584346229163338,0.9823172690139791
67,0.23897346170960596,0.00928214276510192,4.1406785749438994e-05,0.0004793187622984059,0.7512236699772442
68,0.13208090551142296,0.03154852121593976,0.0003513697535401428,0.0006896502422763675,0.8353295532768208
69,0.12102071922300471,0.22437541417938134,0.00037541071659348736,0.005857892137376695,0.6483705637436438
70,0.18401740851475828,0.23890573660943798,0.00018101153853884876,0.0347112852447644,0.5421845580925004
71,0.22860406797057617,0.30989575433313604,0.0012427113231847943,0.057363500179956485,0.4028939661931465
72,0.23218310806386797,0.4784369836786369,0.001599744960955458,0.05078641418358153,0.23699374911295798
73,0.2428174603945255,0.31192996827546376,0.0006625165301538182,0.16341044680522399,0.28117960799463293
74,0.18252778275265893,0.28213058199538704,0.00015772597274630167,0.12274992040595721,0.4124339888732505
75,0.1900880617070075,0.2389300737205222,0.0004642574580887013,0.07188208475274153,0.4986355223616401
76,0.022612586709603883,0.004798358343896302,1.2276960976802122e-05,0.005420669173892263,0.9671561088116307
77,0.17552637401873059,0.009427133297789034,2.7074846457763835e-05,0.0056570285061684255,0.8093623893308542
78,0.7214481130263335,0.02064624981935767,1.7100694261722075e-05,0.008981304198031554,0.24890723226201572
79,0.22586811369380308,0.006695256766237747,5.282600675146303e-06,0.0042799671174048965,0.7631513798218791
80,0.356240855635874,0.12113209105142922,6.630247362271658e-05,0.010358947397305335,0.5122018034417688
81,0.2278918526695573,0.29566200805789,0.0002309387285706398,0.03556059556664712,0.44065460497733483
82,0.35254571339928487,0.19345943493537038,0.00014364642978245885,0.01968143134982839,0.4341697738857338
83,0.15290690151730812,0.5294417433627285,0.0009128032140508973,0.03055974816610875,0.28617880373980364
84,0.13540140000927736,0.37757888286184343,0.00029700359035677226,0.016858834543225152,0.4698638789952973
85,0.09757676467685453,0.5118259556759962,0.0006226957167606901,0.006811609677499385,0.38316297425288925
86,0.16764250105054868,0.44010099603771335,0.0013602226427193043,0.013563590260742735,0.37733269000827585
87,0.04540757552883012,0.33101896361027505,0.0007800148797879041,0.00690390205379978,0.6158895439273072
88,0.07211584312807273,0.5617444715072555,0.0003653981211405573,0.012405430907155481,0.35336885633637577
89,0.03717958105043414,0.16079732393567323,0.01379693662421732,0.002531318124442615,0.7856948402652327
90,0.060888042446211536,0.314701819373288,0.00043901886242484086,0.022823514988708708,0.601147604329367
91,0.004260529173475071,0.004206929369747503,7.766469642626882e-05,0.0006365398482933028,0.9908183369120579
92,0.006465195527984061,0.001608176193200421,2.235971561437073e-05,0.0012016980595786764,0.9907025705036224
93,0.0429105151816412,0.0026547373935903586,7.5002322286043735e-06,0.0010600695699186083,0.9533671776226212
94,0.08537699199894322,0.005383942633210594,5.4429631092175944e-05,0.00042648817324015403,0.9087581475635139
95,0.6941030698587698,0.03373470511911678,3.1401586724073724e-05,0.005030724791698892,0.2671000986436904
96,0.5839368355111698,0.2665344485067323,0.0018252882209093622,0.015508927220632861,0.13219450054055565
97,0.12100689776522267,0.8041478480689879,0.0021986371517952897,0.031825569731138564,0.04082104728285557
98,0.05396824507194215,0.8723953607771479,0.0010134142364299791,0.05034109595365842,0.02228188396082148
99,0.03771643565178256,0.8838155818590517,0.0005475174895535086,0.06743318236095328,0.010487282638658777
100,0.06005867021458386,0.7816870797392365,0.0011286692526975002,0.14856203826766562,0.008563542525816623
101,0.106925692123907,0.8039674101488469,0.0013278830107002798,0.028930406618840814,0.058848608097704855
102,0.16522743474155718,0.6351622334175563,0.0007523241555164728,0.15539358232800213,0.04346442535736792
103,0.09225129637899786,0.6696112739437492,0.004344002568783155,0.027464757663473022,0.2063286694449967
104,0.12548527688639266,0.6854503094523049,0.0017663642428618388,0.023930721026024383,0.16336732839241624
105,0.14185429943258154,0.6750253388771277,0.0018729835542221393,0.05056413992666733,0.13068323820940111
106,0.1259188960324206,0.7041704203008765,0.004302189068687237,0.04244887009434469,0.12315962450367089
107,0.2562620132457646,0.43681729940450575,0.0008678079596258293,0.11404117530863883,0.19201170408146495
108,0.20862095933467395,0.5330609767620331,0.0012816672965511328,0.06139842527700632,0.19563797132973548
109,0.1629697705135405,0.5053730486155484,0.012017832415344199,0.011319342162143522,0.30832000629342327
110,0.1963246689936958,0.6699343382820899,0.013920689378143353,0.005287661106744421,0.11453264223932647
111,0.12320721230687151,0.7644164544505441,0.0685687703549005,0.0016974298009564204,0.04211013308672747
112,0.19815273545468157,0.5270618044200646,0.100799018287022,0.0018715721952537367,0.17211486964297806
113,0.06322493896491883,0.9235047661687277,0.002933805537025156,0.003806724094252036,0.006529765235076389
114,0.04699322328859381,0.7351623823883919,0.20496485238179052,0.0012188674295401701,0.011660674511683657
115,0.02454275114368279,0.8544492583794664,0.11025422444468964,0.0009543378081033381,0.00979942822405778
116,0.013159922311350727,0.6602001861972538,0.3164057516249768,0.0005955907218297698,0.009638549144588834
117,0.018059147869753916,0.35275640683269216,0.5408618127062619,0.0011921148034175412,0.08713051778787449
118,0.01346779247395466,0.46334076647277106,0.4673400072369749,0.002159963657190325,0.053691470159108946
119,0.01638593912632979,0.3423984224877291,0.5785740296898658,0.002024732256657587,0.06061687643941758
120,0.017131027848081765,0.2213783544164583,0.721029718515624,0.0015394371446177597,0.03892146207521801
121,0.022103669395175735,0.29189295240317886,0.5610514093827288,0.0012117967162936659,0.12374017210262302
122,0.029618423226710176,0.28099744946464267,0.6028381709908833,0.0008419029165583576,0.08570405340120547
123,0.03523845586694875,0.28172807437115943,0.5783109099230956,0.0013880372622362333,0.10333452257655994
124,0.013315159558169256,0.19011440918499892,0.4983462291728756,0.0010394087948039797,0.2971847932891522
125,0.057885194315391165,0.269529422906824,0.49713839139604393,0.00216068396744289,0.17328630741429799
126,0.06978612340476009,0.2594597474995082,0.48117366986402366,0.00407286811839266,0.18550759111331544
127,0.035045916870732066,0.23596431492666395,0.6072030206827709,0.002914152447518395,0.11887259507231465
128,0.15265859272852628,0.44785465857871404,0.20810911081622427,0.01567297043782237,0.175704667438713
129,0.06568381407240621,0.45013221581842433,0.43141668704668795,0.00656179641339207,0.04620548664908958
130,0.06102426917568018,0.36592971280153713,0.4865198095485694,0.008856885462489717,0.07766932301172357
131,0.047401386577441695,0.36220234787164934,0.45387227557572324,0.013523165686155745,0.12300082428902996
132,0.15604911972869834,0.5626904993528397,0.14536659414255496,0.03425509930757675,0.10163868746833034
133,0.24291094196157156,0.37660769190174226,0.003263715154160376,0.21061076908516344,0.1666068818973623
134,0.07632752728802748,0.6353453205859927,0.0676072076661003,0.08477581723382875,0.1359441272260508
135,0.20479309545285523,0.3755447699804726,0.00662587046266755,0.25081836040069466,0.16221790370331007
136,0.22232844589595943,0.39081372017624205,0.001959174024526155,0.24915364806309,0.1357450118401823
137,0.14456167507572906,0.5097929024886602,0.0013518731872564909,0.2152480346090591,0.12904551463929512
138,0.2290596817520817,0.3493905090275345,0.0006040073772829985,0.3122605764495227,0.10868522539357814
139,0.18347768383907778,0.2328843573238201,7.241262531375359e-05,0.5223967189751836,0.06116882723660478
140,0.14596241565924703,0.5793912157845708,0.0010695342370808587,0.24025350077184593,0.03332333354725546
141,0.30008928248336375,0.3790672152447282,0.00022969732655197205,0.2706746206318792,0.04993918431347695
142,0.26347471074785317,0.5691491134274792,0.007667256694954944,0.046157697711359844,0.11355122141835282
143,0.18743525705802494,0.6271564203530773,0.03629750056775145,0.018455795374578626,0.13065502664656758
144,0.2418224951823227,0.6765929531091238,0.003745578166493546,0.03382194038868476,0.04401703315337501
145,0.07319965095459598,0.8537813833200232,0.04234397685360426,0.004406491885738506,0.026268496986038066
146,0.10273824241954947,0.8365310798756657,0.02339346251768739,0.01055762285749322,0.02677959232960438
147,0.05791714511096856,0.8654135781762872,0.057876459675544965,0.006918994516638447,0.011873822520560866
148,0.042950901041603054,0.6510283899633097,0.2651094568088737,0.005059139984445523,0.035852112201768115
149,0.1400616056417934,0.6334173143577728,0.14239410512270115,0.007049120319602263,0.07707785455813036
150,0.08117467951852693,0.6170808120761391,0.2331677676644656,0.00550105006318504,0.06307569067768336
151,0.16090998983991087,0.47597700600278553,0.2968466726885736,0.007763639952338335,0.058502691516391606
152,0.13935700878319318,0.4479995708841362,0.36373195766461314,0.007480112950308853,0.041431349717748575
153,0.05576913046361606,0.35644370606780745,0.561377914521282,0.004277468060451318,0.022131780886843096
154,0.057263844203030795,0.30687495284698485,0.521475070622444,0.003358022863081767,0.1110281094644586
155,0.05218932458316631,0.3017649682738313,0.5644608673720388,0.0033669355178066944,0.07821790425315676
156,0.033760329137648884,0.37557932865259475,0.5293621613918719,0.008643956387688697,0.05265422443019592
157,0.08853547742095509,0.2927475306151043,0.5325925597470388,0.014958307055141791,0.07116612516176002
158,0.10274216842528897,0.5281656701677893,0.24185365112550403,0.026768614779971302,0.10046989550144635
159,0.1782851878999387,0.5605830869624002,0.13500287094404645,0.05368568003546708,0.07244317415814755
160,0.12349922521887628,0.6537969083530575,0.08917457564365605,0.035521081214710384,0.09800820956969968
161,0.12659015779946078,0.5317622734440366,0.0408706009817617,0.06431819091838492,0.2364587768563559
162,0.21851508513361018,0.33521398968376603,0.05293487134366076,0.05967754221722672,0.33365851162173626
163,0.03966869850390727,0.11351321133994367,0.001657119060749379,0.01946240674066434,0.8256985643547353
164,0.14983132612981143,0.023186269765665173,4.370426944373509e-05,0.14890796108335186,0.6780307387517278
165,0.2671196927826379,0.04696568476017841,7.100119312489778e-05,0.2789659750660855,0.4068776461979733
166,0.3488718359497603,0.09093268587821048,0.00010659718274631573,0.11799610406830818,0.4420927769209747
167,0.46311007808447513,0.22451774620313705,9.293238650576377e-05,0.13576739732361784,0.17651184600226424
168,0.023523582590644927,0.014733082838939678,0.00012509984429677154,0.01967081862751628,0.9419474160986023
169,0.02355530734341361,0.0074016845211898495,3.039044315959917e-05,0.008981515576759733,0.9600311021154772
170,0.020800538995255056,0.0034811814424024843,1.132158164195269e-05,0.0028296520451372236,0.9728773059355632
171,0.6824375602735447,0.006204562821012464,1.7567488572262152e-05,0.015830759638726235,0.2955095497781442
172,0.31950102822299553,0.017571088173571812,8.9893668537742e-06,0.04653494705337289,0.616383947183206
173,0.09423890764544075,0.009670422193471428,1.7274253486315974e-05,0.018580513587640457,0.877492882319961
174,0.35781378662061136,0.0057175703573390455,1.559545350172955e-05,0.054715295613138606,0.5817377519554092
175,0.13187857512731294,0.11040190201489819,0.0005002457603421059,0.06026223122138581,0.6969570458760609
176,0.0052413793258133876,0.0018909027463114726,1.2257292918769953e-05,0.0015026524848695726,0.9913528081500866
177,0.06329524066684993,0.003476660453635088,2.173368203281856e-05,0.0066537320158218905,0.9265526331816604
178,0.017747832139634823,0.001680154401170735,2.9352392133990204e-06,0.0020584498342398213,0.9785106283857412
179,0.012983186652815877,0.0011697154361347527,4.667152089853078e-06,0.000987889911453184,0.9848545408475065
180,0.01841668173930687,0.0010862001675987956,4.063068567764013e-06,0.0013552887774893366,0.9791377662470373
181,0.07609442426377125,0.0017076372813728958,7.064687249108298e-06,0.0017375353528479868,0.9204533384147588
182,0.023865613813643945,0.003688181079074916,2.333170824640468e-05,0.0016563753234470865,0.9707664980755877
183,0.008172803143117165,0.000890677687573838,4.027205110453416e-06,0.0007127403417111531,0.9902197516224875
184,0.10457186126564362,0.0021284404448717476,6.869044022896398e-06,0.003330358329140449,0.8899624709163213
185,0.13524184935801659,0.03154054433956333,1.8227493734209035e-05,0.0039737802636644354,0.8292255985450214
186,0.26161326832296905,0.055860004777758085,2.293074295162264e-05,0.00416500935036553,0.6783387868059556
187,0.3232867272821169,0.2064160106248543,0.0002984270028648073,0.07118765744975471,0.3988111776404092
188,0.19665835387451736,0.2434168840524136,0.00016093618720940472,0.12589837771445495,0.4338654481714046
189,0.13468666318952854,0.10694379673155774,4.9284807408450894e-05,0.10635832807274831,0.651961927198757
190,0.15006778685759045,0.586661153502724,0.001691055640654786,0.15431733595030153,0.10726266804872932
191,0.23812336992232505,0.1167495185099839,0.00012976065105185612,0.23346491401473943,0.41153243690189967
192,0.3336047124067359,0.06968258420005055,0.00010843735291171322,0.23243488564136797,0.3641693803989339
193,0.1561964163479656,0.09847047081452781,0.00017192306542709735,0.33712627018287067,0.4080349195892088
194,0.18913072728199135,0.03511653705847341,5.806656625562981e-05,0.07508077840351507,0.7006138906897647
195,0.15095193073637986,0.020638079718532362,7.96295087071937e-05,0.08486565314967208,0.7434647068867085
196,0.10555929075897216,0.01879080035053462,9.131695450890652e-05,0.07965518254528135,0.7959034093907029
197,0.2182837641050683,0.03193281706600338,0.00011321627089794424,0.2562965240013296,0.4933736785567008
198,0.20027051997758225,0.012382524934389823,9.729316030534415e-05,0.1263300291724579,0.6609196327552647
199,0.1427389840772486,0.014085494778910326,5.6238557849478734e-05,0.12326124686810906,0.7198580357178824
200,0.1709968568678627,0.012349358501166955,0.00013094972333654184,0.0854656225936904,0.7310572123139435
201,0.2909093798543297,0.0193990898512701,9.592427679010257e-05,0.12552438351625042,0.5640712225013598
202,0.37692371052828705,0.020001744200282497,7.756757881242641e-05,0.23170506618693834,0.37129191150567964
203,0.10537653545821261,0.009076081427422915,0.00011927768156316213,0.13087215862345244,0.7545559468093488
204,0.17819365146634628,0.03598478830298543,0.00027976865147300825,0.1728260726267241,0.6127157189524711
205,0.16998227591161721,0.017526237959195067,0.00012657582835499544,0.10868600977226682,0.7036789005285657
206,0.1064349539304391,0.0348778556507649,0.00011574018818612589,0.09303465015977988,0.7655368000708299
207,0.15427471356572728,0.014682206320067061,6.968061678016878e-05,0.06065630397962038,0.7703170955178051
208,0.12592686550346371,0.007684144259358921,9.560866274867314e-05,0.0687194702125106,0.7975739113619181
209,0.10978800065859819,0.007064225253018824,0.00011350029515130235,0.06796121402185029,0.8150730597713813
210,0.18731235598572682,0.012912298191163683,6.83244423911024e-05,0.12901920927405647,0.6706878121066621
211,0.10826495659453571,0.013137291532074288,9.978176787645242e-05,0.040171684459923085,0.8383262856455904
212,0.22591975866577466,0.0119215324291368,7.417191706758733e-05,0.024000346089888287,0.7380841908981327
213,0.060328279512123724,0.005928254074201047,5.2079628032239604e-05,0.017258185729173793,0.9164332010564693
214,0.1318060457724119,0.005002108496177215,9.789077475372652e-05,0.011522314562518057,0.8515716403941391
215,0.12354174088043249,0.005722985256288089,8.64557476799019e-05,0.020581177356246864,0.8500676407593526
216,0.18320524362743404,0.005554125034465712,0.0001939812234620902,0.0279554367612452,0.7830912133533929
217,0.022827558453001256,0.009457654297451955,0.0009176431581241213,0.009051889167789512,0.957745254923633
218,0.00043983080969431046,8.635672997029273e-05,3.7962675826256645e-05,0.00016645976192585817,0.9992693900225833
219,0.06636433655483234,0.001776232948924346,1.5742762897537518e-05,0.0017918045942642194,0.9300518831390815
220,0.047201743470484184,0.00150912480697388,5.529320582043835e-06,0.0015454985422329922,0.9497381038597269
221,0.05665929245527939,0.00991895745493933,1.4749287314744335e-05,0.0014301369073036374,0.9319768638951629
222,0.3912816223405355,0.09644320274643771,0.00013409705096518483,0.009210571899093582,0.5029305059629681
223,0.2886959932982368,0.07345914675840205,6.132305465892055e-05,0.019485830843158837,0.6182977060455433
224,0.15992607120210608,0.174442861151125,0.0002478519447032379,0.02128926116164114,0.6440939545404245
225,0.25021662357835806,0.1330027960654622,0.0005663166998328788,0.02310608106460069,0.5931081825917461
226,0.27967852620372885,0.15476263867870882,0.0001214419140343153,0.1242682080738764,0.4411691851296517
227,0.2667132174102135,0.454362982706849,0.0004930135479767293,0.12835640777352733,0.1500743785614334
228,0.25207975296152985,0.26862378586014085,0.00035878613419458,0.1498446129699355,0.32909306207419925
229,0.2614082900170814,0.3055864363856277,0.00033808513254146973,0.15119522647579622,0.2814719619889533
230,0.3306202210682833,0.12413916624378686,0.0002937371358264684,0.24496054861729447,0.2999863269348089
231,0.25859284435777774,0.46969794389224495,0.003386241220728357,0.13662939920835326,0.13169357132089554
232,0.2878704997308232,0.3980012435778596,0.0008366857202617146,0.14155159046601432,0.17173998050504127
233,0.22224224452215322,0.5509109269556042,0.000596167806021485,0.08326413322397912,0.14298652749224183
234,0.1649860965876314,0.5734164409427541,0.0012401595100287235,0.18613078172535866,0.0742265212342272
235,0.14895422236311046,0.7192594671958209,0.0033786801276055696,0.051628157622161365,0.07677947269130171
236,0.18643113723563667,0.5283744703595048,0.0029820842276605296,0.05804063742791282,0.22417167074928526
237,0.3181442403813114,0.3783925125523401,0.0025907552440487774,0.10604407215358239,0.19482841966871725
238,0.2476762972670679,0.47727197114557524,0.001964070516798944,0.04219845224784632,0.2308892088227116
239,0.2698420235187944,0.5381148689597024,0.0007553928788685704,0.05363023365658058,0.13765748098605418
240,0.1319391444679756,0.5148745695601794,0.004338874003331373,0.01500108632731897,0.3338463256411947
241,0.18210591731025585,0.6154577069255251,0.012734279094242422,0.024972700075216177,0.16472939659476035
242,0.1688534237120696,0.5775049671083891,0.007484353649142803,0.027549933031102355,0.21860732249929604
243,0.10884023873990656,0.27346361341568787,0.07100612066989144,0.023187027034488213,0.5235030001400258
244,0.2462066557907411,0.3761187934460378,0.010022828884238949,0.04963522890237875,0.31801649297660334
245,0.23724392225383376,0.5929143972272742,0.0020515917843316423,0.03646799070613046,0.13132209802842987
246,0.12037894676394692,0.8004740558055125,0.00540962333587191,0.02398720983176612,0.04975016426290254
247,0.10987619820139666,0.800411498870676,0.00937112105957056,0.02297717487915795,0.057364006989198746
248,0.12351947863724365,0.7368213489707357,0.012349776535232103,0.013406309159038956,0.11390308669774951
249,0.06766231054394732,0.7715372760263869,0.019836806466438362,0.023846758316283717,0.11711684864694388
250,0.07854779020155347,0.8109750880824476,0.020329107027112034,0.022867185626084703,0.06728082906280229
251,0.06316284003785627,0.600136411911956,0.021438046988427783,0.017213211619799634,0.2980494894419603
252,0.06305367434611285,0.6744523985636985,0.11161337972979375,0.016019883239341424,0.1348606641210534
253,0.03223703402645609,0.24320900341505886,0.16654494336703657,0.007734135336467588,0.550274883854981
254,0.1371059425834725,0.5341668162137512,0.12747710774049528,0.017691336281290774,0.18355879718099014
255,0.13559779012037626,0.3508880482745506,0.023108204560848843,0.08866952898405325,0.4017364280601711
256,0.23827612644524768,0.192897877190392,0.001201788889900959,0.06686284426837133,0.5007613632060881
257,0.37276123064707745,0.23004953097440903,0.0012546979527184668,0.13810687467926763,0.2578276657465274
258,0.4536919564897677,0.22642911865260273,0.0005455819978094868,0.061579800239187146,0.25775354262063316
259,0.21408935197441362,0.6967336336520076,0.0008910918285703917,0.03277822469837422,0.05550769784663417
260,0.17940791886346436,0.7326491587448969,0.004191434520720191,0.046184447410774716,0.03756704046014398
261,0.10518933353772542,0.8159539350150673,0.012884805643459847,0.030181328372213496,0.03579059743153379
262,0.2694198717014878,0.4963756511563094,0.029477200140277417,0.05093538996503162,0.15379188703689362
263,0.08249749281761914,0.7485725874012249,0.08674455182956144,0.01563258274326684,0.06655278520832772
264,0.11025646700644223,0.6691369783109684,0.0894266146740625,0.0143290891516224,0.11685085085690429
265,0.10084752691870405,0.6988090404837368,0.09124329969172591,0.0124720079599327,0.09662812494590046
266,0.0728210067755476,0.6700104397768318,0.17774007516411675,0.00504499995107396,0.07438347833242971
267,0.09164431836355628,0.6024799812641636,0.15477103177281307,0.00706562402600372,0.1440390445734634
268,0.11103619510378358,0.31004375460179107,0.38705661974812416,0.010010931892546098,0.18185249865375505
269,0.04785135917287554,0.3549186901614318,0.555101174276298,0.004222172015956619,0.03790660437343806
270,0.03519123979479621,0.1906814326915786,0.6881842095790772,0.0072348060860689,0.07870831184847894
271,0.02590107982824654,0.29854445738352936,0.485087832368558,0.010569068613681773,0.1798975618059843
272,0.10874810574690368,0.1545231527722015,0.03293581470764383,0.011837728911731706,0.6919551978615193
273,0.1593277730089177,0.4833833181461299,0.15945445744785167,0.018870086124006893,0.17896436527309395
274,0.5157877240309446,0.22990572504947504,0.008836586876051374,0.023363932525050184,0.22210603151847874
275,0.2377955417577124,0.42541413490443913,0.0978704966978878,0.016801418803612776,0.22211840783634784
276,0.40067515996907055,0.477264213065022,0.004563725814425875,0.05736638644815046,0.06013051470333118
277,0.37863433278300884,0.37405583050778407,0.03753922479051059,0.028878158741135137,0.18089245317756145
278,0.3825990161128106,0.430817814317283,0.014643939358276499,0.05027461009428711,0.1216646201173428
279,0.1896598444733355,0.7004098108205249,0.050001854452741,0.030122861485869783,0.029805628767528597
280,0.18077704304759373,0.7020870635984571,0.012958557525468671,0.03543366437982151,0.0687436714486589
281,0.13322132522800073,0.7070494422691043,0.06370161429706275,0.028517384207251813,0.06751023399858035
282,0.15400596037166578,0.6764520622598954,0.03739910830351133,0.021710181980418835,0.1104326870845086
283,0.2509618650044006,0.6015933735605077,0.02551678562455546,0.030427655003240496,0.0915003208072956
284,0.12559609867668153,0.5617131379490331,0.14744773817836213,0.014654827096547888,0.15058819809937524
285,0.522567095439433,0.33177547075150626,0.007153337679227029,0.031179209505413107,0.10732488662442054
286,0.3015982788453671,0.5369053853681106,0.05555360902296509,0.0100916649620801,0.09585106180147708
287,0.371534191549122,0.5055681301616508,0.04179246114435419,0.0217210311443084,0.05938418600056458
288,0.2650218050858409,0.6761892150449136,0.01926509710845333,0.011726434621352746,0.027797448139439376
289,0.098038059064109,0.7651908552454949,0.03296340264635195,0.00769417815223545,0.09611350489180878
290,0.05754244740590144,0.8812957306980245,0.03732904989902981,0.006205354970363577,0.017627417026680543
291,0.03775393848147223,0.47653874844744276,0.3857235858872653,0.003392986314271744,0.09659074086954787
292,0.03630993269293047,0.7000642974463807,0.24317942973759565,0.0040103674871508534,0.016435972635942396
293,0.01492225468911691,0.7170653332908181,0.2379458908020393,0.0020809333028387034,0.02798558791518692
294,0.028015003661051103,0.8199521502215812,0.1240580422429824,0.003014991208675582,0.024959812665709718
295,0.051909841556805,0.6540121350771587,0.262415578662895,0.00442464939741668,0.02723779530572468
296,0.018324136305178765,0.5474975111873389,0.39221890385911995,0.002364982575749386,0.03959446607261294
297,0.007428890136522235,0.39757082666294463,0.5709995142010444,0.0022199681354665383,0.021780800864022235
298,0.009970658828830971,0.3824379626768021,0.5765110142477109,0.001679358441169482,0.029401005805486567
299,0.005918253830499265,0.3305381708803132,0.6380324536258332,0.0010814326061903393,0.024429689057164
300,0.007783091214234807,0.2396631864051079,0.7114429229567888,0.0024083510671752306,0.0387024483566934
301,0.004948912144107881,0.2545495160038008,0.7178984991246203,0.0014344234675052999,0.021168649259965512
302,0.011649902907874795,0.38902393066424895,0.580521413934217,0.002042347472968624,0.016762405020690752
303,0.06185594761157818,0.36156903737667256,0.3389344489658214,0.03453107137394479,0.20310949467198314
304,0.10340919073599522,0.27014598516592686,0.037861206211108396,0.006843213982663746,0.5817404039043058
305,0.4031983126997969,0.3972433388128347,0.12002128837635355,0.015460479797650892,0.06407658031336408
306,0.5132262814351032,0.38662395665201693,0.010001429036565979,0.04284011860695167,0.047308214269362145
307,0.09434619783896957,0.8503721669477066,0.008071352003344625,0.01804874044956448,0.029161542760414775
308,0.10761405073832683,0.8174788293036013,0.03302985582501533,0.024948742739690576,0.01692852139336598
309,0.12111307956254477,0.6626676408612378,0.009301192180507347,0.18919622957885643,0.01772185781685373
310,0.2354552505575038,0.5729478383363485,0.0038982802142913824,0.15364650653392314,0.03405212435793319
311,0.11061477294652751,0.8066343876965517,0.015223310663430994,0.05382149011960282,0.013706038573886819
312,0.10650589076205783,0.7268596532248618,0.016856951228836337,0.12808901145413495,0.02168849333010909
313,0.24155610211428752,0.4908136441503963,0.0018034962830242572,0.233161934660182,0.032664822792109735
314,0.2765790283130681,0.599990451552464,0.006014823207983238,0.08109041377868983,0.03632528314779468
315,0.2708771992986188,0.628523946917186,0.01581711703826883,0.06290742670048227,0.02187431004544402
316,0.10698573702386245,0.7060931821486989,0.13811141708205232,0.03150873624033763,0.017300927505048556
317,0.1454547199618809,0.7212306552829368,0.09206660319748235,0.014509970011981324,0.026738051545718643
318,0.08865990393944823,0.6959302587809352,0.11481503192284484,0.016057798435444692,0.08453700692132693
319,0.27227641303622413,0.5863364329777364,0.0357504026176499,0.08103409120164495,0.0246026601667445
320,0.2591238753884624,0.5692914885033244,0.04287986553579751,0.1031337606990572,0.025571009873358436
321,0.18453790551433394,0.6306744226920229,0.11311937205512342,0.04952136112209305,0.02214693861642675
322,0.283221271031502,0.42485401476872886,0.08332028200604082,0.15068363376652158,0.05792079842720656
323,0.2347109101620254,0.5209348768321366,0.13053679911040503,0.07691945717417972,0.036897956721253254
324,0.2264786291644122,0.6718104915683054,0.014509245370952318,0.07090854860906354,0.016293085287266567
325,0.08448469517852711,0.8372617478806815,0.036113601013903866,0.03342832189629211,0.008711634030595413
326,0.15798222483185656,0.6890456911637863,0.0480531008937675,0.08415621191187823,0.02076277119871137
327,0.1246626494092582,0.7970371121976089,0.01914422393211355,0.044155954602893475,0.015000059858126044
328,0.19748480160952994,0.6933739389973803,0.01249880712734489,0.07034100232061943,0.02630144994512544
329,0.04687244148719334,0.7987205780922041,0.12771953915730824,0.01187371202640808,0.014813729236886152
330,0.06546408301492711,0.7317618785394345,0.17536376221381525,0.005648545698264608,0.021761730533558628
331,0.05031934951566938,0.8725048344532814,0.06906769589543339,0.0033146533953621344,0.004793466740253398
332,0.012861479205735054,0.5398311213403713,0.4345862740095433,0.003375569917871645,0.009345555526478862
333,0.0626482963985087,0.8945793433730295,0.020643989872557802,0.010303022362499874,0.011825347993404052
334,0.011834655541204143,0.9158396979541662,0.06622483538409225,0.0026479276811717024,0.003452883439365703
335,0.0086131018567692,0.9574347579941448,0.02853621227370689,0.0025116286136760545,0.002904299261703096
336,0.006230353146550475,0.9056272497958792,0.07884903953480167,0.0015148233835927305,0.007778534139175918
337,0.00965299977261164,0.9558657800636773,0.02949548221151473,0.001190993868393743,0.0037947440838025696
338,0.0014918503112089196,0.6600184015971928,0.33572124099143125,0.0005533240994302169,0.002215183000736632
339,0.016067681193399165,0.938664127290618,0.03296791804548393,0.0015462080898671683,0.010754065380631814
340,0.0050531186006483,0.6154037913071295,0.37342555226268204,0.00040068176016129313,0.00571685606937898
341,0.0004747579777596219,0.10521213323097589,0.8920894688183638,5.450561259061853e-05,0.0021691343603100635
342,0.0018341052486309651,0.3285948179940497,0.6595395157148322,0.0004280783086578399,0.009603482733829346
343,0.0014551959739268084,0.14189004440369465,0.8531877757926348,0.0001627739980544484,0.003304209831689452
344,0.0024512118622930885,0.16977539075103784,0.8226107079846045,0.0004540512702286398,0.004708638131835895
345,0.0006221888364838856,0.06253076274279605,0.9330796340717521,0.0005749107306475613,0.0031925036183204107
346,0.0010128546042036195,0.08793775623992883,0.9069469748162134,0.0006396450022007629,0.0034627693374531835
347,0.04294319602409507,0.6354622758739138,0.27518825963433957,0.005031840492876905,0.04137442797477453
348,0.0069685362132319096,0.1681264288189353,0.8032143448732203,0.002900883187516259,0.018789806907096217
349,0.00405174429052891,0.2579913415697756,0.7292134457032786,0.001127355139722176,0.007616113296694686
350,0.008381477360302071,0.4715088206944861,0.5155161780805944,0.0015126022872250105,0.003080921577392569
351,0.011394102121177505,0.4049053119127269,0.5741180654699125,0.0014475938568794923,0.008134926639303739
352,0.002871654828885927,0.13642399062546662,0.8516666649866222,0.0013965443714356698,0.007641145187589621
353,0.0026594077208381382,0.18741677629056844,0.8058815152990216,0.0009086579162689737,0.003133642773302899
354,0.0021088032150235383,0.24553407184653991,0.7469625998543722,0.0010452010390523262,0.004349324045012105
355,0.0029197436038731063,0.12609414133066033,0.8661427616405664,0.001158011088079431,0.0036853423368207296
356,0.001959175921154486,0.13197465349482057,0.8625073333128637,0.001018882267050183,0.0025399550041111663
357,0.0011279132140481023,0.15547707708016087,0.8408772444273815,0.000649134937825987,0.0018686303405835768
358,0.0024768205667018467,0.18009067267112383,0.8115051174281729,0.0016405563641182109,0.004286832969883201
359,0.0005977928103273988,0.06614512069870895,0.9317349577685122,0.0001834930784037831,0.0013386356440474737
360,0.001847226256543195,0.14038192494973087,0.8483973697850884,0.0003605710357049431,0.009012907972932445
361,0.0010614737179054927,0.09184751292476166,0.8981249447662323,0.0002522324319378569,0.008713836159162758
362,0.0008903325154341693,0.08473509364209839,0.9082531493324567,0.0001834008489893103,0.005938023661021366
363,0.0020984702967467264,0.10034500060754123,0.8940172343145045,0.00041663933687636584,0.0031226554443309525
364,0.001138762386238005,0.04306095784403625,0.9516749731342105,0.0001366269232351606,0.003988679712280292
365,0.001506010719076214,0.0783866026873287,0.9143717224789659,0.00022317548811306827,0.005512488626516109
366,0.0006125080518171697,0.05809604906110162,0.9382154748084188,0.00011903313632695733,0.0029569349423353656
367,0.0003424914281768623,0.030642714165856993,0.9671163043214774,0.00012778015431648716,0.0017707099301723498
368,0.002665097612798625,0.08739645928160443,0.905696722646729,0.0003644315828539178,0.0038772888760141783
369,0.001229007677226343,0.08169448728880264,0.9120310202213725,0.0006548160485961822,0.004390668764002517
370,0.0033880469132220935,0.13881515089049667,0.8487481814567072,0.0016786597948073331,0.007369960944766643
371,0.04978890520823722,0.739435659944408,0.13996730147747874,0.014809172870038677,0.055998960499837484
372,0.03737566251060718,0.40958891478319603,0.5290494774406126,0.00809407830020811,0.015891866965376
373,0.09264289410344893,0.7097497659176357,0.17119052451276479,0.007483328933831458,0.018933486532319053
374,0.0704611978055087,0.6993768101232084,0.18945415535084162,0.014718951607896309,0.025988885112545095
375,0.15026565576316045,0.6764234261790241,0.10740430432127586,0.022393814737407734,0.04351279899913196
376,0.18362960338899348,0.708376792575853,0.05159095388985396,0.033591258478639766,0.02281139166666
377,0.05242460361081307,0.7578328263557238,0.1315552111118573,0.03069448381406997,0.027492875107535873
378,0.08606220260977122,0.7906554728050551,0.017576838123233497,0.09638014477390114,0.009325341688038991
