epoch,N1,N2,N3,R,W
0,0.007233034934048597,0.00030362042557739185,5.413400281984934e-06,9.838956566955588e-05,0.9923595416744224
1,0.004184972323823945,0.002360694501898078,3.9381202416969765e-06,9.047808768404341e-05,0.9933599169663522
2,0.004047304248881374,0.0002417286781599125,3.3853325909718313e-06,4.889016749435411e-05,0.9956586915728735
3,0.00955016018156584,0.00036922538610203374,4.519400982440151e-06,6.731490328426775e-05,0.9900087801280654
4,0.01313008782445209,0.0007564764267517019,7.683744575063512e-06,6.946902482177245e-05,0.9860362829793993
5,0.01047383918626115,0.0004617147379319759,3.8076417535915106e-06,5.332197219277419e-05,0.9890073164618605
6,0.0323562346837466,0.0004826984168142857,4.910875122627453e-06,0.00021611886944054905,0.9669400371548759
7,0.038792980081667275,0.0034498458610205053,1.0511010381537736e-05,0.0002263235352542258,0.9575203395116765
8,0.09541811689820495,0.011435017853527433,1.4338484304778407e-05,0.0014154543396137712,0.8917170724243489
9,0.0332794183794351,0.0030305029063307275,9.687931682504994e-06,0.0013935435161941468,0.9622868472663574
10,0.22927886660324823,0.10609476260832462,0.00011057117832796457,0.03509886266401313,0.629416936946086
11,0.04962101116983686,0.020657988451201318,5.419156522554613e-05,0.017870404393098043,0.9117964044206383
12,0.2016100090600743,0.04268051074880092,0.00010218706808643203,0.08800412138781832,0.66760317173522
13,0.09111990812202257,0.036286101663659066,6.411829025460696e-05,0.019967965567170107,0.8525619063568936
14,0.30264076081280183,0.04612677124588793,8.472029846132303e-05,0.022139577258496846,0.6290081703843521
15,0.2964696174902174,0.37864978205210936,0.0018424933393417417,0.0420256666046351,0.2810124405136965
16,0.25307946408880033,0.06788677931943546,0.00016858997473692125,0.03869142935666027,0.640173737260367
17,0.2566801607905713,0.3413910945576165,0.00048207289121885496,0.12134700307418902,0.28009966868640435
18,0.3095512809570355,0.07080507359293346,0.00033185930912401674,0.12002421647271132,0.49928756966819554
19,0.5698916916500559,0.20042328613738483,0.00015823814011958672,0.08647512482452216,0.14305165924791743
20,0.46081618038625616,0.30453242587917223,0.00020080827377414384,0.11902924709818848,0.115421338362609
21,0.2169632929400694,0.6104291290706536,0.000705097218701989,0.0271534332477596,0.14474904752281534
22,0.3369974008205665,0.44462502210450405,0.0037019459342204943,0.02649684709178522,0.18817878404892383
23,0.22120552946906075,0.6251824038195254,0.0008330186969258479,0.03294069764292116,0.11983835037156684
24,0.1137607815394272,0.8237662958954043,0.0033739445560214947,0.005471909965008847,0.05362706804413828
25,0.34063686305876206,0.5470243203393723,0.0014811586654257473,0.014343665023519117,0.09651399291292079
26,0.12191405478805316,0.8067065454931602,0.005026980417045238,0.006135831374554719,0.06021658792718667
27,0.21521817499680726,0.7135101278335705,0.003918307482489277,0.011572946230455124,0.05578044345667802
28,0.15116024838968414,0.7997092086241433,0.004089061763671765,0.009903903122428882,0.03513757810007187
29,0.14516194935188867,0.7448198252967121,0.008621975765651109,0.01250454926596549,0.08889170031978275
30,0.27715634635906344,0.6052071407600298,0.0017687704098269916,0.0315160361655283,0.08435170630555149
31,0.16652579369190734,0.7356476914885876,0.0036385071269414587,0.008847870512233947,0.08534013718032991
32,0.4140194134171268,0.43514333790342347,0.0027658701302542715,0.022634662792396253,0.12543671575679932
33,0.13042626731676552,0.8293585277372685,0.006676344130843173,0.004973178948742425,0.028565681866380397
34,0.058208193439309004,0.9014855069062375,0.0072940522507852525,0.005446050808340796,0.027566196595327448
35,0.2313181929067211,0.7022295840259033,0.0057124347185064,0.011081972696696646,0.04965781565217253
36,0.16653503435218192,0.7704964716408056,0.0048641565559192235,0.005636844770051346,0.05246749268104195
37,0.10248661509628051,0.8491378258885857,0.0077534262144626906,0.003581621534143656,0.037040511266527285
38,0.3232703847259032,0.6262030318049161,0.004328547403074034,0.006870590345429784,0.03932744572067687
39,0.0873657174306167,0.877877077826396,0.009524373678954983,0.0010777727056378867,0.024155058358394224
40,0.1260756048307541,0.8251402266030644,0.013289874907362184,0.002274792585298618,0.03321950107352064
41,0.03752243269105121,0.9395209074072355,0.010439730881638886,0.0021741881587085117,0.010342740861366063
42,0.07686549147203967,0.885458576168601,0.016400671508051915,0.0041501561856098716,0.01712510466569753
43,0.0963960712521733,0.8590786493660202,0.01432648859320806,0.0028157245807593875,0.027383066207839157
44,0.07923796287682963,0.8956968878756432,0.01132987752631134,0.002037624725330075,0.011697646995885979
45,0.0384699319164343,0.9258169128421178,0.02215578525635693,0.0014551762765289457,0.012102193708562027
46,0.10085448640333665,0.8690515030090588,0.01669388312231713,0.002268994372494932,0.011131133092792641
47,0.07678547502403052,0.8788701143723393,0.02792773197598472,0.00201854195376744,0.014398136673877949
48,0.03943556297486088,0.8739737280485393,0.06231800265111349,0.0018233212059446426,0.02244938511954155
49,0.02235143801220821,0.8583406301106266,0.10386569215075471,0.0014279772140396052,0.014014262512370784
50,0.03257970460864135,0.8911636924000355,0.06071233949595616,0.0023227977320378016,0.013221465763329242
51,0.14352579686926042,0.7911490988114527,0.031297952767376354,0.005673458471887554,0.02835369308002281
52,0.07680650568688047,0.8599830723289231,0.04438896038911696,0.002335386876371271,0.01648607471870828
53,0.05782939056760931,0.8613899005365672,0.05841527150831328,0.002269625453804831,0.020095811933705375
54,0.06150261349658083,0.895938605620551,0.024959997771855508,0.0016021961850085824,0.01599658692600411
55,0.19213730534673304,0.7521497241921237,0.032918590915263925,0.0032700306909719647,0.019524348854907527
56,0.02029684652956236,0.9266899316137982,0.04328779833074349,0.0005644772641310825,0.009160946261765087
57,0.015174573460337541,0.8782592893016197,0.0953615386691286,0.0007023187649092482,0.010502279804004942
58,0.034334504807123745,0.9153375520151902,0.035839573866390445,0.0008993553228949443,0.013589013988400516
59,0.035999011504159045,0.8991560629259878,0.050854099726655645,0.0017223347631893753,0.012268491080008019
60,0.00817140938108585,0.699497069336722,0.2864976518466534,0.0005174832640478869,0.00531638617149105
61,0.03182953904993073,0.895865173491133,0.047727026046301226,0.0034125706877755767,0.02116569072485931
62,0.014994153782222071,0.8718336514762236,0.10189889600340978,0.0016109464420932375,0.009662352296051257
63,0.023816504750123084,0.8811533083043697,0.08048213039214391,0.0018288947816690513,0.012719161771694224
64,0.04472657305866254,0.8919512413126091,0.050914754384109626,0.0027934328635752983,0.009613998381043416
65,0.011340707379487698,0.7630681041797446,0.21279220017001454,0.0010284625535954082,0.011770525717157615
66,0.011614022604997996,0.7348356828107127,0.24319898997642198,0.0009560680115826794,0.009395236596284804
67,0.013361370719067166,0.6709019934160174,0.3012729471929696,0.0014569317237931503,0.013006756948152554
68,0.020659337076917837,0.7092614661575382,0.24158384984768178,0.0021294275202764276,0.026365919397585844
69,0.02557768246395347,0.681834286058292,0.2655990424328911,0.0023707434473605256,0.02461824559750279
70,0.009947347518552667,0.6044189350375124,0.36604787518006365,0.0011268863557112078,0.01845895590815993
71,0.029544950409562572,0.6146910013819172,0.3302421944474087,0.002435457647904522,0.0230863961132069
72,0.03346971397576413,0.6453770718853273,0.2734942747442247,0.002946653808852299,0.04471228558583146
73,0.041027746820109526,0.7979972950349346,0.13001982470120588,0.0028395530260331564,0.02811558041771694
74,0.02411106161666637,0.626995389374395,0.31903207156559393,0.002016904568350434,0.02784457287499416
75,0.03205613702203741,0.7358917864851453,0.21227785892153986,0.0020476979916632734,0.01772651957961433
76,0.020975547573289954,0.7232317233446286,0.22276256900425168,0.0020588732927160113,0.03097128678511367
77,0.01503813569962112,0.7231687427338582,0.24651655972960235,0.001299321737424989,0.013977240099493303
78,0.01824422312857923,0.8117687859005545,0.15962133558422437,0.002468443445566407,0.007897211941075625
79,0.015537572846892425,0.7060505875266561,0.2649145682779845,0.0025780552454858336,0.010919216102981143
80,0.011269665909728674,0.671330171862595,0.30513162766125673,0.0015220716637261223,0.010746462902693418
81,0.014974918899186633,0.7835461521060985,0.19476746884580243,0.0019607364117214484,0.004750723737191185
82,0.004263899923778606,0.5483384012271133,0.44325973576780975,0.0006858611935143694,0.0034521018877840116
83,0.008350969766909147,0.5763736229079557,0.40475027723476065,0.0008449936758969504,0.009680136414477604
84,0.009249244900143465,0.4009648943940122,0.5673113028351242,0.0019352922939441125,0.020539265576776006
85,0.008789026775059175,0.6484456188139966,0.32899917971303094,0.0017986693976562165,0.011967505300256987
86,0.041998232633957806,0.6803023011700398,0.24902680690967288,0.003715091327918742,0.024957567958410684
87,0.029825802065691683,0.7931238009363479,0.1622049559027341,0.0026732647163240668,0.012172176378902388
88,0.06788711085069475,0.7476379221414575,0.16343422955591805,0.007631239743539637,0.013409497708390125
89,0.09256675712775918,0.8164261138857237,0.06404096524450607,0.010298369087378917,0.0166677946546321
90,0.0669309593752291,0.7166537628480303,0.19027860701130994,0.0070749261500684234,0.01906174461536216
91,0.21265006972282902,0.7061153189028364,0.04431504538336154,0.013624043356761265,0.023295522634211623
92,0.1478465978382432,0.7915121278090123,0.03917998697512267,0.007526222120305426,0.013935065257316543
93,0.07268497397232193,0.8845985444376487,0.028236315763577588,0.004851698881502287,0.00962846694494951
94,0.25730657514097527,0.6714588764434388,0.021057297941949243,0.011940562166332595,0.038236688307304006
95,0.04737142132626037,0.9131252012031565,0.029332489989867615,0.0043775857693642934,0.005793301711351227
96,0.2022899029694489,0.7542199801911323,0.013415075454234537,0.014177181639983738,0.015897859745200523
97,0.09764266249643282,0.8627603080312167,0.019153065890149062,0.004485699524372564,0.01595826405782863
98,0.15973920124835678,0.7982251973654607,0.02697923867951114,0.00795322641381302,0.007103136292858452
99,0.06606640436310722,0.8591531550282844,0.0575664805881771,0.003937503959879622,0.01327645606055171
100,0.02240481726946046,0.9073814257510423,0.061724018067453125,0.003305102080741623,0.005184636831302573
101,0.057907534505458415,0.8749509749039162,0.04681298208551954,0.010532058419431136,0.009796450085674695
102,0.015983698632295498,0.7697632274503972,0.19899279274788761,0.003827884820388256,0.01143239634903157
103,0.03229619982254856,0.8781091853928815,0.07828061465111283,0.004525061506423801,0.006788938627033261
104,0.01250107847341037,0.7398974353035197,0.2383396532268294,0.002482350632818769,0.0067794823634217925
105,0.06296353915370452,0.7366553836453443,0.1687714086837301,0.007503428492469921,0.024106240024750994
106,0.03340307381203083,0.7652317866377636,0.17855425076213768,0.003862275617686923,0.018948613170381077
107,0.061630298782909036,0.7918101026344496,0.11171612772683726,0.007750733844903367,0.02709273701090064
108,0.030579668663465922,0.7919326000464091,0.15326537323063372,0.005988555414968046,0.01823380264452322
109,0.0764996690931882,0.8605012210504047,0.03612544814943256,0.012744280953239345,0.014129380753735089
110,0.14135776375688613,0.763458222691896,0.021043414072541317,0.015968740658273906,0.05817185882040267
111,0.09127488913815167,0.8211909080414351,0.02209169987431122,0.038517620061425034,0.026924882884676975
112,0.02232532332754849,0.03803145196043695,0.0018119871290872122,0.0012182117318801234,0.9366130258510472
113,0.6311387012395819,0.2946574115458347,0.0015511394009323116,0.02373637012678588,0.048916377686865256
114,0.662011687198807,0.26598285705511326,0.0006161252299422548,0.01936270550122059,0.052026625014917026
115,0.5562721525820543,0.39715417036222916,0.0013766923816392455,0.013336673111155679,0.03186031156292162
116,0.2835234027714538,0.4247926717709802,0.0018196881702164571,0.2732832737469593,0.016580963540390313
117,0.25531926715129233,0.5072639320435957,0.0028122730041837407,0.2096998292874371,0.024904698513491103
118,0.17951377312712166,0.5015104958476505,0.0018714607215723207,0.3025290271333201,0.014575243170335603
119,0.10920154756676537,0.8318534072629981,0.0016132046883779408,0.03295853439022922,0.024373306091629278
120,0.17135993037151817,0.7673776854197087,0.005358865358288526,0.044759441124212505,0.011144077726272067
121,0.055720294377687205,0.9232371729299164,0.004854744705565843,0.012437666261166462,0.0037501217256640518
122,0.06200501539877218,0.9059733087307485,0.014052980469353089,0.013485194275174544,0.0044835011259516
123,0.07445549078094674,0.8875474980556727,0.015302181892295326,0.015019647329025367,0.00767518194205984
124,0.07010938802663017,0.8978110250538079,0.016930720539188933,0.012333380875374465,0.0028154855049985447
125,0.09873876655535938,0.8599255385272554,0.025254703648447382,0.0038156303384349758,0.012265360930502792
126,0.0350193214449074,0.913363718589075,0.04175249354715874,0.00220718533088371,0.00765728108797525
127,0.009038200131702269,0.8621707080387038,0.12413422541234302,0.0012790622438881595,0.003377804173362693
128,0.13541135119845177,0.7960912138410798,0.0499850744954573,0.010832778526764631,0.0076795819382464705
129,0.09555046972562974,0.831008524085522,0.05733518352419569,0.01069896421658455,0.005406858448068151
130,0.04500131755582914,0.8539093873259206,0.09009357394465882,0.002950498433672979,0.008045222739918485
131,0.05825358513365385,0.8657003318393146,0.06203085399567522,0.004524529387701483,0.009490699643654777
132,0.029496650873161147,0.8836273021959685,0.0778064030809073,0.002379191086537621,0.006690452763425363
133,0.03205605510219957,0.8550404940458332,0.09489053197971477,0.004968661295828981,0.013044257576423548
134,0.00872218767608653,0.6934309193968256,0.29112429354826636,0.0014596947923074448,0.005262904586514165
135,0.010610225971212724,0.747970448293139,0.2312723344974213,0.003141343876747371,0.007005647361479936
136,0.02434096142512616,0.8301033995116863,0.12119644418312081,0.005123782178460724,0.01923541270160577
137,0.02721614470755246,0.8516107470698097,0.10263160411991952,0.007432565557526357,0.011108938545192012
138,0.017267401179160376,0.879840041201305,0.09011472393809651,0.004599835573703569,0.008177998107734374
139,0.04913345450069961,0.8099915726515945,0.09251602510135584,0.015471887379564562,0.03288706036678568
140,0.029237246138796573,0.8277929964930444,0.11160584146589604,0.010194966888968772,0.02116894901329425
141,0.060152659204201674,0.7928008523663381,0.08507050461065276,0.009330132648022594,0.052645851170784866
142,0.3946605076185056,0.09671187668537849,0.0013555168952260215,0.008494096625802264,0.49877800217508755
143,0.4688143105363673,0.48143991508942824,0.010131049735484387,0.013822585013507513,0.025792139625212325
144,0.07832844022424303,0.9055273049374006,0.011181003456173719,0.0010773010982924717,0.003885950283889988
145,0.1707264796760341,0.8086167335845851,0.011029195020502047,0.00242773787897783,0.007199853839901109
146,0.05483996993796153,0.9066079827701096,0.026878405693404932,0.003337727945497222,0.008335913653026692
147,0.025250870481749725,0.9395007645817921,0.030422581280259948,0.0014367921567917741,0.0033889914994063635
148,0.016499711332421306,0.8878464337403225,0.09047485939876812,0.001549978919893779,0.0036290166085941704
149,0.028181430778369824,0.9154015846566695,0.04783715398466763,0.002023046084952479,0.006556784495340575
150,0.033591517815377746,0.9011427491182727,0.05612823544337306,0.00246386675108101,0.00667363087189554
151,0.03231080347134023,0.8361289284268111,0.12471180857698612,0.0020192895622785285,0.0048291699625838385
152,0.004425397881749299,0.8281814708965249,0.16429118951759497,0.000971893824416157,0.0021300478797146244
153,0.007583037314155921,0.6994615148906388,0.28875049139441916,0.0010259688289666938,0.003178987571819404
154,0.005706639543664807,0.5741949965253611,0.41752625188161735,0.0005330728896292679,0.002039039159727458
155,0.009882279774139333,0.6403181478782544,0.34547759783329995,0.0009640473933721734,0.0033579271209340563
156,0.010294773149799975,0.42754344605842576,0.5577087678569413,0.0014894582819871564,0.0029635546528457616
157,0.0044902861481258246,0.41035064127759513,0.5820629630037357,0.0009338748767373816,0.0021622346938059635
158,0.012792354449433543,0.6655003883135157,0.31688957411772717,0.0030216818345731593,0.0017960012847505708
159,0.004800624846209537,0.3246276839161111,0.6667463827721353,0.001574059749641235,0.00225124871590276
160,0.010243305949854821,0.6502918113700663,0.3321293424457953,0.003582308675244711,0.003753231559038875
161,0.0071501709532302,0.4354040840247276,0.5501925221499697,0.0017382312840864603,0.0055149915879861245
162,0.009998737750436103,0.4337234590590135,0.5505545087235428,0.0014750861048440512,0.0042482083621634475
163,0.019210570932685557,0.7462997428414064,0.22740916311560977,0.0024266988452518474,0.00465382426504635
164,0.005030837945167796,0.693929158372342,0.2970961889983061,0.0014463771835449741,0.002497437500639212
165,0.008663216342047754,0.4697574963000521,0.5150979532439051,0.0015420871067839273,0.004939247007211237
166,0.011006328493987349,0.6544299095149103,0.3263824869002595,0.001444718979144177,0.006736556111698669
167,0.013609144043435509,0.8050903900315944,0.17233566495115052,0.004358935826189183,0.0046058651476303504
168,0.08016274623357886,0.8337869489323808,0.06785386337041567,0.009756773676018423,0.008439667787606355
169,0.030094251851198937,0.8495424719382436,0.10869008286533435,0.004742537630743382,0.006930655714479592
170,0.010517581325064244,0.8564461356468812,0.12760895814140324,0.0021703276402871303,0.003256997246364002
171,0.09378594156092143,0.8293380642312479,0.05045353650347575,0.007179921800746701,0.01924253590360817
172,0.1196371156367983,0.8319330377107333,0.03297673727493942,0.009130146826096816,0.006322962551432332
173,0.02059440968807625,0.8620578757717016,0.10736047722114053,0.002534564682599148,0.00745267263648248
174,0.09780859619677128,0.852133011766009,0.035584935172351166,0.006299142308816859,0.008174314556051613
175,0.01604053449978246,0.808604365370411,0.16507898651457245,0.002783795092181128,0.007492318523053058
176,0.022565840059531175,0.9089206868471338,0.05603663113468533,0.006143776978899969,0.006333064979749616
177,0.07292888417056465,0.8772133025052644,0.030246295293197393,0.007295566462465847,0.012315951568507757
178,0.05897359333224442,0.8844686597062537,0.04464923756662915,0.007012057677729804,0.004896451717143015
179,0.03922290322167021,0.8991551605975456,0.049845390902131664,0.0033734456034619944,0.008403099675190474
180,0.01602498118019713,0.9212654087509536,0.051119075378537195,0.0027029182489424868,0.008887616441369456
181,0.023079858929312823,0.8970574163606031,0.06921675751859586,0.0024421368142822754,0.00820383037720578
182,0.00841779744379266,0.8912194295176074,0.09542815197872322,0.0018568671792120075,0.0030777538806649536
183,0.030609622877136155,0.8880183506379602,0.0716436708376062,0.004392505439687452,0.005335850207610124
184,0.009060776479486388,0.7683816962838799,0.21339837022850014,0.0035252569036932986,0.005633900104440185
185,0.01944139147488881,0.6964469722345012,0.26416258547784177,0.006794271670833544,0.013154779141934535
186,0.014790976738912373,0.8125852480137995,0.16140016657323053,0.005009045225012516,0.006214563449045054
187,0.025848840679877097,0.8927537276091281,0.06298084060914631,0.007699690106509977,0.010716900995338433
188,0.05280599732606,0.884469995098923,0.03721550028116184,0.01484193922017632,0.010666568073678752
189,0.1089082827622341,0.8320668366486196,0.02845198526286235,0.016107732976650208,0.014465162349633813
190,0.17303625839317227,0.7735312202920428,0.020042385833596802,0.019165521710754838,0.014224613770433284
191,0.11077050972917254,0.8474416417819668,0.013445526744974987,0.016201923531915945,0.012140398211969668
192,0.08437276923704994,0.8772668657393853,0.020806620884338756,0.011054623930137968,0.006499120209088092
193,0.07014071565256348,0.8867397296896758,0.02572046058615324,0.010979164728345637,0.006419929343261777
194,0.04317615360938953,0.856493430551473,0.07321613590808068,0.01318959915990238,0.013924680771154484
195,0.027746879621053825,0.8276511098214223,0.1288353698016195,0.00891630440349139,0.0068503363524129186
196,0.015207721789923296,0.5631557947855058,0.38677577756731124,0.023216433627185677,0.011644272230074111
197,0.02681720659101851,0.7056374912673772,0.23648220631231703,0.017518081369132098,0.013545014460155078
198,0.016050455364779927,0.8133185656163504,0.1492196705640112,0.01646236455166899,0.0049489439031895005
199,0.046220651638291775,0.7213631282724843,0.1686924994505161,0.02858913084927324,0.03513458978943484
200,0.09102546978620386,0.668089189485826,0.12398850687297773,0.04748799110762141,0.06940884274737097
201,0.07888024411121684,0.4602195971007269,0.31432510956304344,0.04924578336699808,0.09732926585801477
202,0.07251452285226949,0.4540630014992448,0.28012908090379385,0.045813206533063894,0.14748018821162798
203,0.09213389233961557,0.36514220771499195,0.23325910193486157,0.0825923385510388,0.226872459459492
204,0.07330042901225456,0.27199971778385834,0.1529624224564174,0.03359932739341887,0.468138103354051
205,0.19622115280368166,0.27969058195391683,0.02574101158098313,0.04011336327604128,0.458233890385377
206,0.014574590011531349,0.018169967589712732,0.005864884190340595,0.0016821178858825374,0.9597084403225328
207,0.022750960638244194,0.011439802666039356,9.442259315812829e-05,0.010252026609686753,0.9554627874928715
208,0.021306004523231416,0.01663255185950706,0.00015928166022440707,0.0028296349063765495,0.9590725270506606
209,0.3860881235964724,0.28776434595325484,0.0007570121721360293,0.02622429624748903,0.2991662220306477
210,0.009370836933378526,0.02017473046977164,0.0002934705984566948,0.0008522265921891274,0.969308735406204
211,0.12370112970419456,0.0668726611129301,0.00036389362893653686,0.012989056624137374,0.7960732589298015
212,0.03974471467480586,0.03235317696278646,0.000249921371297386,0.014147650508614234,0.9135045364824961
213,0.31337414762112203,0.13917709702392994,0.00021320148851022781,0.03579980581413776,0.5114357480523
214,0.5465579362382176,0.15656859861924124,0.0001560583212208197,0.06691815900697859,0.22979924781434177
215,0.3180320018504983,0.18048081181480916,0.0003933122512078539,0.04142326045091842,0.45967061363256634
216,0.20249053297242114,0.12889017767771602,0.0004691407847605187,0.24191080126657694,0.4262393472985254
217,0.1433414126952384,0.5782898162559367,0.00020952218448947764,0.10566978907362708,0.17248945979070843
218,0.389108381338005,0.13424066247800712,0.0001831314276474685,0.3472135486240788,0.12925427613226162
219,0.21481344183655748,0.25394094251632693,0.0002507843241423372,0.2050870517400664,0.3259077795829068
220,0.20463801918182517,0.032314056959472225,1.3968823969194087e-05,0.10089924105892227,0.662134713975811
221,0.2792885240117508,0.08960748830460029,0.00020136300728429497,0.09642338572818501,0.5344792389481796
222,0.0845030901189792,0.0227453102053735,5.095188598946234e-05,0.04183235795378904,0.8508682898358688
223,0.7518065636943592,0.031150096051995035,4.0979733985125786e-05,0.05811949586448794,0.1588828646551729
224,0.6088214319410806,0.1468930768781261,0.00019613507710653487,0.12620864511355562,0.11788071099013124
225,0.5449081367231678,0.15073570296357897,0.00017334131659416986,0.13561540780273482,0.1685674111939242
226,0.149482000546178,0.285391296750008,0.0014468354029996784,0.06902936365132901,0.49465050364948526
227,0.19273911598894464,0.03618878755159492,8.231587963244185e-05,0.047595136869241016,0.723394643710587
228,0.6841268632707933,0.09796714916404861,0.00017608429151983257,0.05736705768676839,0.16036284558686978
229,0.5336073672124922,0.31472402295891966,0.0004907868592001892,0.024403673914977768,0.1267741490544102
230,0.19835523567454771,0.20878291875395905,0.001976801814680478,0.016779987123333662,0.5741050566334791
231,0.4301934149228616,0.368899972899288,0.000685593676049455,0.03400142721211324,0.16621959128968763
232,0.4989115839546299,0.13527567349765338,0.0006090078451149265,0.033733249057797884,0.33147048564480375
233,0.4292855709262352,0.47147482157045967,0.000654938466786835,0.01067152560498067,0.08791314343153778
234,0.36797255395024864,0.5390389203293737,0.0011008498067296138,0.045048802467090636,0.04683887344655724
235,0.5251175796460319,0.3251553806411159,0.0009693323109017997,0.030549047614841503,0.11820865978710884
236,0.2592500231467431,0.6297548830447859,0.0011217855864472323,0.07022115804209485,0.039652150179929076
237,0.47561925623190165,0.38406098061100796,0.0012234587873572284,0.08661872164384199,0.05247758272589114
238,0.3573219062747966,0.4782444225270114,0.001530048290125196,0.13300381190284838,0.029899811005218355
239,0.2526305542926615,0.5319802606851347,0.0006170510892077964,0.15852711689699514,0.0562450170360008
240,0.1840681880913881,0.67556589969268,0.0012413574233619403,0.07415137830214746,0.06497317649042265
241,0.16846647777796253,0.7367094004121147,0.00037773844213539223,0.07559163347376885,0.018854749894018565
242,0.08969200782032798,0.1888825274191091,0.000751463052590045,0.019945196523519258,0.7007288051844535
243,0.5632992770610895,0.28022887280437153,0.0005431636481250211,0.07139678758940043,0.08453189889701354
244,0.2401503393366734,0.3310828910158164,0.00025695798943517766,0.02970313264776792,0.3988066790103071
245,0.5000876599996776,0.3351811882894744,0.0002906414715763217,0.02133948364086658,0.1431010265984051
246,0.5449900016284009,0.1628685829654364,0.0003558305373691337,0.030932022225696083,0.2608535626430975
247,0.25550515917656275,0.6795698855341955,0.0007176117888329571,0.03218070068496168,0.032026642815447086
248,0.49171146000700283,0.2435404417387563,0.0004911485172844611,0.08512072866707933,0.1791362210698769
249,0.1944024768684168,0.6557425951710704,0.0007880936815457956,0.0358100423358433,0.11325679194312387
250,0.3971725278801872,0.4491342147380917,0.0008498956288984983,0.09092477689000421,0.06191858486281841
251,0.15787616177609104,0.7696543459743174,0.0011561790218541299,0.05085234966907968,0.02046096355865782
252,0.28760432193254853,0.5750959422308268,0.0005822196418978024,0.11178912731397833,0.02492838888074853
253,0.10474040291260364,0.7039388379596189,0.0017768817448173015,0.036111887765979594,0.15343198961698043
254,0.33352043415326205,0.4194308311844321,0.0005925646125917915,0.16948849765840712,0.07696767239130693
255,0.269862125613234,0.5362250412439367,0.0007257004790099721,0.15761162820473204,0.03557550445908715
256,0.21025369349577636,0.577188146166871,0.0006054196299806296,0.16631032328527146,0.04564241742210057
257,0.2958854344310191,0.359645094446557,0.0005217537391027094,0.2908002759152141,0.05314744146810711
258,0.17685789730449808,0.6492237239243769,0.00047539665908887224,0.13223704299869637,0.04120593911333982
259,0.25879730351798347,0.47136445443358155,0.0004284981843601114,0.24066016838442866,0.02874957547964609
260,0.15702122024008178,0.43729492581460777,0.0002966539856443975,0.3866744727803296,0.018712727179336402
261,0.2042760440875304,0.16555467372594398,0.0002521596014180519,0.5810554772660509,0.04886164531905659
262,0.20616118524170451,0.18974373510959555,0.00020706101734773368,0.5567386651150933,0.04714935351625905
263,0.26310322155028215,0.226237026144044,0.0002028530974571521,0.4693703206806347,0.041086578527582025
264,0.20234581338137103,0.2120603963428514,0.00022112812303440755,0.5731418669605431,0.012230795192200111
265,0.1464633538107421,0.19795020722618561,0.0006581385087640534,0.4112327760713625,0.24369552438294584
266,0.22467616462337023,0.07964790230770814,0.00010182698835205777,0.38011646827537277,0.3154576378051968
267,0.01551532491671879,0.04950805314750992,0.0032623590823062055,0.004183048482340761,0.9275312143711244
268,0.41026875478270897,0.02313261244234638,7.80449305833875e-05,0.14074396074822393,0.42577662709613734
269,0.4599753033804515,0.07702522969476602,0.00017245363755905496,0.21064859216268664,0.25217842112453676
270,0.23894938711430352,0.12024820757956403,0.0001571723790215293,0.36083789007615896,0.2798073428509519
271,0.4795025876968904,0.1081025646491911,0.00010175729877853365,0.3645034606040403,0.04778962975109974
272,0.24561295221324148,0.17399266396514756,0.00013650474740045253,0.4979682775936252,0.0822896014805851
273,0.12173579701564896,0.022852697572396136,6.567734898487285e-05,0.8411950149554108,0.01415081310755929
274,0.04829367016183973,0.01953816536175514,6.92973861469982e-05,0.9155272227356424,0.016571644354615785
275,0.027856492900259464,0.01142467925571102,2.967166588652643e-05,0.9577052818556573,0.0029838743224857266
276,0.01717162545460372,0.010511952271483596,2.193945628557693e-05,0.9691233591267168,0.0031711236909103603
277,0.019764791830516455,0.01382151867191038,2.566368716134459e-05,0.9637758494079312,0.0026121764024805466
278,0.01782736453292698,0.019346826400184813,5.778111413780041e-05,0.9536942038524687,0.009073824100281663
279,0.019541717690220922,0.011442943135134127,2.7335578963182028e-05,0.9654101775934996,0.0035778260021821894
280,0.032896047372612036,0.011692366272850717,1.4826104625271095e-05,0.9480558260839453,0.00734093416596667
281,0.030668421823504877,0.008113264416842346,1.0293253680985924e-05,0.954068298437936,0.007139722068035779
282,0.030118178417213218,0.007569796025161056,1.1100718607784164e-05,0.9531325804415262,0.009168344397491911
283,0.028377078813289536,0.005064113699786976,8.728092426873904e-06,0.9614045115673109,0.00514556782718575
284,0.03233698943208147,0.009449720598195752,3.6195016823428435e-05,0.8350394876643181,0.12313760728858124
285,0.11869282563593088,0.007121407462653923,5.453013321706791e-06,0.8425329518667415,0.031647362021352
286,0.30471803883441256,0.013027820624826544,1.1230321563365697e-05,0.467935341487073,0.21430756873212461
287,0.5329948057581226,0.011930151812769515,1.8924326767195856e-05,0.38348255927281044,0.0715735588295302
288,0.3021051604938631,0.019542490102308383,8.212276897408785e-05,0.31820199976897556,0.3600682268658788
289,0.3429347024598067,0.020394620045558077,8.103107496955649e-05,0.49036283606258496,0.14622681035708074
290,0.3549698784716664,0.016778627723697585,5.952300315160871e-05,0.3848131535789645,0.24337881722251997
291,0.10262391303363508,0.021891472954587467,9.411082338046874e-05,0.262937314962726,0.6124531882256711
292,0.4295044780315364,0.03072214225069514,5.574178275876157e-05,0.2481049791975337,0.2916126587374761
293,0.005548610202064705,0.0019274563515387895,0.00010521659314529177,0.014049840774146472,0.9783688760791047
294,0.07771273236936353,0.003521741604460835,5.220928907247559e-06,0.015210481048717887,0.9035498240485506
295,0.193348381877062,0.023970336376114967,3.8015984929578666e-05,0.016882064105068043,0.7657612016568255
296,0.6705646711395427,0.025308037960373144,1.8791660606289442e-05,0.04618757256451976,0.2579209266749582
297,0.6536716182469502,0.1252087365734146,0.00018065197339380294,0.11466423834150298,0.10627475486473854
298,0.4298655474758956,0.048900248033181354,0.00017769929606181696,0.10949204648714374,0.4115644587077176
299,0.5985404348323108,0.10919895995913242,0.0002733072283269735,0.10864129122280436,0.18334600675742543
300,0.6402551554714814,0.10350592082187776,0.0001579598482055607,0.11349374437869403,0.1425872194797413
301,0.43867151564652357,0.2955626666017248,0.00016261844008522676,0.1923231825770034,0.0732800167346631
302,0.4760884350448153,0.16894667029450855,0.00015032181564321893,0.1641813246301579,0.19063324821487523
303,0.2874938237301999,0.3579821311219799,0.0004974874871105713,0.2934605219053336,0.06056603575537595
304,0.31908132306388587,0.21148636644822127,0.00022737784990003765,0.3017741508724513,0.16743078176554144
305,0.22573526574499245,0.3048418559539477,0.0008944117342232217,0.10717226758664701,0.36135619898018956
306,0.04625902165978353,0.030804205365492575,0.00021078324180826637,0.027413015079453026,0.8953129746534627
307,0.052291201156298386,0.03705980835753026,0.00021835416568231653,0.03781972392470353,0.8726109123957855
308,0.1625821529367891,0.01721732023572572,3.4611705367095236e-05,0.039736451335340914,0.780429463786777
309,0.1719463851711189,0.017107330666545222,2.8338910805842814e-05,0.020260868990326503,0.7906570762612035
310,0.21841821348096335,0.037605853756093925,2.5041234429143293e-05,0.03165202315936526,0.7122988683691484
311,0.29274863276754753,0.024847948232423367,5.832193837515705e-05,0.049977293894849985,0.632367803166804
312,0.2362014108816861,0.11988027572437147,0.000380329299199501,0.1706607506294203,0.47287723346532273
313,0.38688351526856174,0.02267804561637188,5.7564010833068546e-05,0.15374159960968845,0.43663927549454484
314,0.18733199826074967,0.029702099855823453,4.136271730337824e-05,0.10085963361614472,0.6820649055499788
315,0.5113267881102905,0.04332583737747684,6.508137661995706e-05,0.2950628367407724,0.1502194563948403
316,0.027144245291661404,0.0062927073965806215,6.2491411298224195e-06,0.05597661587235401,0.9105801822982741
317,0.12814094610987786,0.007563123558456465,1.2369056165774371e-05,0.08099331044166463,0.7832902508338354
318,0.26039097741333744,0.00806493723114775,1.7574373191259242e-05,0.061157950860134945,0.6703685601221886
319,0.09194315967267197,0.006377714199241674,1.6543718660998747e-05,0.043853728217502906,0.8578088541919225
320,0.33050519385520366,0.1181098864851796,8.549344465585471e-05,0.35384649331124984,0.1974529329037111
321,0.14020914759122421,0.011404986600447543,2.764515171802268e-05,0.16882444755856899,0.6795337730980412
322,0.08934043876132333,0.009752002972924948,5.142008996001721e-05,0.22780152615659613,0.6730546120191957
323,0.20813675737461015,0.01083563752385328,5.403879226013954e-05,0.46472758427276056,0.31624598203651577
324,0.03810663221320299,0.00426963443618926,2.1670787499903262e-06,0.10614549431853418,0.8514760719533236
325,0.13245561553757587,0.008554525563931537,1.3162653410309356e-05,0.09393675699933035,0.765039939245752
326,0.008730390751966143,0.0018220034352840417,9.953594218569721e-07,0.010977064612289218,0.9784695458410388
327,0.46477081393219966,0.012055544604117924,1.235849728998906e-09,0.11817000215819995,0.4050036380696328
328,0.1752121801651122,0.013803595530404326,2.044620581698796e-05,0.11438858110772344,0.6965751969909431
329,0.046904147163779074,0.01592274813552197,1.247794273640514e-05,0.011332936358158113,0.9258276903998044
330,0.015607238155442087,0.0051795460822502476,8.043172148607931e-05,0.006975293951201839,0.9721574900896197
331,0.033639884508263405,0.011227684635111245,8.404455268156066e-05,0.005807629406765035,0.9492407568971787
332,0.0032020527078560042,0.0020696989684030978,9.363354507319355e-06,0.0016552738180305585,0.993063611151203
333,0.06261835766711235,0.018936084274046878,0.0007501535488373266,0.0030943615557857593,0.9146010429542177
334,0.015828221933198675,0.02069648406154196,0.00035168079430393626,0.0002882774408998062,0.9628353357700556
335,0.0029080194051489872,0.005633253907645136,2.5181312675799797e-09,0.0006373375873894077,0.9908213865816853
336,0.004826368978112637,0.009282571212449206,8.003477954565253e-09,0.0021920561207980547,0.9836989956851622
337,0.003642189260141255,0.007383863505857211,1.6210975333647126e-08,0.001073424018653484,0.9879005070043728
338,0.0047592092942916695,0.004787931340957168,2.2758359542676083e-05,0.00038060359516502824,0.9900494974100434
339,0.0037685681941022485,0.002560572992631467,2.5041837167949682e-05,0.00025355661187475084,0.9933922603642236
340,0.0018610474757012317,0.0026495775372433732,3.6170529911889814e-05,0.000183195389147983,0.9952700090679955
341,0.0009578661426473701,0.0017507166308990856,1.2838197309421697e-05,0.00011843293798315486,0.9971601460911611
342,0.0004439707680110224,0.0007678848473549085,5.627927323295081e-06,5.5814960856809426e-05,0.998726701496454
343,0.0006304441379576132,0.001509308683602676,1.2616095388802269e-05,0.00011030381355101314,0.9977373272694999
344,0.00024184334066448224,0.0007768237050973953,9.34427175884785e-06,9.27585452595826e-05,0.9988792301372198
345,0.0003348297938825342,0.0006831696007633606,1.132709792888805e-05,0.00012551893513188615,0.9988451545722933
346,0.06702219907936804,0.015266963351239978,0.0008375841552646265,0.0009424315452685494,0.9159308218688589
347,0.010854608337606415,0.0006741688910586318,0.00027775279201626337,8.210215602319664e-05,0.9881113678232956
348,0.001993137931119259,0.0001905178947922491,3.835162484608336e-05,2.8017506874884895e-05,0.9977499750423675
349,0.0006030546888313202,8.565032780200076e-05,3.238574311669867e-07,0.00013567383928911192,0.9991752972866463
350,0.0012596235205441218,0.00014228243494080657,5.820425951144879e-07,0.0001677788132203307,0.9984297331886997
351,0.0030589496716780414,0.00029244730795423605,4.669192679247184e-06,0.00020339836062042846,0.996440535467068
352,0.0039060955851798617,0.00023689928267269308,1.1029385691615918e-06,0.0014432361942971854,0.9944126659992811
353,0.0026783595619276797,0.00036687026433824334,1.1544815338639418e-06,0.0022538282129313304,0.994699787479269
354,0.07776146124110624,0.040858972024124376,0.006942666163074722,0.01011919912615345,0.8643177014455411
355,0.01346524808031764,0.0028976182246523694,4.855752506356389e-05,0.001444871481166043,0.9821437046888004
356,0.012271931943385233,0.0010054383871683564,1.6473343806293618e-05,0.006846174114120016,0.97985998221152
357,0.005305342673866613,0.0008122810179937605,1.7983200628823644e-05,0.007163203171587127,0.9867011899359236
358,0.0030359837369059823,0.0005488668106299369,1.6757502560137963e-06,0.004241835743551793,0.9921716379586561
359,0.0033989899715815104,0.0009349278828007052,2.394341659483129e-06,0.010382723135396992,0.9852809646685614
360,0.005966641853350554,0.00170659879783215,4.96309179739649e-06,0.015624010542283604,0.9766977857147362
361,0.0027015595532168895,0.0011997022176886845,1.0306383503515597e-06,0.009735890311409506,0.9863618172793346
362,0.017540328055172496,0.0018763149350721465,1.0596791553657675e-06,0.012147944278772001,0.9684343530518281
363,0.03582592939818057,0.0030196585037363054,4.7642889908533615e-06,0.016928943472762324,0.9442207043363299
364,0.010916293362850368,0.0012039146183934805,8.58207790500235e-07,0.00887490556193371,0.9790040282490319
365,0.01188765322128806,0.002028826270812123,3.965026012200495e-06,0.005745978852805602,0.9803335766290822
366,0.020304043301356278,0.0014799247988175556,2.05568215375327e-06,0.008379958728421908,0.9698340174892506
367,0.014842456043148954,0.0009170738193960961,3.128557692106231e-07,0.005202691154157567,0.9790374661275282
368,0.027047777004035815,0.022824034887356404,0.0006902906861146998,0.03141665227619212,0.9180212451463009
369,0.0031945937705959585,0.0007846607547235767,0.3446596864149957,0.00238382457600673,0.6489772344836781
370,0.024862485174972783,0.0038277363212209123,1.4964920830782032e-05,0.0069262663034788865,0.9643685472794966
371,0.012374913012679576,0.0024926523856620042,9.194853885061275e-06,0.007916028702466335,0.977207211045307
372,0.010728408489354547,0.002857992612752224,4.293115463340788e-06,0.0031450482764522896,0.9832642575059777
373,0.013464147532902614,0.005060670309281201,7.530524219049768e-06,0.004248221630921435,0.9772194300026756
374,0.05431387649658635,0.03155029172452204,6.47961839188795e-05,0.035617000189768516,0.8784540354052042
375,0.04156553216638472,0.03630786022929037,1.0040864632807228e-05,0.05074532947243382,0.8713712372672582
376,0.04238483411423399,0.034594182259249394,1.4010124493983258e-05,0.1778161864180101,0.7451907870840125
377,0.08788494535777508,0.021813270903365337,3.522625456483673e-05,0.20485227443902318,0.6854142830452716
