epoch,N1,N2,N3,R,W
0,0.0020887049799715096,0.0040312940182626,2.4136286397670855e-05,0.0010573097446252614,0.9927985549707429
1,0.0033493905673837765,0.00580562565837718,1.4414949434141533e-05,0.0008278622271357533,0.9900027065976691
2,0.001419811901121169,0.0032281834370941056,9.180274927518995e-06,0.0004458807564401923,0.994896943630417
3,0.00224908296308344,0.003913021655206423,1.4829389346137174e-05,0.000709913356086498,0.9931131526362775
4,0.0010232060807097763,0.002919254140761478,2.2154505747728004e-05,0.0005434274095407,0.9954919578632403
5,0.0020274080867022466,0.002197516541265993,1.4916945415879295e-05,0.0003031031412570709,0.9954570552853589
6,0.0014409744800555,0.005210033684215715,2.8615655380499656e-05,0.0004227103778832305,0.992897665802465
7,0.0009901961467245859,0.0024541453252982033,3.72711885805313e-05,0.00043224434387433323,0.9960861429955223
8,0.0015303010002842108,0.0020984488509669702,1.0269589822249782e-05,0.00030487873943461805,0.996056101819492
9,0.00301301292865903,0.0030272695191428446,1.811724629938928e-05,0.00043948840854676167,0.9935021118973518
10,0.0012340357854431568,0.004668318477475513,7.69093414572176e-05,0.0003913369962304576,0.9936293993993937
11,0.0009757355639032038,0.0035941387946299965,5.571958448503354e-05,0.00046938203240251016,0.9949050240245791
12,0.0012497354762529727,0.002241403568412178,2.5470385310811067e-05,0.00026090377170719234,0.9962224867983168
13,0.0017432912764674578,0.00213373380749767,4.739687111778407e-05,0.00037553279637698035,0.99570004524854
14,0.003537275115427012,0.005893430391045229,6.702599539368427e-05,0.0007453669072865686,0.9897569015908475
15,0.007111359808219926,0.015146177669936126,8.431504456848623e-05,0.0013280412305972094,0.9763301062466783
16,0.0030427091708254304,0.015528229444222824,5.538670155915659e-05,0.0019303901323380274,0.9794432845510547
17,0.0015404423903277536,0.006998122620499082,7.55405823718439e-05,0.0009984908639686946,0.9903874035428326
18,0.0027348387833076794,0.0047571636122433125,2.4749924793820485e-05,0.0010211302159467042,0.9914621174637085
19,0.0018354658620749538,0.00804982932285613,7.573211307098279e-05,0.0010555214721030084,0.988983451229895
20,0.0031567048433806142,0.004055418467652756,2.1462860495927905e-05,0.000582274176144308,0.9921841396523263
21,0.0032047447580773603,0.00571478502832811,2.2078876264199958e-05,0.0006190233396388541,0.9904393679976915
22,0.0037858925112813843,0.010806878390256116,7.791474184762249e-05,0.0010822566049128815,0.9842470577517021
23,0.0030641230445150732,0.006223111253015097,5.500884004589861e-05,0.0012668424817333214,0.9893909143806906
24,0.003153027470593519,0.006302096858181538,3.044438911401556e-05,0.00176361313556545,0.9887508181465454
25,0.004346154297548203,0.007281073537764796,2.9194513307313554e-05,0.001493641011589906,0.9868499366397898
26,0.009047225215923533,0.014374842924236514,8.023718962035398e-05,0.007159749353153428,0.9693379453170662
27,0.003373110323655906,0.006923038956675034,4.5184248196123796e-05,0.0021182832732988283,0.9875403831981742
28,0.0035155806884840514,0.007050877850929064,0.00013504976770059815,0.0020940892083188105,0.9872044024845675
29,0.0042742999286391635,0.00916286886666271,8.465624623548342e-05,0.005368127372599717,0.9811100475858631
30,0.005681493473205611,0.009285701411632489,5.1323791711693406e-05,0.007638218110675938,0.9773432632127742
31,0.010045995376886347,0.0175687269977952,7.9860659241275e-05,0.011264467411951858,0.9610409495541252
32,0.006606773332963942,0.014731558154829093,0.0003703482505806329,0.009167297830571512,0.9691240224310548
33,0.005201754989951949,0.008743619195865075,5.3725890863479514e-05,0.004183902182284399,0.981816997741035
34,0.018704628637404287,0.023553914426299984,0.0001470613259205602,0.02368042468159107,0.933913970928784
35,0.018300372880199596,0.02724545316952319,0.00020578825815053715,0.0178840515682242,0.9363643341239024
36,0.04068575300735667,0.030587744821478146,0.00017954508399907495,0.02370029487623165,0.9048466622109345
37,0.0387798029218354,0.02061079101548782,9.13076395192627e-05,0.02114707175406902,0.9193710266690885
38,0.05785840524879338,0.08407375188447716,0.0004617402918826637,0.04422087572530278,0.8133852268495441
39,0.014320493664240557,0.03931985515631873,0.0006083071995419989,0.0013490558529880253,0.9444022881269107
40,0.03566246694273251,0.12850876900174976,0.0001834252949237563,0.010850677236195707,0.8247946615243983
41,0.039254740481528064,0.1372268443113242,0.00027704215182683156,0.025279472988633863,0.797961900066687
42,0.022876485314372013,0.12225156911648066,0.00024210035201021818,0.007368360914440736,0.8472614843026964
43,0.049849180124095054,0.1541859211001335,0.0007505223366024578,0.011689228330783464,0.7835251481083855
44,0.04224653919308837,0.1912202508730426,0.003007837660949915,0.012595213502230286,0.7509301587706889
45,0.07975171734876911,0.2774772656474384,0.0010046154380935772,0.02379605631995407,0.6179703452457449
46,0.038905563150846895,0.2162789695817017,0.001420532643466544,0.010806928996083999,0.7325880056279008
47,0.048060725307847336,0.17840511173388882,0.0007529974687889323,0.011875224299288653,0.7609059411901863
48,0.0703588242624652,0.2816404135371723,0.0017686033921666495,0.014492015062483765,0.6317401437457122
49,0.07234822657928769,0.3470250493553042,0.0014690028336929839,0.0162576785565948,0.5629000426751203
50,0.09044299890839828,0.3468939106946428,0.0022304316856976876,0.021360942279765607,0.5390717164314955
51,0.11084139458568082,0.4584330234545613,0.002082493172537899,0.025396807336147367,0.4032462814510726
52,0.18386234399845142,0.35672710420770165,0.0007933151868533695,0.011861127822301611,0.44675610878469196
53,0.13425751029933652,0.4125355714620799,0.0008118847369709026,0.015856023596410446,0.436539009905202
54,0.12508848336001477,0.40879447968805505,0.000964523733297126,0.010933387918857345,0.45421912529977576
55,0.12630959623517407,0.43360126153258594,0.00098036914953427,0.01699294713997645,0.4221158259427293
56,0.06001347488183861,0.3849055406457288,0.0015305670455128275,0.012177469990625802,0.5413729474362938
57,0.06071204819735709,0.1272210418670794,0.0010121151590735092,0.00469684964106615,0.8063579451354238
58,0.07704475523401645,0.6659869628437661,0.0010937393358248443,0.017924326535395524,0.23795021605099706
59,0.05690830126503799,0.4108654000763417,0.0005673006530618458,0.01631286597474144,0.5153461320308169
60,0.04849500109003743,0.6028087744327871,0.002077257083007776,0.010245189095979386,0.3363737782981883
61,0.06973976094107769,0.6882386602127104,0.004337320426777765,0.0075890288002693216,0.23009522961916481
62,0.05467339328587621,0.780245672882571,0.001497158322650006,0.007643558462554407,0.15594021704634822
63,0.0955974612297814,0.549549418657769,0.0011271922473773367,0.01458142694645061,0.3391445009186217
64,0.049943916414847564,0.8150899896097408,0.0010189617999596858,0.022637983614589872,0.11130914856086234
65,0.11018270374364986,0.6607388048447299,0.0020936661935821973,0.03267496107259887,0.19430986414543922
66,0.09003409798186644,0.2749984173153799,0.0014855780225559786,0.010830381062821597,0.6226515256173761
67,0.1256966391815271,0.5945584227510454,0.000811674723807586,0.025203376349918715,0.25372988699370114
68,0.07468397815951784,0.6345930810982882,0.0015158806240895637,0.007722308625330168,0.2814847514927742
69,0.09057459690601671,0.7445638762188665,0.0009271318030736699,0.004615791449242182,0.15931860362280087
70,0.07717065230915224,0.4263754632977942,0.0008726890450243727,0.005916140411138212,0.4896650549368911
71,0.06809122984869981,0.6081716027988274,0.0017535522781192512,0.009678194724568228,0.31230542034978526
72,0.05612946506924178,0.6695636537681698,0.0012019560339939523,0.02154515167606718,0.25155977345252717
73,0.11572848310035927,0.44791031563997724,0.0012085691440083062,0.03843279015698176,0.3967198419586735
74,0.04238410159665869,0.46204543909412366,0.0037767502787998584,0.010721508871400241,0.48107220015901747
75,0.03306222439034721,0.8507293303736674,0.0009519384748452749,0.010445823042359666,0.1048106837187806
76,0.0938439358832905,0.703343146556408,0.0013433832929416424,0.028129166425630632,0.1733403678417295
77,0.02961100791838407,0.7465167042120715,0.0017082070909799885,0.015104515922072,0.2070595648564924
78,0.049997507556241765,0.7786955397265491,0.009291946777354385,0.01599961413838382,0.14601539180147075
79,0.051938034303972196,0.6734521925805605,0.0010192350568578568,0.020453876312767516,0.2531366617458419
80,0.056584160827084576,0.49044059028272313,0.004416018900795301,0.011839106323452895,0.4367201236659442
81,0.13662972310843485,0.21969644819910328,0.001217348126190656,0.0063963458416954186,0.6360601347245758
82,0.10627055741794965,0.5667243943490033,0.0040137716283459215,0.018435783889519285,0.3045554927151819
83,0.0460579536186969,0.5747296036043983,0.0009473087637925093,0.005092510128098624,0.37317262388501365
84,0.06212841606330663,0.6304767392144073,0.0034647811004779234,0.0058514716133970255,0.2980785920084111
85,0.059364342533575296,0.7092619444893139,0.004893414481456,0.0037066485118197236,0.22277364998383492
86,0.05078980064692929,0.36454491618817686,0.006753517202469063,0.0038626288376789335,0.5740491371247458
87,0.04984258267315153,0.3629363625479034,0.0064708048557857644,0.0024048518375705047,0.5783453980855888
88,0.08648262196195565,0.3616850516165901,0.00329548187005181,0.0032272196523231303,0.5453096248990793
89,0.040976214901513805,0.17731455635986815,0.003557637486466881,0.0015346001914034288,0.7766169910607478
90,0.06221261193060272,0.4240085895807136,0.019858405649077007,0.0035965149056768064,0.4903238779339298
91,0.07738161749635214,0.21288322826443756,0.004715833007364036,0.0012067734878783987,0.703812547743968
92,0.1795778630379799,0.4751531760307922,0.016614335941765694,0.003970164483401394,0.32468446050606076
93,0.08015201220831027,0.5427414090658977,0.013740779505240948,0.0018903955623821602,0.36147540365816905
94,0.07247383017159398,0.38448670276739727,0.020776555896528395,0.0013267345149483411,0.5209361766495321
95,0.06051775925842859,0.24269871874730498,0.005873599714439363,0.0007095435506337431,0.6902003787291934
96,0.10826427633579225,0.50811263267565,0.04424223815826711,0.003297590302079382,0.33608326252821125
97,0.21698685038599955,0.37370322721410176,0.002475749644553548,0.001952125173042401,0.4048820475823027
98,0.12436065942880209,0.43473834768035574,0.021916351235071893,0.0018867073099617015,0.41709793434580855
99,0.22775069205069193,0.48624288801659094,0.03257479243264086,0.0030596067748815776,0.2503720207251945
100,0.12944462013446267,0.43363902434521806,0.040087895985752686,0.003435068172359113,0.3933933913622076
101,0.09034137017406675,0.4954262327433843,0.041405525056588406,0.002404507518764046,0.3704223645071966
102,0.06803290641441292,0.2050780338043429,0.009997939900110803,0.0008268823695537253,0.7160642375115797
103,0.06413217387746457,0.41524389302936365,0.012871508922807192,0.0017112491938921096,0.5060411749764724
104,0.06864152999128226,0.2577857516735206,0.01555798805793701,0.002745341315740086,0.65526938896152
105,0.06446687185472849,0.4069828215690213,0.011192811621288002,0.0014659061736134568,0.5158915887813488
106,0.05997340049009754,0.341156889574213,0.025045319817087984,0.0023695315454137474,0.5714548585731878
107,0.10797774835387845,0.2845018964731405,0.015669912984889442,0.0017383215381353016,0.5901121206499563
108,0.2210975845395179,0.5396340068538096,0.026483054587233743,0.0027871038615721504,0.20999825015786672
109,0.16661385456079986,0.24812188857476966,0.0038148963533920837,0.004552891869841435,0.5768964686411969
110,0.043869130025284815,0.6257081213605133,0.03406092598746158,0.00195488220880616,0.2944069404179341
111,0.08799732973685605,0.33884704900663554,0.03466760424676292,0.0041878488921598764,0.5343001681175856
112,0.0812671371949186,0.6054926790518587,0.023910383952732157,0.003941256970175736,0.2853885428303149
113,0.1320916782173209,0.4119510623997014,0.030900844149427543,0.0025343264875669603,0.42252208874598324
114,0.05748894161329745,0.6276108338322609,0.03613331573888284,0.0024510570031636265,0.27631585181239504
115,0.061486479473214485,0.37045983154917955,0.007052548808539818,0.00437132449948224,0.5566298156695839
116,0.08310368615314175,0.5711304566501136,0.03201709127525133,0.00448112497415805,0.30926764094733505
117,0.12736574823095184,0.36950571164074053,0.018011841098927495,0.004573635826948545,0.4805430632024314
118,0.18524491147639352,0.49155897710989815,0.009178823995317099,0.017200728606870865,0.2968165588115203
119,0.01619262374124319,0.4817845958134018,0.03156424382112107,0.005656012530111666,0.46480252409412237
120,0.037840923316197005,0.145389199947207,0.00572891388491105,0.0026780820965562548,0.8083628807551287
121,0.10887694646721142,0.4906435878315595,0.0020832731345551843,0.0048383998373396474,0.39355779272933417
122,0.15547207444583666,0.5665268624211671,0.00699580892434711,0.011552050563076241,0.2594532036455729
123,0.2118571547657037,0.28597312983782797,0.005015847109876633,0.013386030047113298,0.4837678382394785
124,0.05538210953775627,0.33848536388581874,0.0117900569309881,0.006354664128929916,0.5879878055165069
125,0.1503166198462548,0.40536994583575076,0.011115731278099932,0.00752194577412109,0.42567575726577345
126,0.26411563399593796,0.38118081783625984,0.015705669927751596,0.005221603746990013,0.33377627449306047
127,0.14970867293997286,0.5219002653232342,0.005930634203766051,0.0045940439800800075,0.31786638355294683
128,0.15128832824022598,0.3597981738413632,0.0057532471585066795,0.004494568989835279,0.47866568177006896
129,0.07804173197428885,0.22895973629178962,0.007136838796702938,0.0020113715605235352,0.683850321376695
130,0.11510713487087182,0.25488914582640765,0.022710587912615522,0.0034249751378127697,0.6038681562522922
131,0.03106032788617918,0.5069013335304559,0.01839751904161206,0.0015078466034934748,0.4421329729382595
132,0.048512413084996535,0.4655492078308837,0.032123351908799024,0.0025471262232136345,0.45126790095210695
133,0.10324601292519874,0.6991828938015197,0.016423324149544182,0.004643847776932612,0.17650392134680482
134,0.04272808608579195,0.7637036566179076,0.03643513420238833,0.0022235951907716043,0.15490952790314044
135,0.08329397462102218,0.23100932225814308,0.021789765174645582,0.00427256845116412,0.659634369495025
136,0.04622756159348609,0.7698520887734711,0.04343095868861711,0.0030296100076651366,0.13745978093676048
137,0.07807800247439653,0.5651864926825511,0.04186847591786743,0.009311649300147702,0.3055553796250373
138,0.06308117103154925,0.6921841288487871,0.020266654688724732,0.002822156446108624,0.22164588898483023
139,0.0509028836990988,0.4366971862124938,0.014687264049471335,0.0032828622269842583,0.49442980381195195
140,0.17778578587265292,0.5000278398145019,0.018107346220152552,0.006855187704460453,0.29722384038823213
141,0.03936570813354757,0.322486893485488,0.01236671579745789,0.004343409015916,0.6214372735675905
142,0.055707336087003866,0.5312814905084423,0.05078807271242447,0.0025722637649642625,0.3596508369271651
143,0.11689877553778044,0.4965700221694936,0.01207848734184611,0.0017230010417288463,0.3727297139091511
144,0.046074758517288955,0.6234915502092749,0.0233397370477077,0.0012033437257739858,0.30589061049995436
145,0.08968271371660981,0.5129473824700705,0.01801059860807765,0.0032090413146921375,0.3761502638905499
146,0.04492084810874578,0.2689991654380959,0.026811135228108997,0.003300753442174478,0.6559680977828749
147,0.06758198223866228,0.5782521185680576,0.014072517704972988,0.004443782846898527,0.33564959864140864
148,0.1175999985015028,0.3658518772464196,0.020181104112312893,0.008326496432637056,0.4880405237071276
149,0.08976242958966026,0.41738688590625267,0.04318843634434706,0.00698795443389026,0.4426742937258497
150,0.09732196084614063,0.1634764453164955,0.010769536192474572,0.003204229440741902,0.7252278282041473
151,0.10306046596078394,0.043463255307701044,0.0097454089978262,0.0024336914195961195,0.8412971783140928
152,0.07271677360733397,0.05718213635859276,0.004431313300423819,0.0027650723642633703,0.8629047043693859
153,0.027661477282393918,0.054155993335245414,0.010487051541719293,0.0024892317698647416,0.9052062460707766
154,0.012092751679997751,0.04420466770381282,0.011409674543229659,0.002258082591643912,0.9300348234813159
155,0.015370689760645566,0.039193972193691286,0.0034566817793874574,0.002496450207804272,0.9394822060584715
156,0.037021967892359404,0.0526350577701757,0.004429444614430668,0.008194979621702077,0.8977185501013322
157,0.06253069758290103,0.06363067932509309,0.0024567333503948212,0.00789110451194051,0.8634907852296706
158,0.01831364446069942,0.04944054390523111,0.003754907952115339,0.03562879848965777,0.8928621051922964
159,0.03377233572513727,0.09158437883220709,0.00724637725872661,0.11152583434305835,0.7558710738408706
160,0.06234101391386917,0.10159720121497733,0.0014980608827487093,0.34286734637217464,0.49169637761623
161,0.031150397522106396,0.06679350114254015,0.000558093905121376,0.3219700329634549,0.5795279744667772
162,0.03395874397731213,0.08465768813461666,0.0009389608430100804,0.13448955390779782,0.7459550531372633
163,0.03752121046547856,0.13015479757576012,0.0008683294304987029,0.5523705408713779,0.27908512165688465
164,0.027522830882703127,0.05832442304191091,0.0005496319130885998,0.28894665533255487,0.6246564588297425
165,0.023717594700546876,0.042186031226342874,9.248080259257672e-05,0.22260247324499494,0.7114014200255226
166,0.050652589197635454,0.12716394432640404,0.007223743296607743,0.23446950627181995,0.5804902169075328
167,0.05879894126186552,0.13053654719841326,0.002625130788038437,0.16262410798301222,0.6454152727686705
168,0.11220019029003078,0.19605655059531396,0.0036885176318764974,0.1617840056581564,0.5262707358246224
169,0.056795498799047606,0.06876676977258685,0.007026223543482647,0.019515571970944008,0.8478959359139389
170,0.0909941155896264,0.1993932264289627,0.010378823307627837,0.07467106012860396,0.6245627745451791
171,0.02222805408098345,0.11024484416644686,0.0018242145335842668,0.0796961904728281,0.7860066967461574
172,0.05402132902699948,0.1799746005924672,0.021653721592079903,0.039123361816654184,0.7052269869717992
173,0.014028831241151831,0.026221783378498145,0.0022834411096379756,0.014741954958828471,0.9427239893118836
174,0.09517569633125919,0.14906734400027397,0.0025577420596888537,0.08238341570072,0.6708158019080579
175,0.04027571786881951,0.11131279768760788,0.004334279772843945,0.014298688264565101,0.8297785164061636
176,0.05401130085863157,0.08257987045283931,0.0027189894587185486,0.021103940959163705,0.8395858982706469
177,0.012198344330745457,0.09996333867272676,0.007232289906421943,0.010093660249149502,0.8705123668409565
178,0.011087242130161103,0.05168295397112876,0.0005696857357019975,0.014980221701574776,0.9216798964614332
179,0.007410525709780401,0.0438794599221352,0.0032253546099309536,0.004984612269849865,0.9405000474883035
180,0.019423196216296502,0.05112864532663857,0.00017132453503090157,0.03827180637210197,0.8910050275499319
181,0.017111820064078114,0.0753428222009778,0.004280491418811195,0.057972646092424675,0.8452922202237082
182,0.007249211317507586,0.03123494607731906,0.03479073888372281,0.010295578038968169,0.9164295256824824
183,0.005956409488205892,0.03002975710263374,0.018343246952844727,0.004790632212735258,0.9408799542435804
184,0.0019515346675548734,0.016889932871267964,0.0012636747237570382,0.003145549909966241,0.9767493078274538
185,0.004579244296763028,0.017606274233330846,0.0006330615804803621,0.005917109884396386,0.9712643100050293
186,0.006950721582617018,0.030827285652596716,0.004799245800802373,0.008070994232935804,0.9493517527310481
187,0.01377226484515994,0.04572261054851452,0.001797268774308392,0.026000717217920945,0.9127071386140961
188,0.08456586433943283,0.18762431367039506,0.0005820706752902492,0.27818913253287064,0.4490386187820113
189,0.025754207806789404,0.09724647990122479,0.0010618332992784467,0.1672676746043255,0.7086698043883818
190,0.038197326429797736,0.0911498879142183,0.0003540919581362067,0.40660569250175027,0.46369300119609747
191,0.03369643829501175,0.047113824764398494,0.0004805004461429532,0.07633555439732015,0.8423736820971267
192,0.0669201164428247,0.11442432434467997,0.0005769111170940784,0.13232455563193765,0.6857540924634635
193,0.03938113385202605,0.08549082644621438,0.0005432013551754713,0.21826322392856476,0.6563216144180193
194,0.015987453752162165,0.12501190708957075,0.0012177678960030222,0.0777403355913615,0.7800425356709026
195,0.023764591655443555,0.07220813620693729,0.000783493330948963,0.15772500808155482,0.7455187707251153
196,0.015117058506618595,0.07911679178487356,0.001375358863418411,0.1557312780549173,0.7486595127901722
197,0.007887536487669008,0.048243344416579036,0.0020855367187459562,0.027326696809819043,0.9144568855671869
198,0.010181308267238108,0.0645410409840645,0.0019511294521898624,0.03339058000288771,0.8899359412936199
199,0.028222556058477056,0.04564995447083326,0.000629689947847416,0.03415798375973095,0.8913398157631114
200,0.053038952908831226,0.09778949985555653,0.0008778803789557606,0.09383991329190282,0.7544537535647536
201,0.11163049416350324,0.15981082750699016,0.0008691982397745371,0.09745097705822683,0.6302385030315053
202,0.03751894722861289,0.07551654737827804,0.0018595624261294901,0.015024760150409924,0.8700801828165696
203,0.02985137703401696,0.0685709992326721,0.0013017467693725764,0.013318811159239455,0.8869570658046989
204,0.06050140528283365,0.23000965125378584,0.0030908678953272665,0.015631245051405982,0.6907668305166473
205,0.019801987492900283,0.04315547918634231,0.005288648700273004,0.004300774944441424,0.9274531096760429
206,0.08279620659858854,0.19905287167404853,0.008011096454492111,0.010838048694751842,0.6993017765781189
207,0.03812629423622538,0.17341331292143025,0.008518134277363441,0.004135274860405356,0.7758069837045757
208,0.1522774927689822,0.40480117498242185,0.018955939186747442,0.013433178856398649,0.4105322142054497
209,0.06408936075703586,0.23331613774515728,0.04317072590186733,0.005087423264169044,0.6543363523317705
210,0.09175908712742119,0.2905913246977593,0.03805364961187189,0.00588682638843965,0.5737091121745079
211,0.056185665600854556,0.14368589733899928,0.015116082787639437,0.003401976811851623,0.7816103774606551
212,0.04534064872476891,0.09116467222461115,0.0023460847552022575,0.0023604437439174518,0.8587881505515003
213,0.16563574547463386,0.49487716213945765,0.01335294386482367,0.028133280496513816,0.29800086802457093
214,0.048550842694681816,0.17298831023871852,0.015820464265107498,0.009796819674426346,0.7528435631270658
215,0.04777896545025151,0.19051664325099343,0.012178391745126882,0.0032698621977482255,0.7462561373558799
216,0.05921233056599603,0.07355470609845938,0.004663134575983636,0.003399170711993741,0.8591706580475673
217,0.16637127674502564,0.47218723919113326,0.017112950857455247,0.014110194075340336,0.33021833913104537
218,0.08381121470717298,0.1301194341231701,0.006435180924524976,0.0028936298442477897,0.7767405404008842
219,0.20709832080530688,0.19461623978584747,0.0061470700140025415,0.0024368326987581216,0.5897015366960848
220,0.09412414857114265,0.2707769203092505,0.012065537405275838,0.0017367438476178518,0.6212966498667132
221,0.24304891566114437,0.2877452720432377,0.027439617389222567,0.003077557083655753,0.43868863782273965
222,0.09536465420772515,0.16852979679050714,0.010409593367027393,0.0018093003872255492,0.7238866552475147
223,0.1305816574633355,0.10004778220479499,0.004847236616763691,0.0026057102929251093,0.7619176134221807
224,0.13215914985988908,0.1919453472168913,0.012822684770885181,0.0028228953321727444,0.6602499228201617
225,0.16163102166546872,0.40589375354993107,0.01970641339686805,0.008531880299418738,0.40423693108831343
226,0.11426440823576092,0.25276939843378354,0.008160602925687861,0.005055602301309031,0.6197499881034587
227,0.18790674745381405,0.2840071635167459,0.01615546361975632,0.004233145528458765,0.507697479881225
228,0.12168803708594768,0.2585332703671361,0.017779258521432834,0.0029040129605493845,0.5990954210649341
229,0.20782796828792244,0.20871539376620882,0.014405145602135854,0.0033550186688457227,0.5656964736748872
230,0.18922456395689494,0.21897329699865142,0.005602385499750237,0.004599391362558019,0.5816003621821453
231,0.1530110707742015,0.27170587287923553,0.017213018352631285,0.004171981358755863,0.5538980566351758
232,0.22470955026040143,0.27189705915362816,0.015619211994285278,0.004609834784137684,0.4831643438075476
233,0.1306982773459642,0.3304041957354893,0.010640368398882582,0.003883888919077438,0.5243732696005866
234,0.13066700503407366,0.27045804519119154,0.017111071376422718,0.003555020034359924,0.5782088583639521
235,0.09678951424076525,0.3101033767572612,0.024871670315868576,0.0034262868236287058,0.5648091518624763
236,0.1040517806472571,0.35173451431001557,0.0689600953953038,0.005146594874346749,0.4701070147730769
237,0.0805107025879489,0.36009502672038024,0.04894310401817063,0.003579063493037402,0.5068721031804628
238,0.08374169041181194,0.3742216353533075,0.012349668358310582,0.004020868568162793,0.5256661373084073
239,0.0626830957440293,0.46082059777095497,0.07180618311556251,0.0046337255637457,0.4000563978057075
240,0.05301572602522719,0.5516478892248327,0.11430219228671913,0.005500149756621395,0.2755340427065997
241,0.13895511342263508,0.3851577119803194,0.03371164561053268,0.003890997680645664,0.4382845313058671
242,0.09837063192910478,0.3056943944416732,0.02670326966523111,0.0052306215537878615,0.564001082410203
243,0.10767496265187476,0.40409364474843307,0.06390812293948911,0.007513874445013573,0.41680939521518945
244,0.12923614253173682,0.23998482257664489,0.022205824383656227,0.004611534592233595,0.6039616759157286
245,0.10337094618742003,0.26920598813914726,0.01808873820526382,0.003968644722279029,0.6053656827458899
246,0.07166191576398276,0.19474592698857005,0.011791818063352055,0.0025677439336714808,0.7192325952504236
247,0.14369642316504982,0.2195698285225627,0.006208548829485549,0.0028743341095146483,0.6276508653733873
248,0.13346249478977112,0.2633947713277666,0.011791358042271202,0.006111223858477438,0.5852401519817138
249,0.2396115664084345,0.41653383959772644,0.019976404421299332,0.007401520014594066,0.31647666955794557
250,0.17993109958683895,0.2081059208544396,0.009351062254984815,0.005047049071703802,0.5975648682320327
251,0.07848750781649098,0.2655579751735749,0.017311152647210164,0.00563839617384059,0.6330049681888834
252,0.06709978241890721,0.21099292151876864,0.01931303633385176,0.003595861524934794,0.6989983982035376
253,0.16900670185015437,0.45894837058692156,0.042189789973998276,0.010216702621857612,0.31963843496706823
254,0.07264179423028373,0.4354074065486325,0.07614521082500032,0.007067791411653467,0.40873779698442986
255,0.034725793123164816,0.3419516197809527,0.047844363535479696,0.007397295416515919,0.5680809281438868
256,0.037773890976172196,0.20639936046537627,0.042648733159095585,0.004461993521838724,0.7087160218775171
257,0.08033159820219499,0.32326828483396935,0.050072415672289254,0.008937192423644477,0.5373905088679019
258,0.08584157912603246,0.42128897458864917,0.05502540131493871,0.014313480760960727,0.42353056420941876
259,0.07745683397274872,0.3268246177406307,0.033097216972674835,0.009099205148231168,0.5535221261657146
260,0.07507099718576712,0.1969360732513929,0.027462656236321378,0.008553300503183762,0.6919769728233348
261,0.0511520312779903,0.406642753252853,0.07100335200449276,0.012090300328690044,0.4591115631359739
262,0.036188537404071096,0.12535216386862277,0.01230037499011798,0.006668931750751816,0.8194899919864364
263,0.09690796372267445,0.39372821541576747,0.02884107052146685,0.01649630678687347,0.4640264435532178
264,0.037080835022489406,0.2305229339216216,0.022838771931584,0.005719594072073281,0.7038378650522318
265,0.05789848884703502,0.1389948504610197,0.03312943160580706,0.004557537444096585,0.7654196916420416
266,0.07751662298713444,0.4051335441251555,0.03559396205019844,0.009262674380186381,0.4724931964573252
267,0.10813220969097907,0.27202188716596676,0.016214841944585754,0.009595791103116244,0.5940352700953521
268,0.09766546120300389,0.2195554561115304,0.002121597415934032,0.015629655520795514,0.6650278297487362
269,0.1262281505973833,0.2759735920223728,0.028460484518635698,0.01794989918038357,0.5513878736812245
270,0.08342323856265751,0.13945375895662723,0.008364908061134525,0.017308147996354974,0.7514499464232258
271,0.07245904080279525,0.1368417938075827,0.003393521652331647,0.009115635727596312,0.7781900080096941
272,0.047260918877241626,0.0332350918310652,0.000495730502407604,0.009930515321563986,0.9090777434677216
273,0.06319495598559798,0.09159833802701295,0.006297018217401911,0.0439740478166605,0.7949356399533266
274,0.018907126776230618,0.07342513826253953,0.007987552483864237,0.062444049244980177,0.8372361332323854
275,0.034314681441606244,0.14013086237856165,0.0015945138813260524,0.19209619346454074,0.6318637488339652
276,0.0158204640848591,0.07453480944429271,0.00252710932432692,0.42832264741823545,0.4787949697282857
277,0.01714634291496512,0.08548026215116437,0.0005835553503203845,0.5087805593847299,0.38800928019882025
278,0.0180825850485237,0.09329150778619268,0.000522294096244812,0.4633031749026314,0.42480043816640733
279,0.010279546404420298,0.04944677246503979,0.0005886299440993826,0.5601994566807476,0.3794855945056931
280,0.01586317263302693,0.08448579688818007,0.0007740673534718914,0.6265112944438123,0.2723656686815089
281,0.0293559326408413,0.10231317944700571,0.00034436388702330554,0.5723103820038619,0.29567614202126785
282,0.009121211571363495,0.05329575263002648,0.0008827527847886293,0.8013329056990294,0.13536737731479206
283,0.025088718135875102,0.08017871808108049,0.00041292946193314254,0.45249395443433926,0.4418256798867719
284,0.012201486354148474,0.09658339696855266,0.0009165794654204493,0.5687035526917816,0.3215949845200968
285,0.016458283561057125,0.1313123120292967,0.0006397706419069582,0.4711829935210193,0.38040664024672
286,0.04188905999852464,0.2079183421210915,0.0007619419612348403,0.34439491992205856,0.4050357359970904
287,0.014025230688227558,0.1930363742528246,0.0008336044406997477,0.45637259350387954,0.3357321971143686
288,0.01566594975281264,0.14002141441700208,0.0029354256215608798,0.30362967847461597,0.5377475317340085
289,0.011592487115339868,0.11262952120255472,0.0006034311648552027,0.15291003451690308,0.7222645260003472
290,0.014011640382010006,0.1477527368647505,0.0015184419604810464,0.14050317860594555,0.696214002186813
291,0.01931098317327261,0.2903428094032934,0.0006859990481921455,0.13400290116925764,0.5556573072059843
292,0.029047834194836916,0.2599973511991166,0.0013578670307013792,0.05683802118772503,0.65275892638762
293,0.022860149196527426,0.2292645717394453,0.013130389357340242,0.1811276903131792,0.5536171993935078
294,0.019915982499545532,0.17667998560306447,0.009592415267327235,0.06686432139717909,0.7269472952328836
295,0.009917133995191887,0.15562333762919783,0.0022564073549089874,0.03441402803166323,0.797789092989038
296,0.005387351228490591,0.0573164705856045,0.002429540940085129,0.007558750698227776,0.927307886547592
297,0.007574609149749671,0.07722174560826683,0.00467153164507208,0.014108497049971198,0.8964236165469401
298,0.010538954750857272,0.1301173796834115,0.0034708843531548665,0.030936312077102485,0.8249364691354738
299,0.012969178292220442,0.08079815266824958,0.0022708511300789653,0.011044096419052433,0.8929177214903986
300,0.004349446117203648,0.04825590885366253,0.0005179656518141344,0.006276749954948445,0.9405999294223713
301,0.008320251063243573,0.08031645564984585,0.004227188686295629,0.02633499396472854,0.8808011106358864
302,0.01820883530112112,0.10481108128932694,0.0022771252506893903,0.04105175908734447,0.8336511990715182
303,0.016248959143970763,0.24877504748469176,0.003272232447889273,0.1208321295256978,0.6108716313977504
304,0.00871561516281402,0.05932436409866241,0.002193757337798517,0.042905178198507005,0.8868610852022181
305,0.010366092677481788,0.12013436758822064,0.0021754864433274563,0.06423593988727008,0.8030881134037001
306,0.010696303157763673,0.06151557047148352,0.0012424204998972854,0.03614218191366693,0.8904035239571886
307,0.013520347602824896,0.1020360439933936,0.0009609529221843024,0.059469324172491116,0.8240133313091061
308,0.014951699485131078,0.14383767531500147,0.0010672459000177273,0.11882400393737265,0.721319375362477
309,0.020107673881674507,0.2452106070417893,0.0012680437641133032,0.20211187528045776,0.5313018000319653
310,0.008771747882092925,0.033911940842853254,0.0005299970646249621,0.04400840269586155,0.9127779115145673
311,0.050002001011556996,0.1970313313172278,0.0012752072798463653,0.19948331592891883,0.55220814446245
312,0.012110406188139668,0.039534294712053615,0.0012287374030479897,0.03169628653432292,0.9154302751624359
313,0.008026038542433549,0.05570230860423981,0.0007566384190838091,0.020120937775244326,0.9153940766589986
314,0.008837447426336622,0.03424125549280925,0.0007815400751345978,0.01825066657162121,0.9378890904340984
315,0.005407094472824801,0.03573023541665715,0.00018964860942465324,0.014854368721013646,0.9438186527800797
316,0.01082460154616677,0.12170983830927028,0.0007637894838316447,0.026053455628283904,0.8406483150324474
317,0.00976383336476293,0.09539021196674692,0.0014244134885150039,0.0330644737277518,0.8603570674522233
318,0.01931282822174553,0.3342328176424838,0.0018188394788807853,0.1370679115276794,0.5075676031292105
319,0.008524085858037421,0.16374737853277385,0.0012048323234727018,0.029107943092899824,0.7974157601928161
320,0.03750034294861373,0.13378127414241364,0.0004231042138015442,0.0918955628864022,0.736399715808769
321,0.01560495941921797,0.2239828050385449,0.0035789657693876607,0.07967020051077008,0.6771630692620794
322,0.02604384343997539,0.265388030928677,0.0005556602907207369,0.1259634330231219,0.5820490323175049
323,0.025361105573992557,0.16169949470868772,0.0008733547542528474,0.03227284205390206,0.7797932029091649
324,0.08462992188624335,0.2992870853006454,0.0008486673500650373,0.03321268125696375,0.5820216442060824
325,0.0138136220712106,0.0410849601270052,0.0005562089330539265,0.009726316054198374,0.9348188928145318
326,0.023139866294503993,0.1463199407861612,0.004702535783822056,0.01867377470898508,0.8071638824265277
327,0.0053862429132719315,0.020406680705643318,0.0024863646681885588,0.002106287528934927,0.9696144241839613
328,0.007714840173291076,0.03132111641976372,0.0028570586389892083,0.0019265353595282904,0.9561804494084277
329,0.011318884723120466,0.014626611686212238,0.0019128004214921755,0.0030509619761194305,0.9690907411930557
330,0.010534666904827523,0.01240104476810381,0.0019576024356730126,0.001996483028392349,0.9731102028630033
331,0.005749335945748041,0.008146349024788321,0.00646858356270362,0.0006871144701711664,0.9789486169965889
332,0.010994701925089771,0.013310724297692875,0.017081837182615533,0.0015833109633819776,0.9570294256312198
333,0.0038101262943020064,0.013643801192384132,0.007841208939424742,0.0009364623410394236,0.9737684012328496
334,0.008199346404053188,0.08737428470601674,0.006043019189653203,0.005609461782655522,0.8927738879176214
335,0.0015907264141766621,0.01126197676069732,0.0004643520082587747,0.0008137022259526392,0.9858692425909147
336,0.0029851579829249845,0.022101369256489027,0.0009839974935174568,0.001527169667406435,0.972402305599662
337,0.004021491356624444,0.011789400105953425,0.00170475685976008,0.0006765256584424848,0.9818078260192196
338,0.013153481613530407,0.024633353540476532,0.001086373438064542,0.0018076259018489616,0.9593191655060797
339,0.006299053321146192,0.01584870684743772,0.0008513432052686824,0.0016293338152253555,0.975371562810922
340,0.006808247521264278,0.009361490362896447,0.0004982124433052354,0.0019269831061412713,0.9814050665663928
341,0.0058587240326386505,0.018644209919630974,0.0008345973838331571,0.0014224443762478136,0.9732400242876493
342,0.001965322717954889,0.01518513000697815,0.00036881112929432473,0.0017025010577346735,0.980778235088038
343,0.011422223893001807,0.024845918037346617,0.001529342246554311,0.0036223353071255285,0.9585801805159717
344,0.011096968537335142,0.030081954873454456,0.0017826285431453057,0.004982422782962386,0.9520560252631027
345,0.00938783700366137,0.017027346176910593,0.000862262195987434,0.0021264914326298606,0.9705960631908107
346,0.006140715308694305,0.020549858297844524,0.001374865608788546,0.0034659785700659695,0.9684685822146065
347,0.022346669752544086,0.04880977949742825,0.0015502751110360168,0.006381817268602676,0.920911458370389
348,0.006609801520375826,0.013479493111397307,0.0002711369661337342,0.004115849688475375,0.9755237187136179
349,0.013884545272947326,0.021583220534476137,0.0011629475808776254,0.004951417033865251,0.9584178695778337
350,0.016092146069290023,0.014230173253409027,0.0008874316181904564,0.003218351069628318,0.9655718979894821
351,0.016022498704807944,0.061617393985856236,0.001105924714988305,0.006450102931956066,0.9148040796623914
352,0.013462171926884007,0.013229845137913834,0.0011162616846702956,0.0036866410511841243,0.9685050801993477
353,0.029082504048745086,0.014505998719595266,0.0010986857670771163,0.0050145734387387715,0.9502982380258437
354,0.008453073486245587,0.019974875571878496,0.0016832190322672877,0.0022155856015347777,0.9676732463080739
355,0.004569789174815163,0.008719591017785112,0.00033325196291138877,0.0008148441270049875,0.9855625237174833
356,0.008624178972239762,0.011688289885884271,0.0007433920566767818,0.0014730460937217582,0.9774710929914775
357,0.015179061009915961,0.02353927592301175,0.001968118935667344,0.003371117178644337,0.9559424269527607
358,0.011889085600431717,0.02483944902705574,0.0018869791507841276,0.0021370909078458514,0.9592473953138826
359,0.04689171451486182,0.045629935234863445,0.006500096495569402,0.006404755234166281,0.894573498520539
360,0.011120907176061004,0.021896144661712007,0.004803660778773641,0.00400576012999344,0.9581735272534598
361,0.046988889099429,0.09958722384107127,0.005646232498631911,0.009122851439090859,0.8386548031217769
362,0.029038113692519563,0.061534511284628675,0.004267439832703928,0.005856763100641091,0.8993031720895066
363,0.022251416387916237,0.10272153486277101,0.008850570500821118,0.010026408944053383,0.8561500693044382
364,0.017530115016519576,0.08378247539869527,0.0024730271019136295,0.007882630184621944,0.8883317522982496
365,0.04457739498490164,0.1817903714205803,0.005377945991172693,0.014687825953168638,0.7535664616501767
366,0.027309888895253633,0.1010461948422046,0.0018068383229671396,0.006119372114537413,0.8637177058250372
367,0.033649355241077324,0.059193362950890296,0.0015283785269016394,0.012208938759603294,0.8934199645215275
368,0.03261799808807138,0.09553862200737119,0.002082139000285889,0.007317907567799144,0.8624433333364724
369,0.02212702275016176,0.046146849697417024,0.00038834059844847994,0.00294825841813916,0.9283895285358336
370,0.025888058557081785,0.06405916209098174,0.0016514938709861879,0.007573858509198326,0.900827426971752
371,0.05730401881201216,0.11915073680984509,0.0012298835426828559,0.011991685771442356,0.8103236750640175
372,0.05761579278579533,0.14312616066313122,0.002381138486520432,0.015820164687518685,0.7810567433770343
373,0.02156765816209936,0.03506275601390729,0.00047810926757559807,0.003164171140374899,0.9397273054160428
374,0.05081242711381265,0.19126678239332712,0.008679909188809365,0.010125507963028671,0.7391153733410221
375,0.06868868622982467,0.11260340496580987,0.009249875943492733,0.013429192570134278,0.7960288402907385
376,0.08832063478250156,0.1341782397484297,0.006388637589578889,0.013244108330075582,0.7578683795494143
377,0.03372243794436637,0.2442563361959478,0.017062588471860648,0.013555222969280162,0.691403414418545
378,0.03992435692694829,0.27074877797834623,0.01657390171195769,0.012786852303607944,0.6599661110791399
