epoch,N1,N2,N3,R,W
0,0.01341624843436238,0.0007139852641289017,3.1425893048718044e-06,0.0004970049816246765,0.9853696187305792
1,0.039331879700590856,0.0034113242401333063,1.4079176862474878e-05,0.002199939725309391,0.955042777157104
2,0.002684823012473283,0.0008104357730775074,9.45655770492123e-06,0.00040312365915208927,0.9960921609975922
3,0.0007613052939077013,0.00015704531953602635,1.9586884644213765e-06,0.00024384178084772297,0.9988358489172442
4,0.01007178552603453,0.000751345578195725,7.952020521466099e-06,0.0008087782542980571,0.9883601386209502
5,0.027232145785661112,0.003314777741203131,1.0978158347110081e-05,0.0009106873546206769,0.968531410960168
6,0.013756038359033829,0.0006844361420324113,4.3396409436895726e-05,0.0002546459841665652,0.9852614831053302
7,0.017476995737385224,0.001973803535839607,1.960704220999159e-05,0.0006298590659779661,0.9798997346185873
8,0.03063292170652401,0.0025618980195081095,0.0003441912933797208,0.0016219677135521837,0.9648390212670359
9,0.05471134299561881,0.003978819919347188,2.0484606521214365e-05,0.001830077191714758,0.9394592752867981
10,0.22672813783449916,0.04095545681786542,0.000229527313151538,0.004937681322659611,0.7271491967118243
11,0.13897886262729542,0.011518217708823268,2.907792867994452e-05,0.002807812018057842,0.8466660297171436
12,0.46080129026221267,0.2675026714537411,0.0009514081869975927,0.007698336682299741,0.2630462934147488
13,0.11293449605624825,0.3787480719908823,0.019468902121531798,0.0037131346301725997,0.48513539520116505
14,0.07604036725501427,0.43271946629756447,0.029903104788195738,0.002923799005531929,0.45841326265369364
15,0.03847788941351341,0.6087373669639127,0.06594597096451571,0.0012817001372402255,0.285557072520818
16,0.1645981356753076,0.20201312478086408,0.0016588608315918603,0.03574443893620103,0.5959854397760355
17,0.03359249865960092,0.6578557911108407,0.1362489206036128,0.0017607654389527644,0.17054202418699282
18,0.03358086195112739,0.2588211004800083,0.00907491629896537,0.0033944326423564343,0.6951286886275426
19,0.011742698988181054,0.007447663799736059,0.0009828860260660812,0.0003321412274602122,0.9794946099585565
20,0.0365071439316978,0.018422148640796172,0.0002714159239165743,0.0009234995213700548,0.9438757919822193
21,0.5072261246450634,0.2235629412164216,0.00016485775079392578,0.008529815606890426,0.26051626078083073
22,0.26020589332358535,0.5469876855838007,0.008439187360211054,0.0034213591479869375,0.18094587458441588
23,0.24732177160043176,0.5120128004024564,0.03424899103175907,0.003067313192391465,0.20334912377296127
24,0.06333226144843983,0.6976810208152401,0.09210899390297457,0.004941935445230752,0.1419357883881148
25,0.12229848381241018,0.5475107388561631,0.05601066552265145,0.01683910076332223,0.25734101104545287
26,0.08717654932482047,0.7232734281840186,0.11257074685959488,0.006427298340946038,0.0705519772906199
27,0.031001820447460582,0.11582527987188089,0.05257129013939079,0.004847719534980716,0.7957538900062869
28,0.02119972793738445,0.022167738537577406,0.0005144545287069681,0.0022894891053118426,0.9538285898910194
29,0.39763201828377803,0.43467837896828154,0.0031791976639348753,0.015084520975544349,0.14942588410846122
30,0.3275540183837644,0.5204667332250712,0.025733873535189203,0.001759456150790484,0.12448591870518472
31,0.26211871814024756,0.64507546238254,0.012908461175529696,0.006416234270268229,0.07348112403141464
32,0.03306226337071428,0.7465430003007631,0.09513184953416699,0.0015191353791370876,0.12374375141521866
33,0.05250067157570958,0.6729672773467651,0.1237064457956227,0.005749303048033022,0.14507630223386955
34,0.03228380589109932,0.7047868650344076,0.05555588343912782,0.0029126365708990647,0.20446080906446623
35,0.018739326597636205,0.7012754224374959,0.13960154181560305,0.0013455632555632179,0.13903814589370161
36,0.008904976490532027,0.03111027523006671,0.005380457848881119,0.0005216125408611699,0.9540826778896591
37,0.012526900049812939,0.018051662261164916,0.004138897616237901,0.0005551028529528001,0.9647274372198315
38,0.005132671003711677,0.0026204179110338767,0.001569293398568388,0.00024137031687865304,0.9904362473698074
39,0.005127772576835881,0.0009925915646280625,0.00028146324979446877,7.293109607886455e-05,0.9935252415126627
40,0.013750255874029765,0.0016382753257318473,0.0006580867151547709,0.00017251342734110313,0.9837808686577426
41,0.008982216198357408,0.0022150270753230144,7.867648278074747e-05,0.00018270457895313254,0.9885413756645857
42,0.0028297721582933944,0.003214812411528993,0.0004131200494788267,0.00017499293903507548,0.9933673024416636
43,0.013839390118080388,0.013544652366689202,0.0007636472592738507,0.000325038051155892,0.9715272722048006
44,0.0019381096992321413,0.0018764190674611307,0.0008875996399806695,0.000191195940292981,0.9951066756530331
45,0.0026123624885912356,0.0012619615545268522,7.44168866615927e-05,0.00025425202999163006,0.9957970070402288
46,0.008010952537345736,0.003735747812653715,0.00010471241392474051,0.0005146037403337381,0.987633983495742
47,0.10205627286753485,0.027424854719052736,0.00017157540043354446,0.001775323728362081,0.8685719732846168
48,0.19809471795104985,0.02867604902317829,0.00041641181331027963,0.0031696210884264967,0.769643200124035
49,0.2664761021076106,0.17864086118303008,0.006057546216567526,0.0035075536908127512,0.5453179368019792
50,0.1162963199070927,0.39944918621973335,0.035776928438816955,0.005498014449850506,0.4429795509845066
51,0.18770663897605314,0.29097656759715745,0.04586741483721254,0.009271480443076258,0.4661778981465006
52,0.12019623254636978,0.5251498217564254,0.032238149033844275,0.0037674379413407404,0.3186483587220198
53,0.2022873583465242,0.41744785533809886,0.004142596440247393,0.015572204843717609,0.36054998503141195
54,0.04812172889826628,0.7481180621537075,0.14434706234602715,0.0011610772501291886,0.05825206935186992
55,0.13103212999441552,0.531412542323778,0.20858427455202244,0.0025919523537458054,0.1263791007760383
56,0.08070666538373042,0.6934789506163018,0.1875112910916071,0.001594881566078481,0.03670821134228194
57,0.019813390153406,0.6036823299944948,0.35821304845755503,0.0004392831835556238,0.01785194821098836
58,0.06287095871914915,0.8102874930037569,0.0950524131187187,0.0003750586310640385,0.031414076527311124
59,0.017952001901360187,0.46878658028365416,0.4999797310850501,0.00012990496264568446,0.013151781767289693
60,0.024777503785520776,0.5732142758157088,0.3793056505047295,0.00013762131161523114,0.02256494858242571
61,0.029471389160915903,0.5908436238746931,0.36928632941375983,0.00012543308742493444,0.010273224463206035
62,0.00280580604622047,0.26652307006083303,0.7287036128037206,5.776417833581084e-05,0.0019097469108901302
63,0.005063400440390493,0.32373834614885183,0.6693979981159158,7.520863705326633e-05,0.0017250466577885793
64,0.005959481313017487,0.33986630971162374,0.6524538047427134,9.850085443747282e-05,0.0016219033782078583
65,0.0014235156843085568,0.24220277770338283,0.7545694728279119,8.26028009693785e-05,0.001721630983427316
66,0.003226804498330513,0.30798919855148527,0.6838776941206762,0.0001423526096618054,0.004763950219846233
67,0.008611244300004988,0.4487446995713749,0.5284045453782352,9.989287373150727e-05,0.014139617876653425
68,0.003804422451604458,0.26990912790507143,0.7237344907397751,3.053607119747615e-05,0.002521422832351302
69,0.002194956519970585,0.14600647143310355,0.8502751093240596,2.084118506887297e-05,0.0015026215377974227
70,0.0010156496141789755,0.12920168186685105,0.8691245937961795,1.2176509601791487e-05,0.0006458982131887401
71,0.00041625106846677416,0.05658379043117128,0.9423701981859726,6.27709745526174e-06,0.0006234832169342466
72,0.0001316483589429943,0.029851724778972227,0.9697354990293657,7.87542412826634e-06,0.0002732524085907541
73,8.413317636058514e-05,0.022168456192218224,0.9774912941364362,4.888450081708833e-06,0.0002512280449032248
74,7.2918703213688e-05,0.012385789959638205,0.9873288187606292,7.700389137825215e-06,0.00020477218738120851
75,6.181469752927212e-05,0.006721520096389605,0.992871731292749,6.416694549802037e-06,0.00033851721878235604
76,8.778807990497797e-05,0.008007375228830525,0.9915872604648388,1.828697289805684e-05,0.00029928925352749956
77,0.00013609932395147265,0.008339696613769458,0.9906098646298498,2.1439539347463324e-05,0.0008928998930817588
78,9.307779159086521e-05,0.005827312000585131,0.9934120057875809,2.4595940300954847e-05,0.0006430084799421544
79,0.00011536527879743321,0.00999924745574609,0.989425761932494,3.344539894386578e-05,0.0004261799340186333
80,0.0006093335633501379,0.019658022110075998,0.9767150661872496,0.0002188348384977912,0.0027987433008266273
81,0.0004017509737550893,0.019792670448108847,0.9779546817672485,0.00012777062577677415,0.001723126185110938
82,0.06839876300055159,0.2773716957554238,0.12482584110488107,0.005912162368737333,0.5234915377704061
83,0.07959293450765031,0.6649329013377611,0.12288473501872481,0.009534021868335128,0.1230554072675287
84,0.19091220553633476,0.6399146122584447,0.11346162464300641,0.0019081115491476816,0.05380344601306651
85,0.0987952817346837,0.6579573327721736,0.1782646929567808,0.0007413160862950683,0.06424137645006693
86,0.019776744998201968,0.4878310465042998,0.48679889200373805,0.0005498207687758274,0.005043495724984148
87,0.05331084697138608,0.8411231412745526,0.09239411994435318,0.0005753744869862785,0.012596517322721872
88,0.014143596951703289,0.3040914478643339,0.6735037771493628,0.0006771118795914706,0.007584066155008508
89,0.017512976616396562,0.565408889219367,0.39758537372521613,0.001246372544516746,0.01824638789450357
90,0.02195598826559961,0.5387585624924505,0.4243849117024077,0.0012466975848521515,0.013653839954690057
91,0.02354578225771759,0.5819582835668978,0.3748475132744034,0.0007135135007883905,0.018934907400192647
92,0.023318922654470463,0.5819588775120237,0.3878208055814922,0.0007026295953622819,0.006198764656651348
93,0.004483245793751489,0.3877266185051711,0.6031547555312528,0.00011278158676558308,0.004522598583058964
94,0.0030291927504939513,0.27890418648816745,0.7156063457717351,6.861074401599359e-05,0.0023916642455874882
95,0.012966544447248545,0.27018225469237245,0.7137248435595501,7.748142569411219e-05,0.003048875875134886
96,0.0016288792197004635,0.12709268426373269,0.8691812236154862,4.075633415995828e-05,0.00205645656692061
97,0.0019059881067462362,0.17034916178015852,0.8244093629687801,7.915131037031333e-05,0.003256335833944803
98,0.00031344203699747934,0.045059361518733826,0.9535720412251804,4.384447248518396e-05,0.0010113107466031275
99,0.00012543239976413,0.02528345861677992,0.9742181051424155,2.2543188254967226e-05,0.00035046065278554505
100,0.00022117768237744077,0.027640917044281944,0.9717749459213393,1.8897779186268637e-05,0.000344061572815215
101,0.00022572644550553097,0.02207164442269893,0.9773318408752016,2.4289273261626726e-05,0.00034649898333210356
102,0.00013803882660283929,0.007866498395541521,0.9915601377819364,3.395700250309611e-05,0.0004013679934162127
103,5.735318935335626e-05,0.00488203713373354,0.9947879674539037,1.0481733694863014e-05,0.00026216048931443733
104,0.00012586636983240453,0.006783114286068836,0.9926535982461085,3.289041375579874e-05,0.0004045306842343082
105,5.856948063683135e-05,0.005176516354882715,0.9945436027659582,1.5340078403462676e-05,0.0002059713201187028
106,4.7190324729008495e-05,0.003922342048410238,0.9957676909365788,9.817064333943493e-06,0.00025295962594804863
107,0.0002693009579214596,0.016335451154151408,0.9827652105713556,4.7297640941842547e-05,0.0005827396756298573
108,0.00010498122345114363,0.009290034164817901,0.9900583121576348,2.1779596057340837e-05,0.0005248928580387109
109,0.0001301220161064982,0.012023061850708684,0.987212501590338,2.4061369986996148e-05,0.0006102531728598115
110,0.0001600030227877216,0.009861294396290158,0.9891426913776741,3.312306628876584e-05,0.0008028881369593673
111,0.00012775001538007868,0.009818535452375675,0.9893632624397098,2.1886937737663863e-05,0.0006685651547965693
112,0.00013083935540628128,0.008788298872098374,0.9899427605529293,2.9288137156163425e-05,0.0011088130824100043
113,0.0001349393730689316,0.0086220470873417,0.9904066388973749,2.4943338791403733e-05,0.0008114313034230301
114,5.8617168644199034e-05,0.00577060272125581,0.9938576381977033,6.592858217048583e-06,0.00030654905417950825
115,8.005662474455488e-05,0.006790936835637069,0.9924277828806474,1.3469211745225355e-05,0.000687754447225575
116,0.00015930878169856434,0.007381594397198593,0.991167376709347,2.670373903005715e-05,0.0012650163727256994
117,0.00029481309588601717,0.010353793868070784,0.987938432382642,2.754220209380724e-05,0.0013854184513074296
118,7.514700170324115e-05,0.005686972092435539,0.993710744735206,1.297606289207822e-05,0.00051416010776312
119,0.00013111496024752325,0.005933600280435839,0.9927913218382527,3.7394677164411575e-05,0.0011065682438995026
120,0.00017671290908384047,0.010414001365604731,0.988351471569066,5.513624122502469e-05,0.0010026779150206562
121,0.00016144965486706298,0.01068436389334243,0.9883774086561137,3.7666830911142444e-05,0.0007391109647655896
122,0.0001886610342608703,0.009532336222278469,0.9885247764979832,0.0001836669950418515,0.0015705592504356226
123,0.000198881357229201,0.009741434912979853,0.9890098049713817,5.529997635158623e-05,0.0009945787820576737
124,0.021607277017496464,0.20711028231710454,0.2619077214107146,0.00274917501532482,0.5066255442393596
125,0.03680626881179054,0.20742553024808452,0.583739272326999,0.002674670323413387,0.16935425828971268
126,0.06304862773861496,0.5798212487540974,0.2686873127859728,0.00433518841096042,0.0841076223103545
127,0.033253097268855406,0.5488325883672076,0.38943708554038187,0.0016280745862757027,0.02684915423727943
128,0.05935911585294941,0.7390456044190036,0.18352390329022683,0.0023298247320692107,0.015741551705750957
129,0.04681935537229019,0.7374558173599687,0.1963600002925355,0.002323640656145676,0.017041186319059883
130,0.02211336611076924,0.7121346305929055,0.2502034759418863,0.002397088956014591,0.013151438398424491
131,0.018027329386694227,0.7007611285397984,0.23385956706230235,0.002697438106775907,0.04465453690442913
132,0.1728796138712418,0.7243730715840723,0.03144031144247922,0.011949691258436614,0.05935731184376999
133,0.07709525641934596,0.7480105754988119,0.16241666123207435,0.0020701334427815224,0.010407373406986215
134,0.021799771156493564,0.5996135065664105,0.36857228057260083,0.0031088971775460974,0.006905544526949085
135,0.10240406648421549,0.6607242916979663,0.1068350047539448,0.004257665976325,0.12577897108754849
136,0.13992903794513945,0.7488770640540704,0.06314546704665339,0.0024353044690932453,0.0456131264850436
137,0.010299307947868543,0.6625547790101333,0.31502191427020887,0.0006026590014892805,0.011521339770300091
138,0.018913872062788453,0.5319279307295827,0.44298556717922377,0.00038477648858743573,0.0057878535398177946
139,0.025415481475326566,0.6710635895318738,0.2985912092848374,0.0006109377088022778,0.004318781999159965
140,0.007113634246566376,0.5158139726039582,0.4725968553030844,0.0005304710055735369,0.003945066840817396
141,0.01571677102865309,0.5548526646858423,0.4212527403898013,0.0009037398495969734,0.007274084046106259
142,0.005009479458011389,0.3661987447824433,0.6270583436200047,0.0003818587831850382,0.0013515733563556561
143,0.013600880127633636,0.6268169210470609,0.3519464526260893,0.001157786897939415,0.0064779593012766245
144,0.007462336798935012,0.5332615880184525,0.4570021297370227,0.000620246919468113,0.0016536985261217819
145,0.008069558085313823,0.5133771860826037,0.47616167715418406,0.00029875271303345265,0.002092825964864932
146,0.004779127623166407,0.2669063401215404,0.7265985728995347,0.00019624545861381538,0.0015197138971448391
147,0.015713045001020384,0.5142508735399091,0.4657596110605327,0.0017686523454598473,0.002507818053077971
148,0.005802094277659339,0.38478957892724314,0.6048825709630358,0.0005600630038840788,0.003965692828177765
149,0.004116048789682607,0.35023128073171783,0.6436737247791048,0.000979531525066479,0.000999414174428237
150,0.0166249759352636,0.6100279637658111,0.3605054790283422,0.00894023998250905,0.003901341288074114
151,0.007153604842749105,0.3807571503349074,0.6060358046100781,0.0039672356629260695,0.002086204549339357
152,0.012863882647249794,0.5461652291100204,0.39629211735605746,0.03662147696702741,0.008057293919644926
153,0.12813828952082387,0.6822709106635241,0.04769581713649688,0.06909385819114668,0.07280112448800853
154,0.11295566155408557,0.3484573234954127,0.008972265737315974,0.43250269327859886,0.09711205593458701
155,0.08921241258891278,0.6435935190379629,0.03538651377119852,0.2094269084173753,0.022380646184550556
156,0.2917309496163545,0.2787760560843145,0.005414817005074603,0.4000315274658948,0.024046649828361414
157,0.23189550622722932,0.3152351337012654,0.00895355644616464,0.4178306292624819,0.02608517436285882
158,0.09474098019217154,0.2971629334726112,0.0018233468819969921,0.5823693904559561,0.023903348997264217
159,0.14277719634464242,0.2966052043478633,0.00903210381487451,0.513659573555561,0.03792592193705884
160,0.1668302088777288,0.31199087128072883,0.0035747225776781113,0.48426718550076914,0.033337011763095094
161,0.14085309290391593,0.3999869442111333,0.01247929457006629,0.3964217304250149,0.05025893788986965
162,0.22569025805445944,0.44124778378388124,0.01141533531445988,0.22971486071698666,0.09193176213021283
163,0.16290382124379793,0.4566119170187315,0.04489479198254346,0.2930920403301077,0.04249742942481944
164,0.159353112345793,0.45572062710474315,0.011573793225142607,0.33241562968740385,0.04093683763691755
165,0.14754839136322462,0.3136966178676155,0.004372615459260128,0.5061615114561255,0.02822086385377425
166,0.07855791255430183,0.2974958509576682,0.005068281547446059,0.5463550158055281,0.07252293913505567
167,0.14016893766239197,0.27477193717855264,0.005083918932073112,0.5056512385634505,0.07432396766353182
168,0.14972084265736013,0.45047883297463354,0.004728230082585395,0.365283408905346,0.029788685380074773
169,0.10194894740202191,0.579929094809048,0.03866869752957269,0.25220060692787405,0.02725265333148327
170,0.09234151905472365,0.26349727627589664,0.0022659911603362818,0.6165937996946232,0.02530141381442018
171,0.08240038671355597,0.15375564605449238,0.003081262615880349,0.6819180760691356,0.07884462854693582
172,0.09492599601184146,0.20273439723100026,0.002190351909453287,0.6758067677390154,0.024342487108689574
173,0.11582544762567894,0.26641663205736865,0.003414495035679912,0.5847966536143018,0.029546771666970777
174,0.11301393306858323,0.14682409684352804,0.002471310995348021,0.7145440098800865,0.0231466492124542
175,0.09842034864105201,0.17215197807483376,0.003557597893718642,0.7040763432440746,0.02179373214632089
176,0.08567669847896679,0.07005033785093141,0.0007054026654773629,0.8235540066184459,0.0200135543861785
177,0.07518223619607504,0.10253263113221102,0.0020406441801922213,0.7716728652428013,0.04857162324872038
178,0.14430794156353172,0.15148383713101712,0.00086998344236565,0.6670675682839616,0.03627066957912377
179,0.15854886861089743,0.2930860924328894,0.0013545537713432999,0.4783668004015802,0.06864368478328965
180,0.19117668864341023,0.23584666366593013,0.0014239911264492158,0.5411134369534677,0.030439219610742866
181,0.13468838688877782,0.35021562919246113,0.001353039117685052,0.4579659830536187,0.055776961747457415
182,0.17197684550185738,0.33664219949071417,0.0014204427497479194,0.46265441945558416,0.027306092802096376
183,0.0968191983247696,0.1833562360035148,0.0004536911365476165,0.7042095669193805,0.01516130761578742
184,0.09124883991468671,0.6352676934241485,0.004758072351692586,0.14104362555113836,0.12768176875833392
185,0.14227538308978976,0.48943293814656075,0.006195782995717781,0.3247739774569547,0.03732191831097711
186,0.10250260069386667,0.6404532512538342,0.0038404963636914096,0.18533281687589448,0.06787083481271321
187,0.19772693131739133,0.34158671881330094,0.00790066590628753,0.33824266418826615,0.114543019774754
188,0.30836871877562694,0.3309682777890638,0.0013605498273736845,0.27943040527625934,0.07987204833167641
189,0.1581453306058803,0.7501188977562824,0.008484304114928528,0.03977601812954637,0.043475449393362356
190,0.07727763095668516,0.8288376026853941,0.018429116907894342,0.011167581277978024,0.06428806817204824
191,0.09348192516493128,0.8246473649708163,0.030669246730470716,0.011267199722038825,0.03993426341174286
192,0.02060081629228074,0.8709316079770317,0.09144649735808864,0.007052579812520057,0.009968498560078826
193,0.008969698181074254,0.774112936268164,0.2131682978541006,0.0014450419560598671,0.0023040257406012174
194,0.01418731461060876,0.6832975519549764,0.29510927532996634,0.0014307565960090037,0.00597510150843948
195,0.014017640576358327,0.6425139000027862,0.3304354344796902,0.0011007232136114038,0.011932301727553907
196,0.006578390483006975,0.48182704481723665,0.5081791182574826,0.0010253984634079644,0.00239004797886586
197,0.006967525704056319,0.5920165758398919,0.3965505460775403,0.0008000809557977439,0.003665271422713697
198,0.009741688008305443,0.5734134416223088,0.4139182533853045,0.000999769586158937,0.0019268473979223864
199,0.012914358854181403,0.5034363140015475,0.4699449700927628,0.0012988569965544884,0.0124055000549537
200,0.016483211592020517,0.6555319544957506,0.3186733452391496,0.001624545228096646,0.007686943444982669
201,0.06753878522619007,0.6965132323307913,0.21512027321350616,0.003294945904590718,0.01753276332492179
202,0.013463468866300185,0.7066259603005353,0.26844805640365493,0.0019409743415107733,0.009521540087998978
203,0.035756717242085456,0.7907305799831954,0.16089500633552514,0.0017522196717150204,0.010865476767479216
204,0.0216389284339246,0.8006905386657653,0.1593548841068313,0.0014911112532506434,0.016824537540228147
205,0.02616538001501519,0.7338140341434313,0.22253270335079198,0.004877538381334625,0.012610344109427097
206,0.12489513722045778,0.5731072669153459,0.009797693445907947,0.007659044476146954,0.2845408579421414
207,0.09302187438466342,0.22676901680966102,0.006475585677257841,0.003672178900304809,0.6700613442281129
208,0.05726042733518208,0.7206569263661815,0.022307185859168552,0.0036235075586400997,0.1961519528808278
209,0.020665313521679753,0.8442363517669461,0.042883750892622696,0.0020256748000562846,0.09018890901869524
210,0.04462835316909679,0.4373969976482138,0.018057009959803232,0.0034673495371955764,0.4964502896856906
211,0.13201915623167917,0.6761885838395116,0.03662256517502429,0.019759257334519855,0.13541043741926478
212,0.07952210298902113,0.032212424053259574,0.002933326059640047,0.010298091038072226,0.8750340558600069
213,0.2281731128155011,0.09277777025347314,0.0024239244875094187,0.01117462227743222,0.6654505701660841
214,0.3174793553455107,0.19175612425285718,0.007599718518180638,0.011188427368276072,0.47197637451517555
215,0.2579240868234001,0.20020038844136212,0.008004640068826228,0.0023172829912388995,0.5315536016751727
216,0.26607676960140253,0.483889040762083,0.04577768232235901,0.011080506942577804,0.19317600037157756
217,0.06540353580465379,0.819947183075893,0.03877722313266698,0.00440539454252021,0.07146666344426618
218,0.12491937931469037,0.7670514601879981,0.07110963833332018,0.004817896278056243,0.03210162588593509
219,0.04325395435015321,0.8726884078862003,0.07392482311491308,0.0021131594669572436,0.008019655181776246
220,0.008724588651233683,0.6667050121391916,0.31942201382513563,0.0011266519524454719,0.00402173343199363
221,0.022296215213299043,0.8069866687104774,0.15861996284360944,0.0015690891133866784,0.010528064119227428
222,0.008569205096574788,0.4895375412738726,0.4944713501774733,0.001430016603099952,0.005991886848979252
223,0.005840356850991737,0.6586732164191148,0.33033173420145173,0.0009568850796849327,0.00419780744875682
224,0.0059960835518867404,0.5675334497082023,0.4242335918229806,0.0005104848227259409,0.0017263900942045074
225,0.015991216800375106,0.6733785209443774,0.3021972474460454,0.0006942603636261356,0.00773875444557574
226,0.026701214348744413,0.7080748003859696,0.26066691313020485,0.0008567650155849617,0.0037003071194962375
227,0.00725032535331066,0.36265121854843196,0.6268973760967445,0.0012178270181177082,0.001983252983395241
228,0.005051367122625403,0.4543314038807268,0.5360900678009812,0.0020309485572228623,0.0024962126384437205
229,0.01148874980845998,0.6233987419053749,0.35772406111516303,0.0025984979812008163,0.00478994918980139
230,0.006607927605203141,0.5927492591575646,0.3957379282645177,0.0024744988806404532,0.002430386092074143
231,0.008433722832574361,0.46996244679155935,0.5185721059820747,0.0016258435155214865,0.00140588087826999
232,0.00852486326498027,0.5409767028149909,0.4448411959626726,0.0028400786052258913,0.0028171593521303467
233,0.007793559650149379,0.7767967393362537,0.2068349423315621,0.0037977444355825275,0.004777014246452096
234,0.006675241310500664,0.5971994606455989,0.3907637326702876,0.0019260563922613842,0.003435508981351639
235,0.006494441764799455,0.6025392821303587,0.38724423768789645,0.0019056445020288627,0.0018163939149166777
236,0.002664088911612487,0.38939220529562646,0.606446725934275,0.0005787596308644285,0.0009182202276215554
237,0.008230861200940173,0.5531944191804897,0.4334334532848709,0.0012973481420589677,0.0038439181916402436
238,0.010438770038840361,0.5633624810359447,0.42062349241882313,0.0010023632060720373,0.0045728933003197705
239,0.003810930962119546,0.4842851364497646,0.5095421344307345,0.0004284873262459771,0.0019333108311353768
240,0.0040219328904776645,0.38082891422665555,0.6134693800856957,0.00016310858450179467,0.0015166642126691954
241,0.0006597001644471912,0.13499934813424025,0.8639234871169065,3.819931730757884e-05,0.00037926526709861313
242,0.0020572993279670574,0.17083446228196258,0.8261600740526236,0.00018660252406226539,0.0007615618133846494
243,0.0012205654404743348,0.13478935565426498,0.8634261552424547,0.00013304878548497424,0.0004308748773209644
244,0.0016214312489263346,0.14540536729927395,0.8519762770621193,0.00017177254615391183,0.0008251518435264871
245,0.00039079172266654345,0.036997058874631845,0.9623526868620641,4.2093238277673707e-05,0.0002173693023599494
246,0.000362468173219108,0.0601921633786316,0.9389694907118622,5.411122867296277e-05,0.0004217665076142707
247,0.00014863520176364777,0.03738539476627768,0.9621812119412873,3.323981469513023e-05,0.0002515182759762265
248,0.0002233321262902926,0.03406310208388763,0.9654070885369025,7.447509114167597e-05,0.00023200216177788284
249,0.00024516385569875324,0.03621756238776406,0.963180479644112,4.376888042254939e-05,0.0003130252320028183
250,0.0001152198472545759,0.01847969620034772,0.9811994152779346,1.8346776755719925e-05,0.00018732189770742397
251,0.00024412441951266682,0.025855941876235158,0.9735115811993678,0.00011439574656145692,0.0002739567583229362
252,0.00015342205725595305,0.015900332560708955,0.9836305848659901,8.734089550482084e-05,0.00022831962054009863
253,0.0001161208918630352,0.01084794791572459,0.9887745458173148,5.741743732047312e-05,0.00020396793777708154
254,0.00022108895416831417,0.013732212851706711,0.9853756879567082,0.00013535493002813563,0.0005356553073885289
255,0.00024324023826110926,0.014564174369545161,0.9844296289366662,0.0001969132209512041,0.0005660432345763444
256,0.00014552156234286053,0.01877119289290759,0.980657061985831,8.164760499856e-05,0.00034457595391983935
257,0.0002029086253962062,0.01083710949528798,0.9877297772016247,0.0002020754029645372,0.0010281292747266486
258,0.0002206419552674522,0.011808890452987626,0.9873704502141667,0.00010581533675263102,0.0004942020408255105
259,0.00012615467057676546,0.015472407705106916,0.983917023313228,0.00012056104626137361,0.00036385326482692756
260,0.0006456273947742756,0.04372686543290342,0.9545207584934616,0.00025468045113360467,0.0008520682277270977
261,0.0004405061366878256,0.01823940348836495,0.9796539076294211,0.0004932897481116717,0.0011728929974145178
262,0.00013102026443548976,0.007703432389693128,0.9909797877205911,0.00018383366243327748,0.0010019259628469136
263,0.00027833190258420073,0.012422185140161376,0.985927141367154,0.0002269967626969622,0.001145344827403263
264,0.00020505616556333825,0.013103224448905947,0.9852661159297098,0.00019552583654826734,0.001230077619272661
265,0.0010134539744991004,0.02860366731141848,0.9668926157188285,0.001122862787509442,0.0023674002077445216
266,0.00021048417379032557,0.016636179014484383,0.9812493972825944,0.00036162666320089924,0.0015423128659299463
267,0.00021448379472802938,0.018234811133593216,0.9799161386850456,0.00029390967812244304,0.0013406567085107823
268,0.00017703843129474888,0.012226125631740258,0.985563811285281,0.0004879373345522998,0.0015450873171315984
269,0.00028718580772540443,0.020496841596933286,0.9767174739503622,0.000392172147355686,0.00210632649762325
270,0.0008736793831741289,0.026400977134937383,0.968426609981421,0.0008076159163473469,0.0034911175841202177
271,0.0007723357642453008,0.025739906528118563,0.9697760668042874,0.0006740498439282246,0.0030376410594205824
272,0.0004265783521736955,0.011400810681702494,0.9859440528980723,0.0005083716588900048,0.0017201864091615077
273,0.0003144366672973865,0.010900926963158598,0.9869801885283458,0.0004184093710750312,0.0013860384701231518
274,0.000507656469302402,0.016632651577173814,0.9794035838130584,0.0007350214083018317,0.002721086732163525
275,0.0012095451677090036,0.020535246221545473,0.9731958197628156,0.0004911239631739754,0.0045682648847563045
276,0.001707189958269449,0.06190091586492047,0.9341246666688617,0.00031133702791020607,0.0019558904800380267
277,0.002355739931573455,0.14010767486746356,0.8549573343460147,0.000422957614209808,0.0021562932407384176
278,0.0008429199291668691,0.05380014415523512,0.9446688838833517,0.00011665786081157882,0.0005713941714345992
279,0.006069240711660009,0.2598172175564428,0.7292871804570138,0.0006003698151651146,0.004225991459718359
280,0.0002766299577338674,0.03985412689532332,0.9594079759705106,7.747938720288231e-05,0.0003837877892290838
281,0.0004868682954262782,0.053345300812870526,0.945500956100068,0.00018311785724214966,0.00048375693439295283
282,0.0003433562528024055,0.0381176778890478,0.960815859180996,0.00017072724222701315,0.0005523794349267572
283,0.00017341775664093042,0.021522424756856676,0.977852779033948,0.00016306132743371888,0.00028831712512051016
284,0.0007893587835379195,0.043904035285454245,0.9537918070591034,0.0006899475420605294,0.0008248513298439346
285,0.00023046160976236628,0.0229184325436075,0.9760468421267792,0.00034792744822720594,0.00045633627162381903
286,0.0005737299010359796,0.024786925440109065,0.972109112820379,0.0011315878909371583,0.001398643947538784
287,0.00045081233505574284,0.02751566647176384,0.9702459371632004,0.0006873514410915281,0.0011002325888883773
288,0.00031006397577810514,0.021289957090448324,0.9770115897715723,0.000555980957783533,0.0008324082044178618
289,0.00034715607906912223,0.024576014174503464,0.9734451134609343,0.0004890733341498648,0.0011426429513434306
290,0.0006802955852467783,0.050762683700219045,0.9472673492176901,0.00043586076550189976,0.0008538107313421518
291,0.0005138097335374145,0.035837484866636383,0.9620993720453285,0.0004685228420471878,0.001080810512450556
292,0.000518962472201567,0.03031862627234059,0.9674814753373179,0.000683314544388153,0.0009976213737517175
293,0.0006490692938898555,0.024230915952571857,0.9724892277775066,0.0011073828263432359,0.0015234041496884289
294,0.0007802064281424673,0.057066105035760165,0.9408825037339807,0.0005009386733279468,0.0007702461287886721
295,0.0006338678969301145,0.028713704174983805,0.9691002098605717,0.0006334907925764342,0.000918727274938154
296,0.0007696392768822232,0.025471068806687425,0.9716834264635066,0.0009578146334621977,0.0011180508194615823
297,0.0012056453273890152,0.050391568701709466,0.946423748832784,0.0007801322345849225,0.0011989049035326116
298,0.0005911167489960388,0.024803068078299833,0.9723735402222368,0.0008091428370633632,0.0014231321134039005
299,0.000681340188351899,0.025511801444750067,0.9713582696794139,0.0011332129660467014,0.0013153757214374665
300,0.0005453668447358311,0.02321978573390927,0.9745280304277113,0.0007246801909447919,0.0009821368026988926
301,0.0003375228404958855,0.021384785460574096,0.9768395309324668,0.0007375324798713197,0.0007006282865921331
302,0.0008752908241791601,0.02266639873260262,0.9744533143054697,0.0010595034212258123,0.0009454927165225948
303,0.0018611131793220305,0.07106006458632709,0.9244950392956643,0.00128844957335637,0.0012953333653303054
304,0.002514916900776165,0.052545749414478836,0.9400366004697314,0.0029988870680666083,0.001903846146947181
305,0.003920835376520328,0.08756524131147388,0.9032428152566999,0.0028712169011064583,0.0023998911541995814
306,0.001604047716871905,0.06224772146509417,0.9329656830981975,0.001538415983581525,0.001644131736254963
307,0.0035213820551630915,0.14571882972486722,0.8413660106445596,0.005615983483439133,0.003777794091970906
308,0.0016728450535301558,0.06998907524023842,0.9249073971492989,0.0016325534325940566,0.0017981291243385129
309,0.005297872949771491,0.11379931682378842,0.8709228127993585,0.0038756356551697896,0.006104361771911742
310,0.0021200897865902408,0.05904375411865421,0.9312893018759657,0.002830501039527633,0.0047163531792622105
311,0.007048162889310424,0.10617426637854756,0.8704847716325587,0.005093149940187319,0.011199649159396289
312,0.00823839160566212,0.1770384259040204,0.7971115041941482,0.006635314330158696,0.010976363966010686
313,0.008506893076522625,0.08539568418500093,0.8737273918980698,0.010296101516706168,0.022073929323700323
314,0.03303259884627671,0.19595001291159952,0.7275791430392692,0.017656201626331695,0.025782043576522896
315,0.16646654666429367,0.17800495812878125,0.02976014772212672,0.02426121045469012,0.6015071370301083
316,0.13397328187653565,0.45843619710998434,0.1935238159817704,0.003947100313580029,0.21011960471812946
317,0.15643652010489945,0.7305975032634454,0.051876471880383544,0.005271514625851964,0.05581799012541963
318,0.1205943308246618,0.6184433034219916,0.2158857371486135,0.004366491374487633,0.04071013723024541
319,0.04246961585671306,0.7412552234620068,0.20328602172649385,0.004238745211746342,0.008750393743040085
320,0.03516398632762584,0.7766210105952241,0.1786348256066572,0.004631784932451147,0.00494839253804161
321,0.02449658320256621,0.859037895336082,0.1045438398784695,0.004349299156398977,0.007572382426483315
322,0.02575082415109583,0.6710668840961361,0.2946628645807592,0.004171393711275693,0.004348033460733054
323,0.046294133130412835,0.6629617353640527,0.2679839187677974,0.01523895854616002,0.007521254191577264
324,0.033034475694149475,0.8347283756864263,0.11629667777963451,0.00917923912624426,0.00676123171354553
325,0.022345766003295846,0.6198844040118272,0.3476492596422091,0.006021791649898961,0.00409877869276896
326,0.012712705393018097,0.5506461934461047,0.42927471020642066,0.0051960309639881444,0.002170359990468579
327,0.010566906977748378,0.5933505874703796,0.38669662638799995,0.004454562194545995,0.004931316969326102
328,0.011561617959711043,0.5268352536022144,0.4533357360038146,0.0063453749849977995,0.001922017449262307
329,0.024616954823055176,0.5961711552262888,0.36023083698550495,0.01025161116007597,0.008729441805075186
330,0.011263632538622103,0.7809158098025641,0.20055996319102992,0.002678481933607924,0.004582112534175769
331,0.01649239314151871,0.6580609055691884,0.31127225269195025,0.004040549767072306,0.01013389883027034
332,0.0163767626615891,0.5765176159364463,0.3993905736156099,0.002634839618791514,0.0050802081675631605
333,0.01737261411374471,0.6896586299745109,0.2787573478165702,0.010192519951603423,0.004018888143570864
334,0.04032808386570774,0.7701963458048758,0.16062563903857816,0.018435783946748812,0.010414147344089278
335,0.009866867104895014,0.7182981008374854,0.24940612023443884,0.01709875690112755,0.005330154922053269
336,0.020868766632096424,0.7139288239027095,0.21483110929261662,0.033237636151461844,0.01713366402111556
337,0.044990597044243436,0.7380592077992961,0.1428419521212855,0.06564871502737378,0.008459528007801174
338,0.048166436115051524,0.8145831463326842,0.05389045546120208,0.07139263775910569,0.01196732433195636
339,0.12156293175616452,0.6637530064359647,0.0219304217826522,0.10704656044123566,0.08570707958398292
340,0.10659033679552453,0.6955841854836758,0.002840526357732879,0.14344889971564298,0.05153605164742386
341,0.16137834869286488,0.5127992122186878,0.015048725261571382,0.28391346236199255,0.026860251464883366
342,0.12150905183624576,0.5001780503431386,0.006804325113427623,0.332098259717283,0.039410312989905126
343,0.15965465694640157,0.1405210733826468,0.0030950312096092404,0.26196828453435234,0.4347609539269901
344,0.14417936018461305,0.4307803842515554,0.013303656823987806,0.29053988677054143,0.12119671196930225
345,0.1451675436524484,0.3533489335605762,0.008439011299546256,0.2302131406408497,0.2628313708465796
346,0.27598497857311827,0.24121532074106655,0.0038872777628375338,0.3157996475107579,0.16311277541221986
347,0.18591481623507894,0.28261777066701405,0.0030445833718163477,0.45091116219637356,0.07751166752971698
348,0.0668887586871454,0.6138628284847474,0.017222119298612216,0.2680008620030706,0.034025431526424336
349,0.1405570136959241,0.40457154676042234,0.002426411901533998,0.41039091205227984,0.0420541155898397
350,0.0957143971954471,0.24755667560669362,0.002592457844405175,0.6269121054565197,0.02722436389693443
351,0.10556228912339491,0.12719414698025364,0.0009069399532459248,0.7064883074084184,0.059848316534687244
352,0.08228693711453386,0.4822443536930529,0.0043590460228662645,0.37477430013407903,0.056335363035468045
353,0.15491993292009582,0.2512469100115772,0.0016061645436373547,0.49153129925133443,0.10069569327335527
354,0.10685903914621923,0.24238761136296866,0.0010813282602803028,0.6063915535957651,0.04328046763476664
355,0.19599397627528864,0.19841792701065342,0.004761321023493631,0.276861759665497,0.3239650160250673
356,0.33142093519138166,0.2758725367958707,0.0014674861626658834,0.23187037198906704,0.15936866986101478
357,0.27897634874880994,0.4345078809503441,0.0026696074873085998,0.20740924316808987,0.07643691964544747
358,0.34348455782250525,0.44338355305743476,0.0015233837033275827,0.18598206570549242,0.02562643971124013
359,0.16330326500854972,0.7198831703689533,0.009506299013952895,0.040421003959444084,0.0668862616491001
360,0.09670430571320307,0.7849478835506046,0.01900457515946396,0.0375550619837027,0.06178817359302568
361,0.06997559595798937,0.8698545586025721,0.025845676705151758,0.01826925851107219,0.01605491022321458
362,0.05653409853039478,0.8416992516672959,0.07042196596506398,0.013241844779271568,0.018102839057973788
363,0.17438423544081377,0.48788488411790465,0.052071086871570436,0.01768631956293068,0.26797347400678045
364,0.3066025190135939,0.6295791514590842,0.006114245680715107,0.009470698632532666,0.048233385214074206
365,0.1206402843599066,0.7837776301217275,0.06855668744051084,0.0031130868806279847,0.023912311197226987
366,0.10339400369876488,0.7182000947674426,0.13950761875774603,0.0027477741005524116,0.0361505086754941
367,0.022739491183134643,0.8967333766476941,0.07456505607779014,0.003019041187904564,0.0029430349034764705
368,0.06890163212845545,0.6273634794590196,0.18381740423371634,0.00918028965553692,0.1107371945232718
369,0.24157399997927434,0.6731400899933643,0.021692185681297254,0.008931018829430166,0.05466270551663408
370,0.032926848915743906,0.6852392549924812,0.2582462998894001,0.005940094394399789,0.017647501807975016
371,0.15181410930917225,0.7213135823253707,0.06645364681434329,0.008901221790272107,0.0515174397608417
372,0.024802734031090266,0.6752084256125414,0.28606716450287634,0.0021502703473959455,0.011771405506096025
373,0.0197902637468019,0.7150905743741677,0.23645168012360093,0.0038658399225159025,0.024801641832913588
374,0.06159816435973822,0.9106049725124898,0.008772393998608593,0.00413293072541507,0.014891538403748327
