epoch,N1,N2,N3,R,W
0,0.004806163179779347,0.005351926968538834,2.1907340618461237e-05,0.0015462426523294508,0.9882737598587339
1,0.003576801003770735,0.0014316721523826383,0.00011542164548022002,0.0032424938829163684,0.9916336113154501
2,0.01631445033107062,0.006106899766368016,0.0001093585707538986,0.005105867647273229,0.9723634236845342
3,0.011576528277761547,0.0060718290018562035,3.783497529329456e-05,0.006565369125582449,0.9757484386195066
4,0.004418362244493697,0.002535595370289168,2.1541972299803806e-05,0.0017889665977648902,0.9912355338151524
5,0.08939938807876387,0.03234791943482174,0.0001380566736232402,0.01256254296459601,0.865552092848195
6,0.1551363013356041,0.06377948371562187,0.0004664592104411676,0.005679958186439394,0.7749377975518935
7,0.009267738682162208,0.0015245389787849842,4.5649286166038134e-05,0.0001920895132319984,0.9889699835396548
8,0.016725001259400095,0.007243529092917677,0.00014568400515719285,0.0013220893720979833,0.9745636962704269
9,0.28807538076046063,0.032562030875584264,0.0002682215012345792,0.0035137249994151723,0.6755806418633052
10,0.1573174995883931,0.021148758513300715,0.000346259024590991,0.005514666641800089,0.8156728162319151
11,0.23151428583749648,0.08687393066299479,0.00024379114636238875,0.005870874925566999,0.6754971174275795
12,0.07424305304696231,0.029342447594744896,0.00013775671228719735,0.0026269187514555395,0.89364982389455
13,0.2573463041360346,0.06013577001897463,0.0004784454010242914,0.010761839799187194,0.6712776406447793
14,0.06240258676951994,0.019523711402234845,0.0001895652981888561,0.0013685506206987323,0.9165155859093577
15,0.15473634575840595,0.04229941248885342,0.00016275112970557597,0.001343360359263305,0.8014581302637718
16,0.3888703917109485,0.1918900851634022,0.00048774594529677563,0.0005473803048078889,0.4182043968755446
17,0.1173299515049113,0.014270611011982175,8.58464014619389e-05,0.0003135038659372018,0.8680000872157074
18,0.40825439164903166,0.10575755735699217,0.0021033007558320105,0.0008734056332293997,0.48301134460491457
19,0.22081095620474045,0.1205754440663855,0.001966398646218916,0.0013819726122876576,0.6552652284703676
20,0.016577649742177354,0.011789897857730153,0.22005209151554375,0.0032342940199456467,0.748346066864603
21,0.03999804524144029,0.02727979116857678,0.14314508918678903,0.005927481808760455,0.7836495925944336
22,0.055371341404250714,0.08224339492504285,0.1565933339705575,0.003335563480592935,0.702456366219556
23,0.012766831260016017,0.042139816075227585,0.07254139962320394,0.001552021721061655,0.8709999313204908
24,0.05746780220037528,0.13632812316862747,0.0592455412990087,0.0017392886362699405,0.7452192446957185
25,0.027818241218600843,0.16255690597270067,0.273684716833984,0.0013376976797828753,0.5346024382949316
26,0.04259947454901773,0.13662511606457894,0.06988742603369148,0.0014198957498316057,0.7494680876028803
27,0.1771008581680196,0.1981126441448539,0.11919768098327471,0.001688117710762645,0.5039006989930891
28,0.06667060893314226,0.19425153493872824,0.12699200504603486,0.001105785669709149,0.6109800654123855
29,0.12130829792234446,0.22276507477242127,0.21553250249150233,0.0020776016578487734,0.4383165231558832
30,0.04616504557337484,0.28002172795789754,0.3280363104486924,0.001427082512984563,0.3443498335070506
31,0.12885708895864503,0.30145468120886754,0.17205135083055856,0.004612512795949116,0.3930243662059795
32,0.027285558663254425,0.12991237707983627,0.23014385543814442,0.003258462398630024,0.609399746420135
33,0.01071602796840066,0.05252720277555579,0.05589899320775995,0.0011450370700533214,0.8797127389782303
34,0.1221933588627333,0.20299098636133334,0.09504899417580107,0.003470864832262331,0.5762957957678699
35,0.06555277288787827,0.16599887001196842,0.051717211321864576,0.0024482906147216244,0.7142828551635672
36,0.10856122406847682,0.38087900952382575,0.18201053656794333,0.002449235480005523,0.32609999435974846
37,0.14784178687556396,0.42223180314032654,0.12616813919480935,0.0029084937932478106,0.30084977699605236
38,0.17255014705994667,0.3135822400064408,0.13078945765813196,0.00589414272608835,0.37718401254939227
39,0.19216860421842857,0.47997387457129237,0.14532403419592124,0.006514350206289529,0.17601913680806827
40,0.15926114134583247,0.41901155055326034,0.2081154246835455,0.007806702138000625,0.2058051812793612
41,0.2542513201209951,0.5031096409214009,0.1231405318899325,0.005879711195725615,0.11361879587194602
42,0.15835258749764786,0.43024810442823364,0.18608399123118374,0.007535686782538213,0.21777963006039655
43,0.12237006380067084,0.5660195001638167,0.22101242315103659,0.0045323401656223485,0.08606567271885356
44,0.09256996507967202,0.4161253275992142,0.2673544869634634,0.005984285155981715,0.21796593520166857
45,0.17125910013673804,0.49453052237052153,0.24083050228138375,0.003980583225115955,0.08939929198624055
46,0.07889677690519663,0.5238771814485574,0.29402503733399843,0.0036496510742667332,0.09955135323798071
47,0.11028353189088701,0.5300128193739452,0.17912914563594626,0.0034727669644787724,0.17710173613474284
48,0.181783398630077,0.5183208860803246,0.21046225135338678,0.005381003943177732,0.08405245999303389
49,0.12843316830670268,0.6230407741482005,0.20409542261850624,0.00394085559705799,0.040489779329532676
50,0.08291789493663487,0.6006214422052463,0.25448786691337844,0.004559758462872109,0.05741303748186821
51,0.15121554356095032,0.385325868919111,0.4136275177995589,0.004361106906363113,0.04546996281401666
52,0.09373020589563724,0.4510618148563492,0.2354967023420841,0.0072068186400602394,0.21250445826586922
53,0.13068484755411974,0.5839257055055931,0.23739774998260713,0.003947468426346667,0.044044228531333336
54,0.14568726144495175,0.570717121016002,0.24878018444421343,0.005188075965235828,0.029627357129597024
55,0.09629236608035276,0.4517832717496736,0.39048271085769076,0.0036939972235791813,0.05774765408870386
56,0.170830797093559,0.501713010764459,0.28605721264340034,0.005361485608940595,0.03603749388964116
57,0.11313215422503901,0.40986468912101204,0.41619520451271574,0.00777170783088492,0.05303624431034839
58,0.14993477722211673,0.5549776072620181,0.24430890928945243,0.005516484484636587,0.045262221741776056
59,0.060127778950354066,0.43410307933514863,0.4710102994659877,0.002688510590536135,0.03207033165797352
60,0.14473806967766809,0.4302473020008463,0.3755819726441295,0.0037596421849556104,0.04567301349240064
61,0.06754879972262429,0.5478684711475184,0.3148790254385791,0.0034475962512460104,0.06625610744003237
62,0.05440075069643038,0.47680536646181937,0.36825405598408345,0.0038331204167066798,0.09670670644096005
63,0.14251206568748195,0.41134097089359034,0.3662093558786332,0.0031939151302888,0.07674369241000585
64,0.09700903611006867,0.42143568721468866,0.4226985842143219,0.0036710272272302813,0.05518566523369051
65,0.11769404558821989,0.40105831673804726,0.4348082384637065,0.0025223039270601566,0.0439170952829662
66,0.11587067305820542,0.34611661544237127,0.4425169399679481,0.00404864528229054,0.09144712624918455
67,0.1496936529735571,0.489859974319778,0.32342012168717,0.0032300138739306196,0.033796237145564165
68,0.060461173449863126,0.474241519289518,0.37339290091468486,0.004346965010820801,0.08755744133511331
69,0.10778947135175433,0.405923049672712,0.4300478771127004,0.003639776501644941,0.05259982536118833
70,0.13001949872532173,0.5204481790040295,0.2997565228124045,0.00614231742545551,0.04363348203278882
71,0.11885743546953983,0.4537758569170035,0.3627892107522305,0.0068098336626626075,0.057767663198563565
72,0.18742812081532387,0.5506994325725437,0.19941160476307151,0.009556899054812797,0.05290394279424792
73,0.09826168763761373,0.47816684664798487,0.34565994080257306,0.00631080162066816,0.07160072329116028
74,0.13026114418561616,0.5057207343353775,0.2758284890095041,0.0055893268376603755,0.08260030563184208
75,0.22141947163793863,0.5674365014796503,0.16763959756843577,0.00405570294484781,0.03944872636912753
76,0.10701911413763722,0.4614903552632471,0.3959946483176615,0.004976911633927591,0.030518970647526796
77,0.10126103461678766,0.4898821371453584,0.34016999222012523,0.012345550204105148,0.056341285813623465
78,0.20835708445483855,0.4673113183807954,0.2738703518987441,0.010721549196115144,0.0397396960695069
79,0.05651055327912649,0.30364332590949256,0.5903658502723597,0.009507293999303845,0.03997297653971742
80,0.12795493433603322,0.4345807874274951,0.34129355546049694,0.007216168545531937,0.0889545542304428
81,0.1276813725900188,0.4795564676523987,0.3111870722376312,0.008357920992724022,0.07321716652722733
82,0.1696684403944572,0.4023774802651702,0.25411816417413347,0.01347164250983488,0.16036427265640435
83,0.18710753613467457,0.41146052758955665,0.22539907701966302,0.008826969424216655,0.16720588983188908
84,0.36391844970042303,0.383725436141461,0.15937155244946846,0.010195136307858304,0.08278942540078926
85,0.23828046710489337,0.4469040651811346,0.22805131346545723,0.006896524087334027,0.07986763016118066
86,0.08138025933809173,0.37508331099221476,0.5064756719185761,0.005552625266852598,0.031508132484264706
87,0.15868190935213694,0.5067733889530739,0.251144637059069,0.011445532963695885,0.07195453167202419
88,0.2808486297402262,0.4916581671350469,0.11356516657594973,0.006927836476498756,0.1070002000722784
89,0.2105023770705765,0.556934443539448,0.09501588444948005,0.010918055713719906,0.1266292392267755
90,0.3209126770371675,0.12525375887812898,0.04402164469255647,0.0353794973072166,0.47443242208493036
91,0.24097391693999093,0.30830373143663303,0.021819294131706836,0.05109390312909753,0.37780915436257184
92,0.3204615573821377,0.22026587938666026,0.008566308134079173,0.029862349642047654,0.4208439054550751
93,0.3303093569904675,0.3435465089880573,0.0029810132053221146,0.05291226532658646,0.27025085548956673
94,0.22989102584358334,0.32017482003875014,0.0010992163820360333,0.26892411647586145,0.17991082125976912
95,0.24045050148785754,0.323794395336799,0.0002501258726662336,0.21581810298877538,0.21968687431390185
96,0.4083203016547558,0.24992513448989018,0.0013914955139779522,0.04665905655970104,0.293704011781675
97,0.32885070963494833,0.2554153997674602,0.0006126700964253929,0.03518669793629705,0.3799345225648689
98,0.2895463970682107,0.24906226257077588,0.002279612133904349,0.043171885208909834,0.41593984301819936
99,0.33048045076554183,0.2321277300718026,0.00035652716552821417,0.2808350988598346,0.15620019313729275
100,0.30973000099241793,0.35032649746763755,0.00036497596943675745,0.1314692231439753,0.20810930242653253
101,0.2708457780985114,0.12955146550892369,0.0004049238339494015,0.06658303868726223,0.5326147938713534
102,0.2491061476496475,0.3143829135626984,9.404795329816213e-05,0.05083212215642708,0.38558476867792874
103,0.30481245548335373,0.2170579116659035,0.00041199969671407025,0.17619852455355683,0.3015191086004717
104,0.19661065793148627,0.3973893389053058,0.0007307071394578847,0.06763309010801694,0.3376362059157331
105,0.16916955087879157,0.18729616426565446,0.00011733283686500468,0.04976034835654601,0.593656603662143
106,0.3870809823159125,0.18625159538261468,0.00027482832298143995,0.14391750333309056,0.2824750906454008
107,0.30736825812991486,0.14587651497953844,0.00018755601652247807,0.17460486972551406,0.3719628011485102
108,0.3454534991620772,0.21326990808593416,0.0002345005407927822,0.09310405350926008,0.34793803870193574
109,0.2910717095851723,0.22275139203701574,0.0002703843017279494,0.21255456906130774,0.2733519450147762
110,0.31785182451047594,0.22308802735485203,0.00023324832740297948,0.139536704415294,0.31929019539197495
111,0.15781532945713952,0.32900854890829084,0.00026338627616766453,0.22193709487007424,0.29097564048832775
112,0.1286334450884385,0.25159727666552284,0.0002151171692758742,0.12667650129579464,0.49287765978096815
113,0.27476259127379504,0.23682907708574752,0.00018255695182170615,0.33476017563756194,0.15346559905107388
114,0.13117495422563727,0.18084380866865554,0.00015224213007680498,0.19626430951506305,0.4915646854605673
115,0.18664299711125176,0.18978975629673714,0.00029573513609982356,0.2958414392617284,0.32743007219418296
116,0.35672630176373094,0.10393656253504344,0.0001847149990179456,0.3860866250743018,0.153065795627906
117,0.191439661487397,0.31440280265951925,0.00042254623207254986,0.17071546815189523,0.32301952146911594
118,0.23048567563148,0.11211783549396732,0.00022283435678666482,0.2402728518375046,0.41690080268026136
119,0.3507818524728283,0.1724259705822442,0.0004555033390176946,0.24352537442985242,0.2328112991760573
120,0.3202694492864056,0.15195937956019367,0.0005090793931198118,0.12937781667663106,0.3978842750836499
121,0.4969839398915961,0.20149601312261,0.0004664311664123164,0.1420596640476053,0.15899395177177608
122,0.4093057750850331,0.24371589552210499,0.0012612136612774362,0.11128160171769548,0.23443551401388896
123,0.4142233301575491,0.28137778119936013,0.002307014532805505,0.1028519643959939,0.19923990971429129
124,0.18685655227133352,0.6789646529932821,0.0016605574324551815,0.08968032874808282,0.04283790855484642
125,0.5039356753096331,0.2316966250650713,0.0028519260618947283,0.10949433107835069,0.15202144248505017
126,0.25888369518948245,0.5310194637603051,0.0035249872700080175,0.14664579767572,0.0599260561044844
127,0.21544922108216244,0.6482958697216812,0.0016601091060513588,0.051439860217549704,0.08315493987255534
128,0.34461331516806304,0.583078763305082,0.006394750205061433,0.03466953934035855,0.031243631981434993
129,0.1310544345621623,0.8356115566850694,0.011269050045205122,0.006094679087827801,0.015970279619735253
130,0.3635749186775057,0.5271334527033416,0.00945586602918197,0.0222191545174172,0.07761660807255351
131,0.2175072118415641,0.7389680929103762,0.00801533402692685,0.006814318597040407,0.02869504262409242
132,0.12605404113967,0.7480519241899157,0.030803560931499538,0.006939275833057938,0.08815119790585688
133,0.06906170491384718,0.8697572693948025,0.02596488334443557,0.007091777234719041,0.028124365112195772
134,0.08143479486573303,0.8165110158107292,0.08617425485262736,0.00502506054599373,0.010854873924916759
135,0.0814251133875277,0.7881442209711426,0.09145643872390823,0.008456128775104852,0.030518098142316524
136,0.0767743800048777,0.7769992487003503,0.11652758157472401,0.010776173683016914,0.018922616037031034
137,0.1327236674449641,0.6392871166652448,0.16012094263221954,0.036518474892894046,0.03134979836467741
138,0.052857910959357476,0.8024168986514839,0.10840362913552616,0.00727025840885439,0.02905130284477813
139,0.0378964488947009,0.10313411544473446,0.02090755883779306,0.007811020097457983,0.8302508567253136
140,0.2693074105443628,0.5048896275561033,0.010232252199546883,0.01888070920664885,0.19669000049333818
141,0.5429940237332301,0.3006333249790038,0.0100227506491691,0.0032594176406050205,0.14309048299799196
142,0.3878938737387697,0.4363141508718448,0.027113456847316055,0.0013605995066458972,0.14731791903542354
143,0.3753557407795873,0.5812594801782036,0.013840790837555612,0.003582543156196686,0.025961445048456825
144,0.289801705782139,0.5436215972107314,0.033144881261604066,0.0020920188665355223,0.13133979687898995
145,0.26703406513394895,0.6231209841672172,0.036414950821023744,0.012091186338882743,0.0613388135389275
146,0.10157373287912723,0.7530095942964425,0.11576911480753002,0.009476012778732005,0.020171545238168265
147,0.282344144940447,0.6321968366732603,0.07046041798755148,0.00431648685703317,0.010682113541708026
148,0.030493401840982384,0.6690874026872962,0.2899702274013867,0.002842813265229312,0.007606154805105491
149,0.12260342116391847,0.6595162429315644,0.17877768271252092,0.00979543079414825,0.029307222397847974
150,0.07761172173039445,0.7663128565739683,0.11323727691323462,0.009850991756932983,0.03298715302546975
151,0.08163492842738575,0.625672251511622,0.2555624342050716,0.010322528216935552,0.026807857638985046
152,0.10029116138108346,0.7644229388824437,0.11542804860476176,0.0051934790605000294,0.01466437207121093
153,0.2353742768871993,0.6151548247864903,0.08331303433715638,0.030426704125218987,0.035731159863934936
154,0.1958913149381915,0.6323912557846826,0.152347535999786,0.007629228459372473,0.011740664817967313
155,0.1742763146852604,0.6857765616096325,0.0897833430399583,0.008419056580314582,0.04174472408483415
156,0.09131631258620392,0.7240581693087336,0.11957632226592493,0.024743131572550182,0.04030606426658728
157,0.0524395379549813,0.6881332514566697,0.2072981902695121,0.011527978776503377,0.04060104154233347
158,0.11884535939952018,0.700200839413085,0.10367145206606342,0.026740585305529176,0.050541763815802186
159,0.09876282252398377,0.7798609719292567,0.05722485983236628,0.027327584593204984,0.03682376112118815
160,0.12333512013708658,0.6746281449162613,0.1645243755414784,0.01348585703588681,0.02402650236928677
161,0.18958934170535377,0.6789987979415962,0.0965596629300465,0.013374151592058882,0.02147804583094469
162,0.20785995029968435,0.6221200922694226,0.11238230166998035,0.030680043772025184,0.026957611988887697
163,0.16614149660409894,0.6099005001690172,0.15434559035198914,0.024923785878403496,0.04468862699649132
164,0.21924131300157954,0.5879851909170626,0.09769901456830159,0.046331398945425976,0.048743082567630436
165,0.1444776386424433,0.6113497022433798,0.18727658241764328,0.017654055581420178,0.039242021115113414
166,0.0778773513554845,0.4509677915562111,0.41449923796072535,0.014691854509949167,0.041963764617629705
167,0.18263030124203491,0.5473544559645814,0.23491802654140226,0.017158804733486303,0.017938411518495064
168,0.26865977787241,0.5453923357663635,0.1084010573236261,0.03279809963097899,0.04474872940662134
169,0.19253072528180368,0.5323210094816483,0.1880110990121452,0.022440950853014233,0.06469621537138857
170,0.13863626291976755,0.6032442178846849,0.22191339865024706,0.010736291214060832,0.025469829331239556
171,0.31084656260396587,0.612234187626062,0.022239163270690795,0.01958669444721737,0.03509339205206397
172,0.1108736183865116,0.7000759288980851,0.14369634545239018,0.01531759218980267,0.030036515073210535
173,0.07060113455088164,0.77256900273261,0.12117679053094578,0.017490738175700623,0.018162334009861905
174,0.07930610004452324,0.5958570495663807,0.26758075935653414,0.013940058251312093,0.043316032781249805
175,0.05272976948782213,0.4725801826031156,0.4490062276646244,0.00410472760652842,0.021579092637909615
176,0.11810333281883742,0.600363748386224,0.21696494483219994,0.011729189999398697,0.05283878396334
177,0.11069832577507667,0.6801140861858272,0.11861150394958479,0.022454642197433313,0.06812144189207803
178,0.16071233955721223,0.47062774497617954,0.33557528061822856,0.01171364157718077,0.02137099327119874
179,0.13775960635579382,0.6841547345517637,0.12163015853722106,0.010095233511905968,0.04636026704331531
180,0.12173710082831649,0.7132663663138612,0.1429407517916806,0.003939707130237378,0.018116073935904337
181,0.07149319445101424,0.7900616934092175,0.11809428800233814,0.00684142865176545,0.013509395485664728
182,0.12454513369619233,0.6757533552686146,0.18034917131429948,0.008592193353848877,0.01076014636704458
183,0.11645685250591982,0.6927470683069415,0.16174789976168646,0.013136749187242707,0.015911430238209425
184,0.06810370935009423,0.5117398557717235,0.39208747438997027,0.011451454923512143,0.01661750556469976
185,0.18106164876200567,0.6465196079067742,0.09232764087694474,0.025005197263650924,0.0550859051906243
186,0.23661838306395916,0.5403504219645818,0.12701611874761085,0.0364400580732151,0.05957501815063299
187,0.15661110052471558,0.6689154181513659,0.1398312091426953,0.011068980111449755,0.023573292069773377
188,0.34029864010669886,0.512809482527759,0.04365553976194299,0.08071204902164245,0.02252428858195683
189,0.22599003418343072,0.630818743963515,0.06720017086469947,0.06647323555423301,0.009517815434121732
190,0.11579458937370017,0.603981312742929,0.05955412184566529,0.11484646970982917,0.1058235063278764
191,0.21052129775665723,0.6707330836406122,0.0615532891673872,0.04267749164577802,0.014514837789565313
192,0.16401682949965118,0.6128972496965298,0.10035613699701804,0.09299221214392395,0.02973757166287711
193,0.17220803612880461,0.7064878513277857,0.06744397453752589,0.03463984960261145,0.019220288403272515
194,0.20397101456823327,0.6499877942718955,0.0900549261828261,0.04850807155648611,0.007478193420558966
195,0.18759793071348907,0.6466851817977545,0.11110770708458607,0.04544117770651832,0.009168002697652044
196,0.08176058888828892,0.6244750724040771,0.20070935377942387,0.06967083573903778,0.023384149189172424
197,0.12315787775250027,0.6367838613312573,0.13093823326798348,0.09876996503257696,0.010350062615682042
198,0.06529677255516166,0.6226694715852772,0.20962257426531133,0.08776366953902963,0.014647512055220172
199,0.09522979154535932,0.48440059072835306,0.303006887364762,0.10214180303613575,0.015220927325389686
200,0.08016265602146318,0.41484638245808275,0.41059420791999746,0.08345449842174688,0.010942255178709753
201,0.15602258442903624,0.53425995613642,0.1379538203296223,0.13083505186374877,0.04092858724117265
202,0.17376799315084496,0.4780987271125536,0.1549112424763936,0.17646796148506375,0.01675407577514398
203,0.14928615504596998,0.6568296150965505,0.1149867499673127,0.06549818513318728,0.0133992947569796
204,0.07643121427319438,0.6123946374123714,0.2633853374785925,0.036115304666224333,0.011673506169617336
205,0.11364167557858415,0.5932942891854164,0.09747680353425377,0.16906418075382718,0.026523050947918493
206,0.15105822425030446,0.6009931576114773,0.06025382697718723,0.14785355010668327,0.03984124105434778
207,0.21255291123716197,0.522368719896331,0.04708966628058876,0.17451256047689867,0.04347614210901953
208,0.2511967179119279,0.5283387239500135,0.08525549945222365,0.09202810420012965,0.04318095448570542
209,0.16073442097162993,0.7131235756163107,0.058968619511007264,0.04413815129869876,0.023035232602353344
210,0.1310273169976376,0.5777229023825671,0.11354590928783836,0.15197469677832132,0.025729174553635763
211,0.1308430317055006,0.5925910837452368,0.15669085602406696,0.0767321691215177,0.04314285940367787
212,0.1572714994048355,0.3562307149007367,0.05082936161540256,0.12779195251319583,0.3078764715658294
213,0.41379523258903145,0.2865044893974675,0.037445317028281064,0.11333113454757796,0.1489238264376421
214,0.2850549583310717,0.5148806439917015,0.11161399890266367,0.040702778381517875,0.04774762039304522
215,0.24587394655646228,0.5020790131526554,0.16782280752366263,0.03537411019860117,0.04885012256861855
216,0.23141291459127114,0.6162695661877601,0.05220759041115405,0.045791360730839406,0.05431856807897543
217,0.21129152975163795,0.62067187680925,0.06099481962933331,0.047234784292454104,0.05980698951732465
218,0.07775457757158413,0.6300701755177441,0.2586692831506233,0.02392890070613315,0.009577063053915171
219,0.1346325512207638,0.6547519556599757,0.15858886657561858,0.03400277348245369,0.018023853061188214
220,0.0666813949314989,0.7656444301063909,0.1349392800083458,0.02582734385186739,0.006907551101896923
221,0.0793124530076874,0.6362753887989547,0.20611419812726214,0.0643810256418526,0.01391693442424289
222,0.03679484017537448,0.48298258861365545,0.3908987392457255,0.07773130057048556,0.011592531394758892
223,0.05919510069651561,0.5623134984357283,0.26927650339642595,0.07426760112425584,0.03494729634707411
224,0.1694712533330008,0.6866387763498324,0.07131761461109354,0.043853515432301725,0.028718840273771577
225,0.06928576610728016,0.511120268449403,0.37634121223467387,0.03083383451071864,0.012418918697924327
226,0.11350686151856423,0.6952841057157568,0.10936698512993094,0.049335516162181035,0.03250653147356702
227,0.0857344439255987,0.6431751089562606,0.1369073612379965,0.11091851953182129,0.023264566348322885
228,0.0769252254497203,0.5388962645937013,0.3256558835553335,0.039118320415690036,0.019404305985554895
229,0.08077307298920461,0.6690556858142482,0.15462323997367164,0.07054585178431055,0.025002149438565
230,0.04506612085380339,0.44668792892088355,0.36982842733024796,0.10912355865450228,0.029293964240562874
231,0.09279652736844561,0.5553042216730193,0.18418287645755188,0.13723042932447754,0.030485945176505647
232,0.013442162848172479,0.01804885054434781,0.00773141030479074,0.04029032676036315,0.9204872495423259
233,0.14368055710719466,0.09385688488232696,0.004568763551007793,0.28359341915011693,0.4743003753093537
234,0.22659330998819666,0.17691018150612578,0.002692349851484342,0.1981590218862687,0.39564513676792457
235,0.2515087728784637,0.15124684397093519,0.0046403238405006795,0.14048421867940825,0.4521198406306922
236,0.18556964149828575,0.18874426905422786,0.00465607229275376,0.3729082978601266,0.248121719294606
237,0.19820680812135708,0.2458331577618872,0.008973665241693513,0.07717752848084002,0.4698088403942222
238,0.07180459415768724,0.04557892138901066,0.0007235369295084176,0.07350744424923439,0.8083855032745593
239,0.45518107422388915,0.18033290764925522,0.003910141540236697,0.11337397930437351,0.2472018972822455
240,0.5105245902913108,0.19403135489215464,0.0031249540932510355,0.051308912383490377,0.24101018833979307
241,0.2771543449617918,0.1922953610435765,0.004570294056566684,0.21440894372921293,0.3115710562088521
242,0.20104694147528335,0.4104315635577115,0.009504013295763664,0.3070304316820783,0.07198704998916329
243,0.18384975529249917,0.6349118968535427,0.024735948241685332,0.136870359023892,0.01963204058838088
244,0.20356203874714787,0.6308604271658473,0.017737449750995896,0.11896528718341874,0.02887479715259034
245,0.13210592757681294,0.519916186433788,0.029505894942611403,0.27542709637196683,0.04304489467482089
246,0.19788927422295705,0.5482743829356599,0.01895752332810137,0.21333087352286859,0.021547945990413306
247,0.17175718964577275,0.5921039673715663,0.030085810039054514,0.19857913691456788,0.007473896029038546
248,0.07138945228868739,0.6368376327481903,0.012790051329382275,0.25892349856997926,0.020059365063760902
249,0.06573040989965184,0.5662232340518547,0.01065308537482132,0.3368128133310114,0.020580457342660605
250,0.1443186759085556,0.6477121342618289,0.01453094701649923,0.1736277961958505,0.019810446617265692
251,0.17814380732851645,0.5845303655946129,0.010241005086623378,0.1961721015687619,0.03091272042148544
252,0.14419097443430198,0.7487866724971988,0.02158004499616519,0.06147812709623603,0.02396418097609809
253,0.17811087272581236,0.6215956218875921,0.007335572440227588,0.08918964569130756,0.10376828725506049
254,0.3195288112438396,0.4890175131456212,0.012295977936767982,0.0862586625562461,0.09289903511752494
255,0.25635399664147984,0.6005317434447953,0.020673115791847548,0.09309424467668542,0.02934689944519184
256,0.2760939020944637,0.5631713519991159,0.01794505157807261,0.040431792967842696,0.10235790136050504
257,0.10889832827360157,0.7718391717907723,0.06477071803614146,0.023947185652218803,0.0305445962472659
258,0.1369788790784753,0.686827283826436,0.06939994560762394,0.06647536879052605,0.04031852269693857
259,0.2117729555277794,0.6376767213010321,0.027305531104680272,0.01922847035996643,0.10401632170654178
260,0.17348965330512595,0.7578159792182755,0.038958495118262805,0.011119497423308145,0.018616374935027803
261,0.10216600432922143,0.8458294384928897,0.022144278881157754,0.008676733270880605,0.021183545025850608
262,0.19471261591940364,0.7466994645490345,0.030944097430819172,0.01324311609874405,0.01440070600199877
263,0.22564110611699303,0.7021741390179883,0.04159564082060457,0.013806299914727479,0.01678281412968676
264,0.11181412797302245,0.8298002277906082,0.0373923749063077,0.010571750442203678,0.010421518887857854
265,0.22472722325560987,0.658662061653319,0.04461691590889363,0.04701564142865587,0.02497815775352181
266,0.11209185099338441,0.7250098570485038,0.059183342289916216,0.049179688553461436,0.054535261114734036
267,0.23975465645655006,0.6667612831072284,0.0441650153110425,0.0264706172061282,0.022848427919050885
268,0.21112888878538708,0.6758395268548012,0.039648731330748435,0.03545077472820935,0.037932078300854044
269,0.16708759572269655,0.6523868632049519,0.063367702633413,0.05043497876400083,0.06672285967493793
270,0.22230301674461053,0.5583212796675024,0.054893807163054746,0.05139618928118918,0.11308570714364305
271,0.23168711106027645,0.18298150569109256,0.01056468557107305,0.05540390375922965,0.5193627939183283
272,0.04649997824526859,0.031027220000454506,0.0030846278811984375,0.011950028180308117,0.9074381456927703
273,0.3238748320137303,0.09890282740514725,0.0022645188094567504,0.055373326967404345,0.5195844948042614
274,0.2330252714191266,0.10661440166016142,0.0024664954362902817,0.0319325902639788,0.6259612412204428
275,0.22474314393361253,0.09526053015791339,0.002750103605369171,0.07529177704318127,0.6019544452599236
276,0.10747972606094947,0.04623858627900659,0.004379733797857122,0.07164096215090796,0.7702609917112789
277,0.439116724540646,0.042543109992218574,0.00284938948410932,0.1017840758032427,0.41370670017978345
278,0.040030224030597646,0.018069656118465196,0.0009409789810001256,0.02121292016335691,0.9197462207065801
279,0.008450899347098981,0.0003269414163415623,6.447281045895371e-05,0.0025321423710943695,0.9886255440550061
280,0.01092081118477573,0.002103349569896603,0.0007055746802815048,0.002806752288293323,0.9834635122767529
281,0.0027093334804822694,0.0005326547225887575,3.788323102041878e-05,0.0005132181367126801,0.9962069104291958
282,0.01216960285840323,0.0006691998192847105,3.863582264956913e-05,0.00043798641612353067,0.986684575083539
283,0.00510431429085773,0.0008810922605222084,0.0003047131553225332,0.0009971753265125072,0.9927127049667851
284,0.0008410497713337721,0.000674503728556173,9.155687253704251e-05,0.0003130795264930922,0.9980798101010798
285,0.0019855751679339214,0.00039212666551285654,0.00044452473324168196,0.0003183965077973896,0.9968593769255142
286,0.015094149627107646,0.004091764668883392,0.0001457569055871488,0.0006690005956996679,0.9799993282027221
287,0.005447927100684487,0.002572852104835855,5.012590553390047e-05,0.0003615101931203304,0.9915675846958254
288,0.029556742403962645,0.008411455268217228,0.0018257874187319616,0.0005519890417745733,0.9596540258673136
289,0.018278956611664194,0.010715585583626999,0.0016918015449980484,0.008111748017036532,0.9612019082426743
290,0.4620191382164547,0.02634676149281501,0.00031146977862857723,0.02898896091528286,0.4823336695968188
291,0.0391121643433348,0.007905064204364971,9.368141514767982e-05,0.0025486573023571295,0.9503404327347954
292,0.6208945146917993,0.01076208088735689,5.690595819546475e-05,0.05012086898161688,0.3181656294810314
293,0.28438169646107636,0.056088038366116075,0.00028461267802041483,0.16701042402470578,0.4922352284700815
294,0.5095053592994994,0.14080860234867146,0.00019873911300589958,0.17186607933187284,0.1776212199069504
295,0.20221091411826048,0.0907860413793527,0.00023893709559210503,0.6495916134969831,0.05717249390981161
296,0.1985695212189915,0.2407110000803453,0.0017434626965178873,0.4319476556949383,0.12702836030920717
297,0.12898680236489546,0.1327961776116387,0.0003220122143713792,0.7009744040627822,0.03692060374631227
298,0.05994193414345107,0.30541576180219315,0.0007484034245665107,0.6011150155515579,0.03277888507823143
299,0.1519068918850233,0.281996371855586,0.002128754463775137,0.5287927102661899,0.03517527152942568
300,0.07094358119370167,0.3610873066760617,0.000655222860214561,0.5329930162490328,0.03432087302098916
301,0.05459345535976753,0.24330254788595648,0.00047116941878803286,0.6824443125611158,0.01918851477437214
302,0.09484531060305124,0.1892227304829356,0.0008887185885543136,0.6889194947460238,0.026123745579435097
303,0.22636028515826342,0.2828856260381728,0.0008818869218542668,0.4456583412420194,0.044213860639690114
304,0.10905742072583102,0.48321218392797755,0.0032450626105407824,0.3652075422851608,0.03927779045048988
305,0.21184946989622963,0.1691447769561859,0.0018800600378293673,0.5486965042377623,0.06842918887199283
306,0.10205444685567985,0.12732090617952674,0.0021973480194090326,0.7264260791391305,0.0420012198062539
307,0.12247592788224249,0.024399502984826557,0.00011482218474075754,0.7667832671558258,0.08622647979236449
308,0.08581861596391802,0.10177155777171439,0.0001961308018107591,0.7536356216841268,0.05857807377842999
309,0.09730321466115334,0.036588426361783936,0.00024072998781465044,0.6338075577168858,0.23206007127236225
310,0.23884362001790305,0.08131955702715589,0.0005505006579901897,0.6328479426122725,0.04643837968467848
311,0.1446055242251027,0.10663156087017721,0.0013251355696730373,0.6967898336188495,0.050647945716197594
312,0.1122193223467023,0.04040189267458471,0.0008830699812899021,0.7738238445006557,0.07267187049676738
313,0.09060395512659909,0.08912069692784517,0.0006262449780102061,0.7882606143008871,0.0313884886666584
314,0.03897686378384208,0.020598344966359514,7.911656230324844e-05,0.9000179509031032,0.04032772378439205
315,0.04457500780949427,0.027706423828348172,8.935254493238442e-05,0.9002766566888726,0.027352559128352473
316,0.15415370600041187,0.05363451685787202,6.966308837838274e-05,0.7628485422890158,0.02929357176432192
317,0.1744221356712479,0.025202750048949927,9.823153005650107e-05,0.6344055216009634,0.16587136114878231
318,0.08340705933100444,0.0316817258094937,5.168788478207509e-05,0.856436750778371,0.028422776196348913
319,0.07158385942959135,0.021419872924114108,8.616025073487819e-05,0.21841920810002655,0.6884908992955331
320,0.15750874213447333,0.01940969479563219,0.00012444917418501044,0.09948218173943336,0.7234749321562761
321,0.4634569114341684,0.03185048054324405,0.00010496486367051158,0.35470089749943906,0.14988674565947796
322,0.44749843201169415,0.034226671651349794,8.280171572407664e-05,0.35282834979588834,0.1653637448253437
323,0.33424161768353905,0.060170389801043236,0.00023132327728705009,0.28480092259383594,0.32055574664429476
324,0.3397716492835116,0.05850992377511423,0.0004188905630015664,0.48483141890163417,0.1164681174767383
325,0.1538026214451667,0.09457854042423185,0.0003450705702436898,0.7152313102245088,0.03604245733584893
326,0.08279866703296639,0.06636448228150352,0.00033449984418424945,0.8166696038462373,0.03383274699510834
327,0.11495362433504538,0.04846111708758313,0.00018306813980187265,0.7955052715145652,0.040896918923004476
328,0.12764382511233793,0.057588075111383696,0.00018691286951607114,0.7880343530249622,0.02654683388180019
329,0.11056133090358639,0.07040840488071111,0.00025818743476246594,0.7992227892627464,0.019549287518193546
330,0.11906281532214558,0.07270692114782154,0.00037835713448363615,0.7895673061837957,0.01828460021175347
331,0.09304297201976654,0.04635716974604581,0.00017490291546507145,0.8300954146149608,0.03032954070376166
332,0.14135284557385214,0.09100643460235316,0.0001822986354211489,0.7471988652155487,0.020259555972824778
333,0.2091313302161278,0.10759124874440196,0.00022367934213078492,0.47238277233772386,0.21067096935961557
334,0.25194471332560564,0.0576001714755833,0.0001843819202630422,0.531579347126176,0.15869138615237183
335,0.19776543115678302,0.03356423408764048,0.001560101971087814,0.7021689633569007,0.06494126942758789
336,0.33014457334042707,0.12843470479785324,0.00033727211181886846,0.4431281126822384,0.0979553370676624
337,0.11215386286599746,0.02650986449416756,0.00030048229605460127,0.8466758935336374,0.01435989681014289
338,0.09123169647519203,0.03771667596453087,0.00015852411488362722,0.8592030878494304,0.011690015595962977
339,0.08562613659063316,0.07099399095634505,0.0002565088654031948,0.8305355468050862,0.01258781678253249
340,0.07655717719308502,0.02885863072203766,0.00013337149338368292,0.8812909314856199,0.013159889105873717
341,0.07354666089398589,0.031360268346445744,0.00010845713041686257,0.8724579744007535,0.022526639228397906
342,0.0652002682707995,0.027720514960983027,9.226096771349872e-05,0.8726867182915475,0.034300237508956416
343,0.1029797357599771,0.04013816832363202,5.732835262292027e-05,0.8226505439688812,0.03417422359488673
344,0.06255884267526772,0.04573544172876297,0.00013101058013336865,0.875487010274347,0.016087694741488794
345,0.09346358680256701,0.05064503760026054,0.00012180686802110259,0.8371552549838253,0.01861431374532609
346,0.13502962798832668,0.09791638045447325,9.944817728378206e-05,0.7431809977168504,0.023773545663065714
347,0.2071207080787868,0.06942591843270905,4.9907525867848956e-05,0.6918215388423423,0.03158192712029415
348,0.15295687303269698,0.10055480648581823,0.00012221913191119772,0.7264541840835141,0.01991191726605951
349,0.1426079392617515,0.05923515827620038,8.889497395099785e-05,0.765872820161254,0.03219518732684292
350,0.1662545781648339,0.09530415163983584,0.0004389323188697395,0.6121180298653082,0.12588430801115233
351,0.18621344749852425,0.07351131954053,0.0001777565104811481,0.6767030182865839,0.06339445816388074
352,0.10703150257327922,0.06910706908601849,0.00023002130563845276,0.8025055786435609,0.021125828391503
353,0.1167001649136566,0.06877409703573507,9.934687015937109e-05,0.7838277018904075,0.030598689290041274
354,0.07903545780163776,0.07838695474762898,0.00014046093610975806,0.8289928768388505,0.013444249675773115
355,0.09863357238137409,0.05786516870966983,4.890554782804586e-05,0.8280177016412164,0.015434651719911855
356,0.06149985627369703,0.07633871223900483,0.00011214603896215473,0.8526311759837485,0.0094181094645875
357,0.06834861202019595,0.043141513654336036,0.00010204345120464564,0.8570722913310265,0.031335539543236764
358,0.12604326928385945,0.03727096678192805,0.00012781055682501986,0.8031324080338765,0.03342554534351107
359,0.07803547600584052,0.03771678443419646,0.00022607359106758485,0.8639613999597426,0.020060266009152738
360,0.17286849492807177,0.04439056198894407,0.00015286729729670296,0.7277619626857774,0.05482611309991015
361,0.16925757846496112,0.08350954455860483,0.0005423787262945245,0.6885229023076049,0.058167595942534525
362,0.06143173730917116,0.14685839361550268,0.00039722840903608843,0.7701359589038942,0.02117668176239587
363,0.10415282378173546,0.07890416750091142,0.00015840307629517373,0.730510253420314,0.08627435222074407
364,0.18120690602276396,0.05754295939315232,0.00010980537359610991,0.7264169550505036,0.03472337415998393
365,0.10464057569292361,0.05997084301900871,0.0001798589159699107,0.815656987388365,0.01955173498373281
366,0.2339407468387853,0.06418374836856393,0.0001500120787025417,0.673891505997825,0.027833986716123135
367,0.13284091241962906,0.11326748176507284,0.0002528153837315087,0.7421003890411204,0.011538401390446092
368,0.2155017194329043,0.112455246457956,0.00018601614423824638,0.6431508402830568,0.028706177681844747
369,0.24496681151020888,0.21265431150018269,0.00027144366273809456,0.5207277828685574,0.021379650458312992
370,0.2087592767805644,0.08653242527562087,0.0010380914943639776,0.3708880708053994,0.3327821356440513
371,0.2439329197613918,0.06812557985664262,0.0007343006455396137,0.6617961178532402,0.025411081883185603
372,0.20942176469459664,0.14615469875845113,0.00020570897822731017,0.6208487510347092,0.023369076534015806
373,0.39439120666662447,0.029181065789237095,8.616170477207629e-05,0.5052555258346539,0.07108604000471237
374,0.22735996359114416,0.11690966932499516,0.0001474062778645654,0.6318131583215661,0.023769802484429888
375,0.3322894620893546,0.10305150415988791,0.0005312511351916634,0.5068131567377693,0.05731462587779653
376,0.2633530520911101,0.20846855269243983,0.00031513777642947773,0.5110319309386634,0.01683132650135724
377,0.22914602015917876,0.23134871720391637,0.0012687522188892198,0.5146149812068721,0.0236215292111436
378,0.1013508166960808,0.33497965594416024,0.0021377497443941084,0.5476909810658902,0.013840796549474586
379,0.20608837113698572,0.18579121373626528,0.001010365850672083,0.5884384523926426,0.018671596883434248
380,0.1476983728027373,0.18400649978366732,0.000695094691865959,0.6602810471818272,0.007318985539902043
381,0.3244740809746732,0.21755902743306255,0.0024741572543466785,0.4193985681566345,0.036094166181283034
382,0.1506475275984408,0.626197694701455,0.0019226519578773623,0.21649061659438942,0.004741509147837233
