epoch,N1,N2,N3,R,W
0,0.012518099183915478,0.02616965949084089,0.0012678307727853574,8.334261772259805e-05,0.9599610679347357
1,0.013128036127958976,0.01564284498163954,0.002558627878632396,0.00022655218884518128,0.9684439388229238
2,0.022017931799754326,0.0899160081710158,0.008611333554571051,0.0002718158494289369,0.87918291062523
3,0.022825944876366275,0.07997244069663456,0.010214628056825516,0.0004777114197619683,0.8865092749504117
4,0.008785764385622695,0.038419397850294475,0.023757482934361373,0.0005232130081999587,0.9285141418215215
5,0.004384697773896555,0.012322508210221239,0.021627055417354907,0.0006114569878761029,0.9610542816106513
6,0.00813758227739479,0.029758118196267953,0.012819170984787102,0.0008721944520284871,0.9484129340895215
7,0.012996528977306887,0.03734409913446028,0.01100798458749091,0.0020925151359686236,0.9365588721647733
8,0.012082200144320095,0.015152633111772675,0.0023279393975164787,0.00043958170812118146,0.9699976456382695
9,0.026816130964782473,0.11101484858218129,0.01615844962568482,0.0013709767669856567,0.8446395940603657
10,0.017205261978802323,0.12531477552247683,0.014493249148491582,0.0006977663531229792,0.8422889469971063
11,0.03665375972951307,0.1546659240995004,0.012339300096950181,0.0008496497278766086,0.7954913663461598
12,0.04697244306989445,0.21612216633661038,0.013629762294796934,0.0016989594873774879,0.7215766688113207
13,0.02404075474828788,0.06045136137607976,0.003837958402664887,0.0006312534858339407,0.9110386719871336
14,0.08992321000413783,0.3880547851884823,0.01941353757391208,0.0013946819543514371,0.5012137852791164
15,0.08281642581679707,0.3173358389835025,0.03283305922088224,0.0010426997585617674,0.5659719762202565
16,0.015011582117662079,0.2626794846648978,0.049611493687761354,0.00041704683741611943,0.6722803926922627
17,0.02091250917041425,0.08128314380541322,0.003971491259217131,0.0007938173726956666,0.8930390383922597
18,0.03356075695018416,0.2535342136983959,0.007600133803625668,0.0008039443983400142,0.7045009511494543
19,0.06826898611102163,0.313138316301858,0.014078285365511757,0.0007270276008465938,0.6037873846207621
20,0.038122184260732925,0.5276518704388774,0.08374936961743151,0.0005807205515101889,0.349895855131448
21,0.018847868789470392,0.21622906841275544,0.031897043142886126,0.000548148057856095,0.732477871597032
22,0.015691728726756827,0.2711639942280172,0.020556150116969242,0.0006032892586470907,0.6919848376696096
23,0.020604709118805232,0.2680947714055579,0.07065173610845736,0.0009101313131971943,0.6397386520539823
24,0.033724079596573975,0.21724554028871046,0.00984963046696404,0.0010244370706827828,0.7381563125770688
25,0.024842701120224575,0.2560231879762686,0.06721634551273306,0.0007343632764750636,0.6511834021142987
26,0.023477742650248913,0.15674626119645213,0.0838838937741115,0.0008041741480972674,0.7350879282310903
27,0.07463487064268429,0.2743333831630137,0.04617656945610426,0.0002920866113634402,0.6045630901268342
28,0.03272970907982975,0.2926814314132559,0.481665164706029,0.00031282501906127017,0.1926108697818241
29,0.047747435147218985,0.46227494325914725,0.3011827800463164,0.00018136173344510484,0.18861347981387228
30,0.02187243611660299,0.41400026901791903,0.29489008986170745,0.0001868928844619431,0.2690503121193085
31,0.032918500630154564,0.34889657619562436,0.25100550812220074,0.00049316222703209,0.36668625282498823
32,0.04015046599109829,0.39260551895054385,0.43485427592641984,0.0002095339619302019,0.1321802051700079
33,0.018030164409978667,0.23896360962670285,0.6251751987581575,0.0001674386789691398,0.11766358852619174
34,0.015071510937794085,0.2533574557225926,0.6355870501144197,0.0003735577721738279,0.09561042545301968
35,0.023631887427835594,0.34147936961220005,0.4989129835870556,0.0007047558096316195,0.13527100356327712
36,0.024150247181253862,0.3469410456051538,0.4020744003729653,0.00034312215339800406,0.226491184687229
37,0.025389834081507367,0.3459396587076181,0.5701290576218544,0.00030571191167044277,0.05823573767734963
38,0.01590954766485978,0.3866781049685392,0.568279390964741,0.00023603772319130594,0.02889691867866867
39,0.03710237812811431,0.5240828977182747,0.3841695830597884,0.00030267318319555757,0.05434246791062727
40,0.026437022254864957,0.6142985918777764,0.1971900031469787,0.0005170075597806692,0.16155737516059915
41,0.012635872044258666,0.2533624015928709,0.7223491937830556,0.00034287418521008616,0.011309658394604585
42,0.026153571236363173,0.4128896576380891,0.5166132327020234,0.00041596102726199606,0.04392757739626229
43,0.008705903223897337,0.37776222156216116,0.5732589294864641,0.00012154896024471173,0.04015139676723271
44,0.0063052527048058395,0.16531965469790147,0.8148267801244702,0.0002314321925163742,0.013316880280306021
45,0.013920821887081597,0.6144071456944786,0.3017797159412966,0.0001941466347095222,0.06969816984243372
46,0.0066063002556838646,0.15292671288180212,0.8217587723773107,0.00011045493074456381,0.018597759554458908
47,0.017318425545570292,0.3679388498679719,0.5680178154178744,0.0002075221061510498,0.0465173870624322
48,0.018765005471847087,0.36925356876478,0.5508549286283968,0.00014327867651583328,0.060983218458460296
49,0.005983639581398506,0.2753509325654021,0.7010022181148058,9.294626387145584e-05,0.0175702634745221
50,0.017579254116115495,0.39879231611729243,0.560136319529626,0.00010780773660575222,0.023384302500360443
51,0.00468992482845077,0.22747344678591305,0.7595832787226954,7.923540757493937e-05,0.008174114255366077
52,0.003724700159579049,0.1791834770458731,0.807881690849428,8.602829139342989e-05,0.00912410365372632
53,0.004413736315786185,0.23438981279137125,0.7390952311927745,8.208407146532645e-05,0.022019135628602568
54,0.0027575052278984626,0.15342428878171266,0.8332594179178807,7.650841991179938e-05,0.010482279652596476
55,0.0020937095961322295,0.09313254987496085,0.9001376081112058,5.848931913708154e-05,0.0045776430985639705
56,0.0026128882816946336,0.0719001770255774,0.9228986928435283,9.651426138720175e-05,0.0024917275878121314
57,0.003567685921577139,0.15254458560063044,0.8359035099245659,0.00012790126630541558,0.007856317286921047
58,0.001649407148511399,0.06570608536117235,0.9278569762260325,0.00014406167923559736,0.004643469585048275
59,0.0033375244772359098,0.1045025290117752,0.881113444142163,0.00024405930395821846,0.010802443064867804
60,0.007037116069915258,0.16378107628071947,0.8049041010833154,0.0006852839817843992,0.02359242258426541
61,0.012031863095384693,0.4654839192407314,0.40185267261349417,0.0012135460108002893,0.1194179990395894
62,0.015601634496287344,0.4265699817577424,0.5237578563795431,0.00048189353411530006,0.033588633832311865
63,0.040989178012879886,0.4541308821714241,0.4256234289670764,0.0009358290535159741,0.0783206817951037
64,0.009823316098674418,0.28259779524271267,0.6938000477043059,0.00026773516067237006,0.013511105793634607
65,0.01638851204693984,0.4832823339274484,0.3974796895966171,0.0011353795937419663,0.10171408483525267
66,0.005233098056318161,0.14225967317722482,0.8460895272762997,0.0004937662298490859,0.0059239352603082255
67,0.007418959216609107,0.285847905620109,0.6850045732180818,0.00029585521331931407,0.021432706731880687
68,0.006960071831773693,0.1952893672244953,0.7835369284122011,0.00020008754790455977,0.014013544983625283
69,0.008942780612716451,0.22574929454210574,0.7420546787228819,0.0005265217001135043,0.022726724422182484
70,0.011363100677759617,0.3980586632557436,0.5677065935693099,0.0005992813949957665,0.02227236110219116
71,0.01132878847685957,0.2817560721617919,0.6814644029904253,0.000960339028177718,0.024490397342745527
72,0.007426274130098848,0.40215247769480983,0.55257375655395,0.0007704140300645426,0.037077077591076625
73,0.008913430919702587,0.3694706831437702,0.6070058335118205,0.0008993615130378698,0.013710690911668818
74,0.009757659889921643,0.3059430831549388,0.6363835923835329,0.00072524684843511,0.04719041772317158
75,0.013438107492321189,0.5493508662514812,0.3681941506837404,0.0009009791107866881,0.06811589646167042
76,0.021617365642504594,0.4168510016692239,0.5105003947895758,0.0007315562159250054,0.05029968168277079
77,0.050826938536618516,0.26759656468456217,0.5733559510423741,0.00187013440699835,0.1063504113294468
78,0.04257349346191292,0.41453085066257417,0.4121174138231206,0.0006362931614284233,0.13014194889096378
79,0.019871830389219552,0.1570724634129217,0.8051302072036924,0.0004178885987329384,0.017507610395433477
80,0.0176117887718342,0.3322385874925044,0.515015891033209,0.0011012298165520768,0.1340325028859002
81,0.015607615261219633,0.22267992730253033,0.6737366836433467,0.00048259669145634814,0.087493177101447
82,0.032413518749630874,0.23141777098055852,0.5650278216561037,0.0014916283986329611,0.1696492602150739
83,0.018458360350719294,0.18396349835808198,0.661511457116756,0.0010966368367748198,0.134970047337668
84,0.06835191046882987,0.2634151233334357,0.11827308449841635,0.0003782674782581893,0.5495816142210599
85,0.0892564199434776,0.20943169567119715,0.13913896129534736,0.0012500940773980717,0.5609228290125797
86,0.0818497190583315,0.4273316214953445,0.3296985904875468,0.0004723294361943082,0.16064773952258302
87,0.14827188672529368,0.2957002962887379,0.2409469443882472,0.0005101909689162212,0.31457068162880497
88,0.07700069049563883,0.38466252306348286,0.4552522139593088,0.00022522179897429978,0.08285935068259531
89,0.021652810230901508,0.19815802829020498,0.7231140577087948,0.00014533435103981676,0.056929769419059056
90,0.019593934503165315,0.206374231814281,0.7607742180296829,0.0001454132015098396,0.01311220245136079
91,0.009644669495552234,0.1119437935602265,0.8707617005705313,0.0001263106099049299,0.007523525763785081
92,0.0015786042659980265,0.030707649445516776,0.9643428876343036,5.404282933116879e-05,0.003316815824850432
93,0.0008872667322303006,0.026140810172908053,0.9695999593333376,6.696732113770277e-05,0.0033049964403861648
94,0.0008226674621109756,0.013963518219455882,0.9828176631477568,3.592841926299271e-05,0.002360222751413277
95,0.0023416220406848906,0.03898324617769216,0.9496416996305873,0.00019026179215258355,0.00884317035888315
96,0.0022023397194888645,0.028642331987220642,0.9646908706633325,0.00012046186081400354,0.004343995769143941
97,0.0012026592255130989,0.022797812975943823,0.971381529221788,0.00016717647856153277,0.004450822098193256
98,0.004752287702390534,0.04902879122235865,0.9158486301202449,0.0012398291337881063,0.02913046182121781
99,0.030688345519574108,0.1567363214624873,0.6063138570815539,0.002965070080868603,0.20329640585551603
100,0.023119665800330237,0.27584772861162826,0.5525381669742395,0.0037780070454175685,0.1447164315683844
101,0.018723663984686775,0.08436739935412986,0.8852590449930234,0.0005037619468154491,0.01114612972134448
102,0.010457338089675715,0.05206359947983199,0.9221593584779756,0.0006217030067756122,0.014698000945741169
103,0.0059742829689369194,0.07063573212974479,0.8556890831564382,0.0014012160669054717,0.06629968567797467
104,0.030126506424199687,0.04267796840225572,0.03938632039923754,0.002453143658308066,0.885356061115999
105,0.05051109077488286,0.3608387058956203,0.15396158965750856,0.003274994904410724,0.4314136187675776
106,0.15558147739274292,0.1916849897912525,0.04004679500904326,0.0038113435907744307,0.608875394216187
107,0.351012013558808,0.28241630951076974,0.0577302966140296,0.0038489099001071487,0.3049924704162856
108,0.16926247741626016,0.42121406185592913,0.08978194678388746,0.0031656278875658445,0.31657588605635734
109,0.03266038299835724,0.01972833397490583,0.0005847481221602202,0.000734689389378759,0.9462918455151981
110,0.1311283587448148,0.19274522033812763,0.003416420953002334,0.003879933791489196,0.668830066172566
111,0.4302231745663332,0.18876945097932185,0.03412218550701114,0.002305321593833639,0.34457986735350016
112,0.5365307172038496,0.15102872214664018,0.03308946228766005,0.001072196671671184,0.27827890169017905
113,0.18005775728313947,0.4056564080032529,0.3012069392013766,0.001473009963029585,0.11160588554920133
114,0.0539903754689925,0.2581562184324106,0.6494703530823489,0.0015389876231092332,0.036844065393138815
115,0.012036242630651419,0.0637122469134632,0.9094525359775917,0.0007225687486841328,0.014076405729609522
116,0.01802144499817102,0.16806630175965015,0.7502184518084204,0.0013470922558037684,0.062346709177954644
117,0.0012877519445827555,0.02884651396370883,0.9682875402961116,0.0002083668931262189,0.0013698269024707082
118,0.0013188206841198659,0.034460278426846576,0.9617254757325944,0.0003015514648853709,0.002193873691553618
119,0.0021164908880019167,0.07904746159757985,0.9138837200608051,0.0003040753701491591,0.004648252083464041
120,0.0008071288082258851,0.017652555066851153,0.9789582526986335,4.0277451114550846e-05,0.0025417859751748826
121,0.0016731501477002522,0.07778639362125886,0.9157507831100711,0.00016388358434149192,0.00462578953662831
122,0.003039757792278901,0.039119098544337705,0.9529911077866822,9.025934531061375e-05,0.004759776531390627
123,0.0007917431185866758,0.027743082252530187,0.9675212965178998,7.965394220886647e-05,0.0038642241687746803
124,0.00229183476305642,0.046400652196739785,0.9480222256814287,7.178726744392803e-05,0.0032135000913310003
125,0.0014399631505280334,0.03497131908324612,0.9564430644357705,0.00010507840137684485,0.007040574929078311
126,0.0025446700716932258,0.07397730075570219,0.9142058106480832,0.00019460750114833885,0.009077611023373082
127,0.0038603741431542196,0.0728607866552652,0.9149081819483041,0.00018497675488685542,0.00818568049838963
128,0.005509979257252065,0.10931968459965595,0.8646634225617186,0.00022977487000795457,0.020277138711365574
129,0.00451061742920897,0.08726704260947643,0.8899602606669963,0.00022591585298003836,0.018036163441338245
130,0.0047686787192893175,0.2115562473569822,0.774399672656846,0.00019191658980018459,0.009083484677082344
131,0.000829135134694961,0.047426671332315505,0.9494496680855129,6.189387011786339e-05,0.002232631577358697
132,0.002532723648060807,0.10746853536397187,0.8766453518137102,0.0005078292227782414,0.012845559951479018
133,0.0037315021119593574,0.0837212627552799,0.9060441978560753,0.0006322675409223557,0.005870769735763255
134,0.008204769458814954,0.11509660569523945,0.8637716907908765,0.0009987389962989562,0.011928195058770201
135,0.010147209731009882,0.16997986890656122,0.7969462251853792,0.0016641961379912661,0.021262500039058496
136,0.012920367241395022,0.15334215266606624,0.8212937518868006,0.0018253555777054443,0.010618372628032696
137,0.027691271079444857,0.14365117901573468,0.7764789135796474,0.0025266831723477733,0.04965195315282543
138,0.2637045964757679,0.25749999664976814,0.06429488718065018,0.006750118138308529,0.4077504015555052
139,0.21267662186460332,0.5578590699646986,0.09359221346742909,0.004425577130216736,0.13144651757305223
140,0.15459446728767204,0.3036261217291087,0.4058017438145774,0.0012002510858752965,0.13477741608276664
141,0.06886289315288861,0.11833973543425061,0.7825869501737264,0.0005154425143281201,0.029694978724806354
142,0.01742125198070413,0.07820867512510965,0.8748477339740657,0.0011555233603096225,0.028366815559810864
143,0.008254012758685488,0.11395404911011395,0.8436533018100223,0.0016914899912500803,0.03244714632992835
144,0.003097105630255349,0.06028676892649889,0.9258185561888879,0.0009004868945670919,0.009897082359790827
145,0.0013791530838010654,0.020383185798189114,0.9764027885487573,0.0001902458019508194,0.001644626767301787
146,0.0008884105386133024,0.027454307703037414,0.9701819622392923,0.00016608903303474068,0.001309230486022129
147,0.0011351213337841646,0.03671847572620687,0.9587505407242933,0.00018486676182574943,0.0032109954538899195
148,0.0016896554292199209,0.027727104288990338,0.9689644150648082,0.00014217525840900093,0.0014766499585724153
149,0.0029870170069611628,0.22143072202323202,0.7599390912317144,0.0009406229056344765,0.014702546832457876
150,0.0009918729483191593,0.04254629302331566,0.9550599617890654,0.00012796982549568932,0.0012739024138038368
151,0.0007029826438411334,0.06522190501572997,0.9316892221518168,0.00020001671076044,0.0021858734778517634
152,0.00042754580424633694,0.04987360483697774,0.9483713307833971,0.00012088808164185168,0.001206630493737196
153,0.00027823523252248325,0.026169857472235193,0.9724720813351916,7.485391190757216e-05,0.0010049720481431748
154,0.0009093250231474208,0.03654339602822289,0.9610911059148359,0.00012157223983124833,0.0013346007939626316
155,0.0006862649944516761,0.041835660785928395,0.955755587701465,0.00017482519010623445,0.001547661328048858
156,0.0008839365970186362,0.03562113429945958,0.9621092738175998,0.00020607273293953777,0.0011795825529823513
157,0.003326515044893167,0.08307284601538972,0.9071285232392321,0.0008487773894423489,0.005623338311042735
158,0.0016719622051325886,0.06534322627277259,0.9309119900248464,0.00028641939428972776,0.0017864021029587761
159,0.003414021150439351,0.0794159035034423,0.9152196955021025,0.000307631069293289,0.0016427487747228227
160,0.007676721473917876,0.17279743547217463,0.8162855974732397,0.0007749385550640127,0.0024653070256037968
161,0.010323845894835346,0.17661408653518756,0.804706040349358,0.0005393808979349839,0.007816646322683913
162,0.006080162227085328,0.13257885032384253,0.8539545491909067,0.0005849036576230517,0.006801534600542235
163,0.019523456665983728,0.5379526261184744,0.40144428361017104,0.0023136177889368265,0.038766015816434046
164,0.07208061421523916,0.5609857578709119,0.24788082543283457,0.007971875372599834,0.11108092710841463
165,0.04027791932696879,0.7505161581110649,0.16784985318948537,0.004969198874765095,0.03638687049771578
166,0.03602712649393475,0.6512087119613319,0.27235565681279056,0.004254084866813241,0.036154419865129676
167,0.08855532901980111,0.7073477187074539,0.18771313496765954,0.006617564588169979,0.009766252716915348
168,0.023458574889210576,0.8533917463524262,0.10300807805282987,0.0033248287143657677,0.016816771991167687
169,0.03007132836599534,0.7667781525498446,0.18150449190827778,0.003215559647655738,0.01843046752822645
170,0.019564411993648532,0.5746605200385342,0.37458685227561067,0.004939492741140231,0.02624872295106631
171,0.0853904404225312,0.7117572222529827,0.12256567579062513,0.006737181982552403,0.07354947955130865
172,0.0236705170396985,0.854281762403106,0.023012373674020137,0.011111871050479082,0.08792347583269608
173,0.15210923229587345,0.6468519782729367,0.050719271558647964,0.007260362438201338,0.1430591554343403
174,0.019455916446373005,0.7435259340363292,0.09157142140721387,0.009466889423837584,0.1359798386862465
175,0.07125631793306192,0.12673379833461948,0.001983681948352844,0.014637377113109475,0.7853888246708562
176,0.09803761309017019,0.062154193861197304,0.00020982105471964273,0.0042636519127379376,0.8353347200811749
177,0.1553063235540966,0.047580076984711235,0.0018281060841652723,0.0029092645285975025,0.7923762288484294
178,0.5162275621221186,0.061579542762900015,0.010354949402349626,0.0009173263699454855,0.4109206193426862
179,0.5235740601839186,0.09577672455060598,0.23378572532835284,0.0012710849663752045,0.14559240497074724
180,0.06390039404575855,0.09612096850918057,0.8068020649382426,0.0029031761499740297,0.0302733963568443
181,0.024239354106295314,0.039282575668973176,0.9180426031154403,0.002557023501876968,0.015878443607414472
182,0.008721837081260335,0.03283315340264842,0.9399849994015826,0.0018426879956874682,0.016617322118821203
183,0.0016235350207573012,0.015978592177003845,0.9775653191385475,0.0005088959666161334,0.004323657697075333
184,0.0009505587730946829,0.014234466351243284,0.9809548588856557,0.00028283236312957383,0.003577283626876794
185,0.001424951332016918,0.019174270905795678,0.9760582551510074,0.00015804215269644945,0.0031844804584835254
186,0.0019966662426866575,0.01828943001546127,0.9746231622489726,0.00020151674765122224,0.004889224745228279
187,0.001159241048651042,0.018470206573773323,0.9764278269493079,9.88633835223919e-05,0.0038438620447455224
188,0.0016032557554332791,0.034263440911943485,0.9601390546255583,0.00025757151764683724,0.0037366771894181815
189,0.0014595238674019121,0.030325089545787262,0.9638830095754233,0.00020267529713177392,0.004129701714255873
190,0.0005229198564470473,0.024923443629551578,0.971838759127409,6.807565781461418e-05,0.002646801728777659
191,0.0015984371665659664,0.04029431525590723,0.951845482839654,0.00016016092975084637,0.006101603808122091
192,0.0008173307742848451,0.03903629364647009,0.9566738431945995,0.00015001165626117265,0.003322520728384477
193,0.0015485065958460885,0.04171578648253194,0.9510539041079544,0.00015751839964383844,0.005524284414023787
194,0.00294309476282078,0.0648266936799366,0.9235184548254393,0.00039195574410859493,0.008319800987694768
195,0.008201510872776596,0.2612236070992143,0.6877037887269484,0.0021196478246494487,0.04075144547641122
196,0.005158161963454696,0.1855678107966327,0.796879278039943,0.0008769123709678804,0.011517836829001706
197,0.0010525687262482168,0.10334283378507397,0.8921077372315784,0.0002957705043292656,0.0032010897527701247
198,0.00102919848414035,0.0772720361671454,0.9202879835223027,8.923678511313271e-05,0.0013215450412983624
199,0.003434047943335969,0.19163168972007458,0.800704342779101,0.00025693617915476343,0.00397298337833385
200,0.00297056015058151,0.14403298487877814,0.8499232316341455,0.00034474213254954386,0.0027284812039453186
201,0.006424881750694761,0.4014875765924899,0.5831464741990506,0.0006761414495263658,0.008264926008238367
202,0.0018645956813592608,0.14957534265985994,0.847476355645162,0.00026322172648537696,0.0008204842871334775
203,0.0022015236514895827,0.145454475310353,0.848701061157286,0.000399796418356893,0.003243143462514401
204,0.004776491247388522,0.44103141375987015,0.5464994740346943,0.0007961398574621543,0.0068964811005848585
205,0.010327068977827222,0.21064827755963436,0.7759968667263754,0.0007629145306601028,0.002264872205503
206,0.025526042907548157,0.32795663481355397,0.6360740617849564,0.002431768842680164,0.008011491651261301
207,0.0300784466401409,0.3886113063789632,0.5718710916110002,0.0023695592572097394,0.0070695961126859
208,0.01952144473162108,0.3514712810448551,0.6171352161031828,0.002655737704714542,0.009216320415626545
209,0.03414909149272128,0.5414019066976272,0.40663429155413194,0.00698800842091137,0.010826701834608382
210,0.03162663205087711,0.7444201227486507,0.1875567680818685,0.014443817117729971,0.02195266000087371
211,0.10306064479561737,0.767397549341252,0.016595508172759496,0.019884644032440658,0.09306165365793038
212,0.07704834717935342,0.8464407699764405,0.05624120665288999,0.01171988962262943,0.008549786568686614
213,0.06347641678936883,0.8650768378818755,0.049089820887254755,0.019167261391438966,0.003189663050061799
214,0.05779836022329373,0.8866090974629188,0.025070528888036098,0.02510609999899862,0.005415913426752779
215,0.016501443591983578,0.8811291621295432,0.07210821611659897,0.02133223050333402,0.008928947658540307
216,0.027796445390118368,0.7970488166931435,0.11730212482154022,0.04660900400998904,0.011243609085209005
217,0.04896731936492943,0.878637829649477,0.015924511413863373,0.04262055617466857,0.013849783397061626
218,0.03250793198488101,0.8717770878522854,0.05567238294567352,0.03256112217179174,0.007481475045368353
219,0.07066484669156098,0.7633905895412451,0.026303319768289504,0.08081903195417191,0.05882221204473257
220,0.028753290165669687,0.9194341739441828,0.011148032160890147,0.028793436680089574,0.011871067049167827
221,0.05295770759980888,0.8339910082336146,0.029481796523909077,0.04153765826289147,0.042031829379775856
222,0.1670998844985516,0.7635097652131756,0.013235353776527826,0.04260918238938994,0.013545814122355018
223,0.027882793134273876,0.846122727327068,0.04504804462650575,0.06460751267137547,0.016338922240776987
224,0.03905912416691281,0.7551354260007784,0.058149858954607364,0.12801040049736076,0.019645190380340682
225,0.03766956972373302,0.7692807880832695,0.035603038926056194,0.12281701676548819,0.0346295865014531
226,0.056424199450020245,0.8185122802058217,0.034266733861261216,0.07705089185967025,0.01374589462322671
227,0.034358432614091855,0.8936171812305012,0.00512996458206754,0.054210962462802666,0.012683459110536767
228,0.05565729326853729,0.7567945068433176,0.016157019560284987,0.15656228302281067,0.014828897305049327
229,0.03310121300042125,0.7698859989889283,0.04598135278396753,0.14358072673338243,0.007450708493300458
230,0.042988592867179265,0.7568539938875277,0.03162160347289042,0.1512245827269307,0.017311227045471896
231,0.047217495807331554,0.6867606558271119,0.12405700571996003,0.12942892673235587,0.012535915913240762
232,0.02174694650351884,0.5730385619725122,0.0402018768883673,0.33108077328812646,0.03393184134747494
233,0.03615018250201131,0.5647678159089918,0.05319775502250094,0.28181156805117324,0.06407267851532263
234,0.020076499081305727,0.7324590364949962,0.0016423192714002952,0.20145786236262853,0.04436428278966919
235,0.029279727176922076,0.6732382227713277,0.008345938676547666,0.25223270587571384,0.036903405499488826
236,0.04876020426312565,0.6787171400109598,0.014158759972549381,0.1628360248309507,0.09552787092241445
237,0.03689989040607664,0.7082448223470924,0.013546402840768692,0.13101211499509274,0.11029676941096965
238,0.051350333212790436,0.5848862614510584,0.019893504680138795,0.30528140127279163,0.03858849938322082
239,0.030586030179590173,0.5762026462636474,0.014025649009644758,0.33567093949169863,0.04351473505541909
240,0.1907661581836709,0.5452267121233462,0.022250923055599982,0.21102306435166435,0.030733142285718527
241,0.05729550463277557,0.5537088575700786,0.055728603769946254,0.24697446234301318,0.0862925716841864
242,0.06177156299773197,0.6932896184964699,0.0036516041981945963,0.2044460098734752,0.036841204434128416
243,0.08066399758525739,0.7483004861171806,0.01872130108236195,0.11773162521405438,0.03458259000114588
244,0.048403880227366976,0.7002575486523542,0.02607155615228961,0.18991270444635663,0.03535431052163256
245,0.09797668934519739,0.49308380887439346,0.016706746479219416,0.24146454508845486,0.15076821021273498
246,0.07283544783731687,0.737634897862864,0.03134491620511837,0.11412311829630699,0.04406161979839382
247,0.03739234593166945,0.6563736159524048,0.00935559674594421,0.1600776951935756,0.136800746176406
248,0.05576629108383007,0.8150314547168517,0.06164218021222621,0.0505917785204673,0.01696829546662459
249,0.030679793160089466,0.751088273933882,0.06984757460765095,0.10444470220496437,0.04393965609341318
250,0.06302624238231358,0.8412175310331995,0.04199808845726792,0.046935203852239496,0.006822934274979444
251,0.01503144026962751,0.7265494828706207,0.03102589761950661,0.20381896326480745,0.0235742159754379
252,0.020322970661913808,0.753943557046635,0.016869327452337518,0.1977861809763139,0.011077963862799836
253,0.050455905378669015,0.769185185653195,0.04029818741414461,0.11586159012221978,0.024199131431771395
254,0.02056520813444692,0.8510085489505099,0.03680686315601336,0.07970985047801808,0.011909529281011627
255,0.024797691504156193,0.7593988758603337,0.1062020428979546,0.09543048304813222,0.014170906689423095
256,0.027563830551252264,0.6502954417643476,0.10443706834013038,0.1794001546351762,0.03830350470909346
257,0.014874985162950712,0.3988116815415911,0.06066741591310723,0.5003538747609235,0.02529204262142756
258,0.058210493697875856,0.4589687140659876,0.03451140515163246,0.38033792772740316,0.06797145935710103
259,0.031886677431183966,0.3086354147459615,0.0033074361384217038,0.6209234327421209,0.035247038942311994
260,0.016984113485646275,0.05136666199860898,0.0001235431937422312,0.9241371490318585,0.0073885322901438635
261,0.01850443981411223,0.1213471067520852,0.00020660076130852336,0.8235102519072302,0.03643160076526389
262,0.08457501097840685,0.07751012467893777,7.193784773090071e-05,0.8004869080018698,0.03735601849305473
263,0.04712992098071341,0.10914035665796466,0.0003104771490431886,0.8299685005638334,0.013450744648445275
264,0.19342197321244498,0.07844715730762995,0.0004517724395452697,0.6373124660380416,0.09036663100233813
265,0.09758430767047596,0.1558063481017239,0.0005482338373297522,0.7199432026079494,0.026117907782520815
266,0.08474083282180192,0.1288048601078548,0.00032657317440009975,0.7702280035199526,0.015899730375990642
267,0.23199914404355376,0.0902357108683926,0.00059339808923763,0.6427836276484996,0.03438811935031629
268,0.19177537064629083,0.4010036608676622,0.00063527095577267,0.26622592333826745,0.14035977419200696
269,0.06293487931518926,0.07730233569930098,0.0011465152271968359,0.6455018844324939,0.21311438532581914
270,0.14085166991936834,0.2531373398135152,0.002645201959178119,0.5207665341051548,0.08259925420278345
271,0.03951512741541214,0.428479753977881,0.00017759386890262634,0.48700276870287,0.04482475603493414
272,0.06806091902933555,0.07872888366854901,0.0001384350153031183,0.8286684917961485,0.02440327049066388
273,0.09111332671877741,0.0853656470749659,0.000322162156274805,0.8034810358044473,0.019717828245534787
274,0.27134747917513524,0.20592075486073513,0.0014983534367042687,0.4589689710981482,0.06226444142927721
275,0.19065843420495038,0.048978974205514586,0.00024713937970058196,0.7142095157718162,0.045905936438018165
276,0.2473661251148037,0.030710704812658373,0.00013592971525562333,0.6729487185092058,0.048838521848076626
277,0.1511648564289828,0.10720708517771135,0.00014133685618712013,0.5418054295903334,0.19968129194678527
278,0.3919392439309127,0.09083396652797315,0.0003088753163912445,0.1544222766310464,0.3624956375936766
279,0.08276782370432642,0.018628752839112403,0.0013226757271084114,0.051251928733943485,0.8460288189955093
280,0.15110729694291847,0.14821974485613848,0.005144254484167498,0.04064203387744074,0.6548866698393349
281,0.1563110852475183,0.1318724833831594,0.009027338319505725,0.021545102945568804,0.6812439901042479
282,0.16668361760624226,0.07008806800708353,0.009263116982689038,0.025270849542177964,0.7286943478618072
283,0.40436045329196446,0.38780677513991335,0.015963702599408068,0.011247667696889872,0.18062140127182408
284,0.1874955737431342,0.6181054377560432,0.08659378252420975,0.04378552929664065,0.06401967667997217
285,0.17194999370555433,0.32675323130832595,0.010772577607370371,0.1239412813686793,0.3665829160100701
286,0.14216768896812107,0.6036886736013489,0.101118153695372,0.07628109227498305,0.07674439146017495
287,0.1014396383532953,0.5960796849490154,0.25603190895138267,0.013592704809203921,0.0328560629371026
288,0.09190444582523116,0.6491846762715907,0.16522139838614028,0.007433277767895235,0.08625620174914256
289,0.16840977400290175,0.34597062433382353,0.42701694536395846,0.0035025059083606835,0.05510015039095565
290,0.0399429977269337,0.2851248013781279,0.6641375519053433,0.0023512951201926056,0.008443353869402466
291,0.03617281384677004,0.14739169445803885,0.8087094719964665,0.002356453080518806,0.005369566618205704
292,0.002392377311984325,0.08142660659015928,0.9141363621274274,0.0007211287344003982,0.0013235252360285438
293,0.001168154230817915,0.031123622479086614,0.965357211004112,0.00032283000503411876,0.002028182280949256
294,0.0006631394008238314,0.030341118504869678,0.9648701989197512,0.00032818185388512936,0.003797361320669953
295,0.0003660984085060212,0.027030494065832203,0.9709500020995151,0.00020636916317371806,0.0014470362629730173
296,0.0003993390868009277,0.01742774947861324,0.9804558428740233,0.0001707770954836653,0.0015462914650787236
297,0.0004828019679538605,0.0175447604749651,0.9800154469128988,0.00022198454195942126,0.0017350061022229754
298,0.0003080558496952376,0.020154991677751366,0.9772955583653411,0.0001118560734420936,0.0021295380337701406
299,0.0010332183894291229,0.039333982409719026,0.9548318854780516,0.0003033638316817099,0.004497549891118266
300,0.0003374704983724055,0.0133658703742183,0.9843848922091261,7.086783203092991e-05,0.0018408990862523794
301,0.0006165322253828619,0.016812864520606565,0.9808500790812966,8.295214623425511e-05,0.0016375720264797636
302,0.0008092714264720386,0.03621083925095234,0.9590180146537547,0.0001178946100613296,0.003843980058759398
303,0.0016835360837662765,0.03228518931730864,0.9601877938920191,0.00022027067028867673,0.005623210036617138
304,0.004998264265347885,0.11577390358231744,0.8568420694745142,0.0007869382326354779,0.021598824445184846
305,0.002796123214108457,0.07405754220809797,0.9196755456036936,0.00016432120619769302,0.003306467767902479
306,0.006995658730854504,0.19250612754855287,0.784596096103645,0.00044753503688062604,0.01545458258006698
307,0.0038813058805528206,0.14307465791660762,0.8488251001465741,0.0002458322711383499,0.003973103785127215
308,0.012287226440064436,0.3360797749176726,0.628218554071363,0.0008410614612071531,0.022573383109693007
309,0.009897960103249942,0.32303124510688075,0.6563063537580114,0.0006209963821615784,0.010143444649696342
310,0.016440710105486547,0.4141634558315414,0.5569317786900839,0.0008639101898423469,0.011600145183045793
311,0.016219942337204047,0.5214011574588642,0.45102508933988483,0.0019930779187032634,0.009360732945343496
312,0.013031928582719565,0.44352915044245883,0.5380431740481088,0.0008198039876314028,0.004575942939081444
313,0.022326576429822123,0.41222253698673433,0.5602384948235627,0.0018134189667103249,0.0033989727931705493
314,0.036290043446748896,0.4360948992256178,0.505363907149836,0.006010390450643544,0.016240759727153664
315,0.009828978915684832,0.24479034059462287,0.7389184180448004,0.0022222758455627805,0.0042399865993293095
316,0.010735710010653803,0.21492536701425066,0.7679023154582759,0.0018878679111002032,0.004548739605719542
317,0.02328819608263421,0.4623303099583973,0.4932556736155715,0.008219550897208851,0.012906269446188168
318,0.007554666869091344,0.4735632380229701,0.5085437965501832,0.0017178077737345257,0.008620490784020891
319,0.009514412770227616,0.6838610023219464,0.292035419900979,0.0014432553709776105,0.013145909635869379
320,0.02287462105350265,0.5877671159580499,0.37682774169592065,0.0023924613252370866,0.010138059967289824
321,0.027981557708160777,0.6524222086266304,0.31451138865126377,0.000924228863627333,0.004160616150317721
322,0.034932348931134276,0.6756220889175862,0.2738803970157014,0.0030233777737012336,0.012541787361876926
323,0.02388205599493999,0.5628173245038779,0.4002519140276674,0.0038281168152825462,0.009220588658232061
324,0.02430870969804203,0.4697574592537543,0.49095174804528274,0.004392136846376175,0.010589946156544771
325,0.014362914373769447,0.5764597527071725,0.38895324636392115,0.004719103403069242,0.015504983152067636
326,0.023920472106562368,0.6163073783040137,0.334568350436973,0.004278507760092521,0.020925291392358273
327,0.03202601584114421,0.6221374699096931,0.30366761265632364,0.006191425980184518,0.0359774756126546
328,0.0457771343381675,0.8441406237251093,0.048103702649544916,0.013596156672744858,0.04838238261443329
329,0.025170284879766705,0.5417890805238759,0.4168873690956905,0.003901792055276492,0.012251473445390416
330,0.06515764258948502,0.520252195811922,0.3497259241238951,0.006199237594279099,0.05866499988041866
331,0.048706639842550824,0.6027473570472655,0.3292901800778182,0.0038499854640968857,0.015405837568268741
332,0.03312921372853107,0.5672046335302274,0.34852988316668515,0.005153825945771945,0.04598244362878442
333,0.06960877027353697,0.7411809985368194,0.11971522809537953,0.006560552456600222,0.062934450637664
334,0.04512994914324361,0.6466486284662234,0.2901359777102403,0.0034295540924455864,0.014655890587847135
335,0.016747222758498468,0.525728718596108,0.4470939596816971,0.004014655150751793,0.006415443812944678
336,0.029782843424785804,0.6358143226668423,0.3144898738449497,0.009002851969217653,0.010910108094204384
337,0.029478518207581912,0.6085110757215799,0.33296788950341066,0.01325045400006897,0.01579206256735848
338,0.06013196383909902,0.5780071044359714,0.31980985593789696,0.01374236859639943,0.028308707190633185
339,0.02788837525382792,0.5962984446905244,0.3296309523834521,0.01166484435429902,0.03451738331789666
340,0.03999702971926732,0.5498797754912541,0.3834816495010696,0.006779194669291313,0.01986235061911749
341,0.14645103854495525,0.6798540168985054,0.12796539537563678,0.016690762196812564,0.02903878698409011
342,0.037830357234913986,0.6507785751377295,0.3021520299336873,0.0037418858032962523,0.005497151890373013
343,0.08786832690294535,0.703549666028932,0.1505499134575884,0.008749946212991754,0.04928214739754249
344,0.007282138334579565,0.22922069255759822,0.7584579848773542,0.000951219133859738,0.004087965096608209
345,0.003634720523847636,0.1783063204984906,0.8116870362564578,0.0011876237172307623,0.005184299003973188
346,0.0065123650168749676,0.29742950582387584,0.687533312598524,0.0012050196990003208,0.007319796861724907
347,0.002505316151453064,0.09182191653174525,0.8940580873407754,0.0009693285934999351,0.010645351382526202
348,0.005148617264739249,0.18005989774464684,0.798412818700652,0.0019013474272839353,0.014477318862678074
349,0.009577845012335313,0.1859248703308553,0.7816959967318838,0.002688489427420926,0.020112798497504632
350,0.03590128283110392,0.4181990100195402,0.435025377992368,0.009581934870704354,0.10129239428628357
351,0.02625629588187634,0.36730347342113145,0.5477832224882686,0.005092066546530558,0.05356494166219302
352,0.024563480573019342,0.15364484539307022,0.7802094846714539,0.008121347344160978,0.03346084201829549
353,0.013491067041416253,0.09690633923178175,0.8715301585453351,0.0031969555906369543,0.014875479590829813
354,0.08114355524425054,0.35212991693695017,0.42418419743787666,0.0664098881706836,0.07613244221023896
355,0.12704407951476984,0.31940106291281983,0.3903760142906582,0.04586208064539835,0.11731676263635384
356,0.04982106900011322,0.2303164325938498,0.6716776172006305,0.026140774611318033,0.02204410659408839
357,0.08191236462244028,0.21723849770762446,0.5798282081436792,0.06422033525377051,0.05680059427248557
358,0.06829855523715095,0.17021940417899495,0.6933980859756727,0.03136423963014139,0.036719714978040184
359,0.05641433351167205,0.43801398747626963,0.4649399010976154,0.012354613175211557,0.02827716473923117
360,0.03299465034697316,0.4175121918847733,0.5302301676465223,0.009694553635884806,0.009568436485846592
361,0.08148075419201407,0.43930235224938363,0.4623623207933896,0.010732676477112329,0.006121896288100184
362,0.005829483293871876,0.31834559690296915,0.666497434717543,0.0032780289840710413,0.006049456101544995
363,0.0026923131651891427,0.15199642591850213,0.8424447101494722,0.001314311949061593,0.0015522388177749244
364,0.002536884809743947,0.11627776346927655,0.8770657417476357,0.001143977548548785,0.002975632424795079
365,0.004006003708543265,0.16390887117744926,0.8260102473442338,0.001040081251309182,0.005034796518464671
366,0.01072978870256252,0.22094277116729955,0.7536899874028073,0.003087982885684073,0.011549469841646577
367,0.007852504863173623,0.3347721969859687,0.6487296363148605,0.0021678893976206847,0.006477772438376613
368,0.01313585693653766,0.4607027948805568,0.5154388024079914,0.003715222050603608,0.007007323724310448
369,0.0056013069743733705,0.17483297378358043,0.8163930804231246,0.0007737416724002413,0.002398897146521371
370,0.003462895428200969,0.13187459693615214,0.8569389143063615,0.0014075429115220166,0.006316050417763288
371,0.006999276823405838,0.22420874880938504,0.7460385569023803,0.0034616593648142,0.019291758100014707
372,0.019877188147393074,0.26638425318353093,0.684128908426474,0.007822506001388806,0.021787144241213093
373,0.03319048212931582,0.3507386556053767,0.5833370401191247,0.00736806754294767,0.025365754603235036
374,0.023973994832794897,0.30320583262401946,0.644458252533926,0.008820272022077073,0.01954164798718258
375,0.15483778182768612,0.48167236017643195,0.2527673599286131,0.029160742340323932,0.08156175572694477
376,0.09277371852850057,0.6694498869762826,0.15586692562194687,0.018941496710407058,0.06296797216286289
377,0.2338405943440041,0.5218665844015709,0.1835331923696704,0.021242760583730824,0.03951686830102395
378,0.2025431215472898,0.6014967852180336,0.140545217111982,0.004755075162770937,0.05065980095992348
