epoch,N1,N2,N3,R,W
0,0.00044750254891755617,1.0135497180169517e-05,1.7641398863232017e-10,1.1749368680877406e-05,0.9995306124088075
1,0.0006185601582108393,1.2274284858092607e-05,6.002548569388515e-06,1.4695767779281455e-06,0.9993616934315839
2,0.001309969686972988,4.290229501576084e-05,1.1138357987609504e-05,8.505625726871837e-06,0.9986274840342969
3,0.004210495906277211,6.971245878156118e-05,7.887933367282376e-06,2.8423830356547056e-05,0.9956834798712174
4,0.02443499729081631,0.00010284981589742166,2.1494168241934525e-05,5.177120523754308e-05,0.9753888875198068
5,0.008466835245287685,0.0009858603232712608,7.509538066405133e-05,5.519924779931125e-05,0.9904170098029775
6,0.020209580092500914,0.0007109364881560235,1.4114225488251705e-05,0.00018707542301798114,0.9788782937708368
7,0.11315399824691239,0.0008880791244107141,1.7362639338843366e-05,0.00024360267725015485,0.885696957312088
8,0.1037328629587928,0.00219698109596101,3.42397637620998e-05,0.0003220292003330333,0.8937138869811511
9,0.004401656093836509,0.00031077499458950786,3.1674389573620415e-05,6.45481045960066e-05,0.9951913464174043
10,0.027561001565551548,0.00469685348495448,2.4833700378721627e-05,0.0007710026435386448,0.9669463086055766
11,0.04479783453701404,0.0062972851902559105,3.2066494441637035e-05,0.0012591501338583852,0.94761366364443
12,0.005703821997553065,0.0006035830224936706,2.7713078165899924e-05,0.00015991137474237984,0.993504970527045
13,0.03124227995544602,0.0012961309568786503,1.3253433682499897e-05,0.000527884996719569,0.9669204506572733
14,0.1503258627519344,0.013660731959765006,4.75106782344488e-05,0.0032547799743594882,0.8327111146357066
15,0.04059028500014282,0.0030503486041912184,2.1302981489489956e-05,0.0009930834132088875,0.9553449800009676
16,0.1409226176197142,0.016139217556078677,0.00013382213042481428,0.007986354503402043,0.8348179881903802
17,0.06471230674870823,0.012844550631301858,5.760671466088816e-05,0.0036785453271204155,0.9187069905782087
18,0.10061011375912443,0.10652209757069105,0.0006521697737619148,0.011384361705858374,0.7808312571905642
19,0.09208740677579079,0.050329528047992796,4.101417344062601e-05,0.03377674049595597,0.8237653105068198
20,0.009228399552853456,0.0026554584816663933,0.0001692589260264081,0.0006349751251627867,0.987311907914291
21,0.0007744151271181868,0.00045103778649917086,6.426945004945127e-06,0.00010468806711563779,0.998663432074262
22,0.09585366352253315,0.0021719704957245995,7.595096360605637e-06,0.000651297140671674,0.90131547374471
23,0.33586557600958694,0.0036463443541934226,0.000490409989839207,0.00019034078713194618,0.6598073288592485
24,0.27379075427249217,0.029748282058162184,0.00013758990483366606,0.0009241061890905695,0.6953992675754214
25,0.04062727626696677,0.012378261288977548,0.00022512773543141224,0.0005171623236271293,0.946252172384997
26,0.061121256620463985,0.00808709695806115,2.1999560277702648e-05,0.002642972029984511,0.9281266748312126
27,0.008551523342257677,0.0018212118972572573,2.867063095332789e-05,0.0004912633946416547,0.98910733073489
28,0.02660920745921118,0.0011987018714461248,0.0002321733058368033,9.48728272199946e-05,0.9718650445362859
29,0.11408873349534866,0.011626592611033722,0.00035498720664930023,0.0005762879881579104,0.8733533986988105
30,0.12973283246106904,0.008442859324299364,0.0002750175665246858,0.0005565827264421652,0.8609927079216648
31,0.055039731298218215,0.09367249964390653,0.0035880637944164296,0.008162955130630175,0.8395367501328286
32,0.05034526497654141,0.0843333332650958,0.0017744569367737755,0.0052026912155187,0.8583442536060703
33,0.2847186886679162,0.2793671826536053,0.0026659148288382417,0.029102260014130334,0.4041459538355098
34,0.38850773378640896,0.33666882608031123,0.0007188532796445382,0.030353810870897984,0.24375077598273734
35,0.1610820954659654,0.5154616788145324,0.013776905121494307,0.006874818951162744,0.3028045016468452
36,0.09157600501545722,0.3556119068974748,0.009398302415716011,0.008908873738363602,0.5345049119329883
37,0.23999957028834096,0.17830807891081207,0.001270165448642571,0.07264310270556655,0.5077790826466378
38,0.2458459417115344,0.2917278369556231,0.0019591221173168366,0.0353487145974244,0.4251183846181013
39,0.4074924706610716,0.14687191663437393,0.0009610196786261408,0.01348977427231525,0.43118481875361303
40,0.1394141654598861,0.36474468996035153,0.0032274375015846203,0.012573232231441038,0.4800404748467366
41,0.10023361662458827,0.25447812442892376,0.002218701808647838,0.005244244965293265,0.637825312172547
42,0.05186496973834738,0.027349884283505592,0.0002589850510291222,0.0037152792599547705,0.9168108816671632
43,0.16467155508410228,0.1091224175088412,0.0006077127698553284,0.02352199028824265,0.7020763243489586
44,0.029312950693815013,0.029957406252944407,0.004431219359604261,0.002226562897789736,0.9340718607958467
45,0.05688889505127118,0.002428353109243935,0.00010150011645280378,0.000530738748879103,0.940050512974153
46,0.17852665056135653,0.01780741808304408,0.00017179851613246362,0.0017594602021038697,0.8017346726373631
47,0.036697019756980316,0.019544153354386543,0.00014528050960212048,0.0013504907847660336,0.942263055594265
48,0.15138468313450432,0.006053901271795301,0.00016221622155746714,0.0016956992168967394,0.8407035001552462
49,0.015036062483129371,0.014103600634768261,0.0003712641839840646,0.0035189773023443943,0.9669700953957738
50,0.07126092073703996,0.028921756812815676,0.0008514355259518618,0.006812465467381432,0.892153421456811
51,0.00542038934433085,0.00590101970872511,0.0007781138596978045,0.0004083323682298031,0.9874921447190165
52,0.20528799782486076,0.03034326665694871,0.0001464803172200747,0.013727827910191844,0.7504944272907786
53,0.009379838897903966,0.0023973920936125955,4.701586713362802e-05,0.0007585889892019994,0.9874171641521478
54,0.07042172279561024,0.01110829511901993,0.00027526520505512735,0.0006035995063118268,0.9175911173740029
55,0.005581429012995045,0.003520443333287038,0.00042936596027420533,0.00029352650947561134,0.9901752351839681
56,0.023299030922680097,0.003414880609128751,0.0002301046417424139,0.0001287317074041402,0.9729272521190446
57,0.09080880123104677,0.01963893531150371,0.000570775279527754,0.0024416524971547083,0.8865398356807671
58,0.03438584291794231,0.009864699777334632,0.004949532920598989,0.001256932392939442,0.9495429919911846
59,0.0040741870145940525,0.0016603505273629295,0.0011713198586502415,0.0002344099830507989,0.9928597326163421
60,0.04085359392330814,0.029353229865650966,0.0019120685323739505,0.0018437153124010465,0.9260373923662659
61,0.01658658506580317,0.002676054086426327,3.6997647254114466e-05,0.0005319863528097666,0.9801683768477066
62,0.09314708350322938,0.033002300506661045,0.0010718541591510165,0.0013954223036178367,0.8713833395273408
63,0.547070991986719,0.018922564334636245,0.00038633219300082287,0.011121745973109122,0.4224983655125347
64,0.4778437884858168,0.062036578932430426,0.003043299229861689,0.005508401645400314,0.4515679317064906
65,0.6739131396180819,0.07553986432355267,0.0006737199084925824,0.02878491162547286,0.22108836452439987
66,0.5354978282691274,0.15121344806298218,0.000679866133213194,0.053501235352562765,0.25910762218211425
67,0.04659300653157527,0.7556696290563591,0.04523809639713459,0.017616554175947145,0.13488271383898384
68,0.08837245905778641,0.608723766005676,0.002481767415864758,0.023640271816143966,0.2767817357045287
69,0.11395358786580166,0.7866736294392588,0.0022212900357333454,0.050153530066583726,0.046997962592622275
70,0.08973579403296071,0.817841936736234,0.016805895103020812,0.015279457802768815,0.06033691632501581
71,0.5791141170229664,0.22855422134640818,0.0011820813262746106,0.011977832537190891,0.17917174776715983
72,0.15098648481831808,0.796640763044468,0.015137354549185402,0.0020524410398932943,0.03518295654813537
73,0.2269327611320804,0.5145041888148191,0.015051138168848583,0.005176216241321749,0.23833569564293022
74,0.502540259592554,0.3452230883640349,0.005955708271275857,0.0018496983423047489,0.14443124542983046
75,0.03309797616367852,0.8018309878305913,0.13209641202212846,0.0020445843406668007,0.030930039642934976
76,0.019401500687745946,0.29616127373711687,0.060986405218631495,0.0012635503856205173,0.6221872699708851
77,0.2686887805192062,0.17069592940653824,0.0020064758800894806,0.007402784716856478,0.5512060294773097
78,0.3986644353500815,0.29067889259539736,0.013207140000744556,0.005756673824656097,0.29169285822912044
79,0.521606061372428,0.2204090735491188,0.0029433695735557883,0.015204565139142572,0.23983693036575485
80,0.14862196670075214,0.7798697221297274,0.004910656559025371,0.03294194286582409,0.033655711744670996
81,0.20466336190312792,0.5432923319888453,0.00411099170560803,0.03682626190694602,0.21110705249547262
82,0.22063341934514122,0.603848267476784,0.006710252956709661,0.029282929913277946,0.13952513030808708
83,0.057959512734221404,0.7066314671442692,0.06655813443722676,0.009391086513130099,0.15945979917115263
84,0.003891836319851908,0.005900177111344417,0.00037574225925255403,0.0007811470364685611,0.9890510972730826
85,0.0037082097551870965,0.0019394660992924665,6.0958459205931596e-05,0.00034930086774219524,0.9939420648185724
86,0.054562937552046865,0.0054688208292592525,0.00013051780684927668,0.000658824512722988,0.9391788992991217
87,0.053964138827544236,0.00818950249583974,0.0002129341560507472,0.0003239356029758159,0.9373094889175895
88,0.03761699855553039,0.0054452681099149474,5.015433279006952e-05,0.000581255261656013,0.9563063237401086
89,0.005512953058799726,0.004674802612235635,0.0008820980993336175,0.0003463754541179871,0.988583770775513
90,0.049742170771649614,0.0015102804448296,0.00018810457966521896,0.0003985609172470067,0.9481608832866086
91,0.2249228828392765,0.0021904462962071994,4.980761684520446e-05,0.0004225968548979569,0.7724142663927732
92,0.27723350532722135,0.009572380627443429,0.0002696960611671724,0.0006620463310024776,0.7122623716531656
93,0.37528614286977874,0.1781223976721356,0.006438328392932042,0.009804168714029669,0.43034896235112385
94,0.13822664457833791,0.06673140642903727,0.0007133187212954558,0.004637800457000733,0.7896908298143286
95,0.1990412768946332,0.6063307770651772,0.005652433873287691,0.014302731857309563,0.17467278030959252
96,0.4269422301999952,0.14586844668332347,0.0006746809833822429,0.0040744771277397805,0.42244016500555914
97,0.36122057322241874,0.6136907505210967,0.004709610908985826,0.0010991632947096213,0.019279902052789122
98,0.04512727495086851,0.8897915559351598,0.06075013078155426,0.00028370867665868614,0.004047329655758998
99,0.060405595161084666,0.6747380190763009,0.255128347793155,0.0014533280231319673,0.008274709946327452
100,0.004766802076371124,0.6886930066084993,0.3000166051324871,0.0005881969024589357,0.00593538928018358
101,0.0032618707935861526,0.42111157053343146,0.5730474170337695,0.0005311961863286101,0.002047945452884329
102,0.004206129920075425,0.6094594390397626,0.3778066563078801,0.0003702911551953084,0.008157483577086535
103,0.0009358959119719008,0.21544297117152525,0.7813825056413618,8.328382024103217e-05,0.0021553434549000587
104,0.0009276331234442351,0.17743527220518157,0.8188658766485607,6.743859232889901e-05,0.002703779430484614
105,0.001578848760465406,0.12449818080926314,0.8698699382491449,8.241059844187471e-05,0.003970621582684603
106,0.0016088482898367568,0.19126331096243793,0.801921341053382,9.747952973099852e-05,0.005109020164612353
107,0.003047655080282002,0.20090542468136607,0.7921332630419078,0.00016998141734387193,0.0037436757791003013
108,0.0006855535591178844,0.08384450268817387,0.9134261186967799,5.858482069915874e-05,0.001985240235229005
109,0.011458522344880234,0.575642973285482,0.3961139563396137,0.00036996593370983985,0.01641458209631414
110,0.0015050990497635463,0.14312614882784438,0.8520815726933271,0.00010686595674267563,0.0031803134723223233
111,0.0006472301858531402,0.06721283707896103,0.929198575456413,6.185978929293462e-05,0.00287949748947994
112,0.0048524609903341535,0.30118913458967944,0.6813300780124746,0.0003475265711830606,0.012280799836328857
113,0.0009821849856219683,0.0848904183877955,0.9117327910574655,0.00010172450030466956,0.002292881068812341
114,0.0003889567453025936,0.038200130111298164,0.9601015594300278,2.695936288441601e-05,0.0012823943504872391
115,0.002103057309476606,0.14130034769053376,0.8488516514480785,0.0001662035532509675,0.007578739998660029
116,0.0002565364969536384,0.03182097196686739,0.9668723559917495,2.343988215938672e-05,0.0010266956622700654
117,0.0005281981608003644,0.033649666061934744,0.9644250263416834,3.8433911076277345e-05,0.0013586755245053315
118,0.0015286741479725561,0.08265230890221316,0.9138025022101638,5.875953236772976e-05,0.001957755207282627
119,0.0001207252766847348,0.037614067889528965,0.9614270385164521,1.0558088304510618e-05,0.0008276102290296761
120,0.0006878686753045849,0.050361111723350914,0.9462130001783096,6.342821047937667e-05,0.002674591212555566
121,0.0007345551623669979,0.061865010300163586,0.9338842658820601,4.2731871171444257e-05,0.0034734367842379067
122,0.0003860700188671703,0.04815923173705233,0.9506845006771076,1.2982170854508408e-05,0.0007572153961184577
123,0.00043858502853975445,0.0462536845127349,0.9520667286807715,1.4214361613653523e-05,0.0012267874163403448
124,0.06469702122716595,0.09858489237045653,0.7059773782699483,0.0003761548783545348,0.1303645532540746
125,0.0024752911181780803,0.08760527454044485,0.8978039199678921,8.315437875915538e-05,0.012032359994725806
126,0.00174318044840426,0.08929074691087227,0.9029169553051453,8.07862813584179e-05,0.005968331054219731
127,0.005980321502064688,0.12761106314114953,0.8489952925838402,9.94102672502971e-05,0.017313912505695247
128,0.00026633363971972744,0.03830557070060851,0.9603535563247204,1.5319069995466183e-05,0.0010592202649559082
129,0.0002014863587372026,0.04733829314310081,0.9509700429097987,2.2729540673972884e-05,0.0014674480476893452
130,0.000621712332209606,0.08153197348371878,0.9144052885968612,5.637801152929684e-05,0.003384647575680914
131,0.00042771998622362546,0.038145092182924854,0.9593127924010256,2.3099419066765945e-05,0.002091296010759023
132,0.0004516952817339588,0.02973164738058319,0.9684530122525526,2.0568758091698425e-05,0.0013430763270384602
133,0.00023494927414705082,0.03572438997387802,0.9631514049101743,1.1928297526787007e-05,0.0008773275442738654
134,6.996185252273282e-05,0.021820446201948285,0.9775238093339826,8.998242660265443e-06,0.0005767843688862564
135,0.00017739762372367558,0.030375809548130992,0.9679993914571092,1.8786508005409975e-05,0.0014286148630305799
136,0.00010877874143947822,0.03989565727854514,0.9592241219223561,1.4910401769089041e-05,0.0007565316558902228
137,0.00035314929212126433,0.05564677028526368,0.9423002332207328,2.897302356734102e-05,0.0016708741783149459
138,9.116247904729485e-05,0.014100110447672,0.9847560183899613,1.396080471560663e-05,0.0010387478786036317
139,0.00016300671404448285,0.020547318679151466,0.9775033584212888,5.7121749535266404e-05,0.0017291944359800293
140,0.00040110787379960103,0.04961367388071065,0.9450180896331666,0.0002084189335785206,0.004758709678744559
141,0.0022102975717304355,0.1054382532893558,0.8293318496865437,0.001169337800160833,0.061850261652209186
142,0.009085586120873726,0.28039286518057827,0.6898340646444701,0.0026082417799947323,0.018079242274083113
143,0.012419867304867176,0.6485208305132698,0.32766938653786787,0.0018280017280246112,0.009561913915970454
144,0.010643433675962415,0.7629797685967318,0.2149225025473129,0.0013047820568747868,0.010149513123118018
145,0.02316760272265,0.7769175513130196,0.18092417456110851,0.003066471162289969,0.0159242002409318
146,0.08715917192879036,0.723271436055171,0.08631202581873289,0.003045852598760723,0.100211513598545
147,0.04073378747826544,0.8802406363312426,0.06167338778437314,0.002481339261929609,0.014870849144189164
148,0.030646448608503647,0.8603965037559587,0.09224586162837839,0.0009977145237005341,0.01571347148345858
149,0.025007428412753892,0.8314803581873789,0.10361574944408651,0.0008003252336026247,0.039096138722178084
150,0.08864479915896609,0.3949408943922825,0.04367722409318104,0.0016402638043414941,0.471096818551229
151,0.028814001486454906,0.9160766138775088,0.02710346200760467,0.0009950795534573525,0.02701084307497432
152,0.023825006280405108,0.9203717904076048,0.022057091901929685,0.002681711461693788,0.031064399948366732
153,0.22349120682264584,0.2958183404853613,0.009020550330821565,0.015332542931676922,0.4563373594294944
154,0.19544306420327257,0.04941394406514881,0.00825397652024192,0.005868636921275922,0.7410203782900607
155,0.19840888405506135,0.6530817789884845,0.019971022906028407,0.010741745289933028,0.1177965687604926
156,0.24689456486220934,0.5082743888970896,0.04668237389461732,0.005904679094068508,0.19224399325201513
157,0.2157346958504358,0.7016152190157983,0.015218081350266099,0.0035433168227939123,0.06388868696070606
158,0.019059868360208482,0.9012312385072666,0.04405026595163289,0.0013105237474234387,0.03434810343346854
159,0.08631799012601561,0.8471243342685175,0.022082359271797844,0.005011033173999656,0.03946428315966921
160,0.02326109924435238,0.8804308519657661,0.0777481214194758,0.00172604995019883,0.016833877420206776
161,0.05488325862290675,0.7998763002068474,0.12612797775662035,0.0019325317923294877,0.017179931621296215
162,0.022297528203925613,0.7442111810079449,0.22830181797362023,0.000990923904452382,0.004198548910056965
163,0.010371724750255846,0.7019665564837492,0.2721732516508191,0.0012621975594828447,0.014226269555692847
164,0.10171217683444025,0.6924016030018574,0.020804737204317456,0.0031052551641389875,0.1819762277952459
165,0.07940880719838894,0.7982712398437347,0.10537305612451314,0.0017628453964423788,0.015184051436920672
166,0.07728435867203363,0.6929468270914348,0.21187682929752782,0.0005004458329465737,0.01739153910605721
167,0.021960326632673253,0.7152393235627851,0.24109152382521715,0.0003264207174409067,0.02138240526188359
168,0.39193402854889603,0.37458186762969026,0.08842297522253749,0.0005990445254269865,0.14446208407344904
169,0.022662712095549542,0.5415462912862785,0.3982496678427014,0.0006231878593966213,0.03691814091607396
170,0.00508115675897331,0.26588446213006073,0.7214969155779951,0.00019771474457534787,0.0073397507883955
171,0.010477888745163347,0.33588289887589917,0.6474491723752712,0.00022726453352487676,0.0059627754701413625
172,0.0010906848210287044,0.1442568756424041,0.8538172851796783,5.8863420967535484e-05,0.000776290935921425
173,0.001711040866068042,0.11942212693826519,0.8765374809463274,7.055485656041997e-05,0.0022587963927790423
174,0.0017496909050821285,0.13214445724763657,0.8645717318425471,7.226319403406708e-05,0.0014618568107002139
175,0.006796375970890922,0.3616830571959341,0.6217614291895531,0.00044031915463034867,0.009318818488991607
176,0.0029247352414316706,0.18773846370141026,0.8057275958656859,0.0001840786049103297,0.0034251265865617784
177,0.0014533629664851982,0.13819626231030277,0.8561216242534744,0.00014927553482642743,0.004079474934911179
178,0.013907854877098745,0.46888605286024954,0.49178440644979676,0.0011564051836098375,0.024265280629245135
179,0.22710015318351665,0.3909114510865966,0.2781803643839544,0.0014025169517768922,0.10240551439415559
180,0.10217431703005317,0.28802719053911074,0.4227538553523463,0.0013627488866881296,0.18568188819180173
181,0.10931683842338516,0.45102591252775515,0.40531836140116273,0.001488074220962938,0.03285081342673387
182,0.013774375499966586,0.17623001867985158,0.7956326547197001,0.00034363489396324414,0.014019316206518355
183,0.006413856415427168,0.17841765745490792,0.7571442729966203,0.0006520018447064711,0.057372211288338075
184,0.005975587061857644,0.1477747116323024,0.8435837520929794,0.0003829489025210231,0.0022830003103395517
185,0.0016423788835385165,0.12259623501725074,0.8725422360015311,0.00034621865432244423,0.0028729314433571587
186,0.00104298377213052,0.11835729380209889,0.8786819075991633,0.00017070061870654588,0.0017471142079009125
187,0.0013916980552444024,0.12707534118760264,0.8699153730575981,0.00015406285665372268,0.0014635248429010748
188,0.00030540970267522576,0.07821420739198585,0.9201918910218716,0.0001252277825013389,0.0011632641009659912
189,0.0002623722380780848,0.07272311605631927,0.9257711142560807,7.46393293234379e-05,0.0011687581201984029
190,0.0010734250893038118,0.10417383565588542,0.8931128161642539,6.774515059322571e-05,0.0015721779399634932
191,0.00027936236971964315,0.06294461003712978,0.9353566561432187,6.094669034329264e-05,0.001358424759588598
192,0.00030915313092591876,0.08564606344271003,0.91317015016362,6.547908120966318e-05,0.0008091541815342069
193,0.00035202827476451946,0.08790170121634862,0.9105918172404727,6.304575056203812e-05,0.0010914075178520663
194,0.00017637350864035497,0.08313957152917813,0.9149044498519242,9.561234066894861e-05,0.0016839927695885696
195,0.0009943048773337435,0.10542451610153888,0.8907892113830576,9.48815376485584e-05,0.002697086100421373
196,0.00038300344891069164,0.07332418639592218,0.9237924003580802,0.00011783063614650451,0.0023825791609403475
197,0.0004411229114907484,0.12706609563635507,0.870751309455009,9.857587951145032e-05,0.0016428961176337097
198,0.0013397815560642922,0.6205137604152487,0.3746547325035053,0.0002467652107691451,0.0032449603144125132
199,0.0013610135156580177,0.24689329343463662,0.7495953542623882,0.00035769491440894703,0.0017926438729081195
200,0.00040657812220674895,0.13937969692299088,0.859371402513803,7.101599563319096e-05,0.0007713064453662576
201,0.00210207039820424,0.3432172669215917,0.652512834733404,0.0002835514197525422,0.0018842765270476584
202,0.00046581044753500053,0.1364783788091279,0.8616964570214132,7.454882038783402e-05,0.0012848049015362125
203,0.0005173178753409271,0.12260444717900207,0.8739457968165262,0.00021663643483496692,0.0027158016942959965
204,0.00040159842935494794,0.14375345770963696,0.8537977157470226,0.0001042948307826896,0.0019429332832027666
205,0.0006086834139285216,0.15231169587329743,0.8454349312072851,0.0001748438978820521,0.0014698456076069218
206,0.0003765452064964158,0.09877679029440015,0.8970461344526238,0.00027495008853749964,0.003525579957942213
207,0.0008048596832269756,0.1418817903182294,0.8551479437882866,0.000200722009043279,0.0019646842012136408
208,0.00033269423474857504,0.0806096050127222,0.9182390109714007,8.419563799803169e-05,0.0007344941431306564
209,0.00044060701469130566,0.08335910519205295,0.9140378296007637,0.00015975620653920546,0.0020027019859527313
210,0.00039607840847690173,0.08188846081380355,0.9166725448996484,0.0001116734429001986,0.0009312424351708179
211,0.0003668339466788395,0.0916720384283177,0.906039595079872,8.457874713969922e-05,0.0018369537979919873
212,0.00039158977677731523,0.0635666714996976,0.9339780931719498,9.20729613714152e-05,0.001971572590203851
213,0.00045767175126310553,0.09413656567973921,0.9035162039956864,9.455104113917178e-05,0.0017950075321720358
214,0.0002016066514564234,0.042349590507182254,0.9565314287622659,3.956372582372643e-05,0.0008778103532716546
215,0.0006121275888765365,0.0823130295328524,0.9152810851612193,0.00010277956868841034,0.0016909781483633046
216,0.00022228443016649786,0.06369791627713989,0.9352484178183854,3.339985649912518e-05,0.0007979816178090643
217,0.00022024327124530422,0.03929333648417197,0.9599874344200127,2.767169674472684e-05,0.00047131412782530077
218,0.00020051608143959381,0.06460851856368473,0.9346725648207389,2.6598146830837458e-05,0.0004918023873059038
219,0.0003125697515492256,0.03414616056145139,0.9649645468033262,3.0565593539989127e-05,0.0005461572901332046
220,0.00029973404851203387,0.03714887200588148,0.9619719572995165,6.156064115885021e-05,0.000517876004931245
221,0.0003596301581690162,0.06980383643872501,0.9288186666926456,0.0001580987707460367,0.0008597679397142434
222,0.0006997144020841679,0.07562834384824446,0.9206657268374595,0.00030800021797921834,0.002698214694232436
223,0.0004648068429366479,0.0907170725282318,0.9073730514815729,0.00016176799259549863,0.0012833011546630748
224,0.0014079800702626313,0.08107784283731598,0.9146147899959944,0.0002645108992334289,0.0026348761971935926
225,0.13295875081206204,0.38789032015697633,0.24024716093971915,0.03085299569803361,0.20805077239320882
226,0.042999652389815214,0.6657582636195045,0.26118716738996417,0.011135984790912845,0.018918931809803165
227,0.021596607547439296,0.7394279565740669,0.22350327055028976,0.0033642067877180538,0.012107958540485974
228,0.10182514981458386,0.8582048608652211,0.022118785699380635,0.003120157132357897,0.014731046488456457
229,0.05429203299123754,0.8703353037178295,0.05133721685113359,0.01025822763111001,0.01377721880868932
230,0.11333773926035724,0.7765044511088945,0.04287911881993486,0.025491289947479234,0.04178740086333436
231,0.08289217880147504,0.7722081173949691,0.01618630594191622,0.053830675879376254,0.07488272198226341
232,0.13601183366348582,0.6327501211259197,0.037361880911866985,0.03459579492383717,0.15928036937489035
233,0.06550160306772101,0.8476881647152228,0.057430706352489834,0.01344748306596516,0.015932042798601193
234,0.07239488495292762,0.2975458979312639,0.07937921491530567,0.015225126531470677,0.5354548756690322
235,0.2733891521798637,0.6078190226235669,0.020386632079176754,0.05342157024078239,0.04498362287661006
236,0.04681672640467876,0.7485534720486817,0.10795682092864525,0.08505691778760872,0.01161606283038559
237,0.1632207959183864,0.42372246146924375,0.01409998565447808,0.37073121371037976,0.028225543247512124
238,0.03580728730914313,0.48709573246541465,0.004558258386436291,0.4564617939457581,0.016076927893247772
239,0.04762063894109342,0.29228786075988755,0.0035737381058476066,0.6451086020463059,0.011409160146865589
240,0.043750108390166444,0.2911686705325538,0.0031122196984626877,0.6536463251608389,0.008322676217978352
241,0.036425437022926825,0.19601803307954754,0.005878050874214725,0.7495839175870717,0.012094561436239347
242,0.03428042329989275,0.15304200082860447,0.003466191844881577,0.7950179524224497,0.01419343160417147
243,0.02928952825913767,0.187084296205995,0.003689569286480449,0.7625716870271825,0.017364919221204544
244,0.011153051290819786,0.07028843984219121,0.0005542520701693679,0.913092965256752,0.004911291540067504
245,0.018799629444144154,0.1418738301015487,0.0016881870780847013,0.8309703534374477,0.006667999938774688
246,0.028231508222553787,0.14405112304551596,0.0025178477448025024,0.8161214997177082,0.00907802126941954
247,0.029695876221492962,0.10540877838432593,0.0016634861644897216,0.8541907601036226,0.009041099126068701
248,0.012399294473154618,0.05899293063080465,0.0004295278387863651,0.9230992927817646,0.005078954275489649
249,0.014590669574923179,0.08545613575624834,0.0006997870785813478,0.8945999826069148,0.00465342498333232
250,0.045473951711657315,0.12393683653355493,0.0007216561027322331,0.815933968813183,0.01393358683887242
251,0.040793019953323274,0.05525779879359915,0.0006273931089453041,0.8895600684970882,0.01376171964704393
252,0.02951349890338673,0.053328272197384334,0.0006994123464468108,0.9096965492227195,0.0067622673300626705
253,0.025180741393286406,0.055437309217438134,0.0007499465727029203,0.9128869123628348,0.005745090453737601
254,0.008650057596093786,0.04926087761711073,0.0002814678867707464,0.9393237992966682,0.0024837976033565985
255,0.011702907813132475,0.07543966907769606,0.0002049350672000946,0.909200078087825,0.0034524099541464984
256,0.01086915228858744,0.07178151955449254,6.369109073862688e-05,0.914515862911208,0.0027697741549733454
257,0.02345152214215902,0.19304808548619162,0.0003487681697908476,0.776038576271369,0.007113047930489508
258,0.019261400200444298,0.08531472683332356,0.001251347834659811,0.8845309308507796,0.009641594280792733
259,0.027933621843084556,0.06938225959306762,0.0004980856924378766,0.8946522417727619,0.007533791098648032
260,0.015302166199749813,0.09982302969258045,0.0005399505644568455,0.8796632575671051,0.0046715959761078835
261,0.03344911719999268,0.0737404821452881,0.00015773355742971086,0.8843321992079248,0.008320467889364707
262,0.020263993306097215,0.06008180953957081,0.0001114122813500088,0.9159529149370652,0.0035898699359168907
263,0.018571787617901292,0.04952982100635445,8.589893626109e-05,0.9279645646175062,0.003847927821976963
264,0.019214565038614517,0.056296550276890754,0.00011330301922962682,0.9212997120193137,0.0030758696459514366
265,0.05058277389747132,0.14034059376805277,0.0008036309316813934,0.8021669087089249,0.006106092693869667
266,0.02331897271771013,0.051198210889076286,0.0003514477148521746,0.9216765030420841,0.0034548656362771756
267,0.04759623206981443,0.049799294333672695,0.00028973770723166595,0.894625813420765,0.007688922468516194
268,0.08237893701949893,0.17998984500167042,0.0014759723055329467,0.7284660393810745,0.007689206292223256
269,0.1775876758407118,0.338175510482925,0.001541223106607277,0.4459740078374649,0.03672158273229118
270,0.2903100733567092,0.16150481567271321,0.0009136980991022218,0.5042080116493013,0.043063401222173996
271,0.12968490089155754,0.842892627277952,0.0013261075023696237,0.012116967210079505,0.01397939711804123
272,0.06703077645599098,0.884672729245506,0.006051572644465006,0.003985094631585946,0.03825982702245211
273,0.18161910667542358,0.7696992893437906,0.005722385297753443,0.008393267572352425,0.03456595111067988
274,0.040420079910463494,0.9262880615228982,0.011768842402848407,0.003963492040806459,0.01755952412298336
275,0.0161331917883697,0.9650573758563523,0.0031135464803653473,0.003513376780938166,0.012182509093974371
276,0.09588815943910865,0.8762088785015021,0.0026754069375692076,0.008342019733152357,0.016885535388667567
277,0.02047210872346578,0.8991081197464886,0.06863176323629194,0.004784191502650905,0.007003816791102785
278,0.009341421174905648,0.8853142054161344,0.09566706135851433,0.002495452944893906,0.007181859105551809
279,0.0058585141522516735,0.9601969183675619,0.026938087071118725,0.002883434262732756,0.0041230461463350335
280,0.004813916293511416,0.9434860049024852,0.03904234006428148,0.003110196190576244,0.009547542549145756
281,0.008638756626577126,0.7423567652930757,0.23310624124901236,0.006349459236930782,0.009548777594404098
282,0.00864446854302546,0.8518010030282859,0.1250086053167931,0.008805424992241854,0.005740498119653557
283,0.008635963465708878,0.7430259824579445,0.22400045052939818,0.017156864391245894,0.007180739155702657
284,0.008921327378525377,0.8167831380645229,0.11780493688055327,0.04011284466191325,0.016377753014485248
285,0.003479217209354272,0.7327148622262586,0.23209346878317255,0.02549267252493014,0.006219779256284469
286,0.07583906267474319,0.5374105444989421,0.13991776406261147,0.04254028254760903,0.20429234621609416
287,0.15307971715987884,0.7109462285837154,0.0165957281418241,0.0741501281103749,0.04522819800420691
288,0.15105739956655317,0.6922231510191097,0.008290073763912003,0.1135934213435542,0.03483595430687101
289,0.2349022953559443,0.6698594932206627,0.0020082644153097107,0.03999966890964786,0.053230278098435405
290,0.220869957938472,0.6628805884776867,0.003281930952440903,0.09057494860664853,0.022392574024751907
291,0.09737233907233055,0.8586189148076978,0.008704668805768607,0.027509915889495053,0.0077941614247079615
292,0.24728429327385065,0.6703712005742409,0.008295778711165035,0.016437747117248006,0.05761098032349551
293,0.04256858944331521,0.9205649925138915,0.011457991988191535,0.010282700431933326,0.01512572562266851
294,0.02927780478218839,0.9092525193577876,0.03946532499746696,0.012651750897179397,0.009352599965377774
295,0.013306828403958302,0.9568629296639567,0.01533396963485115,0.005418344855670278,0.009077927441563797
296,0.03126759373489908,0.8694208288673797,0.021690099502282678,0.016358577031225962,0.06126290086421237
297,0.019304377316922642,0.9343313571590082,0.021956536393965692,0.008043826306258873,0.016363902823844596
298,0.02661415656293618,0.8961560626162438,0.05461990013927959,0.0059233779841803835,0.01668650269736
299,0.019104399978938775,0.9215048575808014,0.01879313129962234,0.005014803810769422,0.03558280732986826
300,0.057184181766986905,0.8383084224132534,0.015434333911048006,0.006004028264758848,0.08306903364395289
301,0.06718468645468673,0.6720666661148814,0.008986268547138,0.009117576971827154,0.24264480191146656
302,0.09530222997232814,0.4849009956334544,0.02392680519904302,0.0017701221581537618,0.39409984703702067
303,0.6930549370323125,0.25830201074463854,0.0006330779423277591,0.0025448425809025325,0.045465131699818785
304,0.11280691361199294,0.8615582418633306,0.007756245721297134,0.0007243611806661767,0.017154237622713127
305,0.12476697186327884,0.8610526430109235,0.005711888725452717,0.0004579996442116109,0.00801049675613313
306,0.09913398015228994,0.8558034055674019,0.03139026555851825,0.0006789359990265751,0.012993412722763414
307,0.007574246300207445,0.9004202105408642,0.08702369015253082,0.0009139656946411075,0.004067887311756432
308,0.0034705303021820566,0.6825657628345496,0.3100678184813235,0.0018795419343791018,0.002016346447565803
309,0.007109259575818399,0.9095298741698244,0.07646207104961525,0.001308832950389511,0.005589962254352474
310,0.004768907990772397,0.5956085675044133,0.39726513470802094,0.000744542130493788,0.0016128476662995992
311,0.0031573658295008114,0.5764592132282038,0.4188867612556552,0.00047313399740157814,0.0010235256892384725
312,0.0013222351382833788,0.5555181524790935,0.4420782302089999,0.00030815839372392445,0.0007732237798993665
313,0.0018252348040679411,0.5764620931827035,0.4201632833616309,0.0005052121829886713,0.0010441764686090077
314,0.001678367987861978,0.5482481583207379,0.4484610383112878,0.0006497951009303224,0.0009626402791820164
315,0.0016095601565908062,0.4274105878795845,0.5699669995767371,0.00031517076153286415,0.0006976816255546212
316,0.00414468742029557,0.551114892844279,0.44336357371217444,0.00046211627197351293,0.0009147297512774379
317,0.0025226789816451566,0.5248483555158384,0.47139762974340454,0.0003795814750701678,0.0008517542840417101
318,0.0016492684277642255,0.6174645238170343,0.3798255586050899,0.0002583591958165965,0.0008022899542949502
319,0.0009555040070505494,0.31326961046760066,0.6852317759639691,0.0001984438030475258,0.0003446657583320754
320,0.00378665607847883,0.6623902779755841,0.33253403619675365,0.0002450155570924674,0.0010440141920910878
321,0.0008070409917513376,0.3694131042879512,0.6290003327014781,0.00016834170531989797,0.0006111803134993898
322,0.0011839782455621897,0.27734825296437493,0.720648482155217,0.00017383110825593302,0.0006454555265898225
323,0.000697856377304354,0.3256054296666919,0.6729500788306255,0.00015578409582210935,0.0005908510295559864
324,0.0008468827844599073,0.3307273084618313,0.6672254657347119,0.00011510750909050388,0.0010852355099064991
325,0.0004221407383416767,0.1453117571644543,0.8539148802273966,3.774022234439104e-05,0.0003134816474630829
326,0.0009841436385353492,0.26241863728323983,0.7355560479630316,0.0001149889076623324,0.0009261822075309502
327,0.0024278300349486843,0.5699963692895822,0.42595827939803943,0.00021343632633355516,0.0014040849510961202
328,0.0009788367504294058,0.380008243368878,0.6178513232020523,0.00014485206091287628,0.0010167446177274501
329,0.0006539806010037181,0.13372466103052452,0.865151647087922,4.228525676640594e-05,0.0004274260237833525
330,0.0010748673515937734,0.31317752042773195,0.6848571502474559,7.159588098007276e-05,0.0008188660922383887
331,0.0003376762185388914,0.2100553037605799,0.7889721913108555,5.2546319751711336e-05,0.0005822823902740035
332,0.0015906700298791447,0.261948611539803,0.7355280639758993,9.383232009976678e-05,0.0008388221343188097
333,0.00016081381545491778,0.14248170638566746,0.8568572684713608,6.274806407744312e-05,0.00043746326343949084
334,0.0004296124614100323,0.11351218755312867,0.8854558583263625,0.00011176649834087181,0.0004905751607578123
335,0.0001634898026869469,0.06362951496865571,0.9358856729288,6.198434375611261e-05,0.00025933795610140584
336,0.0006937094933290206,0.1368180086021765,0.861878106933647,0.00012017841654580885,0.0004899965543016656
337,0.0006502357556856704,0.10731865067724718,0.891496299625489,8.195303798865208e-05,0.00045286090358938346
338,0.00017750129523722962,0.048144938630927225,0.9511095258942062,9.135346556811671e-05,0.0004766807140613969
339,0.0007233953633369408,0.06847224494631218,0.9298946249326656,0.00013424908538130947,0.0007754856723040348
340,0.0005947305189676031,0.06721394998492361,0.931018070702184,0.00019892135172907652,0.0009743274421958297
341,0.00023882115826853487,0.08050449863927513,0.9185653906888258,5.6452567355991616e-05,0.000634836946274623
342,0.00048027295666735553,0.07010558622688771,0.9285155373240515,0.00011026937417517031,0.0007883341182183327
343,0.00010070112952818651,0.05665571955691757,0.9428242560380593,3.126312962219905e-05,0.0003880601458728901
344,8.492769191005367e-05,0.06518843746623182,0.9343289286691444,3.183521731274669e-05,0.0003658709554009736
345,0.0001572644306388892,0.09896380958257975,0.9003481242788505,4.4826947278275956e-05,0.00048597476065248823
346,0.00014168144329130647,0.06469405863143893,0.9346293413936629,6.845444919455245e-05,0.0004664640824124428
347,0.0002849285105092929,0.06607159543824084,0.932955678047073,5.6188843503499603e-05,0.0006316091606732309
348,0.00038003185335582683,0.1371992713150898,0.8616245493799403,6.872004858295669e-05,0.0007274274030312835
349,0.00011613679911374504,0.05049284992943146,0.9490009197851587,4.9047405822657454e-05,0.0003410460804734497
350,0.0001233823438165353,0.06410136435844588,0.9353800508595296,2.571044764377428e-05,0.00036949199056421784
351,0.00013638931024572253,0.06746762781094287,0.9319510724916199,5.814122198283508e-05,0.00038676916520871034
352,0.0002798078525292614,0.12552377604818626,0.8727025700753744,9.317125003999998e-05,0.0014006747738700002
353,9.908009444402197e-05,0.03751813572816052,0.9618536608801501,4.0112923171125195e-05,0.0004890103740743233
354,0.00010387091922231444,0.040278532939671985,0.959153937086341,3.0096736109762573e-05,0.00043356231865492387
355,0.00011617324770178806,0.055089143683857755,0.9440228358157953,5.704754706701198e-05,0.0007147997055782295
356,9.968250405458718e-05,0.03985036410092827,0.959469206451735,6.399503044826789e-05,0.0005167519128340128
357,0.0001158016048786553,0.04671222726135889,0.9525941696498582,5.9044304141713346e-05,0.0005187571797625434
358,0.0001878846974652766,0.06739447132332688,0.9317360299338505,6.957504026536446e-05,0.0006120390050919555
359,0.0001762370129841336,0.06575299925068763,0.9331106608106801,0.00010614888873896567,0.0008539540369091434
360,0.00020371488102747498,0.09376748929698744,0.9047658903605106,0.00025238542749609033,0.0010105200339784184
361,0.00045416636324953,0.061272411547340484,0.9360207330686351,0.0005439233998287881,0.0017087656209461956
362,0.0008719349007303975,0.12284596467731147,0.8722415054851206,0.0020415741896832166,0.0019990207471544475
363,0.00309521078912246,0.24171802208858784,0.7455562771907934,0.004386016280900199,0.005244473650596128
364,0.012821692665174961,0.3556783093277259,0.5928333775435526,0.019749276447096877,0.01891734401644972
365,0.23125965872473314,0.32920141822480103,0.012938396552349154,0.07276501716147288,0.3538355093366437
366,0.09621334493140421,0.822516940679789,0.04680508003216267,0.026284416373166718,0.008180217983477438
367,0.14407045599596408,0.6995316743034677,0.08209246949183142,0.06298351174861433,0.011321888460122335
368,0.11955688183788767,0.4115379680817614,0.006948406161327149,0.450809553244795,0.011147190674228797
369,0.03700523879307862,0.7194950043564207,0.012064443974350962,0.21436599429775674,0.017069318578393056
370,0.027858612857441435,0.6961932738755003,0.01823190944242681,0.24453550938900176,0.0131806944356297
371,0.014193209237151668,0.8136364808343779,0.016710197672270975,0.15102698411569235,0.004433128140507052
372,0.15463992851993782,0.19619646021880074,0.002422125261132283,0.20079091198195156,0.4459505740181776
