epoch,N1,N2,N3,R,W
0,0.004362479685616027,0.004322170098100167,0.004389450491792745,3.929336182326568e-05,0.9868866063626679
1,0.028982097177321146,0.015701578643802165,0.0007947899659983291,0.0005178624217439248,0.9540036717911344
2,0.006106518469043952,0.005064261882197091,0.0005356514694887655,0.00022007326922460625,0.9880734949100457
3,0.03296448397494689,0.012105664227223046,0.00016467553404609972,0.001292500385269904,0.953472675878514
4,0.050413732864000554,0.023242374163715277,0.00016276782902977622,0.0031322695182786045,0.9230488556249759
5,0.08588535199959556,0.01684812983943494,0.00010494734736567532,0.0029198534113494654,0.8942417174022544
6,0.08231583652198611,0.0072229595460795775,8.915882362242437e-05,0.016047057296029,0.894324987812283
7,0.12430691617867727,0.027866038018824684,0.0005136190538605786,0.004530324783495293,0.8427831019651421
8,0.4804314007367429,0.2001427265386086,0.00016820273479355613,0.06692216038290502,0.25233550960694984
9,0.5937813700279636,0.11735241819398821,0.00017930375161798453,0.03433713169310383,0.2543497763333264
10,0.30212398078637875,0.18259737254122116,0.001340917583510115,0.009298787204414169,0.5046389418844758
11,0.2582154265312165,0.040132355911760065,0.008188615712858225,0.01189553309165199,0.6815680687525132
12,0.39390035516323174,0.08086661761702718,0.001066930441703581,0.02833660539377039,0.4958294913842672
13,0.6033736952730601,0.10518269852574486,0.0028349390299631117,0.011496723901751486,0.2771119432694805
14,0.5515159587754761,0.1619890249360192,0.0023289791584418093,0.022263363146978216,0.2619026739830846
15,0.3589393062827899,0.37432610025196517,0.0011874821589920963,0.21399921573260558,0.05154789557364731
16,0.4567708733551687,0.4016872498833073,0.052801248635592525,0.022344705550798562,0.066395922575133
17,0.08006036488582416,0.8782778878366992,0.0095929859169188,0.009052132463314834,0.0230166288972431
18,0.11690992877699478,0.6893800867439617,0.062165045289901265,0.013860313686809456,0.11768462550233277
19,0.0682228260411499,0.7667326379882193,0.12697069409496367,0.010853994724461429,0.027219847151205685
20,0.017548939291444795,0.9305905559013353,0.04065642356345185,0.0029730345622248056,0.00823104668154348
21,0.025458271769774873,0.5595853065840652,0.403816821305603,0.0023984671031864534,0.008741133237370486
22,0.010646910136895685,0.5971580732444486,0.38665525238570037,0.000616321551139706,0.004923442681815722
23,0.018072603707342195,0.7387853836653934,0.23577003782408545,0.0013428884071068094,0.0060290863960721355
24,0.006482439285414053,0.5149761847548728,0.4670410046016576,0.000856886808092803,0.0106434845499628
25,0.005004021393753877,0.4741657963076425,0.5121484221224453,0.0003187113766302936,0.008363048799528195
26,0.011163262660616206,0.1659899438811595,0.811408383153712,0.00039559048128185765,0.011042819823230512
27,0.0028022047288292743,0.21883967982061522,0.7710944308110844,0.00041971188301504733,0.00684397275645609
28,0.0032158076498621305,0.23095249678790658,0.7616317920621206,0.00031144705507485544,0.003888456445035748
29,0.0027455263989736023,0.22001640986330323,0.7704189496590411,0.00043281068681632614,0.006386303391865679
30,0.0023261209048581846,0.2834777305012039,0.7093840443515657,0.00018858674822161173,0.004623517494150694
31,0.0012975161649314317,0.14048511562119037,0.8554816293873545,0.0001771491832036761,0.002558589643320119
32,0.0015000133025021268,0.19570418129208056,0.7992033623289683,8.79252425065197e-05,0.003504517833942552
33,0.0015213808551475657,0.12652125563385716,0.869793244009598,5.092249582453226e-05,0.002113197005572737
34,0.0020445209342015405,0.14917490791022067,0.8459117122030116,4.5335662828421495e-05,0.0028235232897375964
35,0.0010547303343029783,0.1380722717452389,0.8583614519922952,1.5767667841948186e-05,0.0024957782603210257
36,0.00046081242455844857,0.09208382765497435,0.9057794048335824,5.318688627500159e-06,0.001670636398257164
37,0.0014284467339722214,0.1646421918758069,0.8313980556524297,1.1513814875988343e-05,0.0025197919229153634
38,0.00016400320630071755,0.06422737490020859,0.9345935218141803,5.108426157791774e-06,0.0010099916531524785
39,0.00035422564601141564,0.05651639900938667,0.9419806664521518,5.553270071630916e-06,0.0011431556223785392
40,0.00023706104060831212,0.011941909094290703,0.9872378794859286,4.879813662111729e-06,0.0005782705655103201
41,0.0005195544357358901,0.030500963956892595,0.9677186127462364,5.14082284820387e-06,0.0012557280382866774
42,0.00014749174674009896,0.028246399636347244,0.9708609071161897,1.2535926129164029e-06,0.0007439479081100112
43,0.00015994836505207161,0.014929115398223518,0.9842251811364956,1.7153271550874115e-06,0.0006840397730737413
44,0.0002168960185745046,0.009719537225275967,0.989620337452568,1.2556035307110301e-06,0.0004419737000506672
45,0.00269419256819131,0.036156340209653526,0.9265779232058343,4.215702603850678e-05,0.034529386990282185
46,0.00019040012681887267,0.00858518515749128,0.9893786648811347,2.988858906469524e-06,0.0018427609756488724
47,0.0003644997221464296,0.0171369570320284,0.9788952175839941,2.56713785050603e-06,0.003600758523980574
48,0.00016421437636075594,0.01881223416537498,0.9791884380989176,2.1071515019924148e-06,0.0018330062078446812
49,0.00018323490198234334,0.017008334300210863,0.9822974911203923,1.393718867246767e-06,0.0005095459585470193
50,9.371549353291039e-05,0.010061913670765463,0.9895025086403257,6.874691886088583e-07,0.0003411747261875739
51,0.0001534801820721014,0.009770438776222178,0.9895897071552924,1.0459977716694115e-06,0.0004853278886415651
52,0.000261565887897841,0.02134504276849111,0.9777290448673605,4.545312668396331e-06,0.0006598011635822467
53,0.00021624698322307608,0.013949584645960939,0.9852554953863961,1.610875588332191e-06,0.00057706210883134
54,0.0003165280876395844,0.02054862446280132,0.9784733093748033,1.9287652414691534e-06,0.0006596093095146403
55,0.00010661108768303492,0.011946845701169702,0.9875950625155645,8.633479272896715e-07,0.0003506173476554008
56,0.00017473809128208952,0.007642228016314744,0.9918062248833406,1.347089647027749e-06,0.0003754619194154485
57,0.0007400957940055555,0.005676246177917183,0.992465711265991,2.9291546686201816e-06,0.0011150176074175946
58,0.00021028999610908652,0.0062926051002854255,0.993082813527124,7.766095636703251e-07,0.0004135147669178976
59,0.00023633060034776568,0.007090399357559128,0.9915044496031277,2.047233355821399e-06,0.001166773205609631
60,0.00015689234406067318,0.009821896881725899,0.9894518895335531,1.5119957018710049e-06,0.0005678092449584203
61,0.0001412518903953389,0.007205936992365139,0.9919211934982557,1.991570198110346e-06,0.0007296260487858594
62,6.0598210349943916e-05,0.012360008109213751,0.9873221672337417,7.264159716170459e-07,0.00025650003072307133
63,4.897103288763785e-05,0.011244757371021681,0.9882735757497758,4.1797418824001724e-07,0.00043227787212668186
64,4.864079084569339e-05,0.00709667354314297,0.9926294047657884,3.8597757369413053e-07,0.00022489492264919287
65,9.507695520497773e-05,0.019183971190147326,0.9804776809635756,7.487240017801138e-07,0.00024252216707054298
66,4.8974378258129736e-05,0.0065464742319474795,0.9931973941005054,4.6526951668973144e-07,0.00020669201977227032
67,0.00011958055237331159,0.02118280455203513,0.9783651609942496,1.0569754909403508e-06,0.0003313969258508553
68,6.260814827545102e-05,0.005985200224911754,0.9936862514715726,5.00302171695272e-07,0.0002654398530685006
69,0.0001305805603446782,0.007983657450559357,0.9914256776411134,9.071321267888636e-07,0.0004591772158558576
70,0.00035021241464981473,0.0039466925923701554,0.9951883394600902,1.0412906550579332e-06,0.0005137142422345193
71,0.00017723771473864033,0.006146544422821951,0.9929768901334795,1.4826388607652586e-06,0.0006978450900990947
72,0.00021203140031093048,0.0060692971752012445,0.9928876812399765,1.3384273639076845e-06,0.0008296517571471577
73,0.00011669431941481749,0.004014518226694702,0.9949930491267605,5.497416614052724e-06,0.0008702409105159824
74,7.192526763684334e-05,0.006240055587691834,0.9928829921950557,4.223830020807033e-06,0.0008008031195948066
75,0.0003860874042037765,0.03133505758446344,0.9676245849693935,4.424357180233496e-06,0.0006498456847593005
76,0.0001096937767203502,0.005833469360433307,0.9935973517200206,1.099072067634177e-06,0.0004583860707578269
77,0.00012452191687394964,0.013016410113308723,0.9861347283637693,1.446727879575893e-06,0.0007228928781685939
78,0.00031361728312943844,0.023280950046625812,0.9759303035022504,3.3078818620183554e-06,0.00047182128613210014
79,0.00014499303846682494,0.009393305805897197,0.9897977435874055,1.8689540289900031e-06,0.0006620886142015151
80,8.396049283997886e-05,0.005315501474833016,0.9941390442939191,8.820679760326077e-07,0.00046061167043172195
81,6.19634004129153e-05,0.009703561342084577,0.9896571003681985,8.079983946525391e-07,0.0005765668909092887
82,5.164285724510958e-05,0.00703869073307932,0.9924853591323711,5.736512020495877e-07,0.00042373362610240205
83,4.059801507467851e-05,0.006996105843010948,0.9925636535738779,5.384880892071873e-07,0.0003991040799473472
84,3.053595016586883e-05,0.0017950386091044543,0.9979193090871215,5.73206117819041e-07,0.0002545431474904114
85,4.657931753656639e-05,0.004659458806112208,0.9947524677717794,6.088802572950898e-07,0.0005408852243146096
86,3.1580048014915515e-05,0.0031557272886981987,0.9964434112754239,8.338776689708821e-07,0.00036844751019412983
87,6.150175204797387e-05,0.004501088512560347,0.9949121347724614,1.0293198493535864e-06,0.0005242456430810429
88,0.004791547618105447,0.0899817786078637,0.8079396908143177,0.0002612887122322838,0.09702569424748088
89,0.001779674359012252,0.015176690341482132,0.9512160506610878,3.3828849171122906e-05,0.031793755789246564
90,0.0003089557244498416,0.024223265344939276,0.9616772660792253,1.0372519454426813e-05,0.01378014033193113
91,0.00012690922247794264,0.006493119113007328,0.9884411260037994,5.924743568651306e-06,0.004932920917146708
92,4.65155323759968e-05,0.0027179793491859767,0.9960656265423699,1.425766266323743e-06,0.0011684528098016773
93,8.682522028119385e-05,0.00455737287965873,0.9947777951611163,2.4104704108131902e-06,0.0005755962685329171
94,7.036156637031107e-05,0.002882776706940664,0.996551891751739,2.13860258132482e-06,0.0004928313723686398
95,4.7534955918569306e-05,0.0030702589390365375,0.9966545387423639,7.437023525129668e-07,0.0002269236603285716
96,9.061916792866244e-05,0.010751762801147436,0.9885127590918504,1.2532746306974126e-06,0.0006436056644428243
97,0.00010949131143107022,0.006618469529889873,0.992854490875349,1.190615554279055e-06,0.00041635766777574606
98,9.798031433227063e-05,0.00796687729735467,0.9916677694644243,1.5364283931673582e-06,0.00026583649549577124
99,0.0001721901588276409,0.014561506835171687,0.984757887896548,1.6387890272585526e-06,0.0005067763204256206
100,0.00011268898549505246,0.012024544077945318,0.9874982211217853,1.085713954343644e-06,0.0003634601008202097
101,5.278483113812243e-05,0.004499052295015168,0.9952126352098799,5.416240917141135e-07,0.00023498603987506212
102,8.45036961811413e-05,0.011484820897971,0.9880355040275179,1.152574651096682e-06,0.00039401880367878037
103,6.971913525041014e-05,0.009548765583787202,0.990088291054552,1.4218127719151136e-06,0.0002918024136384984
104,9.72476819572076e-05,0.009348247687330965,0.9901058942619424,2.3446668376618237e-06,0.00044626570193167245
105,0.00014864337224844307,0.010842113606883584,0.9885046772373353,2.894600633112839e-06,0.0005016711828994717
106,0.00030353451902429153,0.004467621970799206,0.9931179691638117,8.285595653408987e-06,0.002102588750711568
107,9.467324589405981e-05,0.011203238450332432,0.9881896363823375,2.8827441166515846e-06,0.0005095691773193773
108,0.00398206711378531,0.009827615701310626,0.9815687759341226,7.2139710677318475e-06,0.00461432727971358
109,0.00023538230124066817,0.003890465387973537,0.9950498787369985,2.231640341444481e-06,0.0008220419334457798
110,0.00022274345612661181,0.00966632890992358,0.9897574511931398,2.167606726473833e-06,0.0003513088340834769
111,0.00023138721840357485,0.005797946161823729,0.9937528279121549,1.112835863080877e-06,0.00021672587175477703
112,5.4652817507076565e-05,0.0062627445798643395,0.9934317089258204,1.2223135963094285e-06,0.0002496713632119618
113,6.075039174753508e-05,0.006820635339752679,0.9929479793907495,1.2197646786647508e-06,0.00016941511307178543
114,0.00039811101917038954,0.005183520068423582,0.9918169972059916,1.5062864451305544e-05,0.0025863088419631236
115,6.0051721891058214e-05,0.004149360050586173,0.995436727240566,2.3159571090250147e-06,0.00035154502984756136
116,0.00031946192038887953,0.009876930667921505,0.9883772642304988,5.254128141703389e-06,0.0014210890530489764
117,7.760784886998154e-05,0.006089212576711842,0.9933856058448802,1.6939989043474672e-06,0.0004458797306337984
118,7.632498434584642e-05,0.0066381614616165974,0.9931059430018624,1.5109397057082836e-06,0.0001780596124694887
119,0.0006555741972837606,0.013633127885047414,0.9843670572019064,5.852919126556367e-06,0.0013383877966359095
120,0.000176993993817803,0.012449162167008919,0.9869786896096642,2.7856062542250068e-06,0.00039236862325491836
121,0.0001544210111592775,0.016647053581914407,0.9827922637766774,4.280400610218978e-06,0.0004019812296386306
122,0.00013745769830503831,0.010804265227179767,0.9887277057583823,2.216226613116795e-06,0.00032835508951989064
123,0.00011582902146410022,0.012735422342892204,0.9868957470247252,1.625018682353095e-06,0.00025137659223622527
124,0.0001003471365445455,0.008146444626899526,0.9914734189484521,1.2651754903206627e-06,0.0002785241126133947
125,0.00012998586657081583,0.006277638068953277,0.9933987357325785,2.816398735728762e-06,0.0001908239331617329
126,0.0001498504891792488,0.009495712993589714,0.9898003883329723,3.691681127533009e-05,0.0005171313729834319
127,0.0008102663394717232,0.06159122553878194,0.9351369379736731,3.451059477518108e-05,0.0024270595532982562
128,0.00023189736063846528,0.024075364617417865,0.9750762733096773,5.529875105686621e-06,0.0006109348371607129
129,0.000444879961439749,0.05439296351889895,0.9439429615049537,1.1377309899265502e-05,0.0012078177048084101
130,0.0021001403167226415,0.015536411610113954,0.9805901082696604,6.417433102275458e-05,0.0017091654724803985
131,0.008308744572290352,0.051620610020113214,0.933387927098645,0.00010025213454114297,0.006582466174410213
132,0.0033159290652849806,0.15495949645714924,0.8364980928714565,0.00011992922098955273,0.005106552385119728
133,0.003428016312770111,0.04713657738848708,0.9446252321418098,6.026498763521833e-05,0.004749909169297786
134,0.04088829474379197,0.05049083934279141,0.5908091127445132,0.003257821712578236,0.3145539314563253
135,0.024934014099098012,0.17739726652882074,0.7422804703895309,0.0008857314942188687,0.05450251748833152
136,0.016921557874842858,0.1994347250807762,0.7428531413586954,0.0010118139266964874,0.03977876175898899
137,0.5016597396862081,0.11905906235415765,0.10070258247865332,0.0042258263060750865,0.27435278917490574
138,0.025815991794705246,0.3088860887612975,0.6272175711287208,0.0010288564518440714,0.037051491863432394
139,0.19491150838384805,0.4187633507146322,0.037627415230055264,0.027428070498695563,0.3212696551727688
140,0.022088751885327183,0.019370370139540204,0.0006099721807457298,0.002364799483906928,0.95556610631048
141,0.40730464477862366,0.3602667254668796,0.00433143991606823,0.04910848724441046,0.178988702594018
142,0.14501488568799387,0.6114822659322137,0.014075000101134194,0.20500363501594088,0.02442421326271732
143,0.33926882448244555,0.33493707599812633,0.0011429936535854413,0.10690396803098742,0.21774713783485525
144,0.16806227780455113,0.06281377722978189,0.0002018709228557377,0.02015133666607551,0.7487707373767358
145,0.5888830609850474,0.11421470913960192,0.0009027020021963937,0.08779573758516956,0.20820379028798472
146,0.6876187034222722,0.13940976653939308,0.002508615518374871,0.01682497131049092,0.1536379432094688
147,0.19689710682726136,0.6627928075039395,0.0575571177861554,0.01976315421493091,0.06298981366771277
148,0.10915192574458667,0.651572837087411,0.16613234975127167,0.03302062368095691,0.04012226373577387
149,0.08537184677414376,0.6980180213486565,0.10605175411922312,0.08934775301181448,0.021210624746162105
150,0.10333539167174335,0.680271186541623,0.005221033482093275,0.18378280954901016,0.027389578755530098
151,0.04256097874363097,0.8281939819476754,0.045803920181117716,0.026615107921364938,0.05682601120621112
152,0.2835089156083119,0.5847672779137361,0.0025866772391476694,0.01868452972893413,0.11045259950987023
153,0.09924396080222626,0.8771834576956661,0.008927039635474148,0.010700340661810042,0.003945201204823476
154,0.04847713189313279,0.7436133908184216,0.1953640927063941,0.009945325690088254,0.002600058891963314
155,0.040187341772309905,0.6837794061261511,0.2564300195585634,0.01649023582460202,0.003112996718373625
156,0.012335715386919802,0.6631068566171022,0.2956851665828125,0.02606355845803884,0.0028087029551267005
157,0.007702102232494235,0.7521216236975321,0.21090078791798342,0.026902848677435046,0.0023726374745551876
158,0.028421605397050003,0.9151733986404472,0.008560564283261624,0.042638499412390035,0.005205932266851317
159,0.013473569283407517,0.894973230151294,0.06920871664812221,0.0135743781202769,0.0087701057968994
160,0.03231910907914815,0.39886505082326024,0.550103134816179,0.01295434232244797,0.005758362958964725
161,0.0018943157792033912,0.34860999210310756,0.6462805513154871,0.002420613891458677,0.0007945269107433054
162,0.10342656564287431,0.5156083005150053,0.32286984664158624,0.0238625947915011,0.03423269240903298
163,0.0112340214387219,0.28889359151153543,0.6817619050992945,0.014930587632941078,0.0031798943175070813
164,0.24073547894622954,0.5360357433890767,0.007385528968026072,0.19985966796211263,0.01598358073455497
165,0.05088764672582786,0.8422925863870875,0.011775926990963092,0.08515660509767675,0.009887234798444819
166,0.004990230276368669,0.8919610123175153,0.09006992086166453,0.009259044457959319,0.0037197920864918297
167,0.11048658537417168,0.6626249194643221,0.0005184664790888759,0.18685680138291003,0.03951322729950732
168,0.06935613721237212,0.7017158294087298,0.00492158138564823,0.05780872134137649,0.16619773065187332
169,0.07537461490917823,0.8663278458945113,0.007632377559276492,0.03107540663996059,0.019589754997073605
170,0.03505546163070138,0.9118007956576147,0.020150204961531554,0.019867681117447685,0.013125856632704548
171,0.018803461078564423,0.8696997582629165,0.06505557975060006,0.032117739080452776,0.014323461827466244
172,0.02169580522418373,0.8527576479936478,0.07574146021832999,0.04090285499129321,0.008902231572545246
173,0.013780707415189084,0.851943196723049,0.09883175453493935,0.02879685439837165,0.0066474869284510445
174,0.015056726887399874,0.7447504256456446,0.12771345177690874,0.0913446708748816,0.02113472481516504
175,0.018131355396584482,0.35020196711656276,0.002179449387374549,0.6236403841852768,0.005846843914201425
176,0.025945705467614447,0.22444717948817336,0.0011058494297333725,0.7335357062522005,0.014965559362278209
177,0.07958811572012754,0.2235918484374951,0.002300469806126229,0.6708582523914128,0.023661313644838308
178,0.031987574336967216,0.10542196061271748,0.0005460781523372373,0.8557639098475984,0.006280477050379531
179,0.028791521152236318,0.2314597080318041,0.0005703522455763368,0.7284760939287799,0.010702324641603474
180,0.030094570585300705,0.6243311585978477,0.004037986031387247,0.3270288990227443,0.014507385762720081
181,0.01009850476460138,0.14833122478743876,0.0009888782559849376,0.8358966148354204,0.004684777356554529
182,0.005647892573135929,0.08017865800212087,0.00031641767306955077,0.9104376906352397,0.0034193411164339118
183,0.006951734861455151,0.35851410659561783,0.0013315446631663047,0.6266437907818595,0.006558823097901216
184,0.009663301718852052,0.3426436101143027,0.0036055748927862298,0.637056109008632,0.007031404265427059
185,0.007312298931758754,0.05286671542598897,0.00015161958436517406,0.9327404355843211,0.00692893047356601
186,0.014887427180612665,0.3843285012820811,0.00322861995008387,0.5879911734667543,0.009564278120467931
187,0.017342368673983997,0.17094899894463816,0.000870918386534099,0.8026739182492398,0.008163795745603818
188,0.02937467363333084,0.5910471235073251,0.0018184638014906245,0.37103245714815314,0.006727281909700206
189,0.0291404751511695,0.49740426281590705,0.014283445821347088,0.4453451498385424,0.013826666373033897
190,0.030155766050960417,0.5231565504530463,0.0006799689444805495,0.4414521100180558,0.004555604533457037
191,0.02129195822614776,0.7213693019974287,0.0005000111044797937,0.25367504214903236,0.003163686522911411
192,0.0425121006331652,0.8720681396100137,0.0024665062792980784,0.07166021337051094,0.011293040107012153
193,0.044635603571804607,0.8884271442583002,0.00957810520945403,0.050527929703685436,0.006831217256755826
194,0.008094454659470663,0.9071991616827103,0.04339309067423577,0.03863319693048647,0.0026800960530969898
195,0.029134882927617022,0.8294445844003707,0.005674431446414459,0.12849456640252674,0.007251534823070886
196,0.008391231591776111,0.9016321354235314,0.045613301603999255,0.041166970089035755,0.0031963612916573406
197,0.017771856373436198,0.889501333299535,0.04356402669902051,0.04430696535560435,0.00485581827240388
198,0.1996032268317163,0.41139193632567744,0.001619812094284977,0.03633904450154543,0.3510459802467759
199,0.08917509446317533,0.8818216080070654,0.0021902288445679887,0.023171811725328652,0.0036412569598626428
200,0.06548033368570484,0.9180833201991557,0.00365062986762137,0.007817868072450497,0.004967848175067358
201,0.02755073665477624,0.9378087991870934,0.026603716755156926,0.004403873221057211,0.0036328741819163786
202,0.027217839425180832,0.82960858151791,0.08871498157300195,0.04947331020965354,0.004985287274253697
203,0.011284919059114072,0.8463991918831347,0.12346387592193935,0.014513915296518397,0.004338097839293596
204,0.00803947296195975,0.9258604719558828,0.05397281041784065,0.00860139179316592,0.003525852871150866
205,0.006486703611164968,0.938177826405437,0.04758467902906395,0.004089329795489857,0.003661461158844094
206,0.021254498925001534,0.4670535955159424,0.4932510881876653,0.0038139789402678983,0.014626838431122809
207,0.008374431624965978,0.9124847192532569,0.07262562824027105,0.002602534320633699,0.0039126865608724035
208,0.00964126143788237,0.8191344308240642,0.16603741891921994,0.000979516308226072,0.004207372510607258
209,0.003867832025342282,0.7378741840196923,0.2550238542950775,0.0006526102303218734,0.0025815194295658642
210,0.002787540912684889,0.5676715086874486,0.42794613589076014,0.00025900583493081386,0.0013358086741755203
211,0.006312858278821312,0.8213863942329036,0.1700588039019176,0.00038443942654518045,0.0018575041598123756
212,0.040286432702392225,0.5621475910877143,0.38806794109231174,0.0018059691712587398,0.007692065946322921
213,0.009359617629650901,0.6460552091635376,0.342521258545433,0.0004197661824592893,0.0016441484789191262
214,0.0021763607198219534,0.27665113325390295,0.7196836818069515,0.0002544167867568134,0.0012344074325667533
215,0.004793584844270723,0.36706754421901333,0.6263453095633328,0.0002856914331917647,0.001507869940191372
216,0.0005655217326781479,0.2276329020133607,0.7711350291803176,7.05980611590332e-05,0.0005959490124845267
217,0.0009270737202089665,0.28902922920040375,0.7089086618371372,0.00016757320675188616,0.0009674620354982602
218,0.0005322751851591559,0.21360177071906133,0.7852905705088508,8.08545544378074e-05,0.00049452903249091
219,0.0003224652639889539,0.22855040659993583,0.7706414553707455,8.53369902698801e-05,0.00040033577505990106
220,0.0006125953582148193,0.3135695664264481,0.6845897287528235,0.00019597258185420058,0.0010321368806592355
221,0.0019315473189148653,0.47555438150446094,0.5208521977285472,0.00040779601789335405,0.0012540774301836326
222,0.0012851254944753272,0.36629259547145687,0.631218749200598,0.0002699388361055218,0.00093359099736427
223,0.00035301941768344755,0.15439335608280974,0.8445923321091219,8.18274606068539e-05,0.000579464929778082
224,0.000526155862626129,0.16454558581024248,0.8343210566563836,8.112982365389277e-05,0.0005260718470940208
225,0.00024114415023667563,0.2584784787895181,0.7409092891162196,4.59398202873985e-05,0.000325148123738276
226,0.0005250451101993128,0.3427937135233923,0.6559548648435085,8.45979662867041e-05,0.0006417785566130318
227,0.00044546843836504687,0.149172890119071,0.8498820761829914,2.9467317859550212e-05,0.00047009794171301713
228,0.00018825676363540532,0.04375342923507569,0.9558679794244694,1.284002441027714e-05,0.00017749455240910627
229,0.0005950940568386345,0.12423591437561463,0.874656117977468,3.4060341232830765e-05,0.0004788132488457675
230,0.0001281236449315073,0.04089918609403615,0.9588189065278794,2.5227839662598827e-05,0.00012855589349037447
231,0.003907840215359756,0.12260781412501222,0.8724889973030759,0.00011983270005439428,0.0008755156564976703
232,0.021811266673236386,0.08879796730414435,0.8864939575447874,0.0002200849892923819,0.0026767234885392796
233,0.0005906712573707664,0.03884674396885824,0.9600857275196378,4.627856462234564e-05,0.000430578689510959
234,0.0015696782933275909,0.058937829758459834,0.9385417327700105,0.0001414911111688433,0.0008092680670332453
235,0.0027453029404101636,0.06722253277523467,0.9263100061250997,0.0010273679166509873,0.0026947902426043956
236,0.001384366896801137,0.06628130973119595,0.9310838845797553,0.0004334823375383494,0.0008169564547093033
237,0.020949409415195998,0.13257469419929976,0.09942404400530114,0.008840971001593536,0.7382108813786097
238,0.008297204055184247,0.680918237026196,0.2972609821026106,0.006908115417588309,0.006615461398420949
239,0.02454465107017653,0.8139475035201187,0.07249896968331834,0.07055219898323821,0.01845667674314823
240,0.1368008588088819,0.6780004604900547,0.024855488039716312,0.04878848851439646,0.11155470414695082
241,0.21804939007318525,0.5962042974679626,0.0017578921979860707,0.1319808962859516,0.05200752397491471
242,0.005609132251863208,0.02695335046747595,0.005201839778794222,0.002968852246495711,0.9592668252553709
243,0.12492917697105568,0.038345820571566824,0.000443400812586356,0.01855399718697593,0.8177276044578151
244,0.6665771894427943,0.09984943461305952,0.0005294112027826466,0.17237728981578881,0.06066667492557472
245,0.6183065457511412,0.2694638121607902,0.0014625498180801586,0.08162514527617276,0.029141946993815723
246,0.37345639796432645,0.3654044025518595,0.000502734931724626,0.19506441528401053,0.06557204926807898
247,0.22040748362878756,0.6438517164014892,0.0020524740002863927,0.111787292208429,0.021901033761007827
248,0.06204855700828754,0.8663235149275068,0.011301882553860925,0.05519506226090522,0.005130983249439502
249,0.02022109488379736,0.8535259390660538,0.06619942469937863,0.05631222765532535,0.0037413136954448007
250,0.007081778782368569,0.9003197602493069,0.06163276463167472,0.029244852333090102,0.001720844003559801
251,0.014103013082778648,0.9052967089532484,0.0330831360716238,0.04432010854808278,0.0031970333442662997
252,0.009130086838774103,0.9325543129699387,0.020702595008075187,0.03642188461733597,0.0011911205658760304
253,0.016311945999721814,0.956462528995473,0.011823982293672734,0.010070947268701565,0.005330595442430753
254,0.0109990356030639,0.9019665663324211,0.053992463763769774,0.03179477191640461,0.0012471623843407617
255,0.005043762283582831,0.8479808071379049,0.11282033644810666,0.03320620840829914,0.0009488857221063491
256,0.007410348464204808,0.9281711408332992,0.015137714342350967,0.04176946799757167,0.007511328362573408
257,0.05180119054586264,0.09950206552829972,0.00031638553276404883,0.5540927981992926,0.294287560193781
258,0.08912469594258153,0.33968925394504035,0.0006828775248558143,0.35347708769250785,0.2170260848950145
259,0.0940471277993234,0.06639278873067588,0.00024241865019663462,0.12329200800770777,0.7160256568120963
260,0.0028693249266457214,0.0015770927147704464,4.6028549575547336e-05,0.006540707699851833,0.9889668461091565
261,0.002106283776146419,0.0007607585898983517,4.7071195476990874e-05,0.0059232301833546,0.9911626562551237
262,0.003489423805818287,0.0009103887304923695,7.666080829793045e-05,0.006539389257532692,0.9889841373978587
263,0.0021730048218244996,0.0008929048088088369,0.00027673052025971426,0.011306702957304323,0.9853506568918026
264,0.003797640985167516,0.0006836210396041682,0.00031675386763322007,0.011089868820344734,0.9841121152872503
265,0.006617387697415217,0.0003592993294526415,0.000144029579926372,0.007815350692495414,0.9850639327007105
266,0.023846762202413954,0.001105310651583641,0.00021575649230276312,0.015402319281950506,0.9594298513717492
267,0.009345916677648438,0.0009519753747889731,0.0002151703610287105,0.006712152357093462,0.9827747852294405
268,0.0040408811471188905,0.0009273130697547936,0.00014081737338975055,0.003776865424003268,0.9911141229857333
269,0.007098890808341862,0.0022026868737796607,0.0006090514444136605,0.0026111377817588017,0.987478233091706
270,0.018255250265574684,0.015457706249377217,0.016132069247709168,0.0012987931326655117,0.9488561811046734
271,0.014490070854757925,0.00507559504309045,0.001469377614194399,0.00040134636263045866,0.9785636101253267
272,0.028130533764577005,0.00944818906057891,0.002748348579793373,0.00040466689462963587,0.9592682617004211
273,0.07305621155080935,0.08302306522247134,0.0064123944460577325,0.0011711237014263409,0.8363372050792353
274,0.060077158057249225,0.10798931072673255,0.010515759144566166,0.0031121365878776217,0.8183056354835744
275,0.049571875419208426,0.38946771448539397,0.035148554364768415,0.013647885142095396,0.5121639705885338
276,0.07722564212315007,0.4476437207987165,0.009996757056095403,0.030762890943840705,0.43437098907819727
277,0.042931597491880816,0.1850660684352526,0.006786908057217379,0.00593856079223167,0.7592768652234176
278,0.00472823720002006,0.03150118603237041,0.008257837998648673,0.000987127172654709,0.9545256115963061
279,0.006845870451463759,0.006550736049296267,0.003205142959344503,0.0009604858885112011,0.9824377646513842
280,0.04893103013847034,0.0279962050169961,0.000604804255473903,0.005426275929362879,0.9170416846596968
281,0.03660436532191236,0.050324777966272015,0.0013638980496116656,0.0029773475853374035,0.9087296110768667
282,0.05590947736044456,0.060185931094708406,0.0029713492789038196,0.004495868241897685,0.8764373740240455
283,0.1031417972446645,0.060874848429129845,0.0002163045833153065,0.010666964152813378,0.8251000855900771
284,0.16382687585173472,0.16272295104516116,0.0011485670788851127,0.009991644288016356,0.6623099617362026
285,0.049600967452180005,0.0376702461955869,0.001230869306059326,0.012282106767593146,0.8992158102785807
286,0.0798575335129344,0.05575089645523274,0.0007036253943414186,0.018678586836842755,0.8450093578006488
287,0.004931991152754258,0.012468448002263304,0.005806857358918396,0.0009362234247484168,0.9758564800613155
288,0.013736923153959232,0.027022089403879443,0.024928646987685443,0.0007816194069331584,0.9335307210475426
289,0.21022097561069256,0.1432199972208279,0.006871877956783711,0.006179081450720316,0.6335080677609756
290,0.007931472683828758,0.015118975183286141,0.0031027038029820195,0.0007641361739136083,0.9730827121559895
291,0.06124905565073672,0.1659456361528631,0.029580519815506183,0.004830359443487465,0.7383944289374065
292,0.09738256548013287,0.1636804260427749,0.009111724669847658,0.01281054530392373,0.7170147385033208
293,0.04610487470108673,0.034355603784417155,0.0011453398692240376,0.004215899840878622,0.9141782818043935
294,0.010736446730526247,0.009405898619264014,0.04326088050092105,0.0005637849410028774,0.9360329892082857
295,0.012900303675517649,0.016058021885546992,0.029389077942542457,0.0007131837082065823,0.9409394127881863
296,0.1586797442296686,0.1391014440912083,0.020420766652065984,0.004347403940404821,0.6774506410866522
297,0.015647538038926333,0.024034418060350747,0.042860396079258255,0.0006285718366679532,0.9168290759847968
298,0.057742228631908095,0.0841767155895783,0.02698988300636435,0.005360530435266828,0.8257306423368824
299,0.029298123019389572,0.047426571197243306,0.03740210764746501,0.003392533412880285,0.8824806647230218
300,0.1781825701255699,0.2828149143527828,0.01706364327180801,0.014449450415519944,0.5074894218343193
301,0.10598602553017722,0.07104819866345741,0.0010314356128570783,0.004079021577312291,0.8178553186161961
302,0.093806728797608,0.05743605298844899,0.0013144835090602932,0.008510090168931058,0.8389326445359516
303,0.058261614773655365,0.07661645861903843,0.000934056082441237,0.013818366672109304,0.8503695038527557
304,0.041119461124330514,0.07575548252784546,0.004974504436983945,0.012473883491262367,0.8656766684195778
305,0.024299702703163378,0.03545533606018706,0.003494810976733109,0.005140897737292615,0.9316092525226238
306,0.05417222205694826,0.06458447901273272,0.025598195022447336,0.01554359751189182,0.8401015063959799
307,0.28411921652727634,0.10183279196270922,0.015662782773102128,0.018539529561551058,0.5798456791753612
308,0.13331840308776677,0.10962303177179616,0.05502187222518401,0.008322776209735316,0.6937139167055177
309,0.040318699618183386,0.07879589943954572,0.06261070745140247,0.008267157078863671,0.8100075364120047
310,0.042890130555975355,0.030813963730064765,0.029853688672674655,0.003975598578455538,0.8924666184628296
311,0.13964363194269142,0.05929709407592922,0.004868134041056016,0.005578239058217147,0.7906129008821062
312,0.1946380943504891,0.11978413114454489,0.009285214102689551,0.026606217497820883,0.6496863429044555
313,0.07986681133322593,0.059995058909801946,0.005151043208635565,0.004553726735501885,0.8504333598128347
314,0.02185901383132328,0.1024590649218385,0.13834289584447157,0.0027151984614527994,0.7346238269409139
315,0.07830199353418785,0.13985389070246265,0.14022977433956899,0.005147875757992933,0.6364664656657876
316,0.04668383092489166,0.043887162288860374,0.029969401259658135,0.0040110336518478645,0.875448571874742
317,0.07195133100128084,0.08280935114176807,0.22833390053834207,0.00328057199349111,0.613624845325118
318,0.1419388897759208,0.12850720786493153,0.04188180490554759,0.01085394867180905,0.676818148781791
319,0.33049957808741387,0.4597143043131692,0.02920859893643385,0.06434687768942607,0.11623064097355718
320,0.12027912017562221,0.3145779366087969,0.060609579498560634,0.05079921938550081,0.45373414433151954
321,0.12926441467644442,0.1324497038846214,0.024933871890744468,0.07086322553778146,0.6424887840104082
322,0.09823149523949444,0.2776467223436021,0.08822006954307597,0.05312647756655837,0.48277523530726907
323,0.06353068778949118,0.19075653685460958,0.03779439809247744,0.024699357904305854,0.683219019359116
324,0.2750319452429974,0.42255126122014763,0.016554258351885818,0.15206433278606615,0.133798202398903
325,0.07391637132669575,0.06779996569896722,0.017699578193730574,0.018591436418648497,0.8219926483619581
326,0.10114309500001031,0.19595568872937513,0.025044348940542832,0.03318535357804324,0.6446715137520285
327,0.39058148071841026,0.26808955988066163,0.004134138624343099,0.26248000861322995,0.074714812163355
328,0.11366124908609022,0.136383854572069,0.003749610704387396,0.05483198760495764,0.6913732980324957
329,0.08746917988441388,0.1260384853492841,0.005535560115804829,0.03829842446568436,0.7426583501848127
330,0.07878415326805636,0.0407725792334276,0.018956407268972082,0.011881063681527576,0.8496057965480164
331,0.11052828750888188,0.06330417554984608,0.007008947862737479,0.014095335212211159,0.8050632538663234
332,0.0632344499421088,0.013080250476885625,0.001876969706664877,0.0057472232717086045,0.9160611066026322
333,0.3361090185787223,0.0692927384363412,0.0013294107376111708,0.02107368652862808,0.5721951457186972
334,0.05361185547814507,0.08056012922442168,0.013191018513956782,0.010312583895396124,0.8423244128880804
335,0.03933437520948276,0.03870466610872829,0.004945283536041428,0.014371625234231154,0.9026440499115164
336,0.18341139190032454,0.23279019499383877,0.008207223471481732,0.09903989568999594,0.4765512939443591
337,0.051663619776699615,0.08528820703525195,0.008835671879506388,0.05269590289680516,0.8015165984117368
338,0.02778428697908101,0.011812239905028095,0.015538458616014165,0.029275848839353,0.9155891656605237
339,0.01584538378138919,0.014374111611300859,0.0020983898618197835,0.024883738755114092,0.9427983759903761
340,0.007245967026353,0.015515987121080816,0.002468682750922165,0.009885140111039182,0.9648842229906047
341,0.0017408192801574435,0.001258528030473914,0.00011669138712973254,0.001202127186970307,0.9956818341152686
342,0.0051836853032936475,0.0017499872758011319,4.0901048553177395e-05,0.003545357111016501,0.9894800692613356
343,0.005330094443484792,0.011863255939048334,0.0005737315667724098,0.002521993563842171,0.9797109244868524
344,0.0014091670381192294,0.008367067086369551,0.0012189069399538757,0.001832929104972834,0.9871719298305844
345,0.0014790942800375637,0.004390722951133518,0.0005255194656259525,0.0013299926638756358,0.9922746706393274
346,0.005094329729640135,0.008836162040000218,0.0007680830379808126,0.001953068370333992,0.9833483568220448
347,0.014502287430475033,0.01700024464195613,0.0008702507682593001,0.00926398601189801,0.9583632311474115
348,0.03300726268345267,0.051640038444069725,0.0015084578369306699,0.041068934613420455,0.8727753064221264
349,0.026359661063717673,0.017301843057899533,0.0007511590018426064,0.01696009817777786,0.9386272386987623
350,0.02567691408438005,0.06166844117346237,0.02321871981804596,0.004772033934323467,0.8846638909897881
351,0.15867614758839726,0.1542740663872387,0.006435811762977558,0.019548798776779695,0.6610651754846067
352,0.20543479300281184,0.055466982978141906,0.0033408381327917716,0.02262438519192581,0.7131330006943286
353,0.11940996476195544,0.11971445109484617,0.0021631399538561335,0.021902569933644072,0.7368098742556982
354,0.384568909040776,0.2230863212024,0.014590065041530428,0.08960869998009564,0.2881460047351978
355,0.30489769759915647,0.2524925375079846,0.012552802346820956,0.10289843143479506,0.327158531111243
356,0.09538538003616796,0.02933482787359371,0.023327032311861562,0.009487555887436336,0.8424652038909404
357,0.052201335376189865,0.04865202699934683,0.02554535689073275,0.002730430038984011,0.8708708506947466
358,0.36154865160113225,0.16456627075583086,0.012253538588180268,0.04435154031188986,0.4172799987429666
359,0.19353700194013893,0.18479775978896645,0.030106449731854074,0.03272165077576055,0.5588371377632799
360,0.2108340605711695,0.22579946420030478,0.011404222199220077,0.2850105269858038,0.2669517260435019
361,0.26427146956360703,0.1705616454413278,0.009427419265562075,0.4391156034665901,0.11662386226291281
362,0.1454037358333215,0.11678764094059202,0.029572083124151945,0.41024287183545916,0.29799366826647544
363,0.15711638105495274,0.08139300287064831,0.04032945350411691,0.08538838447946061,0.6357727780908214
364,0.1535976190351879,0.101907853778059,0.040773544709462574,0.1801875506691015,0.5235334318081891
365,0.06964326181153514,0.04681766295392881,0.014552665485066634,0.05231000645840437,0.8166764032910651
366,0.24622281733042958,0.1288629684986812,0.0035743055583696975,0.0746652547213442,0.5466746538911752
367,0.1106135087489646,0.17010469216005505,0.037622422104961355,0.07271313903178798,0.608946237954231
368,0.009902129933790601,0.012140919894914464,0.0011981354465827028,0.007127283381132265,0.96963153134358
369,0.015489327922485054,0.008922440950011799,0.00156474897912273,0.003140167600738673,0.9708833145476418
370,0.160605201345915,0.06511440524595913,0.0032143595351241524,0.02494717424324842,0.7461188596297533
371,0.12804674644194866,0.017104336728273772,0.0004098476166774565,0.008906228989237772,0.8455328402238624
372,0.5154803376675997,0.2347253660354251,0.0023926535125907205,0.10324455699045491,0.14415708579392958
373,0.10832783167426377,0.05702291967977602,0.003142842289470239,0.025907222574281078,0.8055991837822088
