epoch,N1,N2,N3,R,W
0,0.0006981450724543581,0.0009174021573001867,9.134193707618376e-05,0.0003619101321102561,0.997931200701059
1,0.00023236563953551003,0.00024494069372855596,7.057687543564357e-05,0.00012655297136180552,0.9993255638199384
2,0.0009247282767188347,0.00041572314639766087,4.9724013541459024e-05,0.000251843855257374,0.9983579807080848
3,0.0014941024662612219,0.000331556938702581,2.844837829037522e-05,0.00030609985705097625,0.9978397923596948
4,0.0012323857322126932,0.00031006294029544,8.049446126489565e-06,0.0002954908571107145,0.9981540110242547
5,0.0008798019428790069,0.0006471590258402046,3.323958309300489e-05,0.00018919523463332044,0.9982506042135544
6,0.038221760773327604,0.00551858907226761,1.2897278515740995e-05,0.001297139499719534,0.9549496133761696
7,0.010573656784231753,0.004098083825304148,0.0008169347304093963,0.0005755287474793156,0.9839357959125753
8,0.019606646234357056,0.0056518707090585756,1.7378235690082185e-05,0.000980819671543464,0.9737432851493508
9,0.012295838684437347,0.017129153853684673,0.00010039204127809594,0.001268987997186009,0.9692056274234138
10,0.021795748684999876,0.05197916566360605,0.00037042955244252415,0.0016204503262601119,0.9242342057726914
11,0.016388383980544218,0.010603263778869767,3.0973642223925736e-05,0.0012489450999820966,0.97172843349838
12,0.014030095907529913,0.11415619250563239,0.0005769696395875658,0.0019148368495828128,0.8693219050976674
13,0.010693838780432818,0.015447102953281635,0.00011844875820076154,0.0014733772155065658,0.9722672322925783
14,0.022323811222315266,0.021706498766252184,0.0001137674416221337,0.0021420770441662614,0.9537138455256442
15,0.10103545021436497,0.07365860895847437,9.790265018014467e-05,0.01057540729417651,0.8146326308828039
16,0.07841767962225092,0.07952614607889355,0.0006561793810858991,0.002823650698418189,0.8385763442193515
17,0.007574682529023064,0.00485579895183364,7.873775647096661e-05,0.000483946281300795,0.9870068344813716
18,0.4143087989143356,0.14502361253914126,0.00020467217311576842,0.006191047057069144,0.43427186931633827
19,0.15124032495452086,0.24534620270948485,0.008690350847386523,0.001123012884367633,0.5936001086042402
20,0.03303255101517669,0.03746526360738229,0.0009832335415740914,0.0007417444501347373,0.9277772073857321
21,0.15611577099879687,0.5937996091261769,0.006467934808191841,0.006194605349146989,0.23742207971768736
22,0.15768474549041678,0.500092019692736,0.0019415682437708423,0.006546368371197503,0.33373529820187897
23,0.07416723453570251,0.7244666362325624,0.012641605724793678,0.001106201609502542,0.1876183218974387
24,0.06487830917294755,0.610063214932644,0.025590455948061086,0.0009061824969815111,0.2985618374493658
25,0.040711776688600834,0.8215423809378454,0.021405327945850223,0.002101981208115399,0.11423853321958814
26,0.024505988583685325,0.19476747097991498,0.015813720436544776,0.0013364211922675105,0.7635763988075873
27,0.001966430393172847,0.004033858951883636,0.0005491908355960152,0.0001737329166013457,0.9932767869027461
28,0.02637365367943608,0.01150646814190388,0.0004231989714246904,0.00041550864780786896,0.9612811705594275
29,0.16987715842384954,0.06000542109067807,0.00040249613259309836,0.0027198072151288603,0.7669951171377504
30,0.0018507009944577584,0.0017120123496532828,0.0004445409003445105,0.00047136746508081396,0.9955213782904636
31,0.16590911762736393,0.10639498818569511,0.00014983396862099777,0.009158452652257973,0.718387607566062
32,0.17224290355970862,0.0732378977282497,0.000723242433671136,0.007582813626784684,0.7462131426515858
33,0.009452534900150099,0.004902191000110912,4.702944651768002e-05,0.0010498807368229926,0.9845483639163984
34,0.09894754112514562,0.06648252360795921,0.0004197272444639752,0.003818727997249139,0.830331480025182
35,0.14773349758328386,0.09355601285858381,0.000310161779255035,0.006842491430458376,0.7515578363484189
36,0.0019628888820400533,0.002889622823538232,0.0007358322353897988,0.0012302742361895403,0.9931813818228423
37,0.029776762365083812,0.010463618866077579,0.00010160006034462821,0.0024984813183380637,0.9571595373901559
38,0.009248753219960234,0.0026413511168393218,0.0020940983600026904,0.0021229754502554306,0.9838928218529424
39,0.44584733138712473,0.06764633264185543,0.0008038090189290814,0.0035719980945437017,0.48213052885754704
40,0.3790405336791535,0.09164192189017277,0.0025747119857013655,0.0036344861490889046,0.5231083462958833
41,0.3481729806028241,0.09895088777529883,0.002023282596218264,0.001922678790345482,0.5489301702353133
42,0.5952881806763494,0.32345703998092096,0.005382430272946844,0.0043743275486504635,0.07149802152113224
43,0.2595064328144705,0.5534918413314555,0.015521172888151614,0.002938176263241483,0.168542376702681
44,0.10907224932802885,0.8598024519073456,0.00929574186215308,0.002369597796138354,0.019459959106334312
45,0.029695552091031717,0.9072830441384712,0.03818051356199698,0.0006036261295923034,0.024237264078907732
46,0.08815164082521657,0.8153287914821152,0.018120573229987502,0.0012990868658458675,0.07709990759683462
47,0.09009577802481629,0.8716893394911275,0.023413112810270535,0.0006108988173368458,0.014190870856448785
48,0.03070344688169738,0.9193865872935257,0.040424523243231786,0.0005078448818276699,0.008977597699717538
49,0.06915506256619994,0.886582906766397,0.028765634835047117,0.000835175732112946,0.014661220100243063
50,0.028470705522274778,0.7595788001963443,0.20526965386702986,0.0006347643413583132,0.006046076072992667
51,0.013032882221419137,0.7731907210825419,0.20763265539509437,0.000922276139357708,0.005221465161586842
52,0.027599990815035853,0.6665019771261548,0.29177238050443116,0.0010137242582977924,0.01311192729608057
53,0.014265245692760721,0.5274773652263479,0.4508830687228381,0.0019441671660828683,0.005430153191970399
54,0.008421666185863382,0.7374830549050923,0.24441984610091005,0.002214910057141225,0.007460522750993038
55,0.07282162904536145,0.8098578899005276,0.05338707927530156,0.0022718236867398187,0.06166157809206967
56,0.03887219813710117,0.8325016443593327,0.10877581823737403,0.0034541883519160765,0.016396150914276264
57,0.046049382938980025,0.06342655492116384,0.01236331156598145,0.00585309088449715,0.8723076596893776
58,0.46095465870144425,0.37416350158005496,0.0024750074674416717,0.006125690917556369,0.1562811413335027
59,0.3774018432181351,0.5526244447452868,0.006672108083775615,0.001886243707628181,0.061415360245174154
60,0.280593239869081,0.5493221729168124,0.011337785548232874,0.0008774711325073462,0.1578693305333664
61,0.5524418130333033,0.3029503887030042,0.002052165284341289,0.0022309519124073807,0.14032468106694385
62,0.029687722060112245,0.8932796736571067,0.060572168195910464,0.0007501978450308814,0.01571023824183959
63,0.04457657246369813,0.130232873034445,0.025877526623120192,0.0011638963115531257,0.7981491315671835
64,0.1475769631043102,0.5755950222988816,0.009150855793769749,0.007114352831118128,0.26056280597192044
65,0.3292402443021882,0.4895436858000737,0.004169647414319611,0.01358932772620332,0.16345709475721523
66,0.09977123094972519,0.7521102367253084,0.06099737843903138,0.006610468717606821,0.0805106851683283
67,0.2458154130081566,0.33531369764740776,0.003502211882045379,0.006651342453549477,0.4087173350088408
68,0.09581444995243087,0.7925404668699619,0.04428211829046881,0.0024974280779766446,0.0648655368091619
69,0.020605080985531345,0.04111915875967236,0.008200182061014041,0.0013486510569576619,0.9287269271368246
70,0.4312849846097587,0.19156836235382269,0.003297715740967303,0.01837106017931364,0.35547787711613765
71,0.28784447555964593,0.3429421631603814,0.00795135556136234,0.003372876429677964,0.35788912928893235
72,0.15374285059473666,0.7582675141169527,0.026515015955236726,0.0016851493677167387,0.05978946996535706
73,0.3149132789286249,0.560080457020556,0.00591595169583351,0.003218815776430897,0.1158714965785548
74,0.19295259706990753,0.7234096816846448,0.009949567761259643,0.003984840344022427,0.06970331314016553
75,0.06376550479303979,0.017732047587755144,0.0004555549834017327,0.0011755379215981365,0.9168713547142051
76,0.06429894095110272,0.12774950483612404,0.003190095168438984,0.0012208624797301157,0.8035405965646042
77,0.4080922944235608,0.08706523277358746,0.0009377491651703209,0.005389586738490784,0.49851513689919064
78,0.1824715768885874,0.24638768619814072,0.005208096231797491,0.0009620761341340817,0.5649705645473404
79,0.37174302805943593,0.387936158072968,0.011215950705177741,0.005753647518526332,0.22335121564389207
80,0.23489751947618695,0.6592421296500267,0.025743577413719153,0.001822860953048919,0.0782939125070182
81,0.19068416549920997,0.6510795786192315,0.014812808217900562,0.0028077315731313067,0.1406157160905267
82,0.02369599363714636,0.05861653948991722,0.012396769558544967,0.0022384804494571223,0.9030522168649343
83,0.5028543157603562,0.40850330651415057,0.0007734766871837941,0.004293330342281677,0.08357557069602775
84,0.29697052649537825,0.6603138743220415,0.011002480309642881,0.0006302010321032506,0.03108291784083409
85,0.05788848047014294,0.7266541805963779,0.20643727698875658,0.001405778468897678,0.007614283475824835
86,0.11639917264972688,0.7831232672425447,0.041363725361195695,0.001223711313470532,0.05789012343306225
87,0.05304127243710996,0.8286406161734245,0.10160100349981996,0.0028100673192271147,0.01390704057041816
88,0.372334938155772,0.5102853773018552,0.001631277922453835,0.0073005572385067205,0.10844784938141235
89,0.03197195038973633,0.8432530014725642,0.1190824924972633,0.001334106415916919,0.0043584492245192594
90,0.07971455312411016,0.5162524858778911,0.05154898987127393,0.012866433501407065,0.3396175376253179
91,0.35569120780997526,0.5916922821747802,0.0011686173494682226,0.026120580655739273,0.0253273120100371
92,0.10647318106466619,0.741574152234006,0.05575371130960461,0.006487782265819403,0.08971117312590385
93,0.2676666775885714,0.6242427704413891,0.012571800200782357,0.013573521767721121,0.08194523000153608
94,0.042835549887087015,0.9076735906992144,0.03359845582901582,0.007394960757223652,0.008497442827459328
95,0.2933780126662251,0.5561811106184782,0.003380145927780026,0.08606848304529581,0.060992247742221006
96,0.36771139023140176,0.5349634956728309,0.005765759568237727,0.006239927235726534,0.08531942729180303
97,0.061499796866158224,0.89412106822995,0.040165873987695826,0.0010260605844836866,0.003187200331712507
98,0.17000864683449837,0.7627253705206894,0.02672376897016442,0.002229663238470644,0.038312550436177074
99,0.216253889693669,0.713853021942366,0.01237672302313935,0.003267047221659234,0.054249318119166584
100,0.036510091279960286,0.8829251656102309,0.03972148956553227,0.0018331617710433219,0.03901009177323317
101,0.08220048819039735,0.7677439085042499,0.10242900837816978,0.0030058120595678932,0.04462078286761505
102,0.10024220733029092,0.6625761494253645,0.07572086099014333,0.00754427160852846,0.15391651064567283
103,0.18965074146569602,0.7031862764189484,0.025148933712125482,0.0038923235515923964,0.07812172485163787
104,0.20702701901506557,0.6337338739902447,0.0065348732011102405,0.006414366571635132,0.1462898672219443
105,0.20205512362818642,0.6878038921827979,0.05536376842619955,0.002459269488557283,0.05231794627425887
106,0.17305878878523398,0.7378449518694978,0.03490580581737124,0.0008556221778220022,0.05333483135007494
107,0.005497003582209805,0.2311846567528334,0.7550736227160305,0.00025223076889276764,0.007992486180033384
108,0.03211574706293335,0.5258141110815644,0.4326204903365549,0.00036784096722584355,0.0090818105517215
109,0.004040013596961497,0.18387415464425447,0.8062492428493797,0.00019598769572606054,0.005640601213678308
110,0.005672930620862648,0.0685977939656983,0.9223574496601228,0.0004696979305367924,0.0029021278227794726
111,0.023072966510895125,0.43144297982733076,0.5303903650502497,0.0011096774249377969,0.013984011186586678
112,0.02713395013193941,0.5066222399067078,0.43361371642680363,0.000689095964276471,0.03194099757027263
113,0.1651847358191464,0.5264829102013813,0.25456020184797734,0.0018978796907882037,0.051874272440706796
114,0.1701422354396963,0.6651928847976246,0.060154997202871374,0.0018147432778625398,0.10269513928194529
115,0.24340919000915134,0.6735275494338624,0.02052811079871606,0.001128201144366146,0.06140694861390419
116,0.3840051058814902,0.5717897621539716,0.013827553052582079,0.00146331627167935,0.02891426264027675
117,0.05728912354263519,0.6964417229448835,0.2279961430945001,0.00039921089847699717,0.017873799519504248
118,0.05571734849943604,0.7184373526581082,0.16438977671252455,0.0009926002412955527,0.06046292188863581
119,0.0598633359414673,0.7771776012333232,0.09208653355529127,0.0013384111373555192,0.0695341181325628
120,0.02098336370092317,0.41373022233639917,0.5302074378486081,0.0006208173962391013,0.034458158717830395
121,0.07068574984983844,0.5188742550747989,0.32160052587569316,0.0007427806653099295,0.08809668853435962
122,0.03125793338125786,0.5073220753516164,0.44392129000613734,0.0005172737010203501,0.01698142755996799
123,0.14059823113051295,0.3522796665832883,0.45348136612194784,0.001102861380833995,0.0525378747834168
124,0.10597983819031785,0.3416503025310458,0.5356672329693442,0.0006455807222297247,0.01605704558706244
125,0.14264373767738686,0.25590675548182423,0.574121673817502,0.0012138978621547038,0.02611393516113222
126,0.18464355238870678,0.5971853207871505,0.17922991542991384,0.0017530008442550899,0.03718821054997374
127,0.04352743742832431,0.4237578484726397,0.5187548620584708,0.0006754494274400912,0.013284402613125197
128,0.22231611151305447,0.6460301217259388,0.08998947636031798,0.0012366993521217681,0.040427591048566906
129,0.002667239624754145,0.1374920514081936,0.8559680172706914,0.00010996903283935128,0.0037627226635213546
130,0.009996683686999719,0.18883874375972198,0.7983991317179233,0.0002042824987504833,0.0025611583366045316
131,0.0019854249846211753,0.12835231149648219,0.8671608463370374,0.00015625700544455294,0.0023451601764144323
132,0.013432506568425276,0.3149167006883527,0.650657308056278,0.0005404905768785538,0.02045299411006554
133,0.003391543987513663,0.154710925269975,0.8376079703043736,0.00011697434557811229,0.004172586092559536
134,0.0015015187141035641,0.05192292537588745,0.9447678995640321,7.175845699547103e-05,0.0017358978889812648
135,0.0031921201795439,0.09351693992583748,0.8976656316120389,0.00021882421485295826,0.005406484067726737
136,0.0007800931956703126,0.04315378924890519,0.9546211043810345,7.048220391193411e-05,0.0013745309704779876
137,0.0007215875448145353,0.04296040848275305,0.9543026362520188,6.77739514134721e-05,0.0019475937689999612
138,0.0004910330181000271,0.0394059670460757,0.9592649554799736,3.9675796536505545e-05,0.00079836865931416
139,0.0004915301066203016,0.030218581424287703,0.9679542520415254,4.919481640225921e-05,0.0012864416111643007
140,0.0007084532559256272,0.0793984048444686,0.9175832114565231,0.00011842622424168747,0.002191504218841091
141,0.004624536083202685,0.16532005120248347,0.8248101650972154,0.0002531652291699516,0.004992082387928467
142,0.0016690563497495192,0.0879306863685066,0.909146984787508,9.404797742986918e-05,0.00115922451680618
143,0.000987771855549025,0.06703370806669445,0.9310081900969414,5.415637623922878e-05,0.0009161736045758023
144,0.021160280266682888,0.3676424459772094,0.5958793570712319,0.000625478639284208,0.01469243804559163
145,0.0006835165857561086,0.06755481104393074,0.9303915490827503,0.0001256616022016837,0.0012444616853608832
146,0.004274098918472797,0.2256799476610461,0.7640961769194339,0.0003517450849791377,0.0055980314160679195
147,0.006563745526899262,0.19586279738846657,0.7942911112931307,0.00036652615428477657,0.002915819637218697
148,0.028797955129032157,0.3861862597842179,0.5595399031189476,0.0027817575578313403,0.022694124409971043
149,0.009059674745008257,0.38728065681583024,0.5987498586137955,0.000570247484106605,0.004339562341259388
150,0.10961852814349364,0.7524885007355558,0.09135809271780719,0.003878127579084789,0.04265675082405863
151,0.013274646471001956,0.39154197454738,0.5837542407197103,0.0009649311785125043,0.010464207083395348
152,0.1413433620859593,0.5839092598392079,0.0448757190938922,0.007079919805158977,0.22279173917578163
153,0.2508366891803284,0.543443053878034,0.02613241285124422,0.008877675304772088,0.1707101687856212
154,0.290548528829306,0.4399945910032078,0.021726386225717244,0.007134369925378744,0.24059612401639016
155,0.26279174798792443,0.2993633362815233,0.054483923614805474,0.025969835291856307,0.35739115682389044
156,0.04597580802372217,0.49854886258199244,0.15585847221830865,0.014778092129355802,0.28483876504662103
157,0.2759458782208666,0.28674048761921117,0.04450653605319848,0.025501217384114722,0.367305880722609
158,0.05209564869325334,0.62299097291576,0.06654129235468373,0.019681449249580728,0.2386906367867222
159,0.34974423827341716,0.3986699825793878,0.041612246379618224,0.029061567072955617,0.18091196569462123
160,0.2006907076663006,0.3615543856014668,0.03422230953232427,0.014249702825823765,0.3892828943740845
161,0.12217113598097923,0.6663523303031166,0.031097067482286474,0.01848791366669303,0.16189155256692483
162,0.30252776254551894,0.4105684734986782,0.060987089763439715,0.024043049672506013,0.20187362451985721
163,0.35108777702502975,0.41933872728863747,0.11115515177622176,0.016789896580264495,0.10162844732984666
164,0.27771707889143527,0.5033951197653596,0.07025992871749773,0.012138713126920782,0.1364891594987868
165,0.12912800589015094,0.5265967728675803,0.14165587005365954,0.03228713231429973,0.17033221887430952
166,0.16342917481021285,0.46862626965355647,0.25889967166909034,0.014506109241862812,0.09453877462527764
167,0.24619486568226906,0.32877947797158497,0.024596612031151228,0.014829478669779293,0.3855995656452153
168,0.2627266778444907,0.47052301303213084,0.09215116848477815,0.00836372959194247,0.16623541104665784
169,0.2744594245987292,0.5186166358177557,0.042177547547430035,0.007634790040255893,0.15711160199582927
170,0.17364715195691047,0.6672211211015289,0.12266309377180697,0.005830244458387297,0.030638388711366496
171,0.16536151364948273,0.6081304804193631,0.08808194157894711,0.005502202266985673,0.13292386208522133
172,0.07900559859982838,0.7527030694992567,0.12119058055601126,0.0018825777069369019,0.0452181736379666
173,0.1608020838002776,0.7644585377432326,0.04166622789304358,0.0035683624717674977,0.02950478809167881
174,0.14136635588705082,0.6847638803374477,0.07882685784322235,0.004148397360499197,0.09089450857178008
175,0.02909238697482133,0.4518946191362937,0.5022515747709713,0.0007729314860374017,0.015988487631876318
176,0.021686008397007083,0.4914255701691818,0.4791709756737152,0.0005622923510451608,0.007155153409050957
177,0.11318754786542444,0.7695271610336467,0.030173025732267364,0.002695299857106344,0.08441696551155523
178,0.03770740713668078,0.6699471026766457,0.2737875940479282,0.0008194791863682373,0.01773841695237711
179,0.05553865251544272,0.7771798398671131,0.1422497908100579,0.0015724062538935767,0.02345931055349252
180,0.00537405419581164,0.3365103738779151,0.6516396838396694,0.00026718704230722993,0.006208701044296621
181,0.0805701386518472,0.8007854255912771,0.07757274366466474,0.00494658459231691,0.03612510749989421
182,0.03571342294996401,0.7585373461535897,0.18469220382415774,0.0013995685968047615,0.01965745847548365
183,0.08401130126004781,0.7916126010429075,0.0988957816086129,0.0023904288078619683,0.023089887280569887
184,0.0037077094539979477,0.3367741148350915,0.655907446511483,0.00025525403788005294,0.003355475161547491
185,0.05791322952339581,0.6649811283414274,0.25742711604284285,0.003113645087256694,0.016564881005077067
186,0.005642217517611497,0.31391781459918555,0.6747581696363244,0.000508211843773181,0.00517358640310544
187,0.005382143489056714,0.20444471512778725,0.787875649114147,0.0003663311751064206,0.0019311610939026264
188,0.002561426639470982,0.17319165712892493,0.8205626598453422,0.001264824936996447,0.0024194314492655185
189,0.002216064791948054,0.0893832637642844,0.9031911722552391,0.002572962257729597,0.002636536930798797
190,0.004987871225121119,0.26122649763760336,0.7236486299957022,0.0025093514283742145,0.007627649713199066
191,0.05661862368378159,0.5009670609654955,0.3595586152974337,0.02795407059161275,0.054901629461676454
192,0.05732258016599701,0.5973366302608026,0.30105617658396205,0.010973102760900456,0.03331151022833785
193,0.11527938760075061,0.6032912245457963,0.14284582058005196,0.011607284643384641,0.12697628263001656
194,0.16547477834632376,0.5786089789728002,0.19663396286344945,0.004596283750663457,0.05468599606676314
195,0.17040772799996948,0.47415800442987943,0.19635704724307237,0.020248843789744345,0.13882837653733435
196,0.13425410311682132,0.47692549325998407,0.16313038890224507,0.02176105534641433,0.2039289593745352
197,0.035823228797971285,0.38553499037496397,0.5240337928915494,0.010370709892397311,0.04423727804311798
198,0.08711493986875725,0.3619618213468973,0.3650212455909855,0.025101656114912448,0.16080033707844751
199,0.10332351716439417,0.44805614564209123,0.25440084729918744,0.05193719086484016,0.142282299029487
200,0.07025069795987776,0.2782054795096625,0.5136365468389731,0.06547769530900624,0.07242958038248032
201,0.11439736829973692,0.4770601054647895,0.2433878027755327,0.06813599650600635,0.09701872695393456
202,0.03551253598357555,0.3461084766910954,0.5146704752366477,0.03693709177195403,0.06677142031672752
203,0.04441714174201545,0.3288076133136917,0.4408304602555116,0.0690032139980516,0.11694157069072969
204,0.16929658671196335,0.3840749443929983,0.27284441085580907,0.0232776008194782,0.15050645721975112
205,0.13150698178888812,0.3432894413492363,0.1175069009085674,0.026916604139292255,0.38078007181401585
206,0.05840214536698625,0.5129071540126001,0.38874303618667017,0.0053044723277811436,0.034643192105962346
207,0.13857497422868995,0.5080603161218439,0.2213246712285433,0.01408042449446857,0.11795961392645443
208,0.2579711126068571,0.356730074967244,0.28059465675839973,0.013824029353725849,0.09088012631377329
209,0.13889207649666863,0.2535380727154159,0.23163948843146992,0.03386231698453922,0.3420680453719063
210,0.09161340326974789,0.3068567115523243,0.36092797545240823,0.020834162410175765,0.2197677473153438
211,0.19352210419783133,0.48745036986341495,0.06595783854390827,0.013867078778691621,0.23920260861615378
212,0.3469887174539112,0.13742216659685785,0.039845223132652624,0.006438304795183963,0.4693055880213942
213,0.38374413758548986,0.13045038377723778,0.08003559262574286,0.013869504317481098,0.3919003816940485
214,0.28016744052832004,0.3113318292553138,0.12763405574411107,0.01381755137060981,0.2670491231016452
215,0.5234069699941583,0.2539537852370232,0.0743753388995172,0.009357083377616109,0.13890682249168504
216,0.30277973696996346,0.5295885217704929,0.07176842192628526,0.011524388437429178,0.08433893089582907
217,0.06952991028918445,0.504593819135985,0.4161364280384055,0.0017096296636285833,0.008030212872796472
218,0.16526751589856373,0.5236791678333593,0.1286521344862022,0.006846876852909001,0.17555430492896568
219,0.024185774081829762,0.728151681493072,0.2306980428281753,0.0013655264469354716,0.015598975149987404
220,0.05632005406340218,0.7414931353253073,0.11638401476183868,0.006272042448385597,0.07953075340106633
221,0.07302651911864151,0.7211857468178712,0.1908297407888824,0.001740131449349046,0.013217861825255988
222,0.0823322195412894,0.6825861485864725,0.216996696811352,0.002440126026160996,0.015644809034725118
223,0.19004591931476836,0.6968743966626231,0.06503351212509152,0.004428156631728037,0.04361801526578909
224,0.11742813506786069,0.8373294985343422,0.01469854286988803,0.0047932295801838155,0.02575059394772511
225,0.1404472264257637,0.7814018255360452,0.028144961857746637,0.00629796335031263,0.04370802283013173
226,0.10806740950134143,0.6713063365926091,0.1910575710053073,0.004291501485361437,0.025277181415380597
227,0.0977384299911818,0.7698102480809482,0.0884336127631236,0.0042698318251617766,0.039747877339584584
228,0.07876594016103727,0.8637340056467224,0.02363551667580473,0.0026300045843889092,0.031234532932046755
229,0.07168723357979818,0.7934105081118773,0.11188699608679603,0.001418909493119905,0.02159635272840861
230,0.09758072707974358,0.7742518002926798,0.11209468276481353,0.0008857535487426144,0.01518703631402049
231,0.0014820927448257336,0.17297753436714872,0.8233492174266064,0.00014223013641443213,0.0020489253250047935
232,0.10860331452569738,0.7615889614598275,0.044159087649708106,0.002633513681103117,0.08301512268366376
233,0.07750036777428983,0.8373027284049892,0.04337484488033435,0.002808127328230342,0.03901393161215618
234,0.017103293226240802,0.6794386396434887,0.2877787961323789,0.0013180167733815086,0.014361254224510053
235,0.04276038832223418,0.7834561739012212,0.16097390570041717,0.0017841446432801838,0.011025387432847398
236,0.04344934755777217,0.7866126886557027,0.1129641377141416,0.005312390560071134,0.051661435512312566
237,0.07628973441729835,0.6883831614793516,0.15319336394690386,0.01075541636147452,0.07137832379497168
238,0.07370234177345093,0.8040153857404614,0.050950429263307805,0.014673554910283942,0.05665828831249586
239,0.1799855064888433,0.6372077504482733,0.0809753636784413,0.013893951643989546,0.08793742774045256
240,0.09823524819544269,0.8056225899673516,0.013829066438650953,0.04697607182646335,0.03533702357209136
241,0.4404368717443235,0.179682563382561,0.002271367719181342,0.3006675912925444,0.07694160586138968
242,0.3353451014494678,0.15426008756329804,0.0018850615437485,0.35298518272373736,0.15552456671974824
243,0.17368133842870215,0.18216343239384175,0.0034610356840874467,0.2922204959740168,0.3484736975193519
244,0.14347495883741448,0.17293270062751623,0.0004515004799659197,0.6603894666347302,0.022751373420373158
245,0.10437004521926453,0.10426021055483332,0.0019411435744281645,0.7725129754949033,0.01691562515657071
246,0.07729240511457054,0.12472991676596143,0.0010481132772284867,0.7780509983997357,0.01887856644250384
247,0.1138123088642059,0.072894098257751,0.0008344260363268514,0.7723417368693621,0.04011742997235418
248,0.015768635655684777,0.039773850026989986,0.00027072501288799106,0.9395207360519231,0.0046660532525143236
249,0.22388817948705964,0.0812530156832859,0.0030208265670722844,0.6359807529074878,0.05585722535509444
250,0.045037452728724184,0.06647365593281648,0.00044983348204910117,0.8781216011321217,0.009917456724288412
251,0.03994830802579683,0.06898125059211563,0.0011274009038709368,0.8758634422360927,0.014079598242123853
252,0.03482184592968667,0.06586226450858586,0.0014784490155862367,0.8820368083728383,0.01580063217330295
253,0.07808660573075488,0.09674228296401002,0.003877989025105684,0.7904922650584597,0.03080085722166975
254,0.029873023450529557,0.04455504358261434,0.0018091488004922949,0.8981792507649037,0.025583533401460076
255,0.026337509304677726,0.0175314187047345,0.0001679441575622504,0.9359697573717185,0.019993370461307204
256,0.04824239827491255,0.07543592425413628,0.0025254575219185215,0.8597313690056057,0.014064850943427038
257,0.1165749641555136,0.06483235772816115,0.001073389759883735,0.7850787046052078,0.03244058375123388
258,0.06240511000166108,0.04683783739707867,0.0005804254435302898,0.8676961093372134,0.022480517820516424
259,0.0155255423722665,0.06802431508217287,0.0002217989536635798,0.9094739464682421,0.006754397123654869
260,0.0517115651539613,0.04857104540828858,0.0006403217573298846,0.8871664155539342,0.011910652126486267
261,0.07267975306248818,0.059611892643159387,0.000417193022414738,0.8586863415032647,0.00860481976867299
262,0.16883668799609047,0.13059366764404393,0.0016432052647596318,0.6636077093216954,0.0353187297734105
263,0.09315728990816301,0.20903243019584922,0.03049309208169969,0.43882601634185686,0.2284911714724312
264,0.10982405172492304,0.21713836344542628,0.01161175558153835,0.5421279479321904,0.11929788131592196
265,0.17808616172822636,0.2920048900726361,0.009894841110495184,0.3539451084291997,0.16606899865944255
266,0.2533957271370709,0.25939563040732,0.0040014625782942275,0.37383783056927583,0.10936934930803904
267,0.2728559831344663,0.5079211676054318,0.010705777564750076,0.17157597684608067,0.036941094849271175
268,0.08152910929839483,0.2652541712405805,0.002197999109888113,0.6001147197279557,0.05090400062318064
269,0.06699131740890528,0.6148548287933393,0.023177494831324117,0.21357965355272013,0.08139670541371112
270,0.10706122123732548,0.402826432656143,0.010001315200566721,0.445615493324513,0.03449553758145186
271,0.17990670708979523,0.3202709689576886,0.007829769050705057,0.3863395173403972,0.10565303756141398
272,0.11654214825536142,0.47291213533967313,0.009559074433793889,0.37414720215345787,0.026839439817713626
273,0.13454279586930293,0.4015116107154585,0.011275722643218442,0.3977597379778093,0.05491013279421095
274,0.0551832004308916,0.27198894838054155,0.0051720971065630904,0.6353467198772835,0.032309034204720165
275,0.1124288842539149,0.3133653362877142,0.005483068034004582,0.5218510326408783,0.046871678783488115
276,0.07285627841899617,0.0877347867518179,0.004253281138027519,0.4559595851116365,0.3791960685795219
277,0.039798269675828724,0.08757038763355858,0.0005984762445520307,0.8611284662647222,0.01090440018133838
278,0.03717514436231693,0.06722235334523594,0.0007549229665114586,0.8801235566584582,0.0147240226674775
279,0.25446016128777665,0.1655761684960645,0.018513678786251576,0.36630522901917156,0.19514476241073558
280,0.0603999429706115,0.06858661686670368,0.0031904555586603316,0.8287100454990646,0.03911293910495996
281,0.03850149328187951,0.0282143852763048,0.0003245401498963455,0.916376188014394,0.016583393277525442
282,0.07702287107043415,0.02047850119243766,0.0009661078873496947,0.8024406043426632,0.09909191550711548
283,0.061706127484471025,0.08349969315114972,0.00035977958377213904,0.8182299910095001,0.036204408771107144
284,0.08626510837071343,0.110812429339579,0.0001315036855251571,0.7862854268823251,0.016505531721857383
285,0.12106699939416582,0.1046000724686006,0.0007712750144548456,0.399470739293993,0.37409091382878573
286,0.07789763904446532,0.19059635065557923,0.00266397746276239,0.5424389070120369,0.1864031258251561
287,0.05794641327551241,0.11761309299964019,0.0011116547090280072,0.7000828225394254,0.12324601647639401
288,0.09708362718225737,0.13807294083150845,0.0023171921580751142,0.6095007574668,0.15302548236135902
289,0.06944509878183981,0.3579552937421404,0.002487267635161078,0.5351409592617986,0.03497138057906005
290,0.1825685301720853,0.16741545891167092,0.002175692091532064,0.5129342687907645,0.13490605003394718
291,0.3357422816076964,0.1365093728005841,0.000857805733256047,0.39531912120743,0.13157141865103356
292,0.13939708122521008,0.6609211089805993,0.006110857555355486,0.07161329522014231,0.1219576570186928
293,0.3772362569673728,0.3536082685000819,0.0223817687662302,0.09335001714527295,0.15342368862104225
294,0.0648971712221532,0.5827369671030082,0.16391292718531336,0.015833262196795247,0.17261967229272984
295,0.21336870154054274,0.44661372344344197,0.0202457108842133,0.07503118819152192,0.24474067594028
296,0.043377381798470706,0.42698263960339194,0.48302752144115735,0.016539926270498582,0.03007253088648131
297,0.1741063506611566,0.5693050288759837,0.017493148768998185,0.07206738229602125,0.1670280893978403
298,0.15908680647674187,0.2966107638893928,0.033876089549367765,0.10780100429208116,0.40262533579241633
299,0.14138295407046403,0.6001940912972749,0.012581733771048778,0.2117449250342139,0.034096295826998586
300,0.6355037712597646,0.18571648636022736,0.012815893549790918,0.06587579624765247,0.10008805258256459
301,0.22766651136089883,0.659374464811483,0.027748358719766646,0.048302887125392484,0.03690777798245903
302,0.2257181793168474,0.6128471675295166,0.016436563943304443,0.05234012606476773,0.09265796314556382
303,0.49876158288088246,0.404135335352846,0.0016175699745405291,0.03030241128141548,0.06518310051031558
304,0.14341646398493413,0.8290080701394195,0.008985052500542191,0.004133348222472829,0.014457065152631478
305,0.26731921963358785,0.6989660934514706,0.012941257512508188,0.004323020344733342,0.01645040905770013
306,0.05036449780368911,0.9045871431313447,0.032719813096811316,0.0011805516218436857,0.011147994346311155
307,0.03249609486814821,0.8752462813242216,0.0785821116298504,0.0023672693221882357,0.011308242855591332
308,0.03577218340448399,0.9141967945135564,0.043027429816309325,0.0014153688769616782,0.005588223388688542
309,0.0080484469569811,0.774292052536504,0.21360642707169636,0.0011533774390302194,0.002899695995788413
310,0.01162032899250022,0.855621161743875,0.12661869346561697,0.0014471221554254862,0.00469269364258223
311,0.004591342695829471,0.5152614212772889,0.47733063403900167,0.0002353753434451298,0.0025812266444348152
312,0.012784146634493737,0.4950006255612771,0.4883988092277551,0.00043365494256405643,0.003382763633910138
313,0.0061035847515829465,0.5020917776543421,0.4869289381682165,0.0006373617388618101,0.004238337686996586
314,0.001288109285873171,0.17189780465258558,0.8252236942498994,0.00016376264308988765,0.0014266291685519747
315,0.0015935007912580756,0.28182392402932843,0.7144898723298434,0.0002771456620986293,0.0018155571874714119
316,0.001761019909807603,0.22565804824124241,0.7702538575380531,0.0002162786791209892,0.002110795631775888
317,0.005586391018166989,0.4599801457246446,0.5317664480439191,0.0007403971869836278,0.0019266180262854872
318,0.0025159680395862747,0.3024182257517067,0.6904828571163956,0.0017236301387572276,0.0028593189535542525
319,0.004449421236051747,0.48296499146550276,0.5084316164086322,0.000989314210766672,0.0031646566790466102
320,0.001179537857075889,0.11156310528272372,0.883667934604277,0.0006396127082669939,0.002949809547656472
321,0.008808484076878719,0.3384752306679794,0.635702344988301,0.0012471202768464173,0.015766819989994366
322,0.007405587528180243,0.46780722606233155,0.5180037213852795,0.0008559335357616798,0.005927531488447111
323,0.013752925817460246,0.4713534997070827,0.48525265217757046,0.002752211942989663,0.02688871035489695
324,0.05891294262608977,0.7124378082885245,0.20701827249663976,0.005807735945698703,0.015823240643047246
325,0.040699634524630185,0.8460328261414318,0.10097672990367852,0.004354804974912097,0.007936004455347279
326,0.020238783889358413,0.5562148004914047,0.40534222147110366,0.0037488190666063524,0.014455375081526861
327,0.036911724746832686,0.7582134735880492,0.18974920730396067,0.003956427733349165,0.011169166627808211
328,0.009804888580510039,0.48616222401252845,0.5000672981098504,0.0009752552570827011,0.0029903340400284782
329,0.015612076686887914,0.5964249209747023,0.3779723830785826,0.0013884747239202066,0.008602144535906858
330,0.010438359668572315,0.4883172959013027,0.4948448253755223,0.0013348281574326736,0.005064690897170192
331,0.00282693878781554,0.43418309684481826,0.55921815710094,0.0006148127914568887,0.003156994474969246
332,0.003284476505834964,0.6385679890743613,0.3537788787019459,0.0007361512777784037,0.003632504440079304
333,0.005436816401946973,0.5518516405566086,0.44009023409556247,0.0003709814417544085,0.002250327504127664
334,0.0012220807680533906,0.3151267431951247,0.6805283834703933,0.0003015761057714201,0.002821216460657271
335,0.001787621981876227,0.2892007070315655,0.7050199581372933,0.0005237739019386172,0.003467938947326311
336,0.006957979283647678,0.3806111512991887,0.6072451421878574,0.0007071936681453966,0.004478533561160747
337,0.0023893111602358275,0.20611090352200234,0.7864444564168495,0.0011081481149716823,0.0039471807859407905
338,0.018663707057113142,0.6663893850204028,0.28652297270928134,0.0066906044691271566,0.021733330744075532
339,0.0032405659113798673,0.2143518807087728,0.7693465953526926,0.002193808637047314,0.01086714939010738
340,0.006408143219136819,0.36748053175862927,0.6153176306908236,0.002476296183915417,0.00831739814749498
341,0.0032183953892898076,0.25363522908858804,0.7342234728716575,0.0026590298147396805,0.006263872835725027
342,0.0045463907270973805,0.2618002016766995,0.7268218016949218,0.0017855775204125039,0.0050460283808687065
343,0.041599725076373203,0.46570131458480407,0.46276968816392455,0.010629041525526269,0.019300230649371863
344,0.013854439420820338,0.4265361034106135,0.5441609933646798,0.0040389587336519895,0.011409505070234374
345,0.08494192084640323,0.471564968815949,0.4073817837993198,0.007363192109522551,0.028748134428805465
346,0.014574005075024436,0.396976898672314,0.5676548290895886,0.0075463559895009025,0.013247911173572026
347,0.024334465562014903,0.4364043915880264,0.5271699572762084,0.0038041268503504234,0.008287058723399986
348,0.043163814278850236,0.4728730973583958,0.4627897121682007,0.007134413946161267,0.014038962248391965
349,0.003115400081306341,0.23349043617956516,0.7519775180161485,0.004259487640670921,0.0071571580823088215
350,0.002692536492052519,0.13672535660278737,0.8422717106337475,0.007558381512597747,0.010752014758815013
351,0.003845776416159038,0.11712175303066624,0.8526566139805561,0.013626240430760115,0.012749616141858456
352,0.006766037976102045,0.20785471689865287,0.7495006450124373,0.017807673017405226,0.018070927095402534
353,0.007256387656388858,0.2033693226606569,0.7543879172979688,0.013874527926967221,0.021111844458018163
354,0.008094825323100727,0.07072810182524686,0.8095927323118832,0.06832169518163696,0.043262645358132214
355,0.007350331143021902,0.07898380281240194,0.8253596870708567,0.06330318971981241,0.025002989253907138
356,0.027037736397037906,0.11846084543586564,0.6181971383415543,0.0998661438611296,0.13643813596441248
357,0.007360080166431963,0.09503797323925876,0.8149371489117528,0.0415626454728813,0.04110215220967513
358,0.01174678157959318,0.07053291610192104,0.8342924075218672,0.03532120736844828,0.04810668742817022
359,0.008678655835102949,0.045578523504515404,0.9109040552965856,0.020646671745322556,0.014192093618473362
360,0.023466521320811562,0.08570573409376173,0.8227076169624036,0.037689178134773814,0.03043094948824946
361,0.010096463736721807,0.17049698939494515,0.7353014467524921,0.0273956816636402,0.056709418452200594
362,0.0033901742924201303,0.05016773090765872,0.902716886655472,0.021686523469065896,0.022038684675383124
363,0.0029393438693851043,0.06818580120027032,0.9101258980999832,0.008396708669392695,0.010352248160968625
364,0.015014878131903867,0.17491976083036637,0.6860531072193408,0.043697748399156966,0.08031450541923196
365,0.014390778425183152,0.18800726641164373,0.6681054407818101,0.03143190639863449,0.09806460798272851
366,0.005542833519111456,0.10426248291930529,0.8152497067277391,0.0252675922676967,0.049677384566147446
367,0.005060628752566814,0.10497551569165521,0.8294002600902022,0.016117682529406794,0.04444591293616896
368,0.008152318665708168,0.13808670579727997,0.7270585637168999,0.030025299050130422,0.09667711276998166
369,0.011792561516826023,0.12545960756238292,0.8123673186699648,0.01163812203734539,0.03874239021348093
370,0.01129027947975787,0.11767987716234343,0.7808130470918896,0.02371585861445019,0.06650093765155893
371,0.010887576796166764,0.10775736634979738,0.796484698229038,0.020332912757648525,0.06453744586734937
372,0.0022830768201116546,0.047973282515730985,0.9056378340496867,0.007475630514189357,0.036630176100281235
373,0.004929507364330772,0.08445645846832588,0.8622408401661454,0.011270820289591912,0.037102373711606
374,0.0063009604943830835,0.10459412167703337,0.8063233566992349,0.026915250767961807,0.05586631036138688
375,0.03003055158025653,0.14133666620722946,0.5865981911403239,0.10335641029338447,0.1386781807788059
376,0.023075206744496157,0.2529332745892377,0.5641785882243692,0.06646757348194433,0.09334535695995265
377,0.01742015490962243,0.2629608790033416,0.6360444986953745,0.028411267118512752,0.05516320027314885
378,0.041251384462858524,0.6355857678104815,0.2371040019500572,0.04059172777295825,0.04546711800364444
379,0.045933399649723254,0.7283559533705806,0.11687397195316972,0.05564184857792086,0.0531948264486056
380,0.04711833911234534,0.7728763004148943,0.084960777202643,0.04171645318016101,0.05332813008995623
