epoch,N1,N2,N3,R,W
0,0.0012425339215569847,0.0001630014432687397,2.855513875877135e-38,0.0012364781050066287,0.9973579865301677
1,0.0021324224571171533,0.00014046451081980914,4.7201561854887026e-07,0.0001722437825973088,0.9975543972338472
2,0.009857641533886253,0.00041635173920618956,8.24518299246748e-07,0.00110503368880164,0.9886201485198066
3,0.0039542016742114185,0.0002758453221782319,9.039959744597971e-07,0.0005512225058552377,0.9952178265017807
4,0.011810042610091916,0.00013427064204878938,6.825739999597746e-07,0.00039194952604377717,0.9876630546478156
5,0.045012593583433666,0.0009900954733199558,1.4068526482992409e-06,0.004422590335341022,0.9495733137552571
6,0.04450098740671641,0.0006575485338530633,1.724719433569934e-06,0.0015615352476321227,0.9532782040923649
7,0.015011530639912288,0.0008434731946662703,4.305647166833365e-06,0.001745759731256304,0.9823949307869984
8,0.10515351789094005,0.005151940435233629,4.328105519935872e-06,0.0026924972164827426,0.8869977163518237
9,0.16206078896680656,0.005469610110622897,5.120846850437036e-06,0.006753601913243036,0.825710878162477
10,0.09899765344280236,0.021127786806704074,2.169203377844e-05,0.0036727501854904223,0.8761801175312246
11,0.03941264364640123,0.020054092045845382,0.0008499814960234497,0.0004863342995667771,0.9391969485121632
12,0.0791052217031749,0.014583265394974407,0.0002271354044964533,0.0029399150931818125,0.9031444624041723
13,0.3504939243360663,0.09379620156259177,0.0014976485249026943,0.0026051424870184585,0.5516070830894207
14,0.11463794188606165,0.09374871583665977,0.0034318839065659197,0.0012540019545009367,0.7869274564162118
15,0.34723683909608577,0.25721158287482865,0.013703975535958438,0.0015493560475852782,0.3802982464455417
16,0.08323243036619288,0.6774461066644744,0.06993247372925296,0.0021154357078654465,0.1672735535322145
17,0.05381588279608397,0.7846807845480629,0.07532228135554322,0.0009545709024923146,0.08522648039781748
18,0.07354732581228249,0.8374148633366447,0.06409282464817151,0.002205261868536578,0.022739724334364747
19,0.15649934900968615,0.7795694748074532,0.003899834789148428,0.0070204433328851235,0.05301089806082693
20,0.03672199288779291,0.8694028024743732,0.08348894389325241,0.0017078508331616004,0.008678409911419757
21,0.12669084986297707,0.764411916736106,0.03822298877143171,0.0033243182356363595,0.0673499263938488
22,0.05677793123535035,0.9084822537595248,0.025604176274847585,0.0010248827071851914,0.008110756023092
23,0.008943933591937629,0.7457580813476247,0.23936646519055316,0.0006045094758816051,0.005327010394002885
24,0.027391407955294204,0.800146146770581,0.1624813277630756,0.0008035386821174585,0.009177578828931705
25,0.01146477530817676,0.9350666104225387,0.04848781061372075,0.0007143595633670917,0.00426644409219668
26,0.011364365852371676,0.6431742768904312,0.3412255196208652,0.00044636940780280537,0.0037894682285291473
27,0.007797862632795533,0.5720313192662737,0.41560584339451734,0.0002035670535948562,0.004361407652818606
28,0.0051324530218608225,0.6138010173453949,0.3764457722895245,0.0001337830938711565,0.004486974249348632
29,0.0031148886227294497,0.4430142500939381,0.5514058809179065,0.00020547596916257793,0.0022595043962634
30,0.005904414043028617,0.5177650908772495,0.47239045456330236,0.0002677213079433304,0.003672319208476119
31,0.004137780840152816,0.4919289188375074,0.4998108554814593,0.00019274814776554252,0.003929696693114984
32,0.003003747419477702,0.42419922302324964,0.5708163651018033,0.0002245678422263517,0.001756096613242995
33,0.0014196501124036991,0.21392864344977366,0.783045096526055,7.513338648512644e-05,0.0015314765252825377
34,0.003547390114896349,0.2275397876645192,0.7664727824262124,0.000118796242355525,0.0023212435520163226
35,0.0008449401547603812,0.19508665273297124,0.8030334324831242,3.727352178806152e-05,0.0009977011073561135
36,0.0009650696319101964,0.1994294378092421,0.7988037363556874,3.533472740116759e-05,0.0007664214757591631
37,0.0006074124131445266,0.15094320192869953,0.847953901099886,2.350516406986628e-05,0.00047197939420004026
38,0.00040414144488512684,0.09498137802823173,0.9038351463503781,2.1224116034964415e-05,0.0007581100604701448
39,0.0011973057409530312,0.09571823365867117,0.9014701464057765,2.6326915354108735e-05,0.0015879872792452592
40,0.0005746158357993992,0.068872012940806,0.9292094392193662,2.0040547891500362e-05,0.001323891456137013
41,0.00033337150332552764,0.0744202809379545,0.9246533364706159,9.041828614596878e-06,0.0005839692594896076
42,0.0010356174677999721,0.06254973550608156,0.9353737119977419,1.0681919682974179e-05,0.001030253108693645
43,0.0005404533200891364,0.06426648191292378,0.9342634092537689,1.120048060715914e-05,0.000918455032611083
44,0.0003191511686107379,0.04159303529222419,0.9573752991700475,9.746549072365802e-06,0.0007027678200452093
45,0.00026981175748457735,0.04121449410631006,0.9578018527364963,1.0369032696339692e-05,0.0007034723670125613
46,0.00032156609568292704,0.027783646074834162,0.9712464949370515,1.2146410253770983e-05,0.0006361464821776755
47,0.00022987313065009004,0.020219813973560735,0.9786608950024873,9.025573322057652e-06,0.000880392319979702
48,0.00018795354640334974,0.019258135996643052,0.9798647849706535,9.361173792110825e-06,0.0006797643125080374
49,0.00019169041828867467,0.02447100480183372,0.9746286533174523,1.0514315934463396e-05,0.0006981371464910232
50,0.00018065577556205885,0.015983997607430415,0.98310755607715,8.790946995628708e-06,0.0007189995928620971
51,0.00020534793577542529,0.0098339814236166,0.9890651324976911,6.2793700794276355e-06,0.0008892587728374207
52,0.0001129192854354174,0.02618257560235169,0.9731680664606562,4.2875621022444946e-06,0.0005321510894544266
53,6.924657829773951e-05,0.007312603114327203,0.9922859953981695,5.041291505535179e-06,0.00032711361769999225
54,0.0001673835419988071,0.020633016925672078,0.9785224939435225,8.007732604441692e-06,0.0006690978562019841
55,0.00010618879204579937,0.009083379888534998,0.9903193693063536,8.334389947257864e-06,0.0004827276231184155
56,0.00019527939654597447,0.015512999350815524,0.9830667168322604,1.3708475260297474e-05,0.0012112959451177306
57,0.00032127634840379204,0.022769590037621672,0.9758785775640348,1.165315867141442e-05,0.0010189028912682935
58,0.00011694859638941418,0.00915550379068252,0.9902681577293476,5.326269334656277e-06,0.00045406361424563
59,0.00011151297740246788,0.00871901062482315,0.9904030156726614,9.59716909169093e-06,0.0007568635560213216
60,8.131111142771622e-05,0.005381908905836884,0.9937990523029947,5.780355135325997e-06,0.0007319473246053363
61,0.00016786326428692156,0.011487182826022343,0.9877639530783374,7.740011006445249e-06,0.0005732608203469958
62,0.00011413181277614106,0.007653426664909172,0.9914547996966954,3.923914804310279e-06,0.0007737179108150518
63,0.00015890066418144705,0.0163309963653043,0.9826947858655862,4.672187326192752e-06,0.0008106449176021246
64,0.00015035303243137664,0.011559899922505201,0.9876990556778821,5.188180038281086e-06,0.0005855031871431877
65,0.00015276554794197314,0.008157229540127518,0.9905952409697297,8.775877924709217e-06,0.001085988064276062
66,7.975657068862354e-05,0.0042503129405590135,0.9947269720129932,1.1657102640752538e-05,0.0009313013731186256
67,0.00012881168187403702,0.006193482717695136,0.9928640459008877,1.5308452265029924e-05,0.000798351247277917
68,0.00013524108364829755,0.010759613599131945,0.9881813140395286,7.964826560268901e-06,0.0009158664511308713
69,0.00011220104174600424,0.008174639368260912,0.9906744825993976,2.128130862739219e-05,0.0010173956819682286
70,9.856540134813897e-05,0.00529730587557956,0.9938086074060275,5.201289714305162e-06,0.000790320027330558
71,6.76611278677835e-05,0.007124323453228189,0.9923145579128285,4.76701301652895e-06,0.00048869049305896
72,6.242793226997312e-05,0.006359192298353985,0.9932146061275807,3.46373028078682e-06,0.00036030991151445485
73,0.00010321489168187319,0.0060655276447311775,0.9934562943445041,7.010706637076751e-06,0.0003679524124459289
74,7.050404712478404e-05,0.005476738077936522,0.9940031292650029,1.0373588171997406e-05,0.0004392550217637667
75,0.00012916795653000732,0.011183523091859195,0.9877621862257532,1.501815459937667e-05,0.000910104571258368
76,9.32073634606515e-05,0.007319204516730489,0.9921650321346391,6.676578234773094e-06,0.00041587940693492366
77,0.0001283269804259038,0.010366194435890704,0.9888990556005753,8.39860436534615e-06,0.0005980243787426254
78,0.00012063309388762698,0.0068998926469030315,0.9923046852167441,2.170525820249438e-05,0.000653083784262958
79,0.0005257784807404907,0.01687404597993409,0.9807627777208933,2.475753246322777e-05,0.0018126402859686937
80,0.00017426729468318438,0.01385687206181738,0.985013989419233,1.0083097511069613e-05,0.0009447881267552458
81,0.00015923267018749736,0.008322481453327318,0.9905849972158717,2.1516831066198845e-05,0.0009117718295475807
82,0.00010841159300358228,0.014864394582804766,0.9845737520366549,9.199074170897388e-06,0.00044424271336582173
83,0.00011241536340422322,0.00960812531739435,0.9899314099931316,8.121265348424076e-06,0.0003399280607214563
84,0.0001398399706898398,0.011404304227164003,0.9881307898055656,9.657146715858381e-06,0.0003154088498647602
85,0.00017138231561721333,0.011444250076923184,0.987759917737167,3.073647173879184e-05,0.000593713398553867
86,0.0001631553744061353,0.008588092149543479,0.990823101798885,9.551203230276506e-06,0.0004160994739351273
87,0.0001557384641476095,0.010199677861986799,0.9892670547132998,1.7437434595106876e-05,0.00036009152597055177
88,0.00020131448781976371,0.02018098192016227,0.9789772533784207,1.2405118576586273e-05,0.0006280450950205169
89,5.253725415809594e-05,0.0038582788886558444,0.995828234065959,6.140767948915402e-06,0.00025480902327817696
90,0.0001026807104530112,0.006293693789364888,0.9932884444086264,5.202935972899854e-06,0.0003099781555829871
91,6.216641782427357e-05,0.005052213357151596,0.9942910722377742,1.0517701059000704e-05,0.0005840302861910756
92,0.00015616112578527088,0.010189203420232011,0.9891058581690687,9.967863440111232e-06,0.0005388094214738968
93,9.014688193145538e-05,0.00844666830328142,0.9910659622724034,1.1583591213015331e-05,0.0003856389511707909
94,0.00011352394152987486,0.009486486851276888,0.9897047656514095,2.323289193199607e-05,0.0006719906638518319
95,0.000164711534879202,0.011747659473571155,0.9873648127622963,1.9839684707151523e-05,0.0007029765445460224
96,5.90878206762785e-05,0.005787344556996251,0.9937566446863701,5.292427593388096e-06,0.00039163050836391787
97,0.00010499925048472289,0.009324810078650424,0.9900265671166965,1.5807654173827148e-05,0.000527815899994624
98,0.00010653658240865063,0.009439941606549289,0.9898515197995358,1.553860097521791e-05,0.0005864634105309616
99,7.175585378820415e-05,0.009505338453224522,0.9897838388100582,1.7246108080885313e-05,0.0006218207748483024
100,4.562314115269739e-05,0.0018118791143234855,0.9975712079382618,2.398092327120132e-05,0.0005473088829906477
101,0.00015869015692900737,0.00592912185594173,0.9932058828264191,1.355356693432221e-05,0.0006927515937760957
102,6.551310733370912e-05,0.00615612475448131,0.9934783971258361,9.162088753383411e-06,0.0002908029235956793
103,9.501445711162472e-05,0.006852028140362227,0.9923738513356204,2.7559077157106613e-05,0.0006515469897487075
104,0.00010299136679940016,0.009827676162190999,0.989549814784527,9.28866813330689e-06,0.0005102290183494237
105,0.0001292266976190707,0.018389741446728874,0.9810961042357988,9.812192274951639e-06,0.00037511542757825457
106,9.181028881585288e-05,0.008876328315135205,0.990537805958864,1.6637483294990108e-05,0.0004774179538898116
107,0.00012015002922680222,0.015736119908437887,0.9833272151943546,2.027888978661435e-05,0.0007962359781940114
108,0.00018824074100496664,0.01787536877487304,0.981181081813096,1.4830708900132457e-05,0.0007404779621260006
109,0.00014779186703380508,0.014138287935123724,0.9849403602850414,1.5991906129987534e-05,0.0007575680066712351
110,8.402076496249068e-05,0.008158227194132074,0.9913497944610984,8.812701499482297e-06,0.0003991448783075194
111,8.607027667175749e-05,0.009480558048748432,0.9901028246570639,1.3320269681654639e-05,0.0003172267478342519
112,8.846435659397065e-05,0.009014971554754418,0.9904617230712627,2.095563771294332e-05,0.00041388537967605856
113,0.00010123767036352307,0.010868035536402114,0.9883838833561044,2.6132237641391726e-05,0.000620711199488475
114,0.0001620819624571735,0.008339194809803146,0.9911428701787036,1.2096602469744619e-05,0.0003437564465663362
115,0.00010038946195080441,0.0077852916060933905,0.9916348886893221,2.7985687565602205e-05,0.00045144455506825553
116,9.24005099356393e-05,0.0068426161430171885,0.9927573770603787,9.287921748124666e-06,0.00029831836492055433
117,0.0001420906192875648,0.008199158422968136,0.9913205192499944,1.9232529297955276e-05,0.00031899917845182557
118,0.0001766413500980419,0.013960056053545012,0.9855496850169654,1.093589286412636e-05,0.00030268168652741425
119,0.0003897796028183938,0.01082083264580279,0.9880200595944887,8.603485167884385e-05,0.0006832933052112808
120,0.0003002350478732629,0.0199054063345376,0.979086429349766,4.792407048881979e-05,0.0006600051973343681
121,0.0009454516121691323,0.029886029201555944,0.9672192367801719,0.0003608958101890832,0.0015883865959141165
122,0.0014606918872038116,0.04806308454819308,0.9480771431915517,0.0006711104965077615,0.0017279698765437048
123,0.006271988674679626,0.09339855353549349,0.8893823940867541,0.0022633205619002005,0.008683743141172645
124,0.04109113559306167,0.4327731495729143,0.22440116061270052,0.024681740066056657,0.2770528141552668
125,0.17816540818666338,0.3676573356144642,0.01928155994896205,0.0886811367285468,0.3462145595213636
126,0.1851135137048134,0.06155844171576381,0.00042077433447981034,0.04390167168348157,0.7090055985614614
127,0.01177385833062878,0.003109830105305369,9.58799191569384e-05,0.0016304234334510563,0.9833900082114579
128,0.03146099027372337,0.004278721991903542,5.970487546482722e-05,0.0011948711068563904,0.9630057117520517
129,0.08374609817446564,0.011575268223189706,9.89458175806022e-05,0.0023893440231359635,0.9021903437616282
130,0.3966444853267467,0.05221498387054708,0.00014293481483993118,0.0149061344424257,0.5360914615454406
131,0.4309724811297687,0.23680816859800072,0.0022533037930775822,0.02773585328182402,0.3022301931973289
132,0.13365110939434477,0.24599015250675982,0.0010197572870263487,0.028293892961479442,0.5910450878503897
133,0.29924277430557006,0.07334813232619614,0.000422123018655158,0.04578143374242471,0.5812055366071539
134,0.3073273469012881,0.17587385805037337,0.005174339117818359,0.02231944574225262,0.4893050101882676
135,0.0023136596548660785,0.0026315061606405916,0.0024198666952663143,0.0003582804897013159,0.9922766869995258
136,0.05579844959379463,0.020597951787099836,0.00014644685626717132,0.0045689852260337215,0.9188881665368047
137,0.1774495651100806,0.10700673205355835,0.018297335324746297,0.012578075411616345,0.6846682920999984
138,0.20976011523089094,0.10677499886701165,0.03335527552405453,0.009744421831877579,0.6403651885461653
139,0.4469992741107931,0.36942711264365446,0.013080166911203554,0.023101361454281263,0.14739208488006758
140,0.2944558811530383,0.48446926738630436,0.05288752117911979,0.04002746291121296,0.12815986737032442
141,0.1682580090918593,0.5109541385613809,0.18347327778907185,0.018180581922617293,0.1191339926350704
142,0.19431972973703526,0.6262554050735828,0.03646511155419391,0.0643795310444876,0.07858022259070054
143,0.16573035750222412,0.5366340288634202,0.10325055447177403,0.06666271676219199,0.1277223424003899
144,0.3676087434897198,0.44187500233382954,0.03400750097550792,0.13228661459002922,0.024222138610913487
145,0.21791050427514788,0.6195602643530889,0.0035165489162018526,0.1335361717455043,0.02547651071005716
146,0.22539315845408134,0.6087291516275216,0.08886528478867603,0.057937199652016644,0.01907520547770444
147,0.0620871985101888,0.7681665556376761,0.07572023235076762,0.08902114990283116,0.005004863598536338
148,0.06827909419422912,0.7906343557575854,0.09365282217918268,0.03433577529523166,0.013097952573770985
149,0.04711638726595125,0.8426286191539792,0.03569046316287528,0.06504454527795672,0.009519985139237306
150,0.07968565372537326,0.752314603244479,0.04722723193997464,0.045242287288328485,0.07553022380184479
151,0.09399693807913617,0.7171212050744115,0.0032624660034221696,0.17273747051633453,0.012881920326695752
152,0.07678195389806304,0.8256872312990611,0.01773801122084108,0.035904594894796464,0.043888208687238306
153,0.17449233214293708,0.5481979827875937,0.012905389934287517,0.09119811421919868,0.17320618091598317
154,0.15865240515116813,0.7054779848987266,0.008841731351296196,0.08838026665143964,0.038647611947369244
155,0.147866240406366,0.46183300573591163,0.0028234419134335184,0.2766207351621872,0.11085657678210162
156,0.09746135972278748,0.5058184134535768,0.003103781678173183,0.15746293553194476,0.2361535096135177
157,0.13163580979015044,0.0926314949488869,0.00019774785853258044,0.5793018636150679,0.19623308378736226
158,0.250249853603151,0.12249192161920763,0.0009221906926433003,0.11724708161269133,0.5090889524723067
159,0.04222501711426151,0.015049379417094699,7.649676260493506e-05,0.20453568126052124,0.7381134254455176
160,0.14800877836348322,0.10099652060218564,0.00010813884049410136,0.18741352417391038,0.5634730380199267
161,0.03804528775611299,0.008329136253893605,4.9396491066586414e-05,0.07911291209383561,0.8744632674050912
162,0.01592288402047139,0.0054943034883842305,1.775061365118438e-05,0.00567584856692611,0.9728892133105672
163,0.29300387579169596,0.01620164177781187,2.226363813178469e-05,0.01152045408860116,0.6792517647037593
164,0.756257052884455,0.039249859089889094,0.00016666770730507452,0.00934197218948183,0.19498444812886898
165,0.7553500994950989,0.0781557091489992,0.0016803455005615002,0.009739606244681176,0.15507423961065933
166,0.27096922150925506,0.3348212091481996,0.0061228318170742785,0.023266451153858083,0.3648202863716129
167,0.23686617096100407,0.516491182116346,0.0032803334705237223,0.1852109341576517,0.05815137929447454
168,0.07234527294621633,0.8291308935669899,0.009275913535885687,0.054256421563071304,0.03499149838783678
169,0.0663656050172122,0.862323389204933,0.00521688530780407,0.0501094474498395,0.015984673020211244
170,0.05911088897339302,0.8371685792903677,0.07366530053371849,0.02457960140742077,0.005475629795099929
171,0.10614677919622129,0.8030707513098367,0.01544062267212723,0.06584507886988683,0.00949676795192814
172,0.08324026319048773,0.7751480192989577,0.005387169219833245,0.12381906929786932,0.012405478992852019
173,0.037803998925153987,0.8839582870859983,0.009155051698851618,0.06446192149934722,0.0046207407906489325
174,0.1839489105103367,0.31858328177206274,0.0010523218711471299,0.43464676731679996,0.061768718529653405
175,0.07728736754116079,0.8569971720504918,0.006125412571196564,0.054635545076411364,0.004954502760739568
176,0.15972583404420676,0.7017301554448184,0.0024614827272067988,0.10255627664312902,0.03352625114063906
177,0.06902960154426689,0.8964879963590684,0.013265109810989667,0.014377183171944986,0.006840109113729921
178,0.03287847573854631,0.926564175941157,0.004819423293802821,0.031629063073871796,0.004108861952622124
179,0.05819435502866838,0.8563109826268263,0.024615639135969463,0.05126692249797941,0.009612100710556327
180,0.018938091248778075,0.9535675901401823,0.008124248833226745,0.01808646233002698,0.001283607447786072
181,0.014361375645359366,0.9613385594947197,0.011446080875498553,0.010377190891521554,0.0024767930929008738
182,0.0185923940921523,0.9430398801935171,0.01633852524786715,0.019041165367038423,0.002988035099424947
183,0.03173587455230916,0.9357043496362129,0.008940728278670552,0.02192106547376889,0.0016979820590384248
184,0.026125075415700378,0.877908054979011,0.077816213862344,0.01729212844822624,0.0008585272947183269
185,0.009576511985972034,0.9024225410979806,0.07301048846020919,0.014057558265682637,0.0009329001901555392
186,0.030223338153065344,0.7988543806463186,0.15523512194850078,0.013903414559828842,0.0017837446922865053
187,0.008188977941122865,0.8883140244799428,0.08748444763790426,0.014772593312490211,0.0012399566285400724
188,0.01790217952275796,0.9407431688950191,0.025645357416001706,0.013270625237075666,0.002438668929145375
189,0.005880994467935636,0.9032391610003591,0.08439256178677115,0.005705193950088696,0.0007820887948455077
190,0.001963075579607233,0.7466981169886173,0.2497755455976282,0.0011538757933153068,0.0004093860408319913
191,0.0034033702691656704,0.9225316231632217,0.07071554301912077,0.0025059953035293458,0.0008434682449625648
192,0.06452972295806982,0.7985049776027142,0.0973544560024096,0.005363818986806325,0.03424702445
193,0.05014873449785055,0.8281991256005881,0.110477638322606,0.003503484666578561,0.0076710169123766865
194,0.08112568762617044,0.8550673542604225,0.0541685259246774,0.003291392570728553,0.00634703961800114
195,0.03020834827387059,0.8860012006780051,0.07974659319775955,0.0017869212506719625,0.0022569365996928706
196,0.019806751532788533,0.845790111064182,0.12745439016614557,0.0026016578685264025,0.004347089368357305
197,0.03094827767159482,0.9006787839125668,0.06380114826455112,0.002518280864202547,0.002053509287084693
198,0.014239200969839456,0.7152451407083202,0.26395917803846936,0.003235899330661121,0.003320580952709783
199,0.013589618582522429,0.6265710616963263,0.3561440433076445,0.002328257029293124,0.0013670193842135333
200,0.013678545692942298,0.8093053251618708,0.17298371467424797,0.002995348090287652,0.0010370663806512051
201,0.005007009909904107,0.673777054428838,0.3175855473675192,0.0025546374676439893,0.001075750826094696
202,0.024357332529972277,0.7909700253261092,0.1750223943267544,0.006570601624750109,0.003079646192414162
203,0.004317820821664359,0.479758973698513,0.513916574909353,0.0010925793824195864,0.0009140511880499164
204,0.010110973019156632,0.4982457788655805,0.4889133107850114,0.0019541538623972948,0.000775783467854256
205,0.0037252262880150093,0.37532403715647616,0.6193254593494363,0.0009201230744185083,0.0007051541316539623
206,0.002689631968110542,0.34192215675231,0.6544536849997893,0.0005790029481915933,0.0003555233315983663
207,0.004788388385836958,0.39216488844330216,0.6017164142594781,0.0006101930696940938,0.0007201158416887147
208,0.007687310394992299,0.45009724241784305,0.5396218283708367,0.0013486673559736943,0.0012449514603542215
209,0.0012864862789545625,0.3249979847789077,0.6728391717976271,0.00038363488144388397,0.0004927222630668141
210,0.0011214058486498832,0.2552980373319635,0.7428315079676648,0.0002523558009878079,0.0004966930507337325
211,0.006849529654463117,0.2702652542708606,0.7189848062115749,0.0027749162567095344,0.001125493606391707
212,0.004820755400738096,0.2125488862998825,0.7798068340671271,0.0018496271860636686,0.0009738970461884841
213,0.003214966346536283,0.3455311802130141,0.6493619843281998,0.0010052080817833247,0.0008866610304664203
214,0.000774137961206333,0.23638098434947188,0.7618958218920602,0.00041728696409665955,0.0005317688331648929
215,0.0034821377190517016,0.2948645586752865,0.6972009400264616,0.0027251565107694405,0.0017272070684306252
216,0.0008446337434419751,0.16643836764460568,0.8313169307031396,0.0007861999094937085,0.0006138679993187899
217,0.0011683607125505938,0.1859392615923788,0.811357524041147,0.000585687876142828,0.0009491657777807188
218,0.0016745997371349945,0.15912480750301392,0.837468345177291,0.0007600121691703488,0.0009722354133897797
219,0.0022432202745707916,0.16945440158128874,0.8265113646856991,0.0006019172712612305,0.0011890961871801906
220,0.002389977813055748,0.17194596501045767,0.824295927674808,0.0007239682153189228,0.0006441612863594702
221,0.007562439199146847,0.3539283687487549,0.6260180087694681,0.002135963332302281,0.010355219950327921
222,0.021416722633583567,0.42130920400173416,0.5461902383678806,0.0047436865706591055,0.006340148426142557
223,0.011464711849658282,0.4013872575303275,0.5845907736363575,0.001083535847318829,0.0014737211363379603
224,0.008526119054205156,0.560097883737793,0.4291463456753857,0.0011705012778103448,0.0010591502548057917
225,0.007805087791347709,0.35850485946215266,0.6316147641714783,0.0014467421269868505,0.0006285464480343396
226,0.00411064394616349,0.33338646073742545,0.6601282427565853,0.0018727215084008366,0.0005019310514250816
227,0.008045033194247321,0.5251220489722221,0.4606295218198221,0.003712197942483196,0.002491198071225267
228,0.03728014246747481,0.5994612018670731,0.35288053915126893,0.007092203082376205,0.0032859134318070585
229,0.007677541553623678,0.7963768200155452,0.18852004787729582,0.00536773979821647,0.0020578507553188972
230,0.007726031128125942,0.5448536172391553,0.4457686944758459,0.0008062512425475662,0.0008454059143253013
231,0.012539398628484223,0.52970292239119,0.45527905163596577,0.001671369107737584,0.0008072582366224391
232,0.012955741131268654,0.5952224970824922,0.38852880988277705,0.0019539721344179464,0.0013389797690442535
233,0.00812133191272305,0.5727955054822366,0.41694081176719766,0.001239411420778651,0.0009029394170639983
234,0.015372970356353512,0.4737595931278613,0.5078154707622339,0.0021495622337720445,0.0009024035197792152
235,0.006871849558353995,0.37200608965919024,0.6192061105449732,0.0011772859975866838,0.0007386642398959102
236,0.11478689937589655,0.6488988389701559,0.07968333183156,0.010570481240796762,0.1460604485815909
237,0.581641507558334,0.14029571530772306,0.006163290950510516,0.012819126890033105,0.25908035929339923
238,0.4847534355002249,0.29768299841287393,0.025794295043562565,0.013558158036372657,0.17821111300696596
239,0.45891568485349443,0.3979983406366619,0.003859945778686723,0.008216360301430671,0.13100966842972625
240,0.3496970227441609,0.44613377374700686,0.013582338902559237,0.015521715732449343,0.17506514887382368
241,0.14315719675696387,0.8126528484322012,0.009107969718036138,0.019060649663994022,0.01602133542880479
242,0.21369902938266477,0.7030707875676107,0.036782288703004186,0.011490857375369982,0.03495703697135035
243,0.11718016853694087,0.8018025086920936,0.025607935811488295,0.03971588475793187,0.015693502201545396
244,0.016554916259557725,0.9111444208510701,0.06604342777373723,0.003479285001794248,0.0027779501138407436
245,0.01846433189716592,0.8542149538754541,0.12205514830528245,0.004093787375917355,0.001171778546180193
246,0.00820081605888116,0.8756827402182996,0.11235428008771778,0.0027408147569906185,0.001021348878110762
247,0.0017610322478359018,0.7263319833764565,0.2705497322163968,0.0009557346248880254,0.0004015175344227293
248,0.01597921575001319,0.6796658421190295,0.30153549252403583,0.0016715031431059223,0.0011479464638156588
249,0.0020290783119456123,0.5440117610913141,0.45220632934866845,0.001221540963703714,0.0005312902843680327
250,0.0013638720363738051,0.37435372835644176,0.6235938747670873,0.0003585635293005811,0.00032996131079675127
251,0.006007152007590038,0.42673286317959735,0.5659726066494626,0.0006545552980768774,0.0006328228652731052
252,0.0027215510306141575,0.36798811275182275,0.6283620814376941,0.0005220196848918122,0.00040623509497722857
253,0.0008134447264919787,0.20644397766547037,0.7921060993478479,0.0002789132748528201,0.00035756498533701916
254,0.0024224493968275002,0.25903797031267684,0.7374327117766911,0.0003508800165869942,0.0007559884972174522
255,0.008493949521178193,0.30399603853109747,0.6835269961907682,0.001198479661877605,0.002784536095078417
256,0.0059006491907302745,0.5559016770399827,0.43446414263365535,0.0013779317868127929,0.002355599348818763
257,0.010928846742176732,0.5532372786607171,0.43418815999239246,0.0008510579647172059,0.0007946566399964619
258,0.007593477430860167,0.5793727909654526,0.4108093592568817,0.00123881763227395,0.0009855547145316626
259,0.004566357607224969,0.3857470574362837,0.608184944950821,0.0007784829709578886,0.0007231570347125838
260,0.0062379383139404086,0.6835649165339901,0.3032419237842896,0.0034502272383671374,0.0035049941294126373
261,0.017029176839806703,0.47208086555577805,0.5031924437729426,0.002909622258143447,0.0047878915733292355
262,0.04196760151978144,0.6840439515378982,0.1610870142498235,0.011043646647380176,0.10185778604511679
263,0.29708888643242554,0.3381988118766553,0.015966149541436707,0.03929365176721408,0.3094525003822684
264,0.4361824441429858,0.13069844346382042,0.0019317100883827975,0.035236750587439136,0.3959506517173718
265,0.09790917450522765,0.026224144881546736,0.00036880393034421417,0.012483470880036165,0.8630144058028452
266,0.4097068833395344,0.19361377368068203,0.0007925849472566216,0.045467518110092926,0.35041923992243407
267,0.4444547058647896,0.30631664252731533,0.0015736226117612463,0.0325747559036808,0.21508027309245306
268,0.6772960952075374,0.14180101231677253,0.005053080061321152,0.02180050684442245,0.1540493055699466
269,0.3418273743838886,0.4286344774506948,0.01303008489804582,0.12757297150676847,0.08893509176060219
270,0.11167896930985546,0.7224750621054428,0.01189429808909857,0.11541885834019533,0.0385328121554079
271,0.18049767160470356,0.6681223546964363,0.013060491980174052,0.1176855650567077,0.020633916661978436
272,0.16975890067174693,0.6217697000361122,0.01161326776157643,0.18761467694377854,0.009243454586785953
273,0.11660753546613747,0.7234291772644434,0.008524591092421605,0.1401918449993134,0.011246851177684012
274,0.051938909162931604,0.8468191010344225,0.01236393672465508,0.0859731092948326,0.0029049437831582133
275,0.03330704992534971,0.9047361254567435,0.017081227295375385,0.04273987356961562,0.002135723752915884
276,0.011180064065361598,0.8819459291961057,0.09404760471056826,0.012153464606475707,0.0006729374214885424
277,0.017209017894499072,0.8970249733457938,0.04016771865261672,0.04464431547900586,0.0009539746280847616
278,0.014681795081157238,0.765511507114488,0.1962192874607483,0.021281000403044623,0.0023064099405619718
279,0.05276631249477754,0.7955291079012531,0.12597576351403386,0.020387578017593302,0.0053412380723421495
280,0.02181768934738012,0.8604081754083814,0.10639206778310321,0.009405306792216302,0.001976760668918784
281,0.008900790515779715,0.7294563650402632,0.2543604394289284,0.005299831077828386,0.001982573937200156
282,0.00494640764912137,0.8405817260929275,0.14817515313099658,0.004820826386795919,0.001475886740158756
283,0.02315762699736037,0.1396696176472523,0.023204806135483487,0.008817090831739127,0.8051508583881647
284,0.05257586056724293,0.03953832775240703,0.0010706374621100774,0.01599303334806192,0.890822140870178
285,0.34686889099864915,0.14238271695345905,0.001652605671343583,0.0840281296326349,0.4250676567439131
286,0.11559903451041258,0.0204057903176872,0.0001816116899743283,0.006982974802585184,0.8568305886793407
287,0.28191891671143504,0.04760432510740739,0.00011162758611718074,0.028816804421848297,0.6415483261731921
288,0.3678362911729988,0.02139468751103001,5.218199477577314e-05,0.027312019834348285,0.5834048194868471
289,0.15914577555007822,0.04229206010128229,0.00044687774263207306,0.027906505087389247,0.7702087815186182
290,0.2761165144210862,0.08980400891513277,0.002540951687762316,0.042828978790940005,0.5887095461850788
291,0.26310799830893916,0.29599846809098074,0.0035168255650458945,0.10628558803046755,0.3310911200045667
292,0.28438090910293373,0.24420614392589393,0.005142677713730218,0.19396305670894998,0.2723072125484921
293,0.0277932897407658,0.018982138045606292,0.0020415821978233438,0.03219072504653741,0.9189922649692671
294,0.01076284087108669,0.005749354949159373,0.0002019491887368247,0.023489829628395006,0.9597960253626222
295,0.5883569405365835,0.05858056455357197,0.00011551301589802323,0.16397825199811014,0.18896872989583646
296,0.5433624382149196,0.09398754587301478,0.00042935357902570975,0.12204636494040165,0.24017429739263824
297,0.5884152372136684,0.2016891100884168,0.0004779029042571836,0.10504842634475943,0.10436932344889817
298,0.2918120302697343,0.42989842019741076,0.004584989522900509,0.14237229872253548,0.13133226128741898
299,0.11606952266393364,0.6834910666267981,0.007526993403257819,0.14213976364202346,0.05077265366398682
300,0.19687199715767503,0.38124396131027677,0.007734181451715098,0.33317517371612754,0.08097468636420548
301,0.18876884074604777,0.3084733459406088,0.0005264870139432546,0.4742754685189117,0.027955857780488515
302,0.1550259313855622,0.7019256957298889,0.008786822587179902,0.10497456253530042,0.029286987762068475
303,0.20226541267735837,0.6723357494524017,0.004806532515905839,0.10269070977674519,0.01790159557758882
304,0.2370241485363232,0.4697809103288374,0.015407480436062335,0.27077847633287816,0.007008984365898793
305,0.04056105008376828,0.8477115445504434,0.01290876526370183,0.0948855713630097,0.00393306873907683
306,0.0503786375630622,0.5541380168005056,0.005135826043030283,0.38665229000601786,0.0036952295873839943
307,0.01534198718084555,0.820364521545636,0.008165214267774718,0.1553702785272654,0.0007579984784785506
308,0.08198525827484433,0.4188048241596372,0.0047451248439471586,0.4848681532314309,0.00959663949014057
309,0.08306164077259273,0.6844064185750768,0.01589436822549617,0.20894387237520715,0.007693700051627304
310,0.08154172217596939,0.8448232391445558,0.013821859947855994,0.05555125237789692,0.004261926353721826
311,0.2218221219658989,0.40991347840495673,0.004119418782925684,0.35787786850248104,0.006267112343737505
312,0.03176274822247899,0.9041749207771455,0.008842772716350132,0.0530871636719397,0.0021323946120855464
313,0.08790951958661591,0.7396647919065866,0.022773983468758533,0.14569597007086107,0.003955734967177807
314,0.06975233317134358,0.7475959190321944,0.03734210184262575,0.14426314191576975,0.0010465040380667424
315,0.011584999703418806,0.9172024553768496,0.0379301012298327,0.031890344124417394,0.0013920995654813132
316,0.01384375098823217,0.8523666336421704,0.07472949914038629,0.05808584691989542,0.0009742693093157854
317,0.00927568902951359,0.9180773532859614,0.05713804352631585,0.014692639461505149,0.0008162746967038637
318,0.003547114096400615,0.9222817760055958,0.06751255816842472,0.006172573760235637,0.00048597796934334784
319,0.011389042612509587,0.8266553685974567,0.14762784821584315,0.013051231497056764,0.0012765090771335984
320,0.0178990216959686,0.9425609910604378,0.02053051441263625,0.017570715201893187,0.001438757629064411
321,0.003000505431330692,0.9716849453962894,0.019418920887108723,0.005465180884701467,0.0004304474005698782
322,0.0030551156324218178,0.8888387079401902,0.10413723961016806,0.003334667578533785,0.0006342692386860634
323,0.009426782293562445,0.9324782660637572,0.053403455372539134,0.004100608005292674,0.0005908882648486806
324,0.006251863653512836,0.8351749368073959,0.15314264117778903,0.004701753727500727,0.0007288046338014423
325,0.016222324421229742,0.8281880520526466,0.15003300411631337,0.004294812350256419,0.0012618070595540138
326,0.006751120525679103,0.7042654267332432,0.2860398909025296,0.0018588045945019884,0.0010847572440461513
327,0.002679168007819924,0.4469238351309262,0.5479334195619326,0.002017253945269262,0.0004463233540518074
328,0.008984875267161843,0.4135845562475827,0.573274990079766,0.0034943379479629474,0.0006612404575265287
329,0.007436204457477954,0.7293847921510842,0.25449266828790973,0.005097962752413468,0.003588372351114588
330,0.008418738667108693,0.38207540218725367,0.6060313152292839,0.0024258087006362203,0.0010487352157175715
331,0.0055571275894968734,0.2970917942351857,0.6936194749234332,0.002721229172880947,0.0010103740790031637
332,0.011837362231555798,0.5357843682130046,0.4468800681159955,0.004131522199013126,0.0013666792404310373
333,0.005236209362678906,0.3513009940956093,0.6410745893311238,0.0016685529910462156,0.000719654219541761
334,0.0029127878868230443,0.2460747666517352,0.7492990861342419,0.0012716517373831736,0.0004417075898166953
335,0.0024885780195825656,0.2601583003438692,0.7362614354854788,0.0006710550669718425,0.0004206310840975944
336,0.002454760144645541,0.3720246826296141,0.6242092511471687,0.000744636341420649,0.0005666697371510933
337,0.005130708899947578,0.38668678164265946,0.6060309868819491,0.0011363410160967766,0.0010151815593471894
338,0.002826571682075764,0.2962033280263358,0.6998799973452524,0.0004646215488484629,0.000625481397487584
339,0.007256504889537919,0.42511491421457354,0.5652839211560619,0.0010920225873144926,0.0012526371525121904
340,0.008029152499342166,0.43245383928853814,0.5570119078385284,0.0011383974526141595,0.0013667029209772708
341,0.0037429847204661563,0.34986141346970645,0.6446601642651306,0.0007496514303960803,0.0009857861143007232
342,0.0019425941276508798,0.28420626101945246,0.7128854987448059,0.00032393650443543606,0.0006417096036554459
343,0.002563390638948014,0.2602475285744927,0.7355004585383292,0.0008081286922520062,0.0008804935559781268
344,0.0014728064877522348,0.24001981630063338,0.7572682124948212,0.000628294372196483,0.000610870344596609
345,0.0022213748114197442,0.2513731534584815,0.7451824666285897,0.0005083663124662997,0.0007146387890426703
346,0.0010138388704069665,0.1998553455234698,0.7970188360779882,0.0006399026638323397,0.0014720768643024893
347,0.001149057952376553,0.1888909773879237,0.8082398608839283,0.0008148959704307279,0.0009052078053406493
348,0.0011667908770476266,0.18326330956390494,0.8144623347594728,0.0003241589060572528,0.0007834058935174103
349,0.0009704022098673199,0.2012925679356628,0.7967610576583688,0.0002338944334211388,0.0007420777626800259
350,0.0011766779019949593,0.27451878454267015,0.7233060986818516,0.00034527192030841587,0.0006531669531748991
351,0.0005987137760203898,0.10356244260803875,0.8952781227274218,0.0001851663530183576,0.0003755545355006928
352,0.0008901125710033154,0.0924478055089163,0.9057327390824955,0.00046515868236652133,0.00046418415521841947
353,0.0015207794176154725,0.08896644408134151,0.908577110699948,0.00035863230502299526,0.0005770334960723017
354,0.0004517309430710695,0.0777982498812029,0.9209275909479798,0.0003491020141537863,0.0004733262135923361
355,0.00020988333959991995,0.04262310062286922,0.9563676515741841,0.0003520246947349843,0.00044733976861197555
356,0.0005983331294607274,0.08243678492310591,0.9159682504987755,0.00048021146995393484,0.0005164199787038954
357,0.0005451017856986735,0.051714213674670974,0.9468540268699651,0.00048411601118332584,0.00040254165848204745
358,0.0010639205402568107,0.16495225360872773,0.8328158625681586,0.0003016311591471087,0.0008663321237097909
359,0.002321466615943319,0.1248687411260814,0.8709637068933161,0.0005656409574296706,0.0012804444072295777
360,0.0009648094938136034,0.10935862836901179,0.8876436978468741,0.0006592797156239002,0.001373584574676613
361,0.003004233043789368,0.16450245843211742,0.8300303595967715,0.0012268693076693048,0.0012360796196523845
362,0.01112492302609154,0.29204031658246404,0.6842598351346492,0.005438809927187225,0.007136115329608085
363,0.0027221155841678562,0.21112728901493555,0.782376689683931,0.002329634742348407,0.0014442709746170462
364,0.004561628823423889,0.33273780633910155,0.6592348760348661,0.0022543804501624714,0.0012113083524458452
365,0.007138311477651418,0.4385595070683976,0.550266450940784,0.0021997537944706378,0.0018359767186964567
366,0.0025742481618351606,0.48185831859347533,0.5141315611993326,0.0008973566623630725,0.0005385153829939507
367,0.007004413953635241,0.43994860948103454,0.5507631663830689,0.0010605176910429466,0.0012232924912184237
368,0.01880420937287235,0.7442164816219555,0.22652185943526676,0.0063269213611057366,0.004130528208799835
369,0.0035594888076967263,0.45135332414485824,0.5415909443466879,0.0018804247944766424,0.0016158179062805364
370,0.00266684928940195,0.5144551484943688,0.4814137982333799,0.0008504943884447476,0.00061370959440452
371,0.005789075694385918,0.5126092549916283,0.4779754879498318,0.0015865299694336713,0.0020396513947202595
372,0.0026466727590332847,0.3932096102189449,0.6028898585560304,0.0005810950614850267,0.0006727634045064796
373,0.0009411763918340809,0.37956698655663074,0.6174344356634373,0.0007394546974083027,0.0013179466906894977
