epoch,N1,N2,N3,R,W
0,0.0013099472231042364,0.00015719089645420119,6.868841625398872e-06,0.00013342973027224173,0.9983925633085439
1,0.026816817911069143,0.001175251751261756,2.3026964634560326e-05,0.0007312185377096286,0.9712536848353249
2,0.12957993314860702,0.0031831402875768387,2.5179793543949705e-05,0.003093487085631184,0.8641182596846411
3,0.005392306618186326,0.000311865334023161,7.375480239220177e-06,0.0005321822904859611,0.9937562702770654
4,0.025560290538253608,0.0020849294397811205,1.2484812351863453e-05,0.0035780334948826652,0.9687642617147307
5,0.061883222121286705,0.010216154384003358,3.24129550270555e-05,0.006077485085547138,0.9217907254541357
6,0.086578170700766,0.00881104790402137,3.920781475526313e-05,0.02000555664462794,0.8845660169358295
7,0.2788580308757102,0.10509433270996205,0.00020504762383781206,0.11155903070205649,0.5042835580884334
8,0.0045892782429583275,0.0016628876469170272,5.486948806496058e-06,0.007923541740456537,0.9858188054208615
9,0.1794107040446919,0.07445916498634012,9.332180276708852e-05,0.059116285951395516,0.6869205232148053
10,0.2336150773272824,0.10749802819555354,8.386936957669364e-05,0.06542918901592897,0.5933738360916584
11,0.2851302782567675,0.19633510283501338,0.00010703004332356511,0.05016215744489083,0.4682654314200049
12,0.19826502444405078,0.6240549032905937,0.0005877490259664998,0.04756859005557612,0.12952373318381308
13,0.015420585871779836,0.954737405727308,0.002026081353574202,0.003725269012194558,0.024090658035143275
14,0.061135671013940754,0.06917622053211095,7.98345982544089e-05,0.027711220034153446,0.8418970538215406
15,0.264973722199572,0.30345828218293464,0.0008344993507517912,0.29178860038941895,0.13894489587732273
16,0.03392657099467569,0.9227115808447336,0.003170054871715801,0.015326460232684122,0.02486533305619087
17,0.10067915394186394,0.8271334913921506,0.0028899914828727042,0.03331649826522701,0.03598086491788564
18,0.02724436172514116,0.9507201480746719,0.0032135720999138108,0.005938636019265607,0.012883282081007504
19,0.0933140284196565,0.09743248153020148,0.00034287844375465826,0.010577688083557309,0.79833292352283
20,0.28687746397034275,0.5567948601496703,0.0005023685573141573,0.05707675382308023,0.09874855349959251
21,0.03537850368700916,0.9517591214657537,0.0018724697849875002,0.002521278006670118,0.00846862705557943
22,0.02706692479602809,0.9373278240565376,0.019927354657992453,0.001949458673445851,0.013728437815996097
23,0.0518984443651517,0.08679087714535713,0.0025713961934205115,0.0013767971069607043,0.8573624851891098
24,0.33943308734766925,0.1484965459029912,0.00046131360197123353,0.012978858075508503,0.49863019507185974
25,0.6601709512927767,0.232219612838424,0.0006387489149924266,0.0035440003843800194,0.10342668656942691
26,0.08030340765718479,0.9068949214479184,0.0020459414728236777,0.0008612822188264426,0.009894447203246731
27,0.052611305693316415,0.9268958756825615,0.01257942914801057,0.0004551851345342977,0.007458204341577418
28,0.005360585420715867,0.6056021302907616,0.3806782479638487,0.0004046872056741621,0.007954349118999622
29,0.00848204842572186,0.9374168151723687,0.033040797079044094,0.0016539895440914705,0.019406349778773722
30,0.005078148362177351,0.9514820272135489,0.031905265504707105,0.000817321694650997,0.010717237224915478
31,0.006549024638221792,0.5904568388452417,0.38749261650936156,0.0004496040359020361,0.015051915971272927
32,0.007173867933779316,0.5827115632215638,0.39884561689871856,0.0005592322242710716,0.010709719721667257
33,0.005312775875333199,0.8173665527050455,0.16718178600238243,0.0004354922313596785,0.009703393185879086
34,0.0011619865971118153,0.17221588021668144,0.8231207446222341,8.832352588698796e-05,0.0034130650380857787
35,0.003525084844077534,0.394145828366652,0.5914547773735371,0.00014499199376843074,0.010729317421964911
36,0.005026045912020379,0.2129707634022672,0.7731185434402208,5.2018320786133275e-05,0.008832628924705687
37,0.007740794326962441,0.18117537186927196,0.8005854681353618,0.00011591400088076652,0.010382451667523163
38,0.004866806110348148,0.18152474276157063,0.8074321880485369,0.00012150645238890613,0.006054756627155592
39,0.006901040087542495,0.23390311294539823,0.7520727017328288,0.00020401583718816029,0.0069191293970423205
40,0.0018208081382875413,0.1140694104050809,0.8803606113404451,9.538239398051312e-05,0.0036537877222059915
41,0.0034310044440646315,0.14400856446597035,0.8481330809001505,0.00019191812187074777,0.004235432067943799
42,0.010698325638233143,0.17014369897725884,0.8104433386372614,0.0005442878270650534,0.008170348920181567
43,0.019157823428729896,0.17597927955154238,0.7940526144898757,0.0008198110318136029,0.00999047149803822
44,0.2784036251420469,0.4654717523546334,0.0015324942624247394,0.0070723610781835,0.24751976716271143
45,0.042590389774948306,0.8995555735892684,0.04504939060353833,0.000783116873185387,0.012021529159059635
46,0.0175592323524431,0.6094117191786466,0.3511707666327256,0.00028517861476909514,0.021573103221415636
47,0.012245398103393671,0.4174838399872355,0.5621171665254174,0.00013271084723108766,0.008020884536722247
48,0.012359256770163456,0.6425526884764128,0.3387005011944415,0.00022565244449026346,0.006161901114492031
49,0.004051435374608313,0.32452792093528976,0.6663424431666877,7.250397723650254e-05,0.0050056965461777745
50,0.0074052258374223915,0.471718847634055,0.5104497499982971,0.00013746614798540717,0.0102887103822401
51,0.0022861602078003357,0.12324752906178385,0.869604156266126,2.93509154175919e-05,0.004832803548872087
52,0.003147883810550073,0.1225499298917007,0.8708209760236588,1.5150390497805133e-05,0.0034660598835926223
53,0.0029135080535160653,0.08071142687170944,0.913220498309156,1.37706383185327e-05,0.003140796127300052
54,0.0021811039530053654,0.06512449879721889,0.9299382150895664,2.7507672273614177e-05,0.002728674487935893
55,0.000866122049351418,0.047433495196378836,0.949166271622403,1.2815835916581997e-05,0.002521295295950252
56,0.0014006700217221275,0.046941769024781706,0.9484120325494038,1.1622491651048105e-05,0.003233905912441399
57,0.0007740417529110473,0.04535809348666433,0.9504002936626792,1.1212259922607096e-05,0.0034563588378227037
58,0.0006370242362192046,0.024323517720587634,0.9717446131021233,6.8941669571527254e-06,0.0032879507741128185
59,0.00048287456932084145,0.012618861654158302,0.9818821067539739,5.338823466131386e-06,0.005010818199080912
60,0.0005287395060110499,0.015440391219775924,0.9802502767826048,3.387575601190564e-06,0.003777204916006936
61,0.0030428988340853,0.048517774565138956,0.9386705050597323,1.239150819849706e-05,0.009756430032844923
62,0.007103347101881485,0.08640740164229219,0.8986032452443975,1.922089370013673e-05,0.007866785117728578
63,0.0005164999517650527,0.021681292888479586,0.975943492601615,1.3073404920620676e-05,0.001845641153219715
64,0.004472943418726706,0.05609887601269231,0.9322230997684268,5.278004370202705e-05,0.007152300756452112
65,0.010174166852044926,0.10720115649995943,0.8643881448887429,0.0005344322258925265,0.017702099533360237
66,0.02809848391449342,0.47037612135366347,0.45712016419804974,0.0020613034033201243,0.04234392713047324
67,0.20158720541587807,0.7127203641497213,0.03304365093684658,0.005027168971257885,0.0476216105262962
68,0.038990341499795564,0.9010576411784791,0.0184950356366448,0.0009443833691991074,0.04051259831588134
69,0.030569668040486126,0.8454250272479739,0.10624928869261144,0.001269727352414861,0.01648628866651383
70,0.014013118270215152,0.7947387362068439,0.17352464576032753,0.0006599039268549697,0.01706359583575857
71,0.015169042707380656,0.5233525630107454,0.4097674997580684,0.001503065176476624,0.05020782934732887
72,0.022997178887599976,0.7014924880162161,0.2189667052791092,0.0014747030069630015,0.05506892481011174
73,0.1342428696856894,0.07673259101533919,0.00017170337851227043,0.006791152538641753,0.7820616833818174
74,0.05468452236204071,0.9143411780462074,0.005314643906739086,0.0009951410385567836,0.024664514646456016
75,0.072077787577736,0.8981233519481402,0.010185459961850272,0.0005594470569554406,0.019053953455318084
76,0.042795865151068826,0.9448916917750351,0.004218481496196173,0.0013999269430647462,0.006694034634635285
77,0.01689834007305398,0.9355935459509829,0.03868456750551161,0.0010495876821031177,0.007773958788348302
78,0.0071279452263957105,0.9209651995108186,0.0636853706611518,0.00031229341192557243,0.007909191189708337
79,0.009010257849682918,0.672932400552549,0.30480743083841355,0.0010447776269729271,0.012205133132381663
80,0.009381844979574604,0.5801381784791273,0.39862529207576536,0.0007746954917073334,0.011079988973825406
81,0.005931298826323609,0.3189532539830338,0.662335114590329,0.0002683653906505142,0.012511967209663123
82,0.0033153572284225904,0.2567349257540812,0.7338665023076142,0.00020969192989491378,0.005873522779986955
83,0.00524359661993593,0.13205988808194086,0.8542125242322527,0.00010570780854514036,0.008378283257325415
84,0.009123610453817795,0.17298908878602312,0.8097281787964361,0.00021792384576137645,0.007941198117961602
85,0.0028209137466743677,0.08271953097479154,0.9102435424316241,7.073317506890375e-05,0.004145279671840976
86,0.006692891560569474,0.09517402298695948,0.8909617339993047,8.329437948974631e-05,0.007088057073676617
87,0.001944754790907761,0.0498744550462099,0.9456657794766183,2.896247097789917e-05,0.002486048215286088
88,0.0005211513374723215,0.02878045273330456,0.9690809079151784,1.2537782683005889e-05,0.0016049502313616756
89,0.0007587084775220228,0.024094518032796747,0.9736959451983004,1.0624385194961538e-05,0.0014402039061858541
90,0.0002036135889944518,0.018499739399349336,0.980346252298736,5.557941102621899e-06,0.0009448367718175873
91,0.00018557853617795557,0.01046877894075163,0.9885742478685975,5.35183675463183e-06,0.0007660428177182889
92,0.00015977491688932814,0.005593755049382825,0.9936535720510684,4.047986285380596e-06,0.0005888499963741299
93,0.0002877684643856317,0.00566452422802175,0.9923796830780726,9.796846614317142e-06,0.0016582273829058433
94,0.0007804999511716709,0.016139513681841255,0.9793988511174768,2.5761370353695383e-05,0.0036553738791565205
95,0.05049925039082123,0.6880987824640966,0.22141990723512203,0.0012701713394547,0.038711888570505386
96,0.0010894441768684172,0.059674880813652555,0.9376960517081202,4.0283538407029254e-05,0.0014993397629518045
97,0.0010679975432391336,0.08626774203477293,0.9107921123483467,4.479912179002652e-05,0.0018273489518512251
98,0.001062456288748546,0.07393543329808842,0.9236484334081947,4.033026205546144e-05,0.0013133467429129833
99,0.0016433005446097034,0.07117446215175895,0.9249127219885677,4.695385373480667e-05,0.002222561461328927
100,0.0007758362385422089,0.04755764360235239,0.9506932715585197,2.5345859422526382e-05,0.0009479027411632008
101,0.0006030396656228633,0.04273535222320092,0.9557331442378018,5.6227135797367365e-05,0.0008722367375770611
102,0.00120320430659308,0.031328796116773916,0.966433419506058,8.656372634407246e-05,0.0009480163442311066
103,0.000761156043185648,0.025075295074172308,0.9731141357146322,6.28421456073206e-05,0.00098657102240258
104,0.002823247576422618,0.03669640085037075,0.9573910694463548,0.00028232070615097317,0.002806961420700802
105,0.005697328083398507,0.08105607845494212,0.9048957379361351,0.0006686488652562367,0.007682206660267925
106,0.05210952803208441,0.28287740141664114,0.6089884067630683,0.004744490150200056,0.051280173638006014
107,0.02469906895869866,0.007135920524188554,3.5902863537959295e-05,0.01700658634125846,0.9511225213123164
108,0.46910595835982394,0.1731489983144157,0.0011770302821811512,0.11561366502035988,0.2409543480232193
109,0.0919169369453692,0.018624381127242632,5.450688909708117e-05,0.017504399613754582,0.8718997754245366
110,0.6354840504586443,0.2798271257528807,0.0005820460406071075,0.041171040065995784,0.04293573768187206
111,0.27805277151399477,0.6550137900020115,0.001544852362955785,0.02898520368956555,0.03640338243147213
112,0.3667706693775779,0.5552218363156918,0.0018680396552805444,0.042641661031116655,0.033497793620333054
113,0.14277314918528453,0.814631903747062,0.002322460600992854,0.02141381720613511,0.018858669260525682
114,0.07376018923906255,0.8813142577243922,0.006045820132558559,0.020750959829763518,0.018128773074223305
115,0.08399657264199348,0.8873178201842572,0.0033966399352099454,0.014184104178107755,0.011104863060431661
116,0.12594649849642708,0.8294307263354936,0.0030049979069028065,0.025075497189748542,0.01654228007142783
117,0.3481040608476736,0.5461652819074705,0.0005594421163198372,0.04441003919884002,0.06076117592969598
118,0.020349476559594806,0.9588593753328614,0.009026933296326008,0.008822689463167221,0.00294152534805046
119,0.35129718743446936,0.5354482343634128,0.001176433652744235,0.028243543955671,0.08383460059370253
120,0.1847793511586654,0.7860540177969694,0.0007355091346012427,0.015001153857441165,0.013429968052322949
121,0.11036209435117887,0.8635489775027592,0.0010568533944016688,0.013974926115185377,0.011057148636475007
122,0.016601333062876793,0.9668591114420398,0.009085759160724986,0.005327923106616337,0.002125873227742066
123,0.01515475989148802,0.9695429965598952,0.005336221776178244,0.007779543863229062,0.002186477909209296
124,0.011748039636346994,0.02276036010078177,7.262439383333166e-05,0.006631539304646282,0.9587874365643917
125,0.5596604596774641,0.1755129795127638,0.0001300517597202845,0.1128972989257626,0.15179921012428918
126,0.3060109181230781,0.602093500295336,0.0006565460961434189,0.057651470586095654,0.03358756489934689
127,0.1028734629834768,0.8753996178302453,0.000939334007256922,0.01601508635763199,0.0047724988213890445
128,0.02856735663627886,0.9477574496649999,0.0032352399502896026,0.013404334575446316,0.0070356191729852085
129,0.34290580717663816,0.36990730816254297,0.00022344538454213223,0.09318430932021417,0.19377912995606256
130,0.04662646933467966,0.9219374946195902,0.00403365114125061,0.014646435424399046,0.01275594948008025
131,0.31018908447841453,0.5341698059846436,0.0003439590114616362,0.059463845964877665,0.09583330456060246
132,0.28626310457519594,0.63757673135132,0.0003748999050760854,0.06625499653352653,0.009530267634881533
133,0.03623538962153961,0.9340117700135515,0.0012974109248261965,0.02485640482255878,0.0035990246175238894
134,0.02296648459142078,0.9179887360299674,0.03959189853953092,0.015317185143836181,0.004135695695244661
135,0.22509971984035443,0.4944580333002988,0.000731458482389117,0.24023892778614014,0.039471860590817344
136,0.32776854513741926,0.3267183588158733,0.0004806559615201287,0.30190802293439545,0.043124417150791995
137,0.03873513907900124,0.9192808388727277,0.0011290446238356167,0.03529828394112517,0.005556693483310122
138,0.3380607407208779,0.30964237342161,0.00014734754254743922,0.10149729051649765,0.250652247798467
139,0.3231457971915103,0.4543573922215098,0.0004845243739788388,0.20826783450799044,0.013744451705010489
140,0.057169421845197764,0.9075420236895946,0.0008331291235327922,0.01923315985568559,0.01522226548598932
141,0.06455940616307218,0.8969352741587374,0.0007103799091009853,0.03069256743280866,0.007102372336280796
142,0.09017121570957323,0.7943742071651151,0.00087364463215003,0.09355879010513517,0.021022142388026525
143,0.11073219952243503,0.43672201718903886,0.0005853103599879941,0.4424165213228068,0.009543951605731313
144,0.11678106322784658,0.5047221405247925,0.00037573888456625686,0.35653806715953773,0.021582990203256942
145,0.05912796537362816,0.032108255183217915,4.851234902634604e-05,0.23995013374551355,0.6687651333486141
146,0.1847451390860424,0.4194664088051346,0.0003662026887241072,0.3692904339587153,0.02613181546138369
147,0.26661761647245175,0.3183625300439159,0.0003785096584149778,0.3898278176400489,0.024813526185168435
148,0.14466978326045318,0.061137203347228636,0.00010287929011556338,0.10998756331383905,0.6841025707883636
149,0.11118542077920524,0.14149970394120534,0.00016633541812470127,0.7256084469176176,0.02154009294384703
150,0.1467868587276084,0.21960045477515175,0.0004859885218089289,0.6129233508862276,0.020203347089203263
151,0.045106383368143016,0.015287129074875278,0.00011366451775694894,0.4946767122447446,0.4448161107944802
152,0.14469798904984957,0.06367264172444538,9.236770074123574e-05,0.7339344474115246,0.05760255411343941
153,0.13315761527056136,0.17100819178977308,0.00024640637779654986,0.6862075866749386,0.009380199886930254
154,0.3214934325097567,0.17668015216863603,0.0003178509652403465,0.3378822841213918,0.16362628023497508
155,0.14951339986020531,0.35988382511542094,0.000532523928363701,0.47786234440202496,0.012207906693984865
156,0.21327333381602875,0.14837495622650929,0.0002574875123955987,0.4325869967778219,0.20550722566724433
157,0.08246340195136741,0.02957845629694317,0.00010206697011755859,0.46296042197472953,0.4248956528068422
158,0.1363368810743366,0.20983524879589588,0.00029982693648229536,0.6290001330739443,0.024527910119340978
159,0.15103278606678278,0.35229274770599783,0.0004692395568874008,0.47885106413407585,0.01735416253625619
160,0.17298370245050682,0.1634762923648907,9.128885510830824e-05,0.6230117184806547,0.04043699784883934
161,0.06562895814958566,0.6051838436258528,0.00019860677702749794,0.31564320984671895,0.013345381600815063
162,0.08266377473702384,0.5440848990962339,0.0002682773027365302,0.3455556918165991,0.027427357047406557
163,0.09764834782253172,0.1804931016111456,0.0001822350108767349,0.7024244474524687,0.019251868102977226
164,0.03799801062591374,0.08711892812410986,7.55283034147328e-05,0.20859482838911966,0.666212704557442
165,0.12406420566649523,0.07594333891586483,0.00012992261212816045,0.7592462345046532,0.040616298300858535
166,0.13078167269967592,0.5855583931723007,0.0005320857265420239,0.24399030277892886,0.03913754562255253
167,0.00796933206787619,0.030618565824459237,6.88875151639214e-05,0.021348177954086667,0.9399950366384139
168,0.14243179392051475,0.05007301544604865,6.711663025629259e-05,0.33073047460354554,0.47669759939963463
169,0.23836752094975744,0.366151472853609,0.00012801653120563162,0.18649267184422702,0.20886031782120076
170,0.43264545419992556,0.3830360553766896,0.00023298672158425735,0.06501820669701024,0.11906729700479045
171,0.3241039776089163,0.5389725508251131,0.00037843194791838,0.12306958901493348,0.013475450603118666
172,0.1599454200804446,0.7794863529686676,0.0002555241370802545,0.030710849634667862,0.029601853179139676
173,0.09300009807371097,0.8690512032286691,0.0007223081319209881,0.031819496319410216,0.005406894246288658
174,0.03485523443388177,0.9545702570296023,0.0014032856925062925,0.00530343933872752,0.003867783505282327
175,0.04048590024256959,0.9439351355187472,0.001731016377191846,0.010320396873506789,0.003527550987984488
176,0.01163627409307157,0.9781878569707566,0.007551411253683227,0.0012444850834200905,0.0013799725990685937
177,0.049288166375996166,0.9416953220178915,0.0028910416207243044,0.004000778799198697,0.0021246911861892213
178,0.013147375058370258,0.8334850418792484,0.1468349673256638,0.0020218987841401064,0.004510716952577418
179,0.01345028655939718,0.91309622132341,0.0660303898095633,0.00402211142001026,0.0034009908876194346
180,0.01394873751007287,0.9564059065269452,0.02064644642955351,0.005110486615390123,0.0038884229180383
181,0.03901407642964521,0.9358700393696872,0.008859370870888507,0.010334901326494856,0.005921612003284214
182,0.0166944834435154,0.4473497622092318,0.07696183764133095,0.0018930148139663877,0.4571009018919555
183,0.1877759730551054,0.10728061982716551,0.00020782908318097028,0.014573057376857759,0.6901625206576903
184,0.060796542296806366,0.924199661180499,0.00453503116669124,0.0010906405259077608,0.009378124830095784
185,0.048122827862051624,0.9449226758862392,0.0010954443367776846,0.0007117961606776539,0.0051472557542537375
186,0.021869869366304404,0.9654771420529074,0.0065579237106205305,0.0009619374935141359,0.00513312737665354
187,0.012998458631879577,0.9787171521689921,0.004121221687937448,0.0008304139152788717,0.0033327535959118523
188,0.019196136556729623,0.9399823650093512,0.03237501106390687,0.0022313749683172996,0.00621511240169507
189,0.019225457730827206,0.04132826523867215,0.00035152122540192037,0.002778689383216658,0.936316066421882
190,0.472045333171734,0.2188839406324313,0.00020673760953896997,0.0357421904078653,0.27312179817843035
191,0.2307592569359686,0.7271552217905665,0.001308747304039413,0.016059060626082533,0.024717713343342912
192,0.03810057488446067,0.946351584575803,0.002793992300934262,0.002792084408285159,0.009961763830516763
193,0.1380891445283965,0.4303575370660821,0.0008508181720732922,0.05691542673432764,0.37378707349912055
194,0.15710961914101274,0.6134699527662132,0.0005822547566171736,0.19659324781297638,0.032244925523180624
195,0.045976313040963494,0.07703403500777734,0.000289176851037188,0.030276305987467632,0.8464241691127543
196,0.24431948420436103,0.09813666724979948,9.054806990037836e-05,0.12306919957448459,0.5343841009014545
197,0.002905591603618257,0.002747829333644454,6.614361948369808e-05,0.0014298793946758083,0.9928505560485777
198,0.0018236257448630147,0.0013021132966231925,5.183309884052311e-06,0.002069361098093751,0.9947997165505359
199,0.003334574585903917,0.011694412621703489,9.752870328520284e-06,0.0017868269442848747,0.9831744329777792
200,0.08029087820891175,0.00407988948701234,2.313052533343342e-05,0.0052356420119478485,0.9103704597667946
201,0.3870723082526549,0.014308953971678846,4.498026790385962e-05,0.015226427020706547,0.5833473304870558
202,0.4411776923763043,0.054692453867925324,8.925273229982042e-05,0.03131797978704572,0.4727226212364248
203,0.43530563491204627,0.22488381537124555,9.096610087293832e-05,0.07176334841952833,0.26795623519630685
204,0.49847355949168226,0.3902267582664933,0.0013597672033330863,0.04291641232923263,0.06702350270925873
205,0.10180214836816262,0.8818115986909059,0.0028665624015940814,0.003879220851157006,0.009640469688180641
206,0.032189194710517184,0.9544760991809971,0.00465290966166617,0.0013648717734104706,0.007316924673409024
207,0.028509144477628114,0.9568755925735523,0.008752827883429506,0.0012022542758153016,0.0046601807895747804
208,0.019864797361740134,0.939691669140987,0.03289031989608814,0.001423459317182907,0.006129754284001535
209,0.012766877400788749,0.9397473675061337,0.042510293628026115,0.001793676114402261,0.0031817853506489273
210,0.01811764494225446,0.931638965861172,0.04283352709806862,0.0034306286700344544,0.0039792334284704895
211,0.013263859582606289,0.9585230819852125,0.02205215290778232,0.0013957243325901317,0.004765181191808687
212,0.008454608875897475,0.8968225604519258,0.09108028281525356,0.0008160990847911799,0.0028264487721321495
213,0.008798627768623437,0.9517655128549354,0.03504132210905134,0.0008113289387773416,0.0035832083286122607
214,0.003483863329182698,0.5147560747861649,0.47898614679935375,0.0005163895549241418,0.002257525530374306
215,0.008976166854062951,0.8412611529553752,0.14384479216394672,0.0015634308602599284,0.004354457166355177
216,0.005767195836559824,0.6769798563401739,0.31296249799956843,0.0008925120324006636,0.003397937791297325
217,0.0024442602421872782,0.7627379572270946,0.2310871426602182,0.000388560927116118,0.0033420789433837154
218,0.018168983225691333,0.754304621966756,0.2211001833563494,0.0006715963272940543,0.00575461512390915
219,0.0044534201447757075,0.4274266347507894,0.5648419114611718,0.00026163540870002556,0.003016398234562981
220,0.0047716403171526355,0.5604334094671763,0.43223908994918736,0.0002948962110253546,0.0022609640554582325
221,0.0016438937569432299,0.22392957719049245,0.7722509809739792,0.00015351832254798962,0.002022029756037276
222,0.003759760031108808,0.3603019449065888,0.6313695217580426,0.00022633211248269385,0.004342441191777207
223,0.002189118426464575,0.18558844396284535,0.8098813410423984,0.00017834569352561357,0.0021627508747660827
224,0.0025435017458062025,0.4200656734075509,0.575231339451797,0.00022829930526617045,0.0019311860895796075
225,0.001802916229669319,0.28332695537657593,0.7118524192042187,0.0002389017820831097,0.002778807407452882
226,0.0008028695881613852,0.10844475001937215,0.8898723153685923,6.094439012550967e-05,0.0008191206337487095
227,0.0020332378972956915,0.09840198971511491,0.8981882996303318,8.983639224770151e-05,0.0012866363650100004
228,0.0011636579811152466,0.1276694472246905,0.8697817311294276,0.0001090150959194799,0.001276148568847136
229,0.0007421039442817603,0.08976145804515874,0.9085546581343918,4.065330278419013e-05,0.0009011265733835179
230,0.0018974722906397775,0.07260734375103423,0.9237845074545465,0.00011334223543594452,0.001597334268343452
231,0.0004230414959617251,0.0604929270427205,0.9382513723311846,3.776357250455269e-05,0.0007948955576286424
232,0.00040744091790658545,0.022707448775847416,0.9760209017682469,3.3679263287137074e-05,0.0008305292747120528
233,0.0008320492325552608,0.05215423000462446,0.9453441765464212,3.491536164660305e-05,0.0016346288547524203
234,0.0007304533508090692,0.03337573642016134,0.9637529135233933,2.8502782892686432e-05,0.002112393922743725
235,0.0006871824857846388,0.024166649240935575,0.9740560021814627,1.2982760270025705e-05,0.0010771833315470307
236,0.00026754169028876966,0.013398238669191946,0.985413020032857,1.0525529526039695e-05,0.000910674078136292
237,0.0001928481663480159,0.02740522628668634,0.9712543241948035,1.02685262716092e-05,0.0011373328258906835
238,0.0003186457730229123,0.01207172446424135,0.9867252827510157,1.7240522323909257e-05,0.0008671064893961109
239,0.00043166469680478456,0.04070327589312889,0.9566709122963643,2.875431006693081e-05,0.002165392803635291
240,9.599987535371314e-05,0.00834670173970186,0.9907743662208135,4.887473240817097e-06,0.000778044690890109
241,0.00013504948253767723,0.012000625095600851,0.9868409650802947,1.070503345788019e-05,0.0010126553081089675
242,0.00016875269125585888,0.019209780656280734,0.9793811209666166,1.6264391785482615e-05,0.0012240812940615654
243,0.0002730270210922431,0.020480825192564337,0.9779956007643742,1.582895220579902e-05,0.001234718069763413
244,0.0003086162269896763,0.01910177800291799,0.9790038829284929,3.0371564135077995e-05,0.001555351277464627
245,0.00016150413281047603,0.01693598565504755,0.98162424681369,1.3488302875540335e-05,0.0012647750955764906
246,0.00021877568757275428,0.014083497875945542,0.9843040198142704,1.782482596978653e-05,0.0013758817962413142
247,0.0002863404777470103,0.019979323480859765,0.9772153403105371,1.602409159236304e-05,0.002502971639263698
248,0.000345323988793001,0.01979030562890895,0.9784756157290966,2.4023018556248457e-05,0.0013647316346451857
249,0.0008087120830862147,0.019601402511065732,0.9769605865575733,0.00016768908841509233,0.0024616097598593625
250,0.0008827047119298087,0.024380703252472113,0.9723860440578007,0.00010482550128374608,0.002245722476513626
251,0.011329157532045254,0.1095489505594477,0.8597083588780479,0.00184042406442818,0.017573108966030943
252,0.029644441959678313,0.1546587419126529,0.7846650526329954,0.0056577705723214865,0.02537399292235205
253,0.40884199883895284,0.276544657062722,0.012766314555644474,0.05024346966926889,0.25160355987341176
254,0.07978597090864037,0.022835353933153047,0.0018884734925037625,0.016829711287235722,0.878660490378467
255,0.12078629413681508,0.030120020833754868,6.045080490010368e-05,0.008358212562129036,0.8406750216624009
256,0.5668513298904843,0.10591881625274328,0.00046624990973429626,0.014733943848879074,0.312029660098159
257,0.5641257064617367,0.3957488660985499,0.0008124136004637424,0.024187749650643225,0.0151252641886065
258,0.24959615983126435,0.7155334193280736,0.004689844349311615,0.009277990621556152,0.020902585869794224
259,0.15521200975447663,0.8105817302422306,0.008071324215775603,0.015775927800218425,0.010359007987298736
260,0.02068019817029243,0.9467676367843079,0.02550461465625767,0.002383205423075468,0.00466434496606665
261,0.05517680619235305,0.9019849325694561,0.025084708592141087,0.006643121590610259,0.011110431055439622
262,0.02379515496715982,0.8974894129014754,0.07107498563727278,0.0034310753799098146,0.004209371114182096
263,0.011593706468367906,0.962400172946383,0.02110445372399135,0.002332076602286533,0.0025695902589711796
264,0.01478632392452434,0.8607511020438998,0.11731664936462742,0.0013009393986249179,0.0058449852683237795
265,0.020635927888479264,0.8991881716800716,0.0708020624533152,0.001580187916488266,0.007793650061645601
266,0.039477440606209474,0.946638524045583,0.007543572429655231,0.0025854177167375773,0.003755045201814527
267,0.010254787296619461,0.8444490938852519,0.1400558701136762,0.0019476636725616798,0.0032925850318908877
268,0.019354197487993906,0.914672335467164,0.056494698057709784,0.0038890962197447925,0.005589672767387709
269,0.16022613550218243,0.32043769845165404,0.0027847964801433196,0.007538132346976005,0.5090132372190441
270,0.050161396059399635,0.9274775697161814,0.009133597900321231,0.0016962960764604935,0.011531140247637156
271,0.022448477289800005,0.9510260075967225,0.017867174538616516,0.0008603790504643308,0.007797961524396481
272,0.04869472512098282,0.9347328491783576,0.008422804391221127,0.0008403897184611136,0.007309231590977424
273,0.01660676837520444,0.9578196234334332,0.019243175791296176,0.0009664695498461242,0.005363962850220075
274,0.014105262207306707,0.899162673816779,0.07941270322685208,0.0016224152170094138,0.005696945532052957
275,0.02093272016108748,0.9589824856518555,0.013126291993116313,0.0014152113801837725,0.005543290813756955
276,0.024290277254050995,0.9336697906348167,0.03149755180538225,0.003890616984724456,0.006651763321025534
277,0.011910888296839678,0.9001741386036034,0.08152265590142346,0.0021163436825314,0.0042759735156020825
278,0.012043777179004934,0.9555545866050047,0.024826481011933303,0.0025337075305484243,0.005041447673508616
279,0.004728440169790995,0.5805345702705854,0.4031340346084745,0.006451035652680693,0.005151919298468321
280,0.021957142984014508,0.9061575831644445,0.037237557351331996,0.01228700965745069,0.022360706842758524
281,0.1664027522068589,0.6103333231539633,0.0035409973941113618,0.06989686918851043,0.14982605805655602
282,0.38555988382284095,0.2737087648667621,0.0012155061986515753,0.12777825649755525,0.21173758861419018
283,0.35588631836096185,0.38751497366463117,0.0017344373637899464,0.08010452682764901,0.174759743782968
284,0.3088424035306234,0.09866795322485526,0.0006090142231245956,0.09002894138428696,0.5018516876371097
285,0.49985597442015683,0.09560729948938293,0.00024719089851042844,0.08149849209306055,0.32279104309888923
286,0.1543737864677584,0.03468184551002919,0.00044970799704566525,0.0343846918071378,0.7761099682180289
287,0.17863967502681835,0.027947305154960127,6.750642720746428e-05,0.05426554112474768,0.7390799722662663
288,0.40185614933186636,0.19295337750153213,0.0003086934800728463,0.31018783380256043,0.09469394588396822
289,0.1342984565563963,0.05370554361811359,0.0002102301938844296,0.7394588033896027,0.07232696624200308
290,0.025972061181985764,0.034898580386641204,6.579808559869225e-05,0.9205901953350861,0.01847336501068826
291,0.018723816487413704,0.02296045458228187,2.988420662110587e-05,0.9455991559812462,0.012686688742436947
292,0.026872828571373467,0.028517368523602565,2.9566563313902493e-05,0.9015384942456734,0.04304174209603651
293,0.029161205154749976,0.03072008368976697,2.7400204253230596e-05,0.9175142242249893,0.022577086726240553
294,0.024007633134337358,0.03028863378596237,1.4697802823824387e-05,0.9247761573556411,0.020912877921235383
295,0.024003633213095843,0.025628532083143286,4.587309435281034e-05,0.9349075354870638,0.0154144261223443
296,0.019810146321158125,0.01543398284721452,4.5021263830646106e-05,0.9561196326138116,0.008591216953985008
297,0.019869418816394292,0.027109102328580027,0.00013980172598630197,0.931631206176654,0.021250470952385275
298,0.01686110289613644,0.013811210077467629,9.717346307639903e-05,0.9131602654170398,0.056070248146279866
299,0.022208372049908078,0.022609462533181936,6.409162684155297e-05,0.9308331170423407,0.02428495674772779
300,0.025258351143807155,0.02587655904590039,9.935421218921013e-05,0.9039486708072144,0.044817064790888844
301,0.023597675808927295,0.014468273237067694,3.095227814401907e-05,0.8287946395935949,0.13310845908226615
302,0.02807809102043114,0.012629299695311604,1.8000884441857205e-05,0.8903473819706137,0.06892722642920174
303,0.040498997479460716,0.010246846527352233,1.7602058450456757e-05,0.8880278786819195,0.061208675252816994
304,0.0449621220124344,0.01289345601801835,2.2456729062865902e-05,0.9076990084296639,0.034422956810820395
305,0.04433929595978734,0.0114834020610959,2.047743400978623e-05,0.894599177513858,0.049557647031249034
306,0.03653071006009353,0.02404556547889727,2.232058478901414e-05,0.9298101689536092,0.00959123492261087
307,0.027253794143771257,0.018488187378801715,1.9550710335805944e-05,0.9421335586463068,0.012104909120784383
308,0.07218094717302534,0.032932266695158675,2.737128888893365e-05,0.7460033810053044,0.1488560338376226
309,0.026597029719325177,0.021308626080074618,1.5263951367114282e-05,0.9257247331986286,0.026354347050604555
310,0.02400063302007989,0.010542095294255963,0.00011212031198052006,0.9436308191521683,0.021714332221515323
311,0.031255709672930856,0.01308863865161901,0.00018563555366443547,0.9453729418788186,0.010097074242966958
312,0.044548107984553165,0.015792050706788848,0.0004886360555532691,0.8954859588283941,0.043685246424710715
313,0.019096532273881184,0.00891392472910284,0.00028104684212128754,0.9549894376931907,0.01671905846170391
314,0.05721976069630767,0.013820401017817,0.00032282547678732517,0.6749558673693192,0.2536811454397687
315,0.11467433987141067,0.011978023111133034,0.00036865919944017664,0.5716711201689634,0.3013078576490528
316,0.20157284970788872,0.017932136884928077,0.0001637364771284577,0.7149205943357865,0.0654106825942682
317,0.3360017083674466,0.015129309706074656,0.00016875126478441312,0.5095533297810351,0.13914690088065915
318,0.3082128298926551,0.02162367363812734,0.00010344177903005383,0.546092181020419,0.12396787366976854
319,0.23862037671713118,0.04627990702583061,4.133251364003821e-05,0.5438297967866593,0.17122858695673884
320,0.013581356230836726,0.022030541925664747,2.5754507351901184e-05,0.01420943674457409,0.9501529105915725
321,0.0024817430713770807,0.02476687581551853,1.495133455683084e-05,0.0028900064879682974,0.9698464232905792
322,0.0015791188085924075,0.000703640754816266,1.1701725662182486e-05,0.0034687312012393534,0.9942368075096898
323,0.0006366721608839366,0.00020805968133729777,6.4120098366601e-06,0.0006850688154503658,0.9984637873324916
324,0.000567304957094612,0.000176494369097211,6.225175466717684e-06,0.002089096214734509,0.9971608792836071
325,0.0011508545152143163,0.0003042427759942424,5.39381725126816e-06,0.0013618705472403575,0.9971776383442997
326,0.001281474206537009,0.0020412870500497843,7.707320057301977e-06,0.0020447073823551885,0.9946248240410006
327,0.0007465725200188616,0.0007744087980907483,3.3812787009797117e-06,0.0007494597052802179,0.9977261776979093
328,0.000642179406757354,0.00073574986091807,4.68498077737411e-06,0.0009447352267019281,0.9976726505248452
329,0.0030088535807008088,0.0012480780075853778,9.627709463765135e-06,0.0017277645036896626,0.9940056761985603
330,0.0005188939334794995,0.000983514292747937,7.600242965090042e-06,0.0014458325987992356,0.9970441589320082
331,0.000867008303331794,0.0010073327771129659,8.593260101216587e-06,0.0019085616690969827,0.9962085039903571
332,0.0007765128464862313,0.00011074765143816006,7.216593524994127e-06,0.0029685981670734525,0.9961369247414772
333,0.0008467343706252737,0.00012679901671888236,6.548134932056802e-06,0.002534385710151648,0.9964855327675721
334,0.0009069200517130111,0.0013552352059834868,2.5558536848013017e-06,0.0016125711707321451,0.9961227177178865
335,0.0009597438479978025,0.0016063234252155219,3.874914806145758e-06,0.0016714743696395282,0.9957585834423409
336,0.0006207628414471841,0.0014236414731232455,2.799318109404403e-06,0.0010099729530571575,0.9969428234142631
337,0.0007578494005763955,0.00019244410417918376,4.735836181844721e-06,0.0014295209029238027,0.9976154497561387
338,0.0007605333757382105,0.00023180439808444066,3.035311533581443e-06,0.0014821372722049612,0.9975224896424387
339,0.000853300875522807,0.001733361082300704,2.4592488474410864e-06,0.00086616494788314,0.996544713845446
340,0.00106598920430536,0.0024704438408605822,3.2512781671241892e-06,0.0020961239447590875,0.9943641917319078
341,0.0009873668709082335,0.0004025423289931726,1.926775597780531e-06,0.0007468538261500265,0.9978613101983508
342,0.0014527897471582798,0.0003843039502819933,1.343590219688379e-05,0.0013579915956383026,0.9967914788047245
343,0.0010967516152174807,0.0025453285963857593,1.67143487287121e-06,0.0011315903208519583,0.9952246580326719
344,0.001115059053855667,0.00042888790287350716,3.320343421113279e-06,0.0016673977907231661,0.9967853349091266
345,0.0007775391403549602,0.0029505538329791707,1.897136576009196e-06,0.0012051757137110817,0.9950648341763788
346,0.000937874338058755,0.0017973405413136123,1.124564113892236e-06,0.001100675151221028,0.9961629854052928
347,0.0008754673837152115,0.00022994016543099574,1.1579207084501338e-06,0.0010980759900888907,0.9977953585400565
348,0.0011116143787262844,0.00033247514555984656,1.61184648510708e-06,0.0014729195365710108,0.9970813790926578
349,0.0039873357268768875,0.0037683048501956215,2.4576547298374757e-06,0.002891204910704343,0.9893506968574934
350,0.0008048602805878714,0.003173378700252825,2.6715372826873453e-06,0.0022177386277041733,0.9938013508541725
351,0.0019558596488130787,0.0037610976041447227,3.460374629434995e-06,0.0031821405371174885,0.9910974418352954
352,0.0016382483077558192,0.0025381369027842383,3.4966866892758014e-06,0.0034135896689716744,0.9924065284337991
353,0.004315045665562155,0.0009921748702464098,6.225868583148422e-06,0.004829075819493354,0.989857477776115
354,0.006559060146907079,0.0008204411816673283,4.897425219791595e-06,0.006842836922787902,0.9857727643234178
355,0.002435467509600184,0.0006640581683270238,4.00932899027337e-06,0.005477657576111153,0.9914188074169713
356,0.001417953027039358,0.0036208197762600865,3.3850053175056947e-06,0.004145546858433145,0.99081229533295
357,0.0027082644127701993,0.0005101063821630218,2.7931738152963516e-06,0.003882581977545394,0.9928962540537061
358,0.0017488521195898566,0.0031629983385685874,2.7461845987444347e-06,0.0039247755753446,0.9911606277818982
359,0.002057542055715939,0.00041791961634538916,2.660345065124806e-06,0.0031184733978665584,0.994403404585007
360,0.0012171793952202845,0.0003258263620885749,2.424080821091316e-06,0.0033730899765946373,0.9950814801852754
361,0.0014178993619924718,0.0002866410656556992,2.4326371304282438e-06,0.0022793387506819212,0.9960136881845396
362,0.0006589481239092612,0.0018840301590460008,1.3863366525732039e-06,0.0016943660849700966,0.9957612692954221
363,0.002687451292970158,0.0007087694851032911,3.8563801057438095e-06,0.0029909745783540465,0.9936089482634667
364,0.0006135145754187205,0.0018891516071500801,3.1389383159865946e-06,0.0019813013386675515,0.9955128935404477
365,0.0012652728621804965,0.0016846941707099683,2.6989703089488685e-06,0.0018736577306710015,0.9951736762661296
366,0.0013723589345688556,0.0003938909506458503,3.4750787471031636e-06,0.0022320018960586487,0.9959982731399796
367,0.0007725359809362686,0.0012878588253464902,1.7859074095258442e-06,0.000929999235437006,0.9970078200508707
368,0.0006144523913516021,0.0016146055200709543,2.2927515548274382e-06,0.0006853867455866516,0.997083262591436
369,0.0006421316019259604,0.0003330710569498704,4.160288181295764e-06,0.0009336962201830945,0.9980869408327598
370,0.0009488833138968754,0.003262247835372037,4.571986470918661e-06,0.001297703361354311,0.9944865935029059
371,0.0003313420417613325,0.0004218098549317043,7.251878336465672e-06,0.0005889240103676094,0.998650672214603
372,0.0007101736080578108,0.003897268542305774,2.1684902542545533e-05,0.0007695178447848879,0.994601355102309
