epoch,N1,N2,N3,R,W
0,0.000962490704844483,0.0004153970233474652,2.0740996621925425e-06,0.00016771392827842917,0.9984523242438674
1,6.473773072853382e-05,4.5242666703316454e-05,3.775594845361762e-07,2.054973756736214e-05,0.9998690923055162
2,0.0009091820409661137,9.230403680685844e-05,3.829700665765563e-07,7.983603967826869e-05,0.9989182949124822
3,0.01346274412139289,0.0013747903426876804,5.4306549245159285e-06,0.00046645167189904123,0.9846905832090957
4,0.00409443720405586,0.0025118240093931427,2.5730664191800855e-05,0.0001633578180648851,0.9932046503042944
5,0.007399076422562867,0.0004438652210005106,2.5999852156775797e-06,0.0005438733460659623,0.991610585025155
6,0.11305681844661618,0.0034471520085938476,7.854019923990732e-06,0.007057949245250603,0.8764302262796154
7,0.02516987926907952,0.004040806323125316,2.762087100209228e-05,0.005175502248122919,0.9655861912886701
8,0.5156592094257597,0.008995164375965016,3.3031065422581716e-05,0.016395012172841887,0.45891758296001073
9,0.4126929691512605,0.015673692733254203,3.0425678036872773e-05,0.02392626378381012,0.5476766486536383
10,0.340472812987316,0.01388870173528686,3.1296384074221564e-05,0.024617652668972603,0.6209895362243503
11,0.3651724782774167,0.1567189682569656,0.00023184227525806066,0.025294832802529237,0.4525818783878304
12,0.357995859304523,0.06620459815576044,0.0002993668996016343,0.03372710702053368,0.5417730686195812
13,0.07465146330320892,0.02593981117259646,0.00023364256070915277,0.008642128152615924,0.8905329548108696
14,0.002076199445638295,0.0018534462262823849,0.0007533998906424481,6.215335999979405e-05,0.9952548010774371
15,0.002495298940173324,0.0019439700794822714,1.7153266212196994e-05,0.00013286018535043303,0.9954107175287817
16,0.20924935613672885,0.010542591861980973,0.0001191366784076843,0.004214123895900332,0.7758747914269822
17,0.026259986098019817,0.0065871613325772715,7.491872671606434e-05,0.0007414980509331102,0.9663364357917538
18,0.5650191969815336,0.040594516103926157,7.471910844736593e-05,0.012835843338681244,0.3814757244674118
19,0.6700998846141347,0.09173609518594546,8.029862220026892e-05,0.06879786613997604,0.1692858554377433
20,0.5037660999754667,0.3458654212239725,0.0003683699044416144,0.06881535894997363,0.08118474994614544
21,0.3064060306867825,0.3468839204728941,0.00021445296684833668,0.208274724624668,0.13822087124880714
22,0.12585471680972382,0.7110524078220373,0.0003763744122153648,0.1020943736395158,0.060622127316507804
23,0.1384893329984983,0.7301002461984692,0.0006040106062502968,0.08676707486876772,0.04403933532801453
24,0.2611216223142988,0.3445770777508949,0.00012995151307996543,0.10166026315812064,0.2925110852636056
25,0.2298763581963481,0.5816473097466542,0.0005062945208457034,0.09595972406466077,0.09201031347149125
26,0.2016619607640479,0.6481789717633408,0.0005134855266023875,0.04063778041232242,0.10900780153368644
27,0.26129551660565303,0.5939185338271553,0.00077942792711103,0.06323202554722615,0.08077449609285454
28,0.01896998128048694,0.007830362980135971,7.428883538786437e-05,0.005703759033199028,0.9674216078707901
29,0.5424340917164624,0.11087908826627264,8.22583697006859e-05,0.03719939958753882,0.30940516206002533
30,0.6354971792539785,0.23587466737001844,6.316523794447515e-05,0.033858620418129814,0.09470636771992873
31,0.5345001726228453,0.4082724637662233,0.0002600418426579064,0.02610993957724793,0.03085738219102546
32,0.21600569579126777,0.7113910955858302,0.00047478965002383634,0.04309946183103786,0.02902895714184029
33,0.2818977906357769,0.6393466082302984,0.0001872294827201437,0.03232122522245462,0.046247146428749906
34,0.036645987053074314,0.9409267988393256,0.00118600616448667,0.00855761377074262,0.012683594172370975
35,0.17142167295483637,0.1479097695257597,0.0007046339027330811,0.032484360710643145,0.6474795629060277
36,0.359911162394864,0.5670970287326341,0.0011363650728731876,0.010457231642271025,0.06139821215735763
37,0.5135475631144333,0.28324880988968104,0.0004494116522976745,0.02146684149552479,0.18128737384806334
38,0.26981203316476016,0.6565836200195455,0.0007820314473926185,0.017640174691202496,0.05518214067709923
39,0.07711732621583173,0.48880933834977036,0.01331597421421979,0.005338272446939377,0.4154190887732388
40,0.19677323519239892,0.685952225988727,0.005057766123063148,0.017265970796858262,0.0949508018989527
41,0.05591416109776629,0.8534696458853253,0.008375149490598519,0.006855349820896586,0.0753856937054133
42,0.009051066655586956,0.11746537203147164,0.004297032925777532,0.0009903415069802614,0.8681961868801836
43,0.0021949112639757513,0.0009293452469880019,9.36855859898767e-06,0.00026832694145405436,0.9965980479889831
44,0.013380554497240961,0.001748406842421137,1.7643362913624567e-05,0.0001922309865831205,0.9846611643108412
45,0.12053010810689789,0.0028371196381910897,1.8572429788123444e-05,0.0002825093253099762,0.8763316904998129
46,0.4908440904316207,0.029874751213620845,7.56292782135192e-05,0.000421219167743336,0.4787843099088015
47,0.5296395346895127,0.23318540840066676,0.00042152993554784413,0.0018228749776040803,0.23493065199666865
48,0.44463757907421314,0.3261205174852084,0.0019330207619137382,0.01586222922293104,0.2114466534557337
49,0.25125268519879074,0.5809288909605568,0.001338551521088585,0.033193867922807214,0.13328600439675675
50,0.22597035529445986,0.43552438438938945,0.001662299633604083,0.0829108415020221,0.2539321191805244
51,0.07333513758583299,0.6638903274322301,0.009755711491858603,0.003026703145539808,0.2499921203445385
52,0.3516638846495797,0.2753471530911823,0.0008707529484429309,0.08101172500817606,0.2911064843026189
53,0.09312269384438265,0.825376485621002,0.007570185384571967,0.011752683270846657,0.06217795187919698
54,0.12193694559703348,0.15901422057686934,0.002696624351857747,0.004173757537713823,0.7121784519365256
55,0.021605280907075506,0.9276922383718489,0.018692782347054546,0.0025910303433535117,0.02941866803066756
56,0.09285102905325955,0.7234524946568263,0.005432436455149792,0.007978004544597135,0.17028603529016728
57,0.0995240141959943,0.5466562245097581,0.005019195445166729,0.010981062550644441,0.3378195032984364
58,0.004078993846217035,0.010668019898216936,0.0007568922749130202,0.00033806914433714416,0.9841580248363159
59,0.010576759277161703,0.00459028321503119,3.957921792401175e-05,0.0006421535268540531,0.984151224763029
60,0.013552599003231976,0.005473981588435813,6.365266217666858e-05,0.00040858849287028,0.9805011782532853
61,0.006244278861851941,0.0073593818712274365,0.00036553551039925715,0.001584340314006694,0.9844464634425146
62,0.005245081685745929,0.00584682110701113,0.00018172967335529068,0.00020516842072094963,0.9885211991131668
63,0.011382566427445001,0.0035942394352162,8.550980303136047e-05,0.00024070894655188322,0.9846969753877555
64,0.0376543267171303,0.0054014137997679965,3.687791554424227e-05,0.00027535299090245956,0.9566320285766551
65,0.045176934700473056,0.006289945590061844,4.797681736371859e-05,0.00040335622498721934,0.9480817866671143
66,0.004872539762238179,0.0015277294967320448,1.3355378845615923e-05,0.00024025689948477868,0.9933461184626995
67,0.07498691725979179,0.012239064968281057,5.161230501083355e-05,0.0008664339040400823,0.9118559715628762
68,0.39955139485215085,0.13251347815016426,0.00034583310514300583,0.002692965478904729,0.4648963284136371
69,0.013741575554060805,0.015353971621629573,0.0002270444215508427,0.0005227414202265582,0.9701546669825322
70,0.1448206377761185,0.04377758801399412,0.00016758654005554133,0.0009935388450805385,0.8102406488247512
71,0.0005500488768526165,0.0020421836716543423,2.6081807585139546e-05,9.68652691558745e-05,0.997284820374752
72,0.10009080409152639,0.013284347988683111,5.51452097427307e-05,0.000469592248235585,0.8861001104618121
73,0.024366352059277428,0.006978897871865094,9.028146339201897e-05,0.00031807018224364844,0.9682463984232217
74,0.11067230926711773,0.010535662669123324,0.00022195654347362902,0.0007847092131518179,0.8777853623071334
75,0.03298721967219924,0.027450452790594524,0.0006025980143353879,0.0014700875483124728,0.9374896419745584
76,0.0020739056110200436,0.0012223599682606413,3.7562038363032976e-05,0.00013141654156399412,0.9965347558407924
77,0.00221452723726247,0.002427191293679342,0.0030765142105908974,0.00011102651423910139,0.9921707407442282
78,0.0004142994898843834,0.00015185664652468716,7.483429957839036e-06,3.080983974715998e-05,0.999395550593886
79,0.0010963147628324055,0.00030862495392205557,5.430351322381412e-05,5.979892183810422e-05,0.9984809578481836
80,0.002870865203957205,0.0006305596309050537,0.0004870908607324682,9.541512052440409e-05,0.9959160691838809
81,0.0010576625968081582,0.0002615876238986546,0.0003815404280030455,2.1812670258123743e-05,0.9982773966810321
82,0.0023976459705856157,0.0013079209186183701,0.0006859803255716522,6.994671948991677e-05,0.9955385060657345
83,0.021963393123887665,0.004613657847440776,0.0007352616441900044,0.0005460746200946677,0.9721416127643869
84,0.023989457185661967,0.005538913512395407,0.000254076794381502,0.0015118751798308193,0.9687056773277303
85,0.007749177016136983,0.004316300037668315,0.00014515153642155894,0.0004526893852173973,0.9873366820245557
86,0.013915402746689945,0.0031187234484711663,0.00011284769779376835,0.0009234337697454377,0.9819295923372996
87,0.100853159744249,0.03430757558179458,0.0002282062393581649,0.0036965600798689294,0.8609144983547294
88,0.00971506398652107,0.014119992011787805,0.0004583460325683943,0.0015125504508181425,0.9741940475183047
89,0.0005854884618367028,0.003323102234623247,0.00417533160012059,8.513148941383889e-05,0.9918309462140057
90,0.02278479576842017,0.023703014843730535,0.002051288848761448,0.0010543776144476974,0.9504065229246401
91,0.03569290136583991,0.008852528447095812,0.0005245865764716867,0.001047271315217852,0.9538827122953747
92,0.0075968278163622395,0.005589922269781883,0.00015048554381653435,0.0008300395709420908,0.9858327247990972
93,0.038890507110394344,0.006582264598697513,0.00026816353319724024,0.0010729636301197423,0.9531861011275912
94,0.013464301899814228,0.0027643025077169663,2.856909009505586e-05,0.000698577484998718,0.9830442490173751
95,0.01892583566788045,0.0026333283737117476,6.225468090598274e-05,0.00071433733104689,0.977664243946455
96,0.006330082969430124,0.0021887380992541695,0.00019975915333013048,0.0001880893216987457,0.9910933304562867
97,0.016972251036504463,0.0015775439942926493,7.599155604697577e-05,0.00031634774439188003,0.9810578656687641
98,0.0066431454848251284,0.001118157016472275,0.0014250044534764655,7.165952635913289e-05,0.990742033518867
99,0.00197833503534776,0.0008688957508348862,0.00023736671920432918,0.00015581688706816046,0.9967595856075449
100,0.002914970980245039,0.0018518373192801065,3.5882008226543266e-06,0.00011441408513079806,0.9951151894145215
101,0.004800601454573571,0.0008513923098057223,4.86914438777528e-06,0.0002459727025831412,0.9940971643886498
102,0.015564985480976953,0.003280088012415605,6.948535999428485e-05,0.0011403357787599356,0.9799451053678533
103,0.00662783521412069,0.0037418559562644787,5.937870895992259e-06,0.0005223365627004977,0.9891020343960183
104,0.0036134133305502367,0.001103821540819277,2.503289672771464e-06,0.0005916258413182499,0.9946886359976395
105,0.003909076067940055,0.0027402280486745955,1.3396794893604745e-05,0.0005598708271032876,0.9927774282613885
106,0.002280095470008847,0.0004768912072385861,1.2298893073450996e-06,0.00012303535658920496,0.997118748076856
107,0.0006768444193627905,0.0005293070633050306,7.93070764044483e-07,0.00011165636006513701,0.998681399086503
108,0.002994133040241033,0.000467624454578103,6.997793807051214e-07,0.0001662910713580421,0.9963712516544422
109,0.01324416975886669,0.0033751084418475767,2.2540476758578855e-05,0.0007487104032382231,0.9826094709192889
110,0.007814579951651522,0.003243863526285932,1.4833394414874176e-05,0.001186642069304974,0.9877400810583427
111,0.19891490700177594,0.0042567570131723355,1.0962293541231044e-05,0.00309123477971212,0.7937261389117984
112,0.37940293167134687,0.01760026228788897,3.611251209095929e-05,0.010374405203238745,0.5925862883254345
113,0.0018361110936928981,0.0007110774149583424,8.002432319715995e-06,0.0002861012901770788,0.9971587077688518
114,0.20167497224186212,0.00595241092420872,1.7866700974352156e-05,0.014816024111851449,0.7775387260211034
115,0.08103227177717007,0.007683135417129392,2.5603226400128197e-05,0.006985602544802408,0.9042733870344979
116,0.01640721729390104,0.005120227671661258,1.2813956546514685e-05,0.01325263231242875,0.9652071087654625
117,0.04566338338432918,0.007279375001698023,4.206406304117425e-05,0.01674795742521453,0.930267220125717
118,0.04198286469411139,0.0015865531462454958,1.7851887931236505e-05,0.009733264481045618,0.9466794657906662
119,0.08223204082966747,0.006487505054375802,4.212276157555119e-05,0.019886749946334523,0.8913515814080466
120,0.4781648753419193,0.1518934231090346,0.00022387335648078486,0.03543656719497652,0.3342812609975888
121,0.003400766748149248,0.0008190743403969756,7.505506445174209e-06,0.002392418683672794,0.9933802347213359
122,0.5739774544864402,0.017679574169383892,0.0001089759355719233,0.054595772374578785,0.35363822303402537
123,0.4005752667624499,0.03583153451672059,0.00014345087105189534,0.061702636162938515,0.501747111686839
124,0.07167631771624469,0.009080273191566712,0.00019469876713889184,0.002827258309738917,0.9162214520153109
125,0.4345333486817501,0.2586713593970269,0.0028725010518235107,0.1255417394214565,0.17838105144794283
126,0.5951206866204118,0.28689695592874265,0.0009311622421559158,0.04877568963545607,0.0682755055732336
127,0.2545574296698068,0.6091496050571614,0.0021994380573246374,0.048936700915749,0.08515682629995808
128,0.21057134666542351,0.7057590142677375,0.002207007283514881,0.05942481129023246,0.022037820493091713
129,0.3408786965945099,0.5139690393054094,0.002963585574047888,0.1210454147400017,0.021143263786031128
130,0.08232026559437855,0.8553087016459463,0.00600514449415774,0.050928132570762015,0.005437755694755271
131,0.02523752520032011,0.9433407462651073,0.006179115170044224,0.023314288794615164,0.0019283245699133029
132,0.1619403320324474,0.4747828872631967,0.008807326811361718,0.015455376268288204,0.3390140776247061
133,0.27615711812878085,0.6370627924197628,0.003612145108373743,0.03004746879416046,0.053120475548922116
134,0.031607405631665655,0.9549980241789423,0.005926909740339704,0.005315299208215332,0.00215236124083678
135,0.2625001355508216,0.6619414853553852,0.004114128886717047,0.03189979143414294,0.03954445877293313
136,0.02738982067525776,0.9550187002207386,0.004479065289676474,0.011293888544114226,0.0018185252702130619
137,0.08661541159169811,0.8589864938855819,0.009933432407689614,0.03438931204523604,0.010075350069794424
138,0.08563004652989585,0.8399130395880389,0.007016616187853372,0.0613205166568415,0.006119781037370378
139,0.006605964831718088,0.9399354546219733,0.0071092305410057005,0.043123029073137996,0.00322632093216509
140,0.0727128261532175,0.563088846080047,0.017675514906075798,0.13001813978165686,0.21650467307900287
141,0.1782722158740861,0.04446656951027349,0.00013780380659438274,0.16595315563601604,0.61117025517303
142,0.41381796384723146,0.05164088281965142,0.00031155104458964336,0.05536665719358014,0.4788629450949475
143,0.23516225270788416,0.12472294897830431,0.0015963941242730475,0.015058670189327267,0.6234597340002113
144,0.7081516148319514,0.03261644590186812,8.467815382069173e-05,0.009303003103423397,0.24984425800893653
145,0.47042998433563277,0.44830167825448936,0.0006986676405508276,0.027759777183807184,0.0528098925855199
146,0.5862317884821066,0.3014897176785549,0.0014944119861803127,0.06394904180910171,0.046835040044056496
147,0.6340861927440467,0.13387628437210156,0.0005809910083867659,0.12108803693231909,0.11036849494314593
148,0.17452441759560913,0.10882510966821435,0.0011009841174151511,0.06474251329916378,0.6508069753195976
149,0.004536798681487513,0.00305005939514334,0.003862380887522991,0.0003676748870798955,0.9881830861487663
150,0.0005597443962941345,0.00016621284541896013,2.7344189348913843e-06,0.00023690654749154299,0.9990344017918605
151,0.0035232829849641757,0.0026587239205599455,7.658355544587272e-05,0.0005888578376664352,0.9931525517013635
152,0.0006403154052969367,0.00021689961848442055,4.490514153486905e-06,9.226339506302419e-05,0.9990460310670022
153,0.10274876231098393,0.007396509388409995,0.00011359782700599108,0.0036296105154143524,0.8861115199581856
154,0.0030245660510587503,0.0011235348814591093,2.931307176813569e-05,0.00039568715051152244,0.9954268988452024
155,0.001433952198057319,0.0011053505986349309,1.0228797675760647e-05,0.00015285629490624625,0.9972976121107259
156,0.0014680023250843823,0.0007745204223903343,6.903597746532347e-06,0.00031503937382149565,0.9974355342809572
157,0.004235135567662557,0.001225294006552791,1.9263982719742785e-05,0.00034637947562469107,0.9941739269674401
158,0.023466542738656095,0.004475314383059202,5.605019399632855e-05,0.0006585770616930496,0.9713435156225954
159,0.0005658600516539869,0.00022382565612447645,9.73115942816149e-05,2.9651650715248986e-05,0.9990833510472247
160,0.0008906750191770836,0.00018453201022158703,1.7126017787915212e-06,0.00037653661376170814,0.9985465437550609
161,0.005301160669010092,0.001101054598982038,1.0992812576709196e-05,0.00034020848093823205,0.9932465834384928
162,0.009295273102776853,0.001718779773252801,8.76011813853185e-05,0.00043355002104082874,0.9884647959215442
163,0.10590406926216137,0.029944621611837863,0.0006721668709350417,0.002422741974783479,0.8610564002802823
164,0.0011285675984582944,0.0033424761030918263,0.0002596237231762736,0.0002885286453834368,0.9949808039298903
165,0.03435486714307384,0.03584294404756806,0.0016648909680741202,0.006158157472669758,0.9219791403686142
166,0.03236192610933829,0.04008707467832245,0.0006491703807552598,0.004717840714010677,0.9221839881175733
167,0.0006669605098052628,0.001459440362910428,0.0024256003865600474,0.0006720502577827542,0.9947759484829414
168,0.00035928850110971333,0.0012591419486721706,0.0017811933231993353,0.00028419935485927137,0.9963161768721595
169,0.00400013992900442,0.004207126916676562,0.0014820218560335052,0.0011637292733034069,0.989146982024982
170,0.00033552512396745044,0.0004177332042872209,0.0006181702560397282,0.00019662045665232026,0.9984319509590531
171,0.0005653847585731649,0.00046434883518654336,1.1174278844597244e-05,0.00020392190193348837,0.9987551702254622
172,0.0007829231705933371,0.0006038822963899865,8.699882195754202e-06,0.0005589479758021003,0.9980455466750188
173,0.0005705716222488928,0.0005863981160185904,2.4179269045215075e-05,0.00022952811186732874,0.9985893228808199
174,0.000586651629325062,0.000434552221201174,1.4505237034782482e-05,5.720097960576236e-05,0.9989070899328332
175,0.007170166021352059,0.0009485176112072315,1.8536518912546813e-05,0.0005986764752942261,0.9912641033732339
176,0.006360058874544475,0.0006265123208731128,8.02002202629768e-06,0.0009755723891680275,0.9920298363933882
177,0.04460931747782593,0.010124793688398803,5.431537607606865e-05,0.0036698972908970773,0.9415416761668022
178,0.015758088450849705,0.0016995048971083795,8.252823077064368e-06,0.0025102839475739957,0.9800238698813908
179,0.14531396566525123,0.006642659305960336,5.941757948171866e-05,0.006866758621181604,0.8411171988281251
180,0.010464581268979863,0.01438346182673377,0.005183856280690318,0.0025808625942000986,0.967387238029396
181,0.0023827188986597875,0.001419044074539681,2.1383327724151055e-05,0.002245033888043557,0.9939318198110328
182,0.009467900314317101,0.004494915097531737,8.267710973180437e-05,0.002030480726529544,0.9839240267518898
183,0.17611759911950833,0.012351547330930994,0.0006089232918219514,0.005084605317495659,0.805837324940243
184,0.522573803416191,0.05045563247678938,0.00029305965196403926,0.05937522482313394,0.36730227963192164
185,0.0009799443978076746,0.0018218485414225952,0.00348525656188789,0.0012085983376721398,0.9925043521612097
186,0.01830614400874552,0.005750522519136593,0.0001229330403577697,0.006309040612852662,0.9695113598189076
187,0.07696994542357782,0.026170266949166476,0.0006440693993154938,0.018621485420249124,0.8775942328076911
188,0.16092293278445827,0.015223977624678815,0.0005630160756612767,0.011705546583070155,0.8115845269321315
189,0.08422589939410739,0.03282412691480607,0.00015682771986749437,0.020807361843200374,0.8619857841280187
190,0.540745508977499,0.1483421796627664,0.0004905367527405017,0.03971473582338865,0.2707070387836056
191,0.11206242894225064,0.07006342547508265,0.0004395793727707098,0.008954556113357326,0.8084800100965386
192,0.6152041296758114,0.15938946169358956,0.0005122343637863182,0.030637035850515703,0.1942571384162971
193,0.374534714452632,0.5035688028135336,0.0007218125263909837,0.07512819311147051,0.046046477095973086
194,0.20054165539250432,0.7127304867065687,0.001022724874474826,0.06171093746274478,0.02399419556370741
195,0.31287977612223306,0.3235770316510786,0.0008517538464568088,0.34077446385671895,0.021916974523512503
196,0.21134351733842968,0.647038226909317,0.001225562651576506,0.11568952580612245,0.024703167294554396
197,0.24947957882125876,0.6872928945965296,0.0011535051406541738,0.053272403168130276,0.008801618273427096
198,0.040718666517680455,0.9509385915795112,0.0008304589693682275,0.006253675188620101,0.0012586077448198064
199,0.07079431040544726,0.9062299195131985,0.002142933911856551,0.018601214521750235,0.002231621647747498
200,0.01678515084016592,0.9737939291078529,0.002458153014479859,0.005312149408000107,0.0016506176295012851
201,0.03942181128482506,0.947786807031263,0.0019811421536943493,0.007739044185283744,0.0030711953449337674
202,0.06823636523949657,0.9160372372951686,0.003950267419871815,0.004486713785074669,0.007289416260388529
203,0.004630035337126638,0.9597139919165043,0.03275944964902529,0.0019436832243891263,0.0009528398729546511
204,0.02055154432858106,0.9471074321121294,0.027408995395267394,0.002562366018015131,0.0023696621460072348
205,0.01486821458670586,0.9075221708311088,0.06649150021879718,0.0064242156978403485,0.004693898665547781
206,0.0065351423258171995,0.9004487894731528,0.08991059858616537,0.002238572315701657,0.0008668972991628796
207,0.0022734094790609265,0.8956755878750438,0.09968969021612495,0.0015197331506531509,0.0008415792791171435
208,0.03955371877870884,0.760455131424015,0.10099040035793157,0.01145705494595452,0.08754369449338989
209,0.3748442220705471,0.38358538484819743,0.003291491529766177,0.016837134695435425,0.2214417668560539
210,0.020276787461225902,0.9563798588800656,0.019034759050828163,0.0015923866718939863,0.0027162079359862755
211,0.1297928655399976,0.8539815230106577,0.00702558776030822,0.0030399985073259693,0.006160025181710686
212,0.012789336552174447,0.9674666170892177,0.016767274050702958,0.0016869943960087347,0.0012897779118961987
213,0.012992005687700781,0.935095247479378,0.04339399067445284,0.005017364563366606,0.003501391595101896
214,0.01625515205152435,0.9473187801376326,0.025614481685013207,0.005455264765417223,0.005356321360412592
215,0.02231844293118635,0.10035213787860524,0.009989882828585593,0.0044166394688909,0.8629228968927318
216,0.3244974315920409,0.3736142514925028,0.005197699029115702,0.04179141465987713,0.25489920322646353
217,0.3047903874864694,0.6371595154949918,0.0032032034594839925,0.013418327008713982,0.04142856655034074
218,0.4599159540794517,0.48107234905318,0.005705710650697213,0.008228924207411772,0.04507706200925918
219,0.08526607823198802,0.8766278343838585,0.007465483834059055,0.015410288025043241,0.01523031552505126
220,0.32583667980814074,0.5450985772855216,0.0026787666311801138,0.08939544488530785,0.03699053138984974
221,0.06449296175719647,0.855810630777756,0.0037338170404499524,0.06832892472817734,0.007633665696420077
222,0.13720702167258272,0.819234017189565,0.005939811831325963,0.028777246199529725,0.008841903106996504
223,0.03799745312536181,0.9337988691190786,0.008630965398366792,0.01505872531943151,0.004513987037761275
224,0.0620287012273359,0.9075885241548585,0.006245785004590196,0.019027891511367658,0.0051090981018477016
225,0.08442328258327143,0.8946247790466576,0.008494431641932327,0.006647420336799693,0.005810086391338772
226,0.022301113169071234,0.9051148814613551,0.06978541524517153,0.001194401223087952,0.0016041889013139585
227,0.022309502117065488,0.9258094400746149,0.04437966030395411,0.0060479815145336666,0.0014534159898320017
228,0.006830331775319326,0.8621385265541949,0.1266423156640764,0.002988875626796586,0.001399950379612801
229,0.004687749261178594,0.7524815289170688,0.23899654008435636,0.0017362577366039353,0.0020979240007924027
230,0.004680436224148007,0.6806270536597588,0.3108388129843159,0.0022097992104365715,0.0016438979213406148
231,0.004653484484894643,0.6703353252492285,0.3214651898923748,0.0018648559124659506,0.0016811444610361095
232,0.03336478295569655,0.8672463759894712,0.07356854288238569,0.02128108512900594,0.0045392130434406645
233,0.005015769546765226,0.47941939127621813,0.510505013760807,0.003906359533242232,0.0011534658829674199
234,0.07146792286951861,0.6463244326603017,0.020069893883135473,0.2562998982318856,0.005837852355158574
235,0.046904459808356,0.8136300873254712,0.0069686172031631485,0.1263937776485941,0.006103058014415733
236,0.04140742081545355,0.7891310922832818,0.0029418780038905834,0.15998180180160715,0.006537807095767019
237,0.03420728600003551,0.8602995633752649,0.0016845332298579792,0.09950058859514824,0.0043080287996933395
238,0.10658286239485516,0.08725137838694096,0.00033432707981420607,0.798215925245949,0.007615506892440621
239,0.0671294964578409,0.1466817068962901,0.00026818446001308874,0.7753568939155496,0.010563718270306223
240,0.07671927720837467,0.11467031155326288,0.0003562902285125562,0.6604463980783509,0.1478077229314989
241,0.10327353072295431,0.03145919706578403,0.00019330827940594624,0.8369969772487896,0.028076986683065987
242,0.050200624071444884,0.045327635929297644,0.00010813810597374069,0.8610209543122805,0.04334264758100324
243,0.06241891147909888,0.017495059727219823,3.303903367424632e-05,0.4265108039071324,0.4935421858528747
244,0.17157784036021337,0.008519041417052333,7.301819960277268e-05,0.7760800116663674,0.04375008835676401
245,0.10898193145850203,0.0549736550724355,0.00038744117683420497,0.6914123031653582,0.1442446691268701
246,0.22632930478589347,0.012402710560381289,9.896148675931358e-05,0.7314294705319242,0.029739552635041664
247,0.046002705645809626,0.012879593635831027,3.611085075159943e-05,0.9347732120080576,0.006308377859550242
248,0.07103751041694249,0.02196752191114118,3.535251023062927e-05,0.8807922344872388,0.026167380674446992
249,0.04697497000082018,0.026461601747061234,4.499133512138251e-05,0.9102877388817281,0.0162306980352692
250,0.06518161294146659,0.024818057081314265,5.9497395939437456e-05,0.8342886994647641,0.07565213311651574
251,0.13606068963294446,0.02245897597035735,4.52889898793488e-05,0.7850385261018938,0.056396519304924904
252,0.12323587073909033,0.01346108495593903,2.2012038308974613e-05,0.7968744324890602,0.06640659977760138
253,0.09392764525187665,0.046625141470167844,0.0001578194016320212,0.6867036306208114,0.17258576325551203
254,0.17426164588235443,0.024757260113659606,0.00011584662086245097,0.7530885871568227,0.04777666022630085
255,0.09045885863849257,0.027949394623591223,0.0002089663382424726,0.693867964779999,0.18751481561967467
256,0.07140316344378393,0.047835356960205175,0.00018955126441610456,0.6409835614155084,0.2395883669160864
257,0.06674611833597632,0.044708681402241296,0.00030013144942928673,0.7965288749601694,0.09171619385218362
258,0.0933156022679306,0.031642314467024424,5.160590524428752e-05,0.8183750696233866,0.05661540773641421
259,0.12970185765802536,0.07404230689687694,0.0003022593832886557,0.741210261308473,0.05474331475333612
260,0.08075162566038527,0.02905746980149155,0.00022569913466629363,0.8435902948235627,0.046374910579894124
261,0.06856783188794689,0.03713751611269309,0.00014870883271095268,0.7972172250773278,0.09692871808932135
262,0.054314696070255936,0.005549487688874978,2.5465019633143013e-05,0.37590015797975657,0.5642101932414794
263,0.17604433768024982,0.010826514307328934,3.63836627849743e-05,0.7817542152120222,0.03133854913761416
264,0.23030188023418977,0.018767834717533734,4.4212096580493436e-05,0.6945157784812152,0.05637029447048098
265,0.18537565460561664,0.026531424158973006,8.341960469808896e-05,0.47435553301967753,0.31365396861103484
266,0.10426407467651969,0.0056349151660032735,6.088850326314716e-06,0.8486873297388599,0.041407591568290804
267,0.19696819620314354,0.00914904142095362,1.3423313942255801e-05,0.7428783557649505,0.05099098329701016
268,0.16031196306822942,0.016182261215932536,9.75464003690398e-05,0.6284855461367946,0.19492268317867445
269,0.051297989211823124,0.03266177972681917,0.00013250408810515314,0.7109667382638555,0.20494098870939714
270,0.05104014746832557,0.014555224308998397,2.5458613033410482e-05,0.6663927386306571,0.2679864309789857
271,0.09734500040549224,0.02470377341251358,2.0058751845921956e-05,0.44967660943581583,0.4282545579943325
272,0.4009768216803968,0.00892025533883122,1.096744370818207e-05,0.5328587633363286,0.05723319220073519
273,0.3624507076079212,0.050112456149942815,5.740029094055049e-05,0.4125653966165704,0.17481403933462517
274,0.16989504046494996,0.4520980778337836,0.00017475701209845044,0.3657044459347847,0.012127678754383161
275,0.1480879913516521,0.03780355386791762,0.0001038098415034015,0.6155066981772709,0.19849794676165608
276,0.2334671764101135,0.17719885341167693,4.974842611484539e-05,0.5312504337664066,0.058033787985688215
277,0.1924768811864474,0.37400384583804636,0.0006081086335044698,0.3936538933190806,0.03925727102292117
278,0.24233757287649732,0.42655470259118516,0.00033238701260118893,0.31914610451804504,0.01162923300167126
279,0.217411501501342,0.5318681162284814,0.00046936470606163884,0.2305566157234402,0.019694401840674784
280,0.01777334612040879,0.946267868031497,0.0002452053121881702,0.03395747017036791,0.0017561103655379942
281,0.13638567322754583,0.29127501791481086,0.0004639564951061138,0.3709776084101673,0.20089774395237
282,0.19590297640049986,0.24442360223382328,0.00032713947855013436,0.36966421362375496,0.18968206826337194
283,0.18988423059314158,0.2607900571926434,0.0002955307108319372,0.36351817241429885,0.18551200908908413
284,0.16658470139854095,0.7914420872374903,0.00017398291188858766,0.035372027459988485,0.006427200992091615
285,0.36339449566882037,0.5306872792448534,0.00014595590177547425,0.08890770511428447,0.016864564070266236
286,0.08452420477274249,0.9007460624572056,0.0003675184887895814,0.009784776988258945,0.0045774372930036805
287,0.3537385068183364,0.5920436757162726,0.0018563686135437958,0.04733289639502886,0.005028552456818209
288,0.20565653975378706,0.7603350707020045,0.002278529557784057,0.02753683559893466,0.004193024387489857
289,0.13641545714939265,0.8489337387666502,0.0012709869824873966,0.011803181279781888,0.0015766358216879179
290,0.17225673269563066,0.702456953944424,0.0037955767223287877,0.045268912033566415,0.07622182460405026
291,0.06878286719718638,0.8061758031656948,0.008148934946698324,0.016676744511126648,0.10021565017929397
292,0.06642430878421908,0.9150962941804381,0.002048160283445796,0.009360433025866964,0.007070803726029968
293,0.35972106319470715,0.5307530877231851,0.0032810456054151024,0.01353539473631197,0.09270940874038072
294,0.07873109966722613,0.905359930138275,0.006217451131282762,0.003132038499076203,0.006559480564139959
295,0.04890588983856866,0.937991659050752,0.00934546241044854,0.0024053588677246883,0.0013516298325061229
296,0.028128755774450634,0.9373372665184786,0.0309191702568061,0.0020002643950556296,0.0016145430552092271
297,0.02571754092608362,0.9096032228286108,0.058114422998945287,0.004489689514134019,0.002075123732226259
298,0.006721422083403674,0.9071625670347716,0.08199808685807773,0.0026609375510380064,0.0014569864727090982
299,0.013240574451118862,0.943316778745855,0.03919671354704413,0.00280804500197312,0.0014378882540090035
300,0.0015685084102531686,0.9522280761144806,0.044769941493052995,0.0006642049709326896,0.0007692690112807671
301,0.006278553219220861,0.9595186534467739,0.028366951141697228,0.004005888766449523,0.0018299534258584159
302,0.00590711975295824,0.8340605677869392,0.15773084065217746,0.0002886562452073712,0.0020128155627178487
303,0.0011490372317882753,0.5842632119760759,0.41351318597731196,0.00012044555322277068,0.0009541192616010939
304,0.0016858981658675481,0.7886836676106663,0.2082658335928117,0.00027423150192031135,0.001090369128734159
305,0.0004008461198795209,0.5351838108889787,0.4635023744407601,0.00011793706274387934,0.0007950314876377407
306,0.03271076487586783,0.5743918978686537,0.34912196660869615,0.001981703224163266,0.0417936674226188
307,0.013984717935220365,0.8255522044265169,0.153701134057904,0.0024181961136815595,0.0043437474666770184
308,0.15063353632732324,0.5719476534448407,0.20797170312761373,0.004373606846539653,0.0650735002536828
309,0.002935226676589088,0.7979635322276369,0.1964232462792617,0.0004407440532282896,0.002237250763283832
310,0.00435412861495089,0.5900386848534616,0.4032532127073627,0.0004233549042237447,0.0019306189200010778
311,0.004838559940622769,0.6041353180061599,0.38881508956670363,0.000579903634488919,0.001631128852024774
312,0.0005105428951881893,0.5565240038479822,0.44149466092372236,0.00032783422032620004,0.0011429581127811064
313,0.00024116776008487764,0.3708819442977367,0.6273045111795948,0.0001695220451378668,0.0014028547174456379
314,0.0009907775790956724,0.38567149443091137,0.6112590921069609,0.0005703585746492275,0.0015082773083827722
315,0.0002131904880813801,0.2567951085218822,0.7418909218303781,0.0002456310959536439,0.0008551480637046526
316,0.0005581451800749967,0.3355067964456225,0.6621066005732911,0.00022917680809311834,0.0015992809929183036
317,0.0005452210581450625,0.23953945574384333,0.7573894606568838,0.000351024749824465,0.0021748377913033494
318,0.0005818260069913756,0.267181072863167,0.7293790905181543,0.00047128988982272327,0.0023867207218645236
319,0.0005211047228119388,0.35738551008240893,0.6396319759775875,0.00036819944915561693,0.0020932097680360366
320,0.0003500029273706802,0.4008417101621721,0.59699998557302,0.00022673463137788918,0.0015815667060593175
321,0.001029609495049335,0.2008164009609119,0.7949801882477922,0.000262098639105878,0.002911702657140765
322,0.0010188030611909084,0.36938237030569987,0.6262389043242849,0.0003828844372603656,0.0029770378715641374
323,0.0003177077399870732,0.20486325965668192,0.7932308973371065,0.0001495013023362916,0.0014386339638881112
324,0.002210975377851106,0.2739491216076968,0.7208167742656487,0.00041011167971161827,0.0026130170690918837
325,0.0007674474104776448,0.47292088928177584,0.5242803073384402,0.00021276186449669927,0.0018185941048097238
326,0.0005272077517905281,0.15384079210975124,0.8422142831355478,0.00043389914695356495,0.0029838178559568837
327,0.0003239776872656365,0.2714236386901971,0.7263845204573649,0.00028045746302508297,0.0015874057021471964
328,0.0012227545765125573,0.239510017858794,0.7565585753450838,0.00036455340696082674,0.0023440988126486313
329,0.0008090060566789771,0.3404848188694913,0.6558405556014707,0.0004170736610001475,0.002448545811358709
330,0.0005252336876242061,0.4691135513835433,0.5285924487413933,0.00037116932498254703,0.0013975968624565496
331,0.0007843669142005737,0.48375410173942973,0.5132103423754919,0.0004591887914576905,0.0017920001794201898
332,0.000691075287332745,0.4702067280133176,0.5269604860602907,0.0005253528304359189,0.0016163578086231755
333,0.0026437053129906127,0.2491372093280013,0.734358765946897,0.0026035218661471372,0.011256797545964021
334,0.002292754355568129,0.3785250526686706,0.6134842854251448,0.002514954520610399,0.0031829530300061773
335,0.0011504855435670702,0.7027379087181992,0.2936982559103228,0.0009701760927518116,0.0014431737351591081
336,0.0005766136232402605,0.414246835570633,0.5827143919326461,0.0004812049841235374,0.0019809538893571666
337,0.0014314726180124143,0.2334700304923944,0.7604341126124521,0.0005648990798470357,0.00409948519729402
338,0.0003007226034917147,0.21185545280255533,0.7867278253961265,0.00025727551597079496,0.0008587236818557157
339,0.0002775267958659125,0.39292690523735585,0.6055889719761821,0.0002980451312392478,0.0009085508593568911
340,0.0001819532237188039,0.32630835662472496,0.6723104170826311,0.00027735700760133844,0.0009219160613238051
341,0.00020872576574088267,0.17616793621186846,0.8227113242903327,0.0002102873538357898,0.0007017263782221483
342,0.002003480612297775,0.34239903213062733,0.6519008993422672,0.0008372324968062717,0.0028593554180013103
343,0.00041963562092038387,0.2921030442979174,0.7057239726971692,0.0005225522505724482,0.0012307951334205997
344,0.021692425409964296,0.46840939155942357,0.4591255035466097,0.0031346159535811983,0.047638063530421236
345,0.06300552490285767,0.7920737692133527,0.05197973709336656,0.010869911630710848,0.08207105715971216
346,0.02453282051790947,0.7224170904138986,0.23587308412935978,0.00421641183113802,0.012960593107694285
347,0.009065545696916203,0.8130300656605889,0.17335547342361357,0.0011373585956562582,0.003411556623225055
348,0.0024082525486979066,0.7613284759349053,0.23346535438877902,0.0009507481688828688,0.0018471689587349338
349,0.0026907287868286204,0.7041428087438236,0.2898314041957124,0.0008574954086635327,0.0024775628649717847
350,0.0005884394204538403,0.626618831670876,0.3712236692068911,0.0002723122926469865,0.0012967474091321381
351,0.0007099497184591343,0.713410165601175,0.283880237438131,0.0005251315625619429,0.0014745156796729495
352,0.0017868206697541932,0.27351942420928627,0.7178542330702262,0.001909707650482884,0.004929814400250539
353,0.002063819293186791,0.44167722553028027,0.5493020336101503,0.001847335351577434,0.00510958621480522
354,0.000873335051733535,0.46343803430931185,0.5332123951452263,0.00041894846296210814,0.002057287030766253
355,0.00021075561857096994,0.2059984829952852,0.791982405353457,0.00018606288187737735,0.0016222931508095913
356,0.00038530085247039965,0.4539054972429886,0.5425023928374174,0.00028499563907545013,0.0029218134280480984
357,0.0002915466054239117,0.35086942222974526,0.6470090807367,0.0002037237996529434,0.0016262266284777453
358,0.0003748322904865141,0.47872021705842616,0.5193008547623149,0.00034876960831372217,0.0012553262804586613
359,0.00021850357851175425,0.4521255435680502,0.5464834883235135,0.00030239281302930335,0.0008700717168954009
360,0.00034017574678231596,0.3373435096046005,0.6607431778728328,0.0005122688540601142,0.0010608679217242827
361,0.0004779292184072331,0.39789561650912003,0.5996496146542474,0.0005739644647375342,0.0014028751534877562
362,0.000765300799460799,0.345233213121,0.6501869500169738,0.0014845219266687588,0.0023300141358964755
363,0.06559657229214655,0.35933966141292595,0.4286236133402598,0.0678668101029979,0.07857334285166978
364,0.060968790329430485,0.4664360304279396,0.26115227648880723,0.07201291569833321,0.1394299870554896
365,0.22197200137299003,0.2672834991153898,0.006231267168036183,0.10469515578567376,0.3998180765579102
366,0.10060408561720086,0.7399132814902551,0.030045898007573197,0.06827009588909103,0.06116663899587966
367,0.13809205933499444,0.5547885822352864,0.007983246436731675,0.23941592651412286,0.059720185478864644
368,0.02625163817025182,0.8803530036083158,0.02637825777010364,0.034384866627332325,0.03263223382399631
369,0.13618959354522447,0.28744070411525785,0.0020484567252278224,0.02238218160048437,0.5519390640138054
370,0.295419032447332,0.18146326308886754,0.0029922101941757266,0.02159547083604278,0.498530023433582
371,0.18552128856217645,0.7776731273057019,0.001854518676233075,0.020432264714024817,0.0145188007418638
372,0.24799093275983142,0.7267645892089821,0.0018972867010334565,0.01603452386358311,0.007312667466569779
373,0.30196599218464487,0.5490633589580215,0.001543617391938763,0.12587613737994485,0.02155089408545026
