epoch,N1,N2,N3,R,W
0,0.0012587665102184685,0.00021797893799702575,5.71584864031263e-41,0.0010219275444690876,0.9975013270073153
1,0.004830911850381037,0.000587036887995485,9.164658568531171e-45,0.001713186457396687,0.9928688648042269
2,0.025763598232093666,0.0022303254267267846,8.851611521451434e-44,0.0009328391864126413,0.971073237154767
3,0.03929639616078458,0.0017646964420946355,5.07362380364109e-06,0.001026445645099963,0.9579073881282173
4,0.03464873240482943,0.0013193696730971123,3.2547940112072572e-06,0.002295953084958117,0.9617326900431041
5,0.12258487947739068,0.0032893556892784354,1.4838757493354188e-05,0.004334657982023345,0.8697762680938141
6,0.03180977097344167,0.00043166919654208824,1.9115086106671303e-06,0.0013451433642283927,0.9664115049571771
7,0.0839276999994199,0.001018394633875414,9.397408576688382e-06,0.0017772018487558572,0.9132673061093721
8,0.28733265231705424,0.003377000695817266,1.4970592308306806e-05,0.003960782899795483,0.7053145934950247
9,0.2550761261435271,0.0039505026605525925,2.6676737728886128e-05,0.0036776416479479585,0.7372690528102435
10,0.12441637886597086,0.00292880895756503,1.6146646434706644e-05,0.00500511613809247,0.8676335493919369
11,0.3831403839173792,0.013807907582063688,9.760139116560215e-05,0.016691470191629924,0.5862626369177615
12,0.18229670301134815,0.026402821989182104,0.00030896438894331105,0.02326057199106909,0.7677309386194574
13,0.003358194046118931,0.0016593785213954396,2.4291166870115533e-05,0.0007054103993893813,0.994252725866226
14,0.005739004619778287,0.00041413468294451775,1.0280702949827028e-06,0.0005773238094072654,0.9932685088175749
15,0.12284999049258981,0.0020668777260185902,2.4898782912465636e-05,0.0011987958681344626,0.8738594371303446
16,0.01826466653771539,0.0012454732079459046,7.651845281972736e-06,0.00046850455385918086,0.9800137038551976
17,0.1111535536181293,0.001160229154729589,3.408980002885302e-06,0.0010090018643080679,0.8866738063828301
18,0.2094648179310876,0.002426534760053684,7.6179073807517075e-06,0.0060043358901175166,0.7820966935113605
19,0.1478325000560911,0.0033302185795559248,1.1114806505148356e-05,0.009739216200202804,0.839086950357645
20,0.08676555802394019,0.0020824301158383868,1.1702778114861236e-05,0.009327116628603553,0.901813192453503
21,0.08700838890143134,0.002111678586905088,1.805797648948889e-05,0.014550992600242512,0.8963108819349317
22,0.11897148498932268,0.004478310211952888,3.822012582321698e-05,0.04006854322978335,0.8364434414431178
23,0.1288932192557067,0.007260933096089892,3.5464200464310344e-05,0.03577116421521652,0.8280392192325227
24,0.05941953107131384,0.005784148135167252,2.5287913044135415e-05,0.007781593293108594,0.9269894395873662
25,0.04367770855884471,0.0015311176548453865,1.6707335148869538e-05,0.0032768124707674017,0.9514976539803937
26,0.21120927627559738,0.008106544298501375,4.742115935285733e-05,0.0330895149195182,0.7475472433470303
27,0.20218301069782685,0.053401440935088175,0.00038248072032272273,0.034277611035835286,0.709755456610927
28,0.2645024054665347,0.01591385595031807,8.881958130508669e-05,0.02180511225463048,0.6976898067472117
29,0.11867159043495258,0.06835231391929833,0.0005299657922947602,0.06077164901803456,0.7516744808354198
30,0.2881747788519385,0.14106238418632971,0.0007172476552386285,0.1331839076694,0.4368616816370932
31,0.1579940326637169,0.0106657560075676,4.3513438145380994e-05,0.0066374906895163436,0.8246592072010538
32,0.3320526445204821,0.11234523515251116,0.0009264284215955147,0.016668647848480912,0.5380070440569303
33,0.5891667654028955,0.22873880386168718,0.001730624463014337,0.012147693701475719,0.16821611257092717
34,0.06946955221305584,0.034309515565549904,0.0002651560975839816,0.0004984827645418519,0.8954572933592684
35,0.5565779051752028,0.09242310024516842,0.0010293634441321566,0.011899493854262658,0.3380701372812339
36,0.6642934137370695,0.2552399031374706,0.002914415770973583,0.00901479927441778,0.06853746808006832
37,0.5751860834447893,0.3061809788379209,0.004130174583862189,0.0019176527814814264,0.11258511035194631
38,0.08188152809807589,0.7345008001686962,0.005322416836459135,0.01014477115545592,0.16815048374131294
39,0.1344714772377796,0.5924319067150956,0.0037687993872199147,0.023119467292343224,0.24620834936756164
40,0.09008926540842423,0.21761565238869626,0.0009359875738103675,0.001889698307212912,0.6894693963218562
41,0.45418419077122174,0.07890586863284534,0.0004340548079764525,0.005267641486305438,0.4612082443016511
42,0.4030158945205353,0.05995523346092777,0.00037782468073030635,0.012970309619885281,0.5236807377179212
43,0.3781562387627301,0.24113455179252863,0.0016229076164517948,0.003065196707989381,0.37602110512030024
44,0.762418861841727,0.05419970568858397,0.0001482015510001232,0.003420489028727431,0.1798127418899615
45,0.7730667523873349,0.1943283159052811,0.0005765405793928541,0.005718632555835629,0.026309758572155506
46,0.440129391720242,0.520908681553404,0.0020981840982853737,0.014355503158532375,0.02250823946953633
47,0.13501982326695827,0.8466114046114926,0.001719215399845206,0.010050235343047517,0.0065993213786562374
48,0.10927454776051525,0.8242404473103903,0.005815866492842142,0.05027604403123595,0.01039309440501638
49,0.1041323260879006,0.8575704430216914,0.006042353371258274,0.02148982639624788,0.010765051122901803
50,0.05502648928459775,0.9137016042623404,0.012691114497812529,0.00925434230595341,0.009326449649295684
51,0.15874574146442066,0.7885018456188054,0.014939898038969853,0.016905191219327178,0.020907323658476844
52,0.04203021902038689,0.9277316007389914,0.013578850324975932,0.0031477108305029895,0.013511619085142687
53,0.022642952826129683,0.03445484677226912,0.0002608335618653293,0.00033282355884305635,0.9423085432808929
54,0.4028659443095926,0.14818990790874267,0.00235327139192245,0.0030096268554668185,0.4435812495342754
55,0.1870347481802099,0.1159811852053574,0.0009592462568436785,0.0014684587612586628,0.6945563615963304
56,0.016008354670472312,0.002929104320664312,0.0008718351205655654,7.238868482447364e-05,0.9801183172034732
57,0.6429567662498235,0.03974026876753691,0.00017359673724873633,0.006732638998966005,0.310396729246425
58,0.7413667105183898,0.07358031204688441,0.0002371009602804554,0.005869736724792813,0.17894613974965257
59,0.8656993372080493,0.06965574123768141,0.0011103312049279969,0.002506454632368377,0.061028135716973006
60,0.555819468269979,0.40462205319387656,0.0012179846389074513,0.008037928693095752,0.030302565204141214
61,0.3646473543677675,0.5030454000004165,0.0020088951857240886,0.06957947875484978,0.06071887169124209
62,0.12909914910057177,0.796311989671171,0.006436018362633169,0.026613673070263136,0.04153916979536081
63,0.23550677329046632,0.6419834219876606,0.008249024434688087,0.029947330755664164,0.0843134495315209
64,0.24773433942512044,0.7186681937206958,0.0066626741789860095,0.01539221140589565,0.011542581269302004
65,0.10689677975477312,0.859917237515696,0.017145481905628666,0.00710024079239418,0.008940260031508319
66,0.1590183616074805,0.8243284005822432,0.00572247632869426,0.004091041042647659,0.006839720438934452
67,0.06567066091973821,0.9177180305669378,0.006538868136953696,0.004810989628685451,0.0052614507476849
68,0.011847573320259026,0.9176737229192518,0.06651482318331267,0.001183149064914916,0.0027807315122617107
69,0.05635897548277901,0.9234522942957009,0.012341254580385843,0.0028849071262961132,0.004962568514838214
70,0.015665811658139097,0.9426697843234422,0.036309569171855946,0.0023799571949007117,0.002974877651662005
71,0.0462710902098356,0.8929929205533677,0.050641968911744766,0.0054852670930184404,0.0046087532320333744
72,0.0074840465188654275,0.8204345512829445,0.1682861971686634,0.0008364722188251519,0.002958732810701538
73,0.00758861684632738,0.8511100122651315,0.13773829158974055,0.0011273104822371663,0.0024357688165634267
74,0.011656576389064234,0.900902730608526,0.08324111673468274,0.00072602634396231,0.0034735499237647915
75,0.014177033970436301,0.8463173863082062,0.13476894420440566,0.0012820422873353564,0.0034545932296164263
76,0.008234109360383015,0.710987047071495,0.2673428739453651,0.001670692786102804,0.01176527683665411
77,0.007776648216892284,0.7375096578802154,0.24925336745557936,0.0006577120694011155,0.004802614377911699
78,0.006785715905447214,0.8452832220902298,0.13958520932279725,0.0006663102428074386,0.007679542438718314
79,0.0030019909483219873,0.6276169574557076,0.36351122067285657,0.000394292863859343,0.005475538059254627
80,0.007735114773942198,0.6725852024686885,0.3056196991547517,0.0009686254654784156,0.013091358137139505
81,0.0036624702154136857,0.6305643653602017,0.3583290026519356,0.0006246565529024048,0.0068195052195465415
82,0.012192572985648463,0.6933393711592888,0.27999455114482114,0.0013002389001027343,0.013173265810138966
83,0.00929875483248925,0.6155678728171899,0.35747405424005574,0.0013369596044522057,0.016322358505812817
84,0.014095876847176014,0.7192211434417196,0.24601992526873703,0.001847742343859005,0.018815312098508476
85,0.03334507999633847,0.6580393241440957,0.26095235581278475,0.006118431320227257,0.041544808726553854
86,0.007038535430501648,0.44634926918821866,0.4838592914624543,0.0007976094263324701,0.0619552944924928
87,0.0398487301815546,0.036701899323089676,0.009232642859393486,0.0013898001321622597,0.9128269275038
88,0.3773166108714016,0.3612040415197628,0.003485098314378106,0.013541458732282704,0.24445279056217467
89,0.40689603288039655,0.2900863230530122,0.004856675757611247,0.009249927021472096,0.288911041287508
90,0.48961865159462364,0.36677735814145945,0.011658099821366263,0.009126836224131815,0.12281905421841896
91,0.23002603247808534,0.6844059471900593,0.013652681975275208,0.025751559931288207,0.04616377842529183
92,0.26801355592366605,0.33220901548606024,0.0019497748846608201,0.012092657345182242,0.3857349963604306
93,0.3746314861445576,0.42505629644730275,0.0029589239353432573,0.011444066766613333,0.18590922670618323
94,0.48221601086112115,0.4714628796766775,0.004572212484278856,0.005219710655243068,0.03652918632267951
95,0.6302901024964032,0.26897915086484764,0.004961416599588876,0.0326914957117082,0.06307783432745216
96,0.4367042211799627,0.4604828964877657,0.00681188953326662,0.048676772951940644,0.047324219847064274
97,0.4133729270635627,0.433446487050511,0.006600815145630145,0.11522928968982137,0.031350481050474735
98,0.27624946759831825,0.5876603010179126,0.007077594600653546,0.11599974501272267,0.013012891770392844
99,0.3149860386799931,0.6010524714480051,0.007456099614763087,0.06991033812580136,0.00659505213143737
100,0.042660563672308256,0.927147183612287,0.014160787914063592,0.010949915411843869,0.0050815493894972395
101,0.11854060169753164,0.8193814503947086,0.021635831194357594,0.03294872990593874,0.007493386807463442
102,0.11072956495081289,0.8019774657970976,0.025568486759623116,0.050946129738558006,0.010778352753908517
103,0.0760436653921118,0.8235542391582815,0.031679299946337,0.06119225181195333,0.0075305436913163945
104,0.06756141173985583,0.8783178281150295,0.02085288830809306,0.029575855826404127,0.00369201601061764
105,0.30585220989386663,0.557138886107655,0.013724408171821332,0.11129060425001139,0.011993891576645667
106,0.10804350564518189,0.8360314479569598,0.018142343264408167,0.03344626992647084,0.004336433206979301
107,0.11114409465557558,0.7880166683060607,0.024001990851398765,0.07176725175678485,0.005069994430180263
108,0.07613889561809399,0.796519780197308,0.018551674804912224,0.10474406746867287,0.00404558191101296
109,0.06356886233016655,0.8574374887802586,0.02949702471516491,0.04583722479372751,0.003659399380682441
110,0.018237388882041204,0.8764050806779884,0.0736672037989415,0.02838501539314044,0.0033053112478883947
111,0.05499032691034285,0.8752117634274276,0.024749334344523723,0.039439944263796295,0.0056086310539095185
112,0.07381886592581123,0.8422010100806845,0.05208553552249106,0.011887200658417196,0.020007387812595957
113,0.12566075673833338,0.8353274298647709,0.022519385710303725,0.011525877623862788,0.004966550062729157
114,0.08321087965381203,0.871201452747705,0.037526728884329945,0.004428383709648421,0.0036325550045044324
115,0.030194787554871125,0.8092473862545982,0.1506261289107203,0.004452957760099687,0.005478739519710524
116,0.02363562254761092,0.9310721265366664,0.0396431831439875,0.0031222568784354584,0.0025268108932997185
117,0.018874032792001456,0.8030810406400515,0.16481636763365012,0.0078118537398102275,0.0054167051944869525
118,0.022541869191646788,0.7076704863597907,0.2580019732803739,0.0066909281087847074,0.0050947430594037455
119,0.012832673042347765,0.81666007607136,0.16007660800660944,0.00581161600273995,0.004619026876943044
120,0.013167067828305283,0.7322314518794228,0.2260654246283392,0.01508246989197986,0.013453585771952775
121,0.008977239964499596,0.8666659219244512,0.09906574721803757,0.01790765537402007,0.007383435518991392
122,0.11562927563405805,0.7674988596423528,0.06401150072710335,0.026154452459014283,0.026705911537471556
123,0.09020976533200888,0.7854045391827065,0.10011518187330642,0.01675930805976419,0.007511205552213885
124,0.054307954713463606,0.8104926456836802,0.09249837508319089,0.007511890450986223,0.03518913406867907
125,0.3403380699679502,0.5024122877288939,0.03792529807732397,0.08412719069910968,0.035197153526722355
126,0.03787309015051615,0.9106042717495736,0.030407469629332953,0.009499033283554772,0.011616135187022527
127,0.40484759902342493,0.1323114001628785,0.0036514593061821904,0.019880109524173788,0.43930943198334055
128,0.5108968162951883,0.44354467336889614,0.007342961655255928,0.01533829162193822,0.022877257058721415
129,0.34315061949376274,0.6138640577062526,0.010990532299803938,0.005651065627632575,0.02634372487254809
130,0.488063800679253,0.4478186965725784,0.004404871659246586,0.033791064450693124,0.025921566638228963
131,0.40386058994177504,0.505922478135026,0.005385348462026743,0.07048616902159663,0.014345414439575632
132,0.06494022453597798,0.8837667904033063,0.027731179008593152,0.014405797388143252,0.009156008663979238
133,0.10934457575084006,0.8205454459319018,0.021861552969525203,0.043351979718314185,0.004896445629418754
134,0.07893214430723107,0.8505353522035591,0.04197012962903013,0.025229342136550696,0.003333031723628982
135,0.09981654606471986,0.7972566694847363,0.06706197598524734,0.03119067170178434,0.004674136763512201
136,0.01807017939366853,0.8696972342084559,0.092434159598838,0.013270299243485007,0.006528127555552627
137,0.07508686320966433,0.8417219921049555,0.05396431866804705,0.02512266198707393,0.0041041640302594395
138,0.03190750280914013,0.8090380407186073,0.1342726175839843,0.020149465691901108,0.0046323731963673126
139,0.06594674397643208,0.8051385800155688,0.04837932015172858,0.07283736505081954,0.007697990805450945
140,0.040010019618145876,0.857815503823944,0.07172219242348624,0.025942496565830125,0.004509787568593683
141,0.0975697286862112,0.8059074796797983,0.038003800343242994,0.05067560520138728,0.007843386089360358
142,0.06063587398065276,0.7041745676296918,0.1692602079973866,0.016608937503653817,0.049320412888615134
143,0.33811139441479793,0.5797557316002598,0.030932739445542586,0.03905502497291614,0.012145109566483507
144,0.3802922494381734,0.548911219149964,0.009510682640409026,0.006680865931259078,0.054604982840194494
145,0.633600526564604,0.3195429483023104,0.01132339215048381,0.005353989400403851,0.03017914358219791
146,0.11755408589270527,0.849475335973239,0.020647114537653,0.006731216433874498,0.005592247162528063
147,0.22088082304608353,0.747755960775144,0.009428272102976714,0.012932848315077941,0.009002095760717756
148,0.22406580792927458,0.6300305060962021,0.008402431636207068,0.11683975120930384,0.02066150312901252
149,0.09766641635084047,0.8298438384755955,0.015336033425828063,0.047689820302990585,0.009463891444745484
150,0.14392758671191974,0.5305788413076616,0.009651791243733356,0.007744495464590927,0.3080972852720943
151,0.41913689571628066,0.3604462796001475,0.00290913892523306,0.06986315388801272,0.147644531870326
152,0.2448621680509864,0.6689503344362928,0.005479530267643911,0.027570261999240103,0.05313770524583687
153,0.18235112295312317,0.6770516339042647,0.002133078734184007,0.03902067655080605,0.09944348785762193
154,0.24495526391682318,0.4405410054998749,0.0019045945497595596,0.12457415649933543,0.1880249795342068
155,0.15093694254581322,0.6173639954445936,0.005098299532430302,0.19606867990983967,0.03053208256732315
156,0.1792152416464534,0.6113797885458995,0.006576256053888194,0.10797432453710644,0.09485438921665242
157,0.24987857643354056,0.1699925086677261,0.0018044243827955537,0.34689121332210576,0.23143327719383197
158,0.1764439007424021,0.21300067175438292,0.0008717705515202909,0.4346678127564657,0.17501584419522906
159,0.10848071494384505,0.01748344031698544,8.114416322461307e-05,0.1686610802099555,0.7052936203659894
160,0.08446846077055427,0.054358532046584564,0.000111507131854026,0.37505595912128786,0.4860055409297192
161,0.1523633803844135,0.008304361689677606,9.579523358493544e-05,0.21838615816464274,0.6208503045276812
162,0.15161007060318882,0.02112483140096515,8.078393189402106e-05,0.05729881356519933,0.7698855004987527
163,0.002813344902236474,0.0011707697859083418,8.132202383274413e-05,0.0005250142337060697,0.9954095490543164
164,0.031803595239863244,0.0008799021928733008,1.5056618545209426e-05,0.00530271074453674,0.9619987352041816
165,0.1286989935334134,0.0014598329516615537,0.00014655629590167062,0.005489700768457877,0.8642049164505654
166,0.03214201029364642,0.0005525305120510153,7.976721274925448e-05,0.0019298927711271089,0.9652957992104262
167,0.11447446746079994,0.0014368714780638055,0.0004496449680327599,0.012450066294941,0.8711889497981625
168,0.18351058349564492,0.0013557334178080998,0.00013716664723836133,0.011987073053378008,0.8030094433859306
169,0.005716782128533083,0.0016227439147948454,0.00334902858906472,0.0014215881042224645,0.987889857263385
170,0.07082732637069918,0.002634670730112987,3.1193703403851405e-05,0.0023717277816206746,0.9241350814141632
171,0.07388684579533379,0.010471611320717814,4.2842243855028774e-05,0.006423640803464006,0.9091750598366294
172,0.3375088769157613,0.009255872737082484,7.016213807822494e-05,0.025993303243351494,0.6271717849657265
173,0.3915334724899984,0.01734409401769641,5.000782443534366e-05,0.14305440754942766,0.44801801811844216
174,0.3908171348047115,0.03107463945971564,0.000196979666740717,0.30902040874837816,0.2688908373204539
175,0.14673063758138438,0.018801733294259878,6.224420606918462e-05,0.4662848156528006,0.3681205692654861
176,0.05404683835142593,0.007712587926941826,4.462159804706055e-05,0.7993043869121549,0.13889156521143034
177,0.1248220134762825,0.03246469108520992,6.367586320950796e-05,0.7993051264045178,0.04334449317078019
178,0.19324199888769705,0.05828458005466741,4.48494209762099e-05,0.5547003447039413,0.19372822693271805
179,0.15069634504286544,0.010432681185934921,4.321579692377158e-05,0.4516929972752773,0.3871347606989985
180,0.16355159964411414,0.019712881341564834,5.5314951053752176e-05,0.7116270068783629,0.10505319718490445
181,0.15173474534023432,0.024131576573537806,0.00010504796955687066,0.4613447725884784,0.36268385752819254
182,0.04454968867728069,0.007116328317951148,2.6199709050900348e-05,0.16319737597952308,0.7851104073161943
183,0.23499819864453922,0.005808295416014083,3.908374086226095e-05,0.07248481787725349,0.686669604321331
184,0.19642648638687701,0.0040657731310131005,1.958214889838534e-05,0.05226901637428647,0.747219141958925
185,0.41382102747912203,0.006070199260869535,6.657348806268028e-05,0.07665049661502926,0.5033917031569165
186,0.07059536621305647,0.013108248044185011,8.771657795235289e-05,0.0585016629487899,0.8577070062160163
187,0.21228866106726899,0.003469071451902263,2.162795415495118e-05,0.10766281429839816,0.6765578252282756
188,0.3576736529098528,0.010892163071190857,4.1390384880356605e-05,0.2666218960404332,0.36477089759364284
189,0.27943122231080797,0.01130184625209538,8.041526174930029e-05,0.30802655964379333,0.401159956531554
190,0.1319749933219976,0.01592036975975819,6.960618643446731e-05,0.3491166941008806,0.5029183366309291
191,0.05778754149186259,0.003267803331027116,5.5822185161681176e-05,0.029449823593107452,0.9094390093988411
192,0.2653200004655548,0.01736886989588936,0.00010092386356286405,0.25525425673473157,0.4619559490402615
193,0.1932711147194054,0.05940747152963917,0.0005973841866842978,0.19029494299846947,0.5564290865658017
194,0.03637510971528657,0.00816930944762627,0.0002147868233275491,0.028410538984245018,0.9268302550295145
195,0.2124794591572344,0.012750747111136206,0.00015272379670094435,0.30369335510476,0.4709237148301685
196,0.28123914971477176,0.039692538926814715,0.0003753027823741588,0.5617646770740267,0.11692833150201266
197,0.09759889210523864,0.015765996940992094,7.714078711759603e-05,0.03198123869913438,0.8545767314675172
198,0.348170383286964,0.057325808355539826,0.0002935446894734441,0.15588902916305555,0.4383212345049671
199,0.29372444528178665,0.2494346201698095,0.0023979087049660727,0.37662776947354426,0.07781525636989346
200,0.18413176704414186,0.11014237555673019,0.0010021410790394323,0.5789700558727733,0.12575366044731526
201,0.08414856062256519,0.059172585874478,0.00014325019076054564,0.7897531761307163,0.0667824271814799
202,0.05469279837263934,0.07642280352427148,0.0004867357256306172,0.7428306723788453,0.12556698999861327
203,0.13209059006420532,0.04467949258229836,0.00018013027716264407,0.5341627128344142,0.28888707424191945
204,0.11402733885999002,0.04182780429138336,2.4465735921562845e-05,0.2425147024585125,0.6016056886541925
205,0.15608221158615856,0.00606896389427912,3.418883609386721e-05,0.06478539270573627,0.7730292429777321
206,0.23167387368651282,0.008273935732453419,3.870193666931802e-05,0.027845828100574677,0.7321676605437898
207,0.5859728978001669,0.015429456637974057,0.00011989062397571759,0.0713628508594879,0.32711490407839544
208,0.3577293421980956,0.01593208001672786,4.192101487996277e-05,0.056433550065767966,0.5698631067045286
209,0.34185007157220654,0.10811964999597966,9.629536219712254e-05,0.11681597187688811,0.43311801119272864
210,0.019585777047788917,0.08851681237387887,0.003356289841316809,0.009068560077595062,0.8794725606594205
211,0.5944227350612383,0.04525702837639531,8.563314977349039e-05,0.03505824001404833,0.3251763633985445
212,0.7286308971875174,0.0381817055197395,0.00015051080519701862,0.03669705856547871,0.19633982792206725
213,0.6383790345678967,0.20406957266812098,0.0010320639355810987,0.040506091378796356,0.11601323744960476
214,0.4151316894965913,0.3272001650300235,0.001046069865365623,0.20886202399327514,0.047760051614744545
215,0.2460852531878872,0.2927667699664521,0.0017918953120135152,0.42166776730332367,0.03768831423032342
216,0.2566569911391887,0.5216042956023679,0.004773466789127108,0.1804145968942634,0.03655064957505291
217,0.16181083313727787,0.3774127793415416,0.0011854490657739927,0.24929553276467487,0.2102954056907317
218,0.24671475617255073,0.14686664401392002,0.0005522717057605112,0.5640325850483574,0.04183374305941138
219,0.19766034146275444,0.4845507914094863,0.0009740337678345805,0.2680346976659179,0.04878013569400682
220,0.34845998924705024,0.09990369617840346,0.00024310658632837467,0.07610186886564965,0.47529133912256843
221,0.3354267338533889,0.2573590612299735,0.0005727542031731047,0.3748754373324556,0.0317660133810088
222,0.27444906815694314,0.09479126029877046,0.0005120333082495157,0.0664978118511478,0.5637498263848891
223,0.5372481357181942,0.3397810251533729,0.0006684596491424018,0.06566968874677308,0.05663269073251749
224,0.466590970173876,0.4388524786370899,0.0003960096298248669,0.05726505268440468,0.03689548887480445
225,0.3934357980931181,0.5393496415713646,0.0009420838675004718,0.049131777407735125,0.017140699060281733
226,0.13644850606682238,0.7471078458930561,0.00303810563806713,0.0971525719828087,0.016252970419245727
227,0.06764939913347894,0.8529869997895819,0.0018629819112585375,0.0746492586101914,0.002851360555489381
228,0.04755830701173688,0.8267219811603744,0.009058740702692325,0.111053570801877,0.005607400323319383
229,0.10227761802387869,0.8457308129836396,0.0033599269175599656,0.04489161434518871,0.0037400277297328197
230,0.06606228629333114,0.8568561783647154,0.008031811331966484,0.06499159701381396,0.004058126996173
231,0.07426340804250982,0.8700238065360422,0.003947361973997027,0.048156901522430115,0.0036085219250208194
232,0.10924397984969907,0.7807011820017691,0.0030284871365283596,0.1018891657814767,0.005137185230526656
233,0.07719899673525969,0.8005490773078188,0.005567005572297075,0.11083120498212685,0.005853715402497701
234,0.08928139572732896,0.7814750515924171,0.00527471011922602,0.11922212158248201,0.004746720978545839
235,0.09682032839787257,0.7734808889490015,0.0073198471844456575,0.11879161691200939,0.003587318556671012
236,0.035563147726222974,0.9238979767152516,0.004845133781968929,0.032748363986389244,0.0029453777901672766
237,0.03583673653553771,0.9134146261187197,0.01631071073317635,0.031065265891232006,0.0033726607213339804
238,0.07635867011707093,0.8667762814953421,0.012850076037375473,0.039097066293998686,0.004917906056213003
239,0.10278297222970456,0.8317972190366135,0.016795871901373955,0.03855205885758245,0.01007187797472547
240,0.21585987459963882,0.7248172699609621,0.009664810487327811,0.03781408897632987,0.011843955975741342
241,0.07285477182499701,0.9020458393875116,0.013996588366698865,0.007857297427815728,0.0032455029929766063
242,0.10696037133635282,0.8503228604510088,0.014383651661997053,0.01752021505556029,0.010812901495080837
243,0.16215378876158412,0.7944100319103139,0.009602190592817902,0.028046936622097365,0.005787052113186799
244,0.03603974758376654,0.9350115157075687,0.017968649256158705,0.004384052677518663,0.0065960347749875
245,0.3520342854913159,0.5268418966113445,0.0008492671364091465,0.004576174381507939,0.1156983763794224
246,0.41571248117632076,0.5510478035168938,0.004400650660789368,0.011248124210647754,0.017590940435348385
247,0.2125504567919716,0.7438623622714462,0.008385412531989246,0.005466275848644765,0.029735492555948168
248,0.5801551236632232,0.3938018644715842,0.0021447006796381242,0.00627880486929262,0.01761950631626203
249,0.15548469015840918,0.8103675006474581,0.006152268778196475,0.014214358393562157,0.013781182022374128
250,0.3232680317579234,0.5859510487828065,0.011178641797132256,0.015042775150539936,0.0645595025115979
251,0.3025383022543472,0.6647418819265322,0.005772214201942119,0.0154874107477595,0.011460190869418987
252,0.20516620501866348,0.738405616400881,0.016740247334878063,0.007974587063974834,0.03171334418160268
253,0.1636698553791615,0.80459667884783,0.01865509802210545,0.006111741973490845,0.00696662577741216
254,0.11084148972642135,0.859236701353189,0.007512615781911998,0.016147684526806667,0.0062615086116712
255,0.05341732667153597,0.9235823500385448,0.01588325883609696,0.00431081030378271,0.0028062541500396393
256,0.006475288114423544,0.9197602619867657,0.06897172985758837,0.0028950312842773323,0.0018976887569450895
257,0.0650447677435768,0.8971385692566464,0.020326982187999092,0.012982097206443501,0.0045075836053342835
258,0.09950390768840721,0.8346713657299427,0.03920001098252813,0.019082657906544644,0.0075420576925773605
259,0.025134153437100615,0.8320909647688489,0.10912386229814003,0.00445964130924985,0.029191378186660427
260,0.30099016200910667,0.6497167605177984,0.01345852874121739,0.023717219385553247,0.012117329346324444
261,0.18839863025754947,0.7539210308790444,0.01899645608470905,0.029647991212581656,0.009035891566115214
262,0.1561070567995081,0.4327966226502515,0.017288526935157183,0.0036464753901646364,0.3901613182249185
263,0.6112790248682488,0.20452954188891997,0.0029099597207387067,0.01590486228978908,0.16537661123230327
264,0.2452344753672485,0.7147060909768819,0.00999939032123365,0.005336173919522119,0.024723869415114015
265,0.5132239828135485,0.466437680703112,0.0025134864536984613,0.003725648359735766,0.014099201669905276
266,0.45920071606839324,0.5074389851228922,0.004281791676743927,0.01859140815408844,0.010487098977882144
267,0.3014819562653037,0.6601823211654176,0.005708569625780638,0.025148126399786683,0.007479026543711327
268,0.08459911135775898,0.8863457191882946,0.008129016240029588,0.01831166246315678,0.002614490750760132
269,0.029636127154079116,0.9481381628630347,0.010945143556232793,0.009475827589187172,0.001804738837466341
270,0.054840279056833245,0.901741950521648,0.015257830752001008,0.02499592183953145,0.0031640178299863473
271,0.027763450679329997,0.9402499815723511,0.02247172997914577,0.00743482630318975,0.0020800114659833883
272,0.018281045186749865,0.9380431503840153,0.03635946207788723,0.004997446462359541,0.0023188958889880026
273,0.03368348253660342,0.9366846041264293,0.025016478001202692,0.0026451571174777094,0.0019702782182868623
274,0.04829257118341546,0.9075201833435691,0.035970000330638616,0.004055141380103066,0.004162103762273631
275,0.008202838258562292,0.8154297130971663,0.17203046919962955,0.0016381375354953035,0.002698841909146574
276,0.02030976142583632,0.7996108790425267,0.17396888761277673,0.0021966522183463144,0.003913819700513894
277,0.010012993404763137,0.7924055234024368,0.19181336244008781,0.0023588508716611933,0.0034092698810510007
278,0.0077960117820268645,0.7041997437286547,0.2806024436879225,0.0031748080800252368,0.004226992721370657
279,0.0020780083227320474,0.641787494266131,0.3531307021804417,0.0004177088790048024,0.0025860863516903557
280,0.003151981844321268,0.5114755336556092,0.4783981931492124,0.0016868586204587207,0.005287432730398412
281,0.006281022913878478,0.6438071986453914,0.3417242271001082,0.0037156749743535514,0.004471876366268357
282,0.006132993487075394,0.5832967754293015,0.4016626632419516,0.002098345696290518,0.0068092221453809505
283,0.03232807121186704,0.8340172349791755,0.12184323601670975,0.00465793943626029,0.007153518355987447
284,0.0232122405858931,0.7487194676747951,0.21232234369898284,0.0046749846496559316,0.011070963390673032
285,0.009105036408582273,0.7330036224439532,0.24587021608605827,0.0027742203674834924,0.009246904693922729
286,0.052100007347115306,0.7914812385601597,0.14011845099273323,0.009803755933545046,0.0064965471664468226
287,0.013215513246561072,0.6522307953354546,0.3172619889915706,0.007015355295241446,0.010276347131172226
288,0.005753806958020176,0.624979041417331,0.3510216581384099,0.0023917993202896308,0.015853694165949235
289,0.07319028963065112,0.7514113707346538,0.07839087558738975,0.004678930284517354,0.0923285337627882
290,0.42001585062809965,0.5402025972386589,0.011860491482848658,0.013863684607643487,0.014057376042749424
291,0.1438347530279014,0.806198728900827,0.02657755413403293,0.008171080326752433,0.015217883610486467
292,0.6700221820334359,0.26390681203302774,0.003949571944674976,0.011857950426554548,0.05026348356230689
293,0.2951486603114617,0.6656544279826879,0.006945517282241111,0.026117495249885866,0.006133899173723356
294,0.0679278467750895,0.8638507152400273,0.03804073019047916,0.008257498056364916,0.02192320973803884
295,0.38580286144298115,0.5721254566228547,0.010696792929615576,0.015131316171734167,0.01624357283281441
296,0.17039922212897504,0.7924361713611872,0.022375455574532625,0.010417091097070867,0.004372059838234084
297,0.1763924348660675,0.7712486456289155,0.03274080807254101,0.01631006329708933,0.0033080481353867687
298,0.061956657891871054,0.9016113022108561,0.020101310292582213,0.013895164961259534,0.002435564643431063
299,0.04473418990825444,0.9220934163721977,0.018237198146406983,0.012708942847064733,0.002226252726076222
300,0.016068952339308124,0.8651272680491232,0.09173960992835371,0.02360248275678924,0.0034616869264256305
301,0.0509311278986932,0.8959058555711849,0.031990213309985305,0.017794331144545535,0.003378472075591044
302,0.018785308823024354,0.9081382854182556,0.05722877360367426,0.01352459992595813,0.0023230322290877497
303,0.059216199634296855,0.8844967612646126,0.021377335184606907,0.027867779806663245,0.007041924109820251
304,0.05269931846458476,0.8857932028167265,0.02451216635126209,0.028815275555602704,0.008180036811823992
305,0.07075473345707076,0.8796734013313853,0.01437959704657444,0.029255109336861294,0.0059371588281083
306,0.2533005901396138,0.7066269868348208,0.004962664244251891,0.022182033515140965,0.01292772526617236
307,0.2614670470822991,0.6952071218491005,0.015354894652987464,0.021099733334772195,0.006871203080840682
308,0.06061897243404805,0.9025382711670464,0.02586672226528597,0.007471174013596565,0.0035048601200230703
309,0.08021967245753735,0.8768724367224676,0.028001400567672315,0.011905492943930568,0.003000997308392256
310,0.008399837237726407,0.9070150201901352,0.07516837207543947,0.007822329991033626,0.0015944405056651687
311,0.03758747521580311,0.8905686249024448,0.03825723951707405,0.030939548547478588,0.0026471118171994224
312,0.04011638656245744,0.8984461286050093,0.04255424079305399,0.01500733514108533,0.0038759088983940835
313,0.02580135647843697,0.8813571558543657,0.07301000802373972,0.008305751810278343,0.011525727833179289
314,0.07711235586779636,0.861033107934122,0.04458377892000718,0.012215866875269179,0.0050548904028052235
315,0.052700122990878576,0.8724738879223041,0.055591673848274854,0.013577858920942173,0.005656456317600334
316,0.18095805443006432,0.44116325389016303,0.01466174335578435,0.009640516891088673,0.3535764314328996
317,0.2774155179728548,0.682703120998773,0.01309675699685456,0.01815000399390445,0.008634600037613082
318,0.049429636504456406,0.8971342144781977,0.04230987882845994,0.004718455766230554,0.00640781442265542
319,0.37517858671812404,0.5764743225420207,0.0080706681355868,0.011502795855582528,0.02877362674868578
320,0.043680575989021614,0.9423645738425568,0.007561071498772966,0.0028158358743070855,0.0035779427953414144
321,0.1308313649037716,0.6680159151839877,0.015702905322150896,0.0019494890923358484,0.18350032549775386
322,0.5810634405725028,0.3960771368755547,0.005785459587341911,0.002257561444246218,0.01481640152035422
323,0.1945063972648423,0.7840445082786974,0.013424426164133018,0.003071708549749255,0.004952959742577804
324,0.06778378897903162,0.8964368840719664,0.02624325141131855,0.004716348315747809,0.004819727221935562
325,0.0871677264143316,0.8940593571988993,0.005694679885788982,0.009562268541402186,0.0035159679595781514
326,0.06863217027136767,0.9124391214184591,0.005727871704154438,0.010020459763308022,0.003180376842710721
327,0.022783367131689047,0.9349769484357237,0.03453328158884627,0.0051555745575391715,0.0025508282862017275
328,0.009138650000641804,0.9137866454934822,0.07150675758480658,0.002281325304998843,0.0032866216160707703
329,0.031038413758705655,0.8821631168095645,0.07459174331111107,0.008831035463820405,0.0033756906567983464
330,0.016424888912220555,0.7497911326512141,0.22383267024988998,0.005729411899584185,0.00422189628709123
331,0.002491824583084872,0.6655225023074508,0.32628802559507025,0.002575400979404284,0.0031222465349899564
332,0.017532061966752367,0.7691835760027966,0.1969341788406691,0.009898706084321527,0.006451477105460372
333,0.004237887427114926,0.5848778688069987,0.40610206307595254,0.0018507602975807984,0.002931420392353134
334,0.019921602195056745,0.7625314062467388,0.2059207057722032,0.004994799022535232,0.006631486763466237
335,0.005272838030496436,0.665334427665901,0.3222458569675931,0.0024415700668137933,0.004705307269195596
336,0.0018434841237036283,0.6284286008235805,0.3652726007262411,0.0010981638343570176,0.003357150492117712
337,0.010286374931374473,0.7515024186287266,0.22649457026700645,0.006210033118976589,0.005506603053915933
338,0.0027361435885870714,0.6498856549502612,0.3409958402620435,0.0014260419708645685,0.004956319228243536
339,0.00220401038154348,0.6851996323505866,0.3085893636339795,0.000835633476798322,0.0031713601570921624
340,0.0013274438482332117,0.6451787404745847,0.34842761129017225,0.0008159073138780008,0.004250297073131871
341,0.01826508076955224,0.7104350809794608,0.2609961694937349,0.004252236995274727,0.006051431761977218
342,0.002375806986906749,0.524131506080752,0.4674424977666798,0.0014007802966377364,0.004649408869023848
343,0.004261447626295911,0.4503551721598864,0.5366937561471614,0.0022260261710573956,0.0064635978955988795
344,0.006694269862092273,0.49405610975901043,0.48621815976838806,0.003921649696445834,0.009109810914063293
345,0.011435656099092334,0.5113129700778359,0.46640711358862663,0.001885556328012045,0.008958703906432997
346,0.014884504966230554,0.622931497978444,0.3317058774257521,0.006927570391436492,0.023550549238136674
347,0.013992776660926605,0.5230318994955673,0.4302705166882076,0.005682136803198887,0.027022670352099605
348,0.17116659745224136,0.3193152920652699,0.09883193171171918,0.009237292235105363,0.40144888653566424
349,0.1539379935430152,0.7270746471505992,0.027392763267226786,0.02324043055389383,0.06835416548526489
350,0.18348548831837622,0.6451369597699184,0.0953061839438903,0.024527840605336693,0.05154352736247851
351,0.1350259625637093,0.7002974298134764,0.08981874634557113,0.018231198524993927,0.056626662752249264
352,0.3872343259172625,0.4284993567755398,0.013494508971259986,0.12733258005079626,0.04343922828514143
353,0.32021119201920545,0.5935445480202892,0.023609303305937013,0.0441077525528716,0.01852720410169684
354,0.15575454442049136,0.5910436875536185,0.0074074611866005195,0.027286718097304742,0.21850758874198487
355,0.4232301846566363,0.5128227460015948,0.010304790213806213,0.03450543795082726,0.019136841177135468
356,0.19586638698125625,0.7682554861903005,0.012843248557071066,0.014404316434204992,0.008630561837167164
357,0.32899127170003284,0.526468137722251,0.009729605541232863,0.02910134543306376,0.10570963960341943
358,0.4466513767187205,0.4903880129062551,0.009185281214552756,0.04323329705089546,0.010542032109576075
359,0.2972185977852684,0.662571056971187,0.006365116480075224,0.026550048770173244,0.007295179993296104
360,0.19037812991282524,0.7730859839333439,0.013682842359000344,0.017647839130136126,0.005205204664694326
361,0.024836893709542125,0.9374361999115833,0.017216264687172345,0.016941264665930565,0.0035693770257717644
362,0.18320090237087502,0.6950288027247511,0.00913911541889167,0.10165262583625959,0.010978553649222646
363,0.14989836907960594,0.7384433923809965,0.006925721609933006,0.09679582662912448,0.007936690300339996
364,0.10884812272355841,0.7094703873509643,0.012251129954644648,0.1617430112637036,0.007687348707129043
365,0.12931636326837284,0.5831203873600331,0.003780855134826836,0.27639493149769667,0.007387462739070443
366,0.024983300668262192,0.715625723620371,0.004815144884072906,0.25214701586724575,0.002428814960048154
367,0.08188238246741043,0.7715399913249966,0.008846168348917032,0.11983615057202016,0.017895307286655827
368,0.16593984049180704,0.5712643784383609,0.0033787206249590728,0.1951466279764935,0.06427043246837952
369,0.29144413861455587,0.5556839046111373,0.0028033664139453635,0.11907412719149232,0.030994463168869325
370,0.3136370535954368,0.6270610733070502,0.0021744519004418873,0.03307801119526653,0.02404941000180455
371,0.319851702838087,0.3141712473077028,0.000963562511589753,0.2131786110406511,0.15183487630196926
372,0.32926075150740375,0.39539087831573655,0.0011479432920197745,0.2630304036983127,0.011170023186527225
373,0.19877424387080722,0.42704998420974877,0.0007979643289263589,0.29263633896105484,0.08074146862946273
374,0.35817967787770444,0.1696276513052629,0.00039340631543760324,0.44256279459841624,0.029236469903178845
375,0.07552154662341211,0.6316781853451479,0.0016364824485105025,0.28247300213402665,0.008690783448902685
376,0.20259138227679638,0.29664087602296807,0.0006300961250297268,0.3582247878680338,0.14191285770717216
377,0.0924360712361782,0.09550625865181199,0.00028365720931834075,0.15881507219921948,0.6529589407034719
378,0.4425323037827589,0.04820236417503311,0.00024988449719078287,0.17899447403960275,0.33002097350541443
379,0.7381749310957401,0.0500171496282605,5.045616416393695e-05,0.18870774888392736,0.023049714227908132
