epoch,N1,N2,N3,R,W
0,0.01898643695598361,0.003904127612195232,9.044664147452524e-05,0.038907695518065485,0.938111293272281
1,0.013493374987779909,0.002851602232755426,8.218986030953208e-05,0.036220214657739384,0.9473526182614158
2,0.008442381104374246,0.002301527312137707,5.180819747017667e-05,0.027070780971732784,0.9621335024142851
3,0.006115156262797391,0.0011364353306322962,3.9476921676537005e-05,0.021342714723502042,0.9713662167613918
4,0.007228110318181174,0.0012481693112248108,3.897269936067685e-05,0.02285872339227513,0.9686260242789583
5,0.036303239809989354,0.01827555831813149,0.00019028035020216162,0.0690007189317465,0.8762302025899306
6,0.005808199766427119,0.0020445089942828275,2.873515509280168e-05,0.02215390122912926,0.969964654855068
7,0.0014424724124561885,0.0033137505772779063,0.0006001865245694941,0.0008784631586970063,0.9937651273269994
8,0.005205283765867401,0.0028635898441835474,0.0001089902316585927,0.008985100945318554,0.9828370352129719
9,0.013414248601105893,0.009306989079774177,0.00020883372733567981,0.004298581913866124,0.9727713466779181
10,0.013077777502279786,0.0055392888959704435,0.00016071738864462375,0.0037533383937316425,0.9774688778193735
11,0.0008305670572346989,0.002156689640853673,0.0018229561362746568,0.00015474551186290956,0.9950350416537741
12,0.00773485498540122,0.0050877247159114205,0.00011718057949222062,0.0020981397500058944,0.9849620999691892
13,0.02779269614506005,0.006654263028750558,0.00019850821105529302,0.005459172787014229,0.9598953598281199
14,0.018285852735040516,0.005476247447888384,0.00010751789130769815,0.00463848521092958,0.9714918967148338
15,0.0018477488505868867,0.004056221213250608,0.0009443813264071835,0.0004159821112274005,0.992735666498528
16,0.001155757237706778,0.0032029441228388147,0.0016630714890952946,8.427150128849394e-05,0.9938939556490707
17,0.007553977253434026,0.0016365382739342309,4.291156903387629e-05,0.0011828632542253894,0.9895837096493726
18,0.010451918233174293,0.0020162024479866993,9.997448332879611e-05,0.0016018891289640306,0.9858300157065463
19,0.017363239138133337,0.003374224092518175,0.00011738551472631173,0.0019189677338163483,0.9772261835208058
20,0.03306386200498582,0.008585143569230494,0.00017728297164064583,0.006672668863067179,0.9515010425910758
21,0.006008234916710018,0.003994612087453087,7.061723929757803e-05,0.004175774562175822,0.9857507611943634
22,0.005934676306596008,0.0009086918718573663,1.1458100483951192e-05,0.006352247142286305,0.9867929265787765
23,0.0062646180475434314,0.0016753182671092547,1.6968040185243792e-05,0.015652635714693844,0.9763904599304681
24,0.0033644474477362535,0.0009570778304915874,8.166353396289428e-06,0.006057194567660402,0.9896131138007155
25,0.008324727709043843,0.0028727323017791527,4.26323794233028e-05,0.018900254942400104,0.9698596526673535
26,0.00910100005898752,0.0020632250287364122,6.677296569705024e-05,0.013884894258607994,0.9748841076879711
27,0.003967568191634385,0.001989819226860871,1.876746820985277e-05,0.00246718046662618,0.9915566646466687
28,0.005771998299207698,0.001612827341928794,1.2265742619188488e-05,0.0068337897951258305,0.9857691188211185
29,0.008334807373842224,0.0017440147794328077,2.840340246008659e-05,0.01074063272603935,0.9791521417182255
30,0.010660515215647074,0.0030654502560563453,4.99402815318742e-05,0.012112871304460947,0.9741112229423038
31,0.007667212037626385,0.0021361931959316374,2.0035689862519808e-05,0.011431018367850754,0.9787455407087287
32,0.004877069199513811,0.001852084475780763,1.8377198335231506e-05,0.004423464278561476,0.9888290048478088
33,0.005008890042883395,0.0016106803957328694,1.0090497602537606e-05,0.005275500494168044,0.9880948385696131
34,0.016405258456749422,0.007791356534818468,8.542872173171874e-05,0.006228106936591804,0.9694898493501085
35,0.034511783629277315,0.00844214946721912,9.266502114220957e-05,0.014074652010749047,0.9428787498716122
36,0.005111001522600753,0.002095409342064734,2.7020386758842114e-05,0.007164372816644185,0.9856021959319315
37,0.0049518723721558655,0.0014076579186694607,9.15663639397689e-05,0.00034480548957209516,0.9932040978556629
38,0.013995986400372607,0.008978889440153872,5.827497302941704e-05,0.0013095387347432474,0.9756573104517008
39,0.0194506108054925,0.005313229639428373,7.306873801276068e-05,0.002006506834193071,0.9731565839828732
40,0.002540740293506102,0.002444880526624411,0.00015804057204903856,0.0005654725261399346,0.9942908660816805
41,0.005144655617915362,0.002614275046375117,2.3077052441699267e-05,0.0008079801086840068,0.9914100121745839
42,0.015174498634500967,0.008018903393809054,3.722184035635025e-05,0.0007654489828453542,0.9760039271484883
43,0.0009147653306228131,0.0023175740338724736,0.00026173890746246007,4.128302353730657e-05,0.996464638704505
44,0.0014056529173714788,0.001798574005653987,3.060629537350849e-05,0.00011268691107664635,0.9966524798705243
45,0.0011849935059773445,0.0009221580585115267,1.967481781923342e-05,8.592397158249242e-05,0.9977872496461093
46,0.0009401365228170267,0.0008708771570982556,1.777859428351428e-05,9.181391523638552e-05,0.9980793938105648
47,0.0026653644951520348,0.0011600230192389145,3.138409326865379e-05,0.00014750183997567443,0.9959957265523648
48,0.0027985870124110045,0.0007808883981155505,1.537820885534402e-05,0.00016029240373917588,0.9962448539768789
49,0.0009860191927044048,0.0006185400693681719,1.8026428804697923e-05,8.24591937549169e-05,0.9982949551153677
50,0.0028254216607041544,0.0009168738211017633,2.7941182714671107e-05,6.021357712952769e-05,0.9961695497583498
51,0.0017476934304761626,0.0007001224313098715,2.321466904540717e-05,4.274853207769781e-05,0.9974862209370909
52,0.0014007720438129843,0.0007260158002088316,2.8180271591386135e-05,6.189590182754485e-05,0.9977831359825593
53,0.0016598032803712027,0.0007517519578518514,2.9193695200031057e-05,4.9814516962425803e-05,0.9975094365496144
54,0.0023434462872307625,0.0008895946457516392,2.5937474588750503e-05,5.7625506156706064e-05,0.9966833960862721
55,0.003440877770021524,0.000780483225840833,4.2458290693866316e-05,8.220559886524624e-05,0.9956539751145785
56,0.0523294817946946,0.007716247858580938,0.0002155364868099936,0.0002704027947406427,0.9394683310651739
57,0.042858535591622754,0.004727504663765068,0.00011353583880537118,0.0001014048815375847,0.9521990190242692
58,0.002339944270496687,0.002108146065605294,0.0008489637773247146,4.23603975373264e-05,0.994660585489036
59,0.01691552286096258,0.0018543229843732592,7.447878660138674e-05,0.0004430763503052105,0.9807125990177576
60,0.002258975653717546,0.0017354524499433308,1.6819531974465302e-05,7.716694449419982e-05,0.9959115854198703
61,0.01648599646689573,0.013444148327212632,0.00011809082143087177,0.00033330466736104417,0.9696184597170998
62,0.0039692883559842235,0.005851842761157941,7.694112538070986e-05,0.0002718570972047837,0.9898300706602723
63,0.00978890902547977,0.011180494716111652,0.0002262001396395704,0.0003894223491626926,0.9784149737696064
64,0.00040317880037696736,0.0012726200185312448,8.70460114022287e-05,2.710095203145086e-05,0.9982100542176582
65,0.0024613601206848385,0.0012198047424074555,2.297027599035971e-05,0.00013751418375033847,0.9961583506771668
66,0.005250292162422721,0.0032405786336867142,2.806330200772593e-05,0.00017210462884315582,0.9913089612730396
67,0.004357763903026548,0.0036287847791334413,1.7291940945262425e-05,0.00021238110212955165,0.9917837782747652
68,0.006042629491958245,0.004561788189159922,0.00012535009680027882,0.0002723592432275942,0.988997872978854
69,0.005198746565585418,0.011017002043262981,0.00047563858108460243,0.00012650453216536602,0.9831821082779016
70,0.0038903639156743753,0.0029739922179438855,4.0757770724330686e-05,0.00015885403528382937,0.9929360320603736
71,0.003170702443611055,0.0013218395999683636,2.8632535363257736e-05,0.00022646274494366172,0.9952523626761136
72,0.0010735226382936353,0.001041284148674714,1.838916617784249e-05,8.84460903210604e-05,0.9977783579565328
73,0.00398381485647129,0.001321765609307132,2.856726929149276e-05,0.0001529014062117599,0.9945129508587183
74,0.0016387319994093394,0.0005757204905719834,1.0515357521993881e-05,5.8097745558487475e-05,0.9977169344069383
75,0.00326771624278197,0.0005969923369565763,1.1844398828888843e-05,7.370941588246717e-05,0.99604973760555
76,0.0036596791999763127,0.0010253920102164078,1.5334065543659214e-05,8.830809739709504e-05,0.9952112866268665
77,0.00294972274790636,0.0007561635470681018,1.0325486255792513e-05,4.6390604193960604e-05,0.9962373976145759
78,0.006124573846805366,0.001147055472452918,2.8173834092845274e-05,5.8274758448823e-05,0.9926419220882
79,0.002323332649969227,0.000736176537255237,1.705437410833163e-05,7.01505495695889e-05,0.9968532858890975
80,0.005581468906250345,0.007361509900230583,0.00037981487252140595,0.0003571649268962364,0.9863200413941013
81,0.013777991861401972,0.006421611868352216,0.00010140382469214772,0.0007939931736953079,0.9789049992718583
82,0.007978121118702875,0.011086946170367176,0.00016044699506293094,0.000336679921837617,0.9804378057940295
83,0.003540317395378625,0.0035959878021138117,7.908891620762574e-05,0.00023973975341576098,0.9925448661328841
84,0.009849650688120217,0.022641576723143226,0.005292042434552825,0.0011931478778921226,0.9610235822762916
85,0.0019756268271963516,0.0013978596228704312,3.573090738485224e-05,0.00023214412803641997,0.9963586385145119
86,0.0014113551337075344,0.0010867510469792622,2.9177203333286445e-05,0.00021079533200561834,0.9972619212839743
87,0.001387982028664831,0.0013918299436040881,2.8667634940265917e-05,0.0002045091214375137,0.9969870112713533
88,0.008951347344570813,0.0013929182687661891,2.719182308797882e-05,0.00011390104630178209,0.9895146415172732
89,0.017035369605921356,0.016503630512538964,0.0011833175860984392,0.0003959414487808629,0.9648817408466603
90,0.006781723051602846,0.004652291929050985,5.8380100537095745e-05,0.00020779502563016752,0.9882998098931789
91,0.0034275467980625298,0.0013611738152786088,3.298629206593899e-05,0.00020296268404512932,0.9949753304105478
92,0.004093843696715169,0.0012506751745938564,3.543704531953931e-05,0.00018338354455551333,0.9944366605388159
93,0.004517205426536934,0.0022539837743387674,4.198251835199634e-05,0.0001862138117777078,0.9930006144689947
94,0.016296565903864052,0.002053886904757291,9.611401237393935e-05,0.00030639257167943665,0.9812470406073253
95,0.005277991843460188,0.0019878824333444843,3.661853926771729e-05,0.00013862540583571589,0.9925588817780918
96,0.010193539273340452,0.00328590289303171,5.397897215764609e-05,0.0003240115573866004,0.9861425673040836
97,0.010839992670186004,0.005244188403744719,0.00012236092051239955,0.000647476780852706,0.9831459812247042
98,0.0037694247149116004,0.0028551991459421083,8.449305588039672e-05,0.00025384419842232656,0.9930370388848436
99,0.01810890510412493,0.007903324466118156,0.0006232539484597269,0.000646448620417918,0.9727180678608793
100,0.0035605808918502437,0.0020743960136164457,0.0001165865914695625,0.000265616606051125,0.9939828198970128
101,0.005130301462846805,0.00308902871157182,7.863207529428365e-05,0.00031932566037113605,0.991382712089916
102,0.0049921171841057705,0.0016078500877334226,4.311875987128551e-05,0.0001863784483752463,0.9931705355199143
103,0.014364917176685291,0.0025833432392616067,2.6294409172458427e-05,0.00022931872797903797,0.9827961264469017
104,0.01960335795587553,0.0037844982742870755,8.628303054571284e-05,0.00031231978712748697,0.9762135409521641
105,0.026532759016360322,0.025035450069224027,0.0067443284546429534,0.0016164634387527358,0.9400709990210199
106,0.005723644949677278,0.004987154648789074,0.002076728935466696,0.0001783855121581658,0.9870340859539088
107,0.008042941760849071,0.009788114641747538,0.0009346007257424847,0.00026456410557255434,0.9809697787660885
108,0.006071429290571808,0.0016131007045896576,8.460847807797735e-05,0.0022340734717091124,0.9899967880550515
109,0.006917236854214174,0.0014974303680952892,5.662916425582273e-05,0.0026204385136972975,0.9889082650997373
110,0.007931487459134468,0.005501280177640082,3.883270832341595e-05,0.0020149204958933922,0.9845134791590087
111,0.028246335512990182,0.018564517581836207,0.0004675309917667744,0.0048034652056293025,0.9479181507077775
112,0.010634009276250384,0.0023462348407923563,1.979594840008804e-05,0.0043642269285368435,0.9826357330060204
113,0.003858740293180591,0.004245888897805626,9.61950059451839e-05,0.0004992879116618551,0.9912998878914067
114,0.005279186828684657,0.003064743761324904,0.0007893182397137688,0.00038486053899733515,0.9904818906312794
115,0.004932622774394989,0.0011717720615527162,2.670510498317862e-05,0.0007293007213016762,0.9931395993377673
116,0.02031351608586251,0.0036959248844514007,4.3735662523917394e-05,0.0014402764467289868,0.974506546920433
117,0.009730424374525799,0.004345416057961458,4.401834669719926e-05,0.0004295821960641229,0.9854505590247514
118,0.01147682755265013,0.014580911591908515,3.3622393995889195e-05,0.001970658445946037,0.9719379800154996
119,0.01531796993134639,0.013674023086026221,3.9088710846735006e-05,0.001376053582694031,0.9695928646890866
120,0.028125042702210126,0.013360027453101083,7.010142150993213e-05,0.0016538772333076295,0.9567909511898712
121,0.027461194728928513,0.00995213901019364,0.0001045829035710233,0.0018214652144829375,0.9606606181428239
122,0.028267852104429142,0.025378351310752924,7.965149662314459e-05,0.0028992749709995267,0.9433748701171952
123,0.030909062179353408,0.15147699057187364,0.00028044295005126265,0.009546906494697773,0.807786597804024
124,0.02226213710782165,0.04009396557105019,0.0009412038056012011,0.0010108197348338529,0.9356918737806932
125,0.013356079639527603,0.02584178987198543,8.315436621790607e-05,0.0008875495821256952,0.9598314265401433
126,0.015066817165612072,0.08986907105266281,0.00023779216983164036,0.0017121931264197283,0.8931141264854737
127,0.11189790464094705,0.05696336802630962,0.0003078934302241049,0.004684811045415724,0.8261460228571035
128,0.010079065763370938,0.009510476778291308,6.587505927145328e-05,0.004129913818161095,0.9762146685809052
129,0.025388448530924722,0.046312135265151745,0.001179658052016288,0.001022240868929204,0.9260975172829781
130,0.003947511630187615,0.005913389364910874,3.957686287504438e-05,0.0006263255825103614,0.9894731965595162
131,0.005075711205263109,0.003870287944836459,3.7673549762957126e-05,0.0008449110329995615,0.990171416267138
132,0.0026873165162371437,0.002149234474144172,0.000487380312369095,0.00014586812536438904,0.9945302005718852
133,0.0035447656878247425,0.0029295462745014427,4.138828380646976e-05,0.00028096606557510145,0.9932033336882923
134,0.002735718784895442,0.0023773465990187016,2.011029443476356e-05,0.00018756088250170547,0.9946792634391493
135,0.0045714636357631405,0.0025807265800037037,2.202589562721428e-05,0.00025195007243423843,0.9925738338161716
136,0.0012410102042767423,0.00041327485498102374,2.4455103305985653e-06,0.0008333300892983434,0.9975099393411133
137,0.0032050437810684164,0.001185182154307413,4.013362762930773e-05,3.9884740664680995e-05,0.9955297556963301
138,0.0011836591513686642,7.554445881408808e-05,3.4237663364379226e-05,0.000360653279078565,0.9983459054473742
139,0.0002138966302652138,0.00015006311988212113,8.504304582144174e-05,0.00022648632342523294,0.9993245108806059
140,0.00030762163737978144,0.0006154356334026351,0.00016290557518061166,0.0003812104669307322,0.9985328266871063
141,0.007819076221768086,0.001611746909481477,0.0003618095040628473,0.00011049304236110837,0.9900968743223265
142,0.009210540863723506,0.006079097981578127,0.000643308565285089,0.00030640127595998054,0.9837606513134532
143,0.004321737300832978,0.0007715003664476426,2.831574690573111e-05,0.0007835137449755298,0.9940949328408382
144,0.00830541912736664,0.00174277849209597,1.4724313995897972e-05,0.00172439339074364,0.9882126846757979
145,0.00244096197954773,0.006985827537881721,0.0005404883189919921,0.0003005004779104302,0.9897322216856682
146,0.021818272422261514,0.0033966686736756147,6.309373065652136e-05,0.002219135798822383,0.9725028293745841
147,0.03326877309274483,0.020181895799366547,0.00010361780887389338,0.0017268033016428846,0.944718909997372
148,0.2707467831395909,0.08366428132014468,0.00012991434239318782,0.015331349789851867,0.6301276714080194
149,0.1251657854531208,0.14228517537378702,0.0008339727872649808,0.017270890392976825,0.7144441759928505
150,0.2000865455675613,0.19975979128895188,0.0007232519030333797,0.029735695866789726,0.5696947153736638
151,0.06957713071518326,0.07125471391250243,0.0003356462322043046,0.03258672875140299,0.826245780388707
152,0.13541343033571557,0.07739058531436951,0.00027109160441974125,0.03924495716448737,0.7476799355810079
153,0.20503608569526457,0.07521228092189111,0.00018906513734408238,0.11835947207861516,0.601203096166885
154,0.15722981902125746,0.0458502966381976,0.00019838641608876841,0.12487074806709218,0.6718507498573639
155,0.20928061101603274,0.04470508164160517,0.00037438178804038183,0.11012478042192883,0.6355151451323929
156,0.22480851758684264,0.26881928570646035,0.00043022560174218224,0.11222160364180575,0.39372036746314903
157,0.26279572411472996,0.27846860903456444,0.0006490059236356079,0.2245949270416637,0.23349173388540626
158,0.10197867945101458,0.14776170571880518,0.000678064549760483,0.0681501683401426,0.6814313819402771
159,0.14472662474898285,0.19217933053948752,0.0004931445179136449,0.0989672117979004,0.5636336883957157
160,0.14852349006388182,0.22346689960747648,0.0058059765718796825,0.045677384818175785,0.5765262489385863
161,0.17905187419445948,0.3261393095122713,0.0011501566032395532,0.045156737929310756,0.44850192176071885
162,0.10325278033995797,0.1393927233780571,0.0016559080272919577,0.019144347354465394,0.7365542409002276
163,0.0997556208687707,0.6563508599485303,0.0008845904271987661,0.014179027999800795,0.2288299007556996
164,0.030550732677875288,0.8971772790185006,0.006745372175610923,0.001438776450689163,0.06408783967732395
165,0.07215796885757718,0.17720132780486547,0.005662909316457416,0.004042313201192295,0.7409354808199077
166,0.09265287424328687,0.5904402302802966,0.005162045796290467,0.004341224071311965,0.3074036256088141
167,0.13173563737026023,0.699279312968208,0.001735366788382453,0.02762082972223529,0.139628853150914
168,0.0636125270864971,0.7423348368088382,0.0015857016039378157,0.020446217194820284,0.17202071730590648
169,0.16800918439435036,0.33344801890716375,0.004323902724373717,0.030860730853306335,0.4633581631208058
170,0.010077278146835957,0.042709534918523646,0.00921506260830952,0.0033983819474429186,0.934599742378888
171,0.013398238986726775,0.02076913029570708,0.0005107660881266136,0.0019636409292433485,0.9633582237001961
172,0.02652190025507419,0.03465372060046812,0.000981097961971779,0.005108327810950003,0.932734953371536
173,0.030169255941799866,0.026805976634965055,0.0021555251680725196,0.012426232810224102,0.9284430094449385
174,0.09800733479896175,0.014031823288576616,0.00011493641258216891,0.009886477421650944,0.8779594280782286
175,0.1876539905819017,0.026612036808641392,0.0006651443793774037,0.031841659160315436,0.7532271690697642
176,0.0414634565801698,0.010995849831952146,0.00010153062508002673,0.009976980084456143,0.9374621828783418
177,0.014807409610124575,0.007099948944726272,4.5643312838017796e-05,0.0041030893530265445,0.9739439087792846
178,0.006624433826588379,0.004183600390886413,1.7903838083970594e-05,0.003920898614514527,0.9852531633299267
179,0.030031438444222357,0.014710948914207848,0.00010718401766881644,0.008783491633565559,0.9463669369903355
180,0.048688975151045026,0.013281550436309124,7.154112989524092e-05,0.017608649944927356,0.9203492833378233
181,0.027292002965205564,0.005730259111180935,0.00010889256347711044,0.013603333694319366,0.953265511665817
182,0.005764169850140918,0.002225705168015804,0.0005335531870438002,0.0016894309794613786,0.9897871408153381
183,0.030703170340523785,0.005368158141448025,0.00019232300226466875,0.013984882095931486,0.9497514664198321
184,0.0037332236592530826,0.001686238348755916,0.000910912350619925,0.0019410663251408936,0.9917285593162302
185,0.014028742755015982,0.0035589815700539816,2.7706265572360593e-05,0.0046261136819032425,0.9777584557274545
186,0.0070494286236829585,0.002177895825295783,3.1627358553700274e-05,0.0024720142285444132,0.9882690339639232
187,0.002458079167088575,0.0018981408335351003,0.0016010423900430677,0.00034724577238364265,0.9936954918369496
188,0.004485639677507963,0.0018800488419809533,4.141202000594328e-05,0.002230141794979105,0.9913627576655261
189,0.016846716009870186,0.0033029204078897055,0.00015043854098327844,0.004981509420644495,0.9747184156206122
190,0.007447813220267742,0.0016120764142863184,1.3837363426601277e-05,0.0010971151078875388,0.9898291578941318
191,0.007684624987628058,0.011482912821617628,0.0008229363872784539,0.001351313182318064,0.9786582126211577
192,0.023439658179181373,0.029736240470805017,0.00017691634083227454,0.010365543559049183,0.9362816414501322
193,0.005042215282813215,0.02328919704615305,0.004999576495311129,0.00165834091776218,0.9650106702579605
194,0.01346744004787285,0.02463566058467815,0.0017457691637925601,0.003203333421128766,0.9569477967825277
195,0.0056991717839353796,0.0042941293076801754,0.00011100520490854114,0.0016932038701532469,0.9882024898333226
196,0.0036501386836316767,0.004827858037775927,6.982841766678757e-05,0.002702567318569813,0.9887496075423559
197,0.0014770306129715189,0.0017844493120358846,4.108976749048325e-05,0.0006967617665930419,0.9960006685409092
198,0.00466642256388536,0.003918486254912418,7.736995973884386e-05,0.0026447756737174935,0.9886929455477459
199,0.004346674716395925,0.004977809065802396,0.0001267661993132076,0.0016888803044956297,0.9888598697139929
200,0.004144547062168769,0.004065242777535079,0.00013860621527742836,0.002054157510754115,0.9895974464342645
201,0.007290332207659428,0.0041727815778979495,0.0001449143744272765,0.002046728784527794,0.9863452430554875
202,0.013213312320426605,0.005434450748489896,0.00012237948497737796,0.0021205156510101853,0.979109341795096
203,0.01788735538701851,0.007026167801638737,0.00014069418271183215,0.002282099852455211,0.9726636827761757
204,0.04241734523408309,0.009841790759805371,8.692846964008525e-05,0.00167169239689761,0.9459822431395738
205,0.019244504419939003,0.030288621916605297,0.006741807945024296,0.00047287219818769834,0.9432521935202437
206,0.0662286812527067,0.026756215812012308,0.00012216965357226956,0.0016494476903334643,0.9052434855913752
207,0.02593827920881475,0.008757761116289519,0.00010893258092769213,0.0013241839115167066,0.9638708431824514
208,0.11870847057476842,0.1115854372769631,0.0004990096645633734,0.012172412198437564,0.7570346702852675
209,0.13945942476489345,0.12511491925054016,0.00013689960146823254,0.05046668548586981,0.6848220708972284
210,0.1735838624336956,0.36118193613169275,0.0010310631692653997,0.028615060231890095,0.43558807803345617
211,0.1369478104957546,0.0984385026171355,0.0005067134434659516,0.051027447791247814,0.7130795256523961
212,0.03533247595230116,0.025440118639481875,0.0008853115623153779,0.00565658580468079,0.9326855080412209
213,0.014734114501097415,0.02757044304428529,0.0010475973531938092,0.0028182968601388725,0.9538295482412846
214,0.014841825654880634,0.006767312457137603,5.255667579478263e-05,0.0020328195984136974,0.9763054856137733
215,0.03332770086537221,0.02566850236821557,0.0005045468579479171,0.0016580738588677887,0.9388411760495965
216,0.005274633506313833,0.007413715404666443,0.004046048277298691,0.0007238752713964983,0.9825417275403245
217,0.02396241577130485,0.034516229136004446,0.005786445164837474,0.011891462763630798,0.9238434471642225
218,0.008521891026455066,0.022884226979526825,0.0022519661041245954,0.002358453198863183,0.9639834626910304
219,0.009985333283469029,0.023475883662037844,0.0011595969167648007,0.0021582849903695935,0.9632209011473587
220,0.006909986772306309,0.00564381728731762,0.00010058828613845145,0.0012814626096799432,0.9860641450445576
221,0.01108034928463537,0.007782074014988126,0.00015952750165687814,0.0019495048732482893,0.9790285443254714
222,0.0028127576112891984,0.004987765032811878,7.310795854099526e-05,0.0014299720458342661,0.9906963973515237
223,0.006725619203077867,0.004393523460966425,8.359325027098846e-05,0.0025848069800864654,0.9862124571055982
224,0.01875149906376877,0.008424292035679654,0.00023503341764050359,0.00306882611834199,0.9695203493645691
225,0.011822941588696177,0.005513763043422031,0.00011800515710159715,0.003482047621935686,0.9790632425888445
226,0.01158411930553145,0.0058696202447163105,0.00013190402636846263,0.0036538676553880237,0.9787604887679957
227,0.03086850753895673,0.010162965121837198,0.000261549288722676,0.004483532323762909,0.9542234457267206
228,0.01402895782292789,0.004692942734414079,0.00012506885649933417,0.002464962747438718,0.97868806783872
229,0.01679074378660112,0.009749913357437209,0.0002614536132555345,0.003684363914193697,0.9695135253285124
230,0.04874167281991993,0.025435292731020458,0.00026356483426338406,0.0052518768663340435,0.9203075927484621
231,0.05235831645042619,0.046837485139478635,0.0008070708156099252,0.006241472355952084,0.8937556552385332
232,0.036580464066128957,0.0192954492555254,0.0002807719028299212,0.017848197589285703,0.9259951171862301
233,0.03277972836676426,0.037875044879035945,0.0005242329860259178,0.00796890356299589,0.9208520902051781
234,0.07877980328989634,0.052270625130848535,0.0009613874391874988,0.015688166372628373,0.8523000177674392
235,0.03535151692402638,0.05145037899435894,0.0007835086741917087,0.009758844679667613,0.9026557507277554
236,0.07648319734657068,0.09978882429473873,0.002898711624431409,0.009550434445691886,0.8112788322885673
237,0.07078998873360583,0.09140687474892989,0.00893558010812776,0.007072760962528717,0.8217947954468079
238,0.1022688187404587,0.10997680034500229,0.017219530496609695,0.015159778762065514,0.7553750716558638
239,0.014436294287835251,0.0598754508626315,0.01323312007597864,0.0035011259601441286,0.9089540088134106
240,0.011950102654281753,0.06465399345265718,0.003791643045009402,0.003943094790807307,0.9156611660572445
241,0.013208269231766196,0.021399962659943112,0.001131784469612323,0.004033530943263049,0.9602264526954153
242,0.04317256406307243,0.04682335655461556,0.00047553321380911477,0.007442496916518152,0.9020860492519848
243,0.036359086294509874,0.02338221147675489,0.0005971539968741095,0.005056935862996752,0.9346046123688644
244,0.11080146700183721,0.05293064287811321,0.001063502955647742,0.029523743723063996,0.8056806434413378
245,0.03469034363464022,0.20062929041660033,0.019602502014133775,0.014884597612697779,0.7301932663219278
246,0.056418258393668784,0.08007943829643008,0.0022882199050933186,0.00792913360002686,0.8532849498047809
247,0.025721217652571134,0.0913019760149105,0.0016672187837100526,0.007789551913096585,0.8735200356357117
248,0.0327906330160671,0.08199379431583757,0.0014959280940690341,0.006234734252421871,0.8774849103216045
249,0.03423039297608147,0.03891765994831273,0.0010731585852829465,0.003857379370700458,0.9219214091196225
250,0.020881039249911405,0.013582350291233636,0.0005063108417299811,0.0054996351053470905,0.9595306645117778
251,0.10973015313785595,0.10231479981954107,0.0035108407609420046,0.004544103001560842,0.7799001032801001
252,0.12664014204189503,0.24680268391159066,0.08404283426661044,0.017034491806647484,0.5254798479732563
253,0.03122140380607305,0.09119289382616962,0.010301896274695648,0.0025491090692613036,0.8647346970238005
254,0.1351454252195483,0.08472515730657564,0.0009223522836936929,0.027647448461481046,0.7515596167287013
255,0.16543193742587964,0.09002445847849333,0.0006767436957518658,0.02079102834107938,0.7230758320587958
256,0.08547281363826895,0.04809252660887097,0.0001287685970963695,0.019826215685959717,0.846479675469804
257,0.3542283425452639,0.07253868515892534,0.00024467540623496616,0.05585190432918701,0.5171363925603887
258,0.35766761511706663,0.10741120181348417,0.0003673004541580257,0.07041449391861614,0.46413938869667504
259,0.10155467178397865,0.07019770535474264,0.0002559613250342082,0.03460258751613831,0.7933890740201062
260,0.009979174001645982,0.03710194656846641,0.010724016199086948,0.0031643478050930925,0.9390305154257075
261,0.1369950520373305,0.03636547318722534,0.0005418291867258592,0.016304410797432882,0.8097932347912854
262,0.17821165982672627,0.05046274870788873,0.0027866057518940906,0.027050087274046015,0.7414888984394448
263,0.346988414004308,0.04185936724764915,0.00044440808514020205,0.016026791354755127,0.5946810193081475
264,0.4340020302960759,0.11042693601652398,0.000417366310397276,0.0656547967189591,0.3894988706580437
265,0.41787194673114325,0.40890173087923437,0.00045528011601939035,0.06468985784434864,0.10808118442925424
266,0.18875143274735712,0.614327021375108,0.0009540116385393836,0.02081103827635791,0.17515649596263766
267,0.21793960269820423,0.47073538807458115,0.0009991847501175017,0.013136331249339458,0.2971894932277577
268,0.04176275106905279,0.9395971958002647,0.0003877248595714849,0.00422257020566579,0.014029758065445186
269,0.09565354491523587,0.832664678174706,0.0008800158188040735,0.006220082001759386,0.06458167908949455
270,0.016150901007448728,0.9603118833419688,0.002066951115129652,0.003836065239335552,0.017634199296117307
271,0.010555491094769812,0.9808509672621881,0.0015407976569986803,0.003283884893643202,0.003768859092400441
272,0.007676360054794698,0.9747866051713162,0.0019627520246294503,0.008168002090302566,0.007406280658957069
273,0.022251860569984832,0.9458858348709053,0.00196069780640805,0.012894970140840888,0.017006636611860988
274,0.2202227106620702,0.553256835890558,0.00314063693910643,0.041964549119742456,0.18141526738852293
275,0.19050132921426385,0.6477171656926121,0.002659949640726251,0.05862985019707604,0.10049170525532175
276,0.17271620641686622,0.49936671222246665,0.0009487409794460958,0.07925615038581926,0.2477121899954019
277,0.2304907325293398,0.2047933236996386,0.0006588870950702717,0.1272964063481102,0.43676065032784095
278,0.2169026425235128,0.1891996119412797,0.000846726621445839,0.36544252062169175,0.22760849829206978
279,0.111182032409836,0.0797773876833458,0.0008678629279428036,0.37257100581341607,0.43560171116545937
280,0.10882429099639482,0.19713760772838282,0.0005385334882206502,0.3768670238965577,0.3166325438904441
281,0.09497896528714293,0.19899970406064046,0.0007279374465817769,0.47518729094111223,0.23010610226452252
282,0.10285808259428243,0.17063937588709274,0.00040550790255544037,0.44915960858008563,0.2769374250359837
283,0.0683415459753464,0.17337680740444297,0.00034935183821541594,0.48359371058302586,0.2743385841989694
284,0.0522060292752265,0.13326624560989855,0.00040938068594747145,0.39911431418554444,0.4150040302433831
285,0.09983966686829425,0.23998560713010378,0.0005573150284592528,0.380147923718338,0.2794694872548048
286,0.0962711574925177,0.05666569464344937,0.0010257574929058199,0.18787031910100202,0.6581670712701251
287,0.07236614107653737,0.07163904856680176,0.00043415450083742445,0.12737861603658263,0.7281820398192407
288,0.16362471353938807,0.11450740472295315,0.000640636484272433,0.28117220863950754,0.44005503661387885
289,0.2619398020089995,0.1366203792802589,0.00047520874806339115,0.2201151315742556,0.3808494783884224
290,0.028131242095200584,0.12084929597793104,0.008455908836387603,0.004885313743746186,0.8376782393467346
291,0.00641374512168871,0.03335171736977522,0.0015758712563828906,0.002026347354634372,0.9566323188975188
292,0.0013706869839740013,0.005027261454471018,0.0011253391423009277,0.0007603108712722661,0.9917164015479818
293,0.012332727721020377,0.04793556834515792,0.004741194279258537,0.0014342138026065157,0.9335562958519567
294,0.017083310934231034,0.0173310526502146,0.00027019739372113264,0.002277510849560486,0.9630379281722729
295,0.01483634709876596,0.053269833552479856,0.0015893524035932554,0.0027021285172988676,0.927602338427862
296,0.03714957826138254,0.10030224692646175,0.0010225869070702581,0.003753054160421237,0.8577725337446642
297,0.09636070004950112,0.25322137841372105,0.001656075618689313,0.006067449722622718,0.6426943961954659
298,0.03549733350810894,0.11530957309416386,0.0019648498248074076,0.005669308768487126,0.8415589348044328
299,0.035684364821013025,0.1116415580591156,0.0025823815494952383,0.007473162684905153,0.842618532885471
300,0.019693544590756118,0.03511441972443914,0.0004350195567284967,0.005324178846580198,0.939432837281496
301,0.03416041516784107,0.19290875924290055,0.0026132621628352434,0.007440171648128858,0.7628773917782943
302,0.031501909251552655,0.07786568817841748,0.0011675078678007218,0.005457513229487583,0.8840073814727416
303,0.016970092158045857,0.01686110569785691,0.000839930848123082,0.0037753046697422917,0.9615535666262319
304,0.018863245910005308,0.010290127675885639,0.0001816767851167628,0.004205032929108043,0.9664599166998843
305,0.06289922548479279,0.05240021701217255,0.0016390646668675679,0.00262772380699963,0.8804337690291674
306,0.014725595174870772,0.030817091068287058,0.004241219155922102,0.0019704152945979473,0.9482456793063221
307,0.061418778853113344,0.10812114826911996,0.010956503070605134,0.005038726493637213,0.8144648433135243
308,0.04898913314903821,0.07605538890817858,0.01656365254291711,0.003502508171592584,0.8548893172282734
309,0.00647684470768646,0.04115455581097593,0.012227664149998301,0.001167725648011239,0.9389732096833282
310,0.012798235058745177,0.038804971015121696,0.0018335751435838426,0.001211211427600302,0.945352007354949
311,0.018670562310973634,0.06373518541917576,0.013868070242298395,0.0037095181052075768,0.9000166639223446
312,0.013593404655884772,0.025718233666549038,0.012190330383648263,0.0012419936186374941,0.9472560376752805
313,0.01506521654620633,0.051098836416265676,0.008789922347858166,0.001185876936386514,0.9238601477532833
314,0.06533143462553667,0.20069297690481613,0.005457106271017229,0.0037167067978699413,0.72480177540076
315,0.0592927056503453,0.09528740067185333,0.0004760390234626184,0.011218306614852461,0.8337255480394863
316,0.0880176071522293,0.07040282865145088,0.0005854083314931235,0.021167175587189235,0.8198269802776375
317,0.06948787720105144,0.028660404781397104,0.00016474459110731718,0.03717461224238259,0.8645123611840616
318,0.026356326342606096,0.05978758214094196,0.000251165999495682,0.016142576049353555,0.8974623494676027
319,0.12436035381613442,0.02001207222347248,9.95380065468123e-05,0.048579988632645996,0.8069480473212003
320,0.27152665074727395,0.06931823132081985,0.00015654555618196335,0.1334664849717071,0.5255320874040171
321,0.15516190554291875,0.052245817133960926,0.00016135237778466604,0.22758091628053181,0.5648500086648038
322,0.10464488014680437,0.052001462652506956,0.00021468549294541623,0.13195418689929578,0.7111847848084475
323,0.2245711516450452,0.0456225765679538,0.00020553348283072702,0.16147176832511723,0.568128969979053
324,0.24253321706061126,0.061816524712386564,0.00016231639751813982,0.24593435048016865,0.4495535913493155
325,0.10418145603621212,0.059184513182634485,0.00020587046290768382,0.11703995586493317,0.7193882044533125
326,0.22346487587833092,0.04490539413174391,0.00020731510643595552,0.22616968780634397,0.5052527270771453
327,0.20804458697117995,0.04428663232011914,0.00018694062756500728,0.21846841257266075,0.5290134275084752
328,0.3075585183852918,0.07006847442660569,0.00024802544721728206,0.24861004928121927,0.3735149324596659
329,0.25947474406666926,0.07957752904613184,0.00022177274009435013,0.3807572673888482,0.27996868675825637
330,0.314119232727008,0.05488281929893078,0.00017516711408328665,0.30998844712895257,0.3208343337310254
331,0.21529923485831623,0.09481308996651434,0.00032196081688777887,0.30882786965706377,0.3807378447012179
332,0.29856017626812426,0.19090700506897493,0.000706373516924109,0.15495636332010781,0.35487008182586893
333,0.30461076579386104,0.49818422819931035,0.0003278004019325508,0.09307170647270889,0.10380549913218723
334,0.3651053364351831,0.3738173562715548,0.0005113491534426952,0.08440099974889621,0.17616495839092328
335,0.2944132239922197,0.08766289375856355,0.00043250662852699454,0.06660089265028551,0.5508904829704042
336,0.23255796052313718,0.17595361790018121,0.001192742294525914,0.02195626592806175,0.568339413354094
337,0.3790559863465131,0.2028247347837228,0.0024068433990795265,0.03701676004945321,0.37869567542123145
338,0.183703758783277,0.14557231220044992,0.001035480858257701,0.02225143347418949,0.6474370146838259
339,0.2196573725798332,0.562754842839356,0.0005821060855968133,0.02301328009409054,0.1939923984011234
340,0.26539591328639556,0.11927825222432262,0.0010210616011504551,0.030824070271231345,0.5834807026169001
341,0.1832829599766617,0.1250727257889295,0.0011658358610719616,0.028834444125581133,0.6616440342477558
342,0.23792313484843047,0.19791262338885027,0.0022406166145146652,0.03226371546155137,0.5296599096866531
343,0.13746924013210732,0.4203993582101399,0.0023369654750900774,0.01917782667244718,0.4206166095102154
344,0.26580274337748777,0.41283820944154936,0.0019453888621427057,0.01380591744158423,0.3056077408772359
345,0.1351656909633022,0.1648580865039962,0.0017363622646650973,0.008229159833085387,0.690010700434951
346,0.14581464429911195,0.0446678641058444,0.010212078424644697,0.0088847129655226,0.7904207002048764
347,0.2486729135543139,0.12398873417437246,0.016123336091256154,0.02414218050829119,0.5870728356717663
348,0.08046185375279395,0.3444231017514405,0.060355420340919876,0.010078631513552396,0.5046809926412934
349,0.012054649967836683,0.022655217532263364,0.06181185301621919,0.004792488967252428,0.8986857905164284
350,0.03156406262247778,0.027720220700097786,0.015691382768189873,0.01537179858118854,0.9096525353280461
351,0.022525560105971777,0.04271200355312049,0.004099378689545643,0.003838392314870088,0.926824665336492
352,0.04216759924658525,0.0276660767612737,0.0012555175870386326,0.006600205479013819,0.9223106009260885
353,0.04475068439584598,0.06816782083963513,0.0006703950950961892,0.009641011130481733,0.8767700885389409
354,0.00806599109938879,0.010274074470667973,0.00041176541667897634,0.0027975316248079335,0.9784506373884564
355,0.141080393776377,0.06841094707404222,0.001413740903193307,0.03880972604678793,0.7502851921995995
356,0.006657291808571821,0.01023055400122183,0.007053041330301472,0.0015039378658906625,0.9745551749940141
357,0.054522868127630124,0.028147725644680134,0.0012001562284491428,0.024345748948947546,0.891783501050293
358,0.001886432888312275,0.005722818399898754,0.010597258414921625,0.0012889120435891168,0.9805045782532782
359,0.11202026079530568,0.04766147721746728,0.00138812515040767,0.09946950122273364,0.7394606356140857
360,0.11046810849463816,0.03672228958117948,0.0006369244172690351,0.09154893819329153,0.7606237393136218
361,0.08740463479434912,0.020507428425029152,0.00045388675112522525,0.07469006952562049,0.8169439805038761
362,0.09243877137935214,0.020637441122712062,0.0004723159167831947,0.33732270384847496,0.5491287677326776
363,0.09807838635073612,0.0381173113867647,0.00046221668186310064,0.24040806344424795,0.6229340221363882
364,0.10662791359796965,0.02822943168418207,0.000258993444675616,0.44890928513701384,0.41597437613615884
365,0.10801717994955434,0.056187614931441185,0.00041082873754056624,0.41103023351852025,0.4243541428629436
366,0.20760326828879164,0.07685470174999556,0.000923337863679016,0.3002650802425666,0.4143536118549672
367,0.21186486959691084,0.07187607681659107,0.000500441398980152,0.31129143232455175,0.40446717986296615
368,0.2096206755695546,0.14357999904063115,0.00047105041319033886,0.36492044858694084,0.28140782638968304
369,0.23460737162212383,0.12233093274823459,0.0006355614892257443,0.15992182034781996,0.48250431379259584
370,0.10995895870080097,0.15229615448316788,0.0006146821252644388,0.0395619687077248,0.697568235983042
371,0.009449154622558176,0.03700340943852376,0.0006871896838946845,0.007221348278871461,0.945638897976152
