epoch,N1,N2,N3,R,W
0,0.004570396106640914,0.001915436077014457,2.942821298976586e-05,0.00047934666723621286,0.9930053929361187
1,0.0018363526329288535,0.00028881098126099354,7.395900270606512e-06,0.000283149776897465,0.9975842907086421
2,0.00584036837772199,0.000839711707512818,1.2940782913827064e-05,0.0013469697329659199,0.9919600093988854
3,0.017133018030009328,0.002097528665683704,1.2765644324986468e-05,0.007599914238829083,0.9731567734211528
4,0.022738573148968544,0.0025331544222729433,1.2639246696467322e-05,0.010845221503155419,0.9638704116789065
5,0.11913133284400378,0.011642077614422786,2.733851707604655e-05,0.052882312051637834,0.8163169389728595
6,0.06391536619262511,0.01928407270210648,9.791634200608322e-05,0.03528350361386002,0.8814191411494022
7,0.00955127094859544,0.003567827431494112,8.811152848791869e-06,0.035806522182242735,0.9510655682848189
8,0.06060272599525179,0.043988967786082356,0.00017486164305463006,0.261699616542433,0.6335338280331783
9,0.046429193928118714,0.0538611596433073,0.00013156572047566954,0.1659714894078627,0.7336065913002356
10,0.0076339792192134555,0.007298365927489126,1.7541112767718557e-05,0.01473885626855623,0.9703112574719736
11,0.03262386273953286,0.06852514575350065,0.0001166137693147617,0.07227068310864702,0.8264636946290046
12,0.05808703613500743,0.3293333787166342,0.00020344023237072766,0.19028011940920966,0.42209602550677794
13,0.03309170654201394,0.4842307772398773,0.0013799519713836824,0.07128915870079322,0.41000840554593193
14,0.03187302782705654,0.5627389159494872,0.006515152409490689,0.05031770962784133,0.3485551941861243
15,0.04341454519949351,0.5493324431509535,0.00758171022088593,0.07688500013081852,0.3227863012978485
16,0.007349617583136902,0.008573730277811824,0.00012245324583317065,0.026233033500580247,0.9577211653926379
17,0.030294556428164723,0.027207828709384842,8.643872607122731e-05,0.1137251886006657,0.8286859875357135
18,0.002697410127778383,0.0019394443370720925,1.8650577104541563e-05,0.006812937318951082,0.988531557639094
19,0.005562574380056895,0.004745805178506984,1.544898628175767e-05,0.009956240525474284,0.97971993092968
20,0.1079017338470371,0.045338129569433186,0.00010043235037079411,0.0791786186820834,0.7674810855510754
21,0.018926476574813497,0.011990133139167237,4.3184614682706426e-05,0.03077932063652416,0.9382608850348124
22,0.09808541541961474,0.06867627881114578,5.755880420083499e-05,0.1368410060889594,0.6963397408760792
23,0.11071790406741698,0.09082687097767995,5.263635394065824e-05,0.2317503839520314,0.5666522046489311
24,0.2646679202750515,0.2800694825922792,0.0003240969473883318,0.09359867478033274,0.3613398254049482
25,0.13969753182848846,0.7096345909142633,0.0009077315066052871,0.019176038237200366,0.13058410751344257
26,0.11205143377787727,0.8304940075584174,0.004279391180195777,0.015373541848994594,0.037801625634515126
27,0.03595773442001419,0.8305990324923582,0.10043294454142411,0.005192411515641708,0.027817877030561978
28,0.0462819641342174,0.9003309527445946,0.02436802738198023,0.0025618968586499447,0.02645715888055775
29,0.010584873130807372,0.8440189262479028,0.13423973121116983,0.0012284692743283886,0.009928000135791627
30,0.009670934208947497,0.7738059927727058,0.20053447026643656,0.0008810023223640329,0.015107600429546075
31,0.005296028848896346,0.8068257075321716,0.17988907800633056,0.0008431983148415579,0.007145987297759788
32,0.006023236242250585,0.8305958436342317,0.1568096424056488,0.0009002885066627779,0.005670989211205983
33,0.00404164684724781,0.8407106995746988,0.15245697792173393,0.0004491351703836299,0.0023415404859358983
34,0.008242704001276475,0.9210028586806568,0.06399084088668769,0.0007857818453385935,0.005977814586040362
35,0.005077271628122957,0.9424704915467883,0.046652792234250014,0.00046047822488546995,0.005338966365953418
36,0.00663660552073776,0.7501846082417729,0.238528871981684,0.00022478648048985844,0.0044251277753157145
37,0.007298185796115271,0.7931128495698592,0.18526410568598092,0.0013070263229884316,0.013017832625056305
38,0.007930530349615843,0.7772663320378774,0.19944398947095862,0.0014301828745833696,0.013928965266964754
39,0.006123595758732243,0.8450587816314388,0.12596436932071867,0.0016036996928963936,0.021249553596213958
40,0.00598770977852328,0.7620212797933529,0.21044300570155502,0.002639150076977241,0.018908854649591574
41,0.00857351507235026,0.44091605819972973,0.5053518539562357,0.0009308069559407812,0.04422776581574368
42,0.029871305998499593,0.024057060340291796,0.0007136313458649368,0.0013262712164550463,0.9440317310988886
43,0.03281396964164075,0.005042945886051254,0.00011907169267060592,0.0006658082143992567,0.961358204565238
44,0.13569144486938572,0.04385499913515955,0.00025456938491786766,0.0025088619292855624,0.8176901246812514
45,0.03979122970806174,0.011722057375941149,3.535538033397147e-05,0.0023129747264747235,0.9461383828091885
46,0.6281699018152985,0.20070223451192337,9.552676365132762e-05,0.011342782495629871,0.1596895544134967
47,0.019201265351473935,0.011966946145351959,2.8560427946963278e-05,0.002107967803779304,0.9666952602714478
48,0.056312465034005256,0.045188303055084776,0.0003084179757546871,0.0016710787669921474,0.8965197351681631
49,0.002769441972985879,0.003017027427063527,3.468809084557388e-05,0.001051752889265726,0.9931270896198393
50,0.0017743627549286858,0.0011365665549869634,1.4571560213487416e-05,0.000737226482883542,0.9963372726469873
51,0.0022431330673347346,0.0005028945271757606,1.2762292755425388e-05,0.0003524423783499832,0.9968887677343842
52,0.0005502542935860964,0.00021945692448888045,2.0213245671306175e-05,7.798229252413472e-05,0.9991320932437295
53,0.01071800690787799,0.0013185730830788383,4.392494016983956e-05,0.0002970597682009644,0.9876224353006724
54,0.0005172176510607366,6.587052116463999e-05,8.846484395760355e-06,5.1927280490374565e-05,0.9993561380628885
55,0.0022832209449981313,0.0010910225870218412,0.0003980653059404147,2.8849829734757777e-05,0.9961988413323047
56,0.00204013962079733,0.0006765402873754571,4.793989069447968e-07,0.0001363699174730863,0.9971464707754473
57,0.0009670161181669347,0.0004629189074748564,9.639043189129393e-07,7.78282058512656e-05,0.998491272864188
58,0.0024800040296558703,0.0011435525090136881,1.2729144812272643e-05,5.377186237851114e-05,0.9963099424541396
59,0.004005050680929089,0.0019504759701953105,9.406919866526845e-05,0.00019024986668931453,0.993760154283521
60,0.0030215395307085784,0.002351585229803799,1.4536759130535543e-05,0.00029266589830028155,0.9943196725820569
61,0.009021259382464716,0.0052256171925821136,4.214058543894332e-05,0.0007047741633108487,0.9850062086762034
62,0.006787182420977467,0.003512356637896541,3.663517314658106e-05,0.0003341497971084733,0.9893296759708708
63,0.0008276487120686631,0.00034249854880862593,5.821903861325361e-06,0.00022537876522967215,0.9985986520700317
64,0.001323500721002066,0.000434100742320659,8.584379342299502e-06,0.0003070694421044918,0.9979267447152306
65,0.001991522768658544,0.0003200180722567486,1.3073954698263223e-05,0.0002102676369568837,0.9974651175674295
66,0.01812797809721992,0.003052816164387983,7.444705386795849e-05,0.0010031766431373018,0.9777415820413867
67,0.008728552551855945,0.0023827702978919197,3.7462319544688705e-05,0.0007329522982864673,0.9881182625324209
68,0.012797907599974226,0.006957766282812531,0.0011648238564138692,0.0002847486758433578,0.978794753584956
69,0.009734966613301097,0.004751159761657115,3.0459264497163254e-05,0.0018040792885846838,0.9836793350719599
70,0.004182533433218067,0.002241569661173706,2.1781540073839647e-05,0.0016287619210654208,0.9919253534444691
71,0.0037771651405681117,0.002524509612023694,5.8353023692004855e-05,0.0005500125365198846,0.9930899596871963
72,0.006342111403786007,0.009211431177197013,6.365349305480747e-05,0.0009849124951888009,0.9833978914307733
73,0.0028694594253715457,0.0013254112767028673,4.098402908980905e-05,0.0005273226664612118,0.9952368226023746
74,0.003606864320769601,0.0020310600712695383,1.1519421577735238e-05,0.0025074367317536924,0.9918431194546294
75,0.0022662590965805422,0.0012540109229973286,7.71738884159585e-06,0.004511159281795519,0.991960853309785
76,0.00317246263894773,0.0012107953322226044,5.997895926245429e-06,0.002733174958209738,0.9928775691746937
77,0.004936902263305707,0.0019546884827770887,7.357056678149827e-06,0.0023818735137601066,0.990719178683479
78,0.006076522010074314,0.002729725660931651,7.917802834016598e-06,0.003700456976471055,0.9874853775496889
79,0.014167557567913311,0.006274145363686027,8.431254889342518e-05,0.0029471650516552216,0.976526819467852
80,0.01146465568938111,0.009177416462852181,1.2121318336067172e-05,0.0058411196335886595,0.973504686895842
81,0.00600571776605758,0.003239675930128532,9.094577486733466e-06,0.006420917878841443,0.9843245938474858
82,0.005813785686782313,0.002560116293068254,8.430789772837812e-06,0.004315007382061976,0.9873026598483146
83,0.004501330782888009,0.0019143857142536018,6.377840393519423e-06,0.0014265959455429839,0.9921513097169219
84,0.01639334477249797,0.002331636650980246,3.416087472698979e-05,0.00047888709528627534,0.9807619706065085
85,0.03291507050319403,0.006163565119682776,1.9943581170929878e-05,0.005891795447368361,0.955009625348584
86,0.005436207928279779,0.00544890563291933,9.17003102565076e-05,0.0005423375130329994,0.9884808486155113
87,0.010660380184072574,0.006498429220025828,3.915928289289528e-05,0.002272608507932539,0.980529422805076
88,0.009468993020401507,0.005312494392059373,2.4077277302661326e-05,0.00916119516658834,0.976033240143648
89,0.0028328630781864843,0.0036634071330373537,2.1722401447394207e-05,0.003125904589301095,0.9903561027980277
90,0.0036743763039696975,0.001888034424513492,4.498157745601821e-06,0.00496350825690155,0.9894695828568696
91,0.009074558459949462,0.004498876259806255,2.3799336821296745e-05,0.0021728752502607543,0.9842298906931622
92,0.00398442062105756,0.0020611915893355777,6.5155210976054095e-06,0.0017136166791615023,0.9922342555893479
93,0.0036265455584153766,0.0010529084771733375,1.0373448856607302e-05,0.00327559447449509,0.9920345780410595
94,0.008774285786153142,0.003244226533873339,0.00011057359521963504,0.004195067153442146,0.9836758469313118
95,0.004140349704097038,0.003433045600868286,4.35425093045024e-05,0.0012417842726312161,0.9911412779130989
96,0.007048985445224074,0.0606269195576244,1.3575596918666342e-05,0.003470913188897592,0.9288396062113353
97,0.004884802549311448,0.0025358598707359843,1.480040818511248e-05,0.0037289407461590365,0.9888355964256084
98,0.003444269775636853,0.001716212331330167,1.2044201235816122e-05,0.0008288847951069286,0.9939985888966903
99,0.012591916763705406,0.014723484673930004,1.51882123730534e-05,0.0030081604526932437,0.9696612498972982
100,0.008291441138913886,0.0021015499888110624,2.7534672488594007e-05,0.0010118604284156715,0.9885676137713708
101,0.009502000844146532,0.0016630204186512047,2.1645845215857394e-05,0.0018639125374602422,0.9869494203545262
102,0.0011150981529293904,0.001009748612953976,0.0008067163121179577,6.698699876496564e-05,0.9970014499232336
103,0.0018794129565554835,0.001911347699228272,3.0451887623133825e-05,0.00037521411186498084,0.9958035733447281
104,0.005630696026439362,0.0018822408639754872,4.609139572763011e-05,0.0016415074160508734,0.9907994642978066
105,0.011201404631586472,0.014349269467298071,0.00039624330141344483,0.0005711383808437079,0.9734819442188583
106,0.0077757009920004835,0.0037119081332952107,4.016527127225271e-05,0.0027019178850505796,0.9857703077183815
107,0.007640346638570844,0.0029915666037547994,7.784204759203318e-05,0.0021206153139097625,0.9871696293961725
108,0.024724760949327237,0.013914193272370711,0.0004932352285370185,0.001291693076836439,0.9595761174729286
109,0.010568500235509171,0.006576923865723516,0.008725107909471624,0.0002458331258731445,0.9738836348634224
110,0.017685807373394893,0.005945395773435155,0.00011139736284649737,0.0012886331690124236,0.974968766321311
111,0.003639190024913495,0.0012818213523389408,2.744498974531803e-05,0.0007931117607126759,0.9942584318722896
112,0.006454308117537929,0.0012564243792721134,7.095966144164737e-05,0.00027002226866923185,0.991948285573079
113,0.006190645361082652,0.00415440764402198,2.855224336099766e-05,0.0006958368865203683,0.9889305578650139
114,0.005999753568229516,0.0018353685489455823,1.4565711020174497e-05,0.002343510388758864,0.9898068017830458
115,0.0056013148645348175,0.001760647007306329,1.2788086165124622e-05,0.0019095495550661538,0.9907157004869276
116,0.006074638271043159,0.009710258889485934,1.047168382451942e-05,0.0016047515233574288,0.982599879632289
117,0.0053739957887313835,0.0051586089685298694,0.00032381386153049804,0.00013938470958619473,0.9890041966716221
118,0.3220175033227049,0.057454306433154516,0.0005731046003919833,0.01101554440631987,0.6089395412374288
119,0.00691977811221183,0.0043722256413581346,0.0003151169372175151,0.000368312005630399,0.9880245673035822
120,0.0036649082066999915,0.013715209874924614,0.014394577514598807,0.00023342414771778416,0.9679918802560589
121,0.01971142475312306,0.015016123260178002,0.0004792961706799167,0.0030623373076533325,0.9617308185083656
122,0.0074976537197929405,0.006547261004761115,0.00012961838153827167,0.001296895049961992,0.9845285718439457
123,0.10548888971619741,0.06653165713961924,0.0017926046285497044,0.0035856110999689006,0.8226012374156647
124,0.22274086452461833,0.09545146491237252,0.0004221774071939639,0.04962300067900695,0.6317624924768083
125,0.01582666902614791,0.024596875088799344,0.0006417130404829327,0.0015253241576027423,0.957409418686967
126,0.06877931999260482,0.07397957985522643,0.0004111424551707414,0.016169318316789295,0.8406606393802087
127,0.015587143236121224,0.011704223118780133,2.091051698776745e-05,0.0071022309134407165,0.96558549221467
128,0.008160716337720428,0.005581574807487684,3.8996789476702725e-05,0.0015107039227506198,0.9847080081425645
129,0.0016493008190834563,0.002648925951268808,1.0364711251335266e-05,0.0024793315699217127,0.9932120769484747
130,0.005585697599192566,0.0023906486291307653,5.343948978797905e-05,0.0012689197148838531,0.990701294567005
131,0.01981650593574583,0.018174774664431976,0.0006628532649595286,0.0014120990732171795,0.9599337670616455
132,0.005943160245939558,0.0031987536913825145,0.0001282754594953441,0.0014702896414038585,0.9892595209617787
133,0.029123734471654814,0.02710500515406966,0.0010378017667351718,0.006216366256845774,0.9365170923506947
134,0.005772151966646958,0.005560655759380695,4.2280955065007476e-05,0.014536444356498847,0.9740884669624086
135,0.0074381298200176865,0.008452567769279277,4.618867135341206e-05,0.03397646325352589,0.9500866504858239
136,0.008942534990773108,0.006849097127615498,9.106813726513837e-05,0.017033651773665455,0.9670836479706809
137,0.27998336406946334,0.07340540540610864,0.0010808688623574856,0.05501489302160404,0.5905154686404664
138,0.18711784836276876,0.12264384281900415,0.001470596597127569,0.04809572081947285,0.6406719914016266
139,0.07999621443416925,0.06715953064529216,0.007889208679470532,0.005582587797572886,0.8393724584434951
140,0.053025501102306555,0.08863022090829613,0.0008877628930812302,0.02876919706812868,0.8286873180281874
141,0.009294686086439874,0.012552296616507391,0.00034013390397030747,0.0034416651376630507,0.9743712182554194
142,0.11361130273414022,0.1161121257534141,0.005498379577570085,0.02747344077826951,0.7373047511566061
143,0.008046863523226257,0.008547310119756167,0.00010504975676645431,0.007220304399327608,0.9760804722009234
144,0.17042139943681625,0.0703410053191135,0.0004385090371561853,0.15635370927494174,0.6024453769319723
145,0.014627132543152774,0.0149131537386293,0.00011490818619943829,0.25391089539549977,0.7164339101365187
146,0.013382159725995024,0.021853861404426828,0.000723535867206409,0.014336578962236503,0.9497038640401352
147,0.017300326190916177,0.008850970921859573,0.001305493578075205,0.029459758308149002,0.943083451001
148,0.016248105998233137,0.016945539938376254,0.001429406004447017,0.20119359486418104,0.7641833531947626
149,0.018674406875400992,0.011231205341621111,0.0008899049507827937,0.31936634830667715,0.649838134525518
150,0.022939195748683094,0.02215628255198009,0.0007451270015929974,0.1830693583810769,0.771090036316667
151,0.02194799016537864,0.0070554920640556774,0.0002656050845290491,0.23223300756097648,0.7384979051250602
152,0.03344838576235298,0.010481295718824932,0.00010338812161001029,0.3431028146568191,0.6128641157403929
153,0.0029630275280049818,0.00403112117577192,4.432253816694079e-05,0.12041784577625213,0.872543682981804
154,0.006065044858175857,0.0037968514651093533,4.6804351742381045e-05,0.06574845919143797,0.9243428401335344
155,0.007809830190799784,0.0033818964283825652,1.933001443132535e-05,0.025427426268885302,0.963361517097501
156,0.014918652036626212,0.0037831949812395242,3.101877860517044e-05,0.01532226339405059,0.9659448708094784
157,0.010818683925071229,0.0027313928831139357,2.8376723411589252e-05,0.012919245134540179,0.9735023013338631
158,0.02093583603226792,0.005915714038114121,0.0003197726608760882,0.003369383928454022,0.9694592933402879
159,0.016663754627400593,0.005345592638064122,6.830710442618162e-05,0.09873367003577542,0.8791886755943337
160,0.070846978946332,0.015218810040658361,0.0003802000881577605,0.03489556918706586,0.8786584417377861
161,0.07643552255554752,0.12934246034061672,0.009010547447830804,0.02995753792596732,0.7552539317300376
162,0.036419258283450696,0.04300140297455603,0.0043104677238903055,0.015572234284212026,0.900696636733891
163,0.050262622910440743,0.03507945708070017,0.0014446034352125746,0.029757035531303874,0.8834562810423428
164,0.11476828474011405,0.09237940117253401,0.0029749988160393264,0.20435204698229248,0.5855252682890201
165,0.0346781102250437,0.04861786987785221,0.0006083234791380843,0.38147394729297573,0.5346217491249904
166,0.004530705700126734,0.008215286487019656,7.466474984191426e-05,0.19613797057926005,0.7910413724837517
167,0.003550150862554341,0.005489268337479118,0.00012254994632704855,0.020140186034607672,0.9706978448190318
168,0.26456371753649277,0.07785881698288553,0.0005053823091311601,0.2713542776148467,0.3857178055566438
169,0.01580043493228821,0.01816687315613631,0.0001384291233397484,0.027631681769257045,0.9382625810189786
170,0.020269102648453306,0.03442493572205799,0.0014463220376622432,0.01111104009622631,0.9327485994956001
171,0.01044727712057748,0.013164670376183359,0.0001281029091164162,0.01605855349776824,0.9602013960963545
172,0.052984647686844945,0.05154216870797909,0.0007550275222965379,0.012077366534278483,0.8826407895486009
173,0.010237959581280683,0.011281028371499276,5.98999534574269e-05,0.051766676070305,0.9266544360234575
174,0.02715578005952337,0.028874246485728554,0.00012341589797713802,0.034278517865054474,0.9095680396917164
175,0.03895934329639393,0.022362569720027897,9.490297409272715e-05,0.0856111052208974,0.8529720787885882
176,0.005731793173125471,0.005746675887917446,2.777438033551197e-05,0.027581637305602782,0.9609121192530189
177,0.056239540221807736,0.05483245349953412,0.0036249490521731583,0.005991731840928946,0.879311325385556
178,0.03879174469821911,0.023662753692941584,0.00026360337013672835,0.008220426749926542,0.9290614714887762
179,0.0038256647053507434,0.0021174629581392395,2.6216123775912765e-05,0.005686054477633092,0.9883446017351011
180,0.003404507505090945,0.0013611663382960817,7.2025275488587665e-06,0.009621898310939977,0.9856052253181241
181,0.0017935777027644616,0.001330600946406764,7.704272005746272e-06,0.0030721133826543436,0.9937960036961687
182,0.007429724080764981,0.0018654582965554752,1.532524415625521e-05,0.009703508773832949,0.9809859836046902
183,0.013077086560935315,0.0028647916354001585,2.0789572478225175e-05,0.013348821562235283,0.9706885106689511
184,0.024340479808142867,0.006381357956686276,2.910861803420924e-05,0.01736604716477363,0.9518830064523629
185,0.020220355388509068,0.004635171133321678,2.692777404614128e-05,0.015245054978296167,0.959872490725827
186,0.01534754474571381,0.00964878581955749,3.695866722164585e-05,0.007760505947257792,0.9672062048202493
187,0.02431015398959583,0.016097321784922885,3.9509531542999866e-05,0.02302454015765006,0.9365284745362882
188,0.040047925134826134,0.05726416375384404,0.0013778698371867961,0.009950849651848271,0.8913591916222948
189,0.021029981512271183,0.02858337010120536,6.14415462919873e-05,0.036233341229570365,0.914091865610661
190,0.012360808507249988,0.012812801499078862,0.00010100827561343648,0.01150849157740062,0.9632168901406571
191,0.008373533487509298,0.008308049348037295,5.1935618929918666e-05,0.00508241064315808,0.9781840709023654
192,0.03422883540053201,0.011719244710661733,4.184829431416493e-05,0.017602350359531945,0.9364077212349602
193,0.04700234327327928,0.015710287637124516,0.0001466501744588781,0.019527953514325215,0.9176127654008122
194,0.018382133583460615,0.006418693489420769,2.7902519144968196e-05,0.032091063122141696,0.943080207285832
195,0.036134345964538565,0.009753045731832671,3.874217715692836e-05,0.16089199776029203,0.7931818683661799
196,0.05951132927218325,0.009648715844629343,0.00019123763224106595,0.036318641947968834,0.8943300753029775
197,0.036658371398977256,0.010247798613420202,8.134895323419612e-05,0.0864128412308212,0.8665996398035473
198,0.003984044048928893,0.0008581358612782194,4.47346955782117e-05,0.01002150111727747,0.9850915842769372
199,0.01234589875949632,0.0018688403570768473,3.2313874289374845e-05,0.04841994708097526,0.9373329999281622
200,0.004034726634974103,0.001577040731211085,2.2142307000359327e-05,0.005145584477561941,0.9892205058492526
201,0.04013533287176908,0.006115170875835021,2.5549894226762424e-05,0.025938977978184143,0.927784968379985
202,0.03374038095437086,0.005848052648682266,2.8206627222841266e-05,0.06958021331810016,0.8908031464516238
203,0.00961686780410912,0.0046835830291480545,2.6601092373897087e-05,0.0045083610965992674,0.9811645869777698
204,0.020870294725107666,0.010774297835952,4.10303923746994e-05,0.005411036050091611,0.9629033409964739
205,0.001059610812285406,0.000472506721960963,3.5310272356347814e-05,0.00041856833960586694,0.9980140038537915
206,0.017328135389190546,0.008909826077537309,2.5136577832947494e-05,0.011386696736549665,0.9623502052188896
207,0.004800506486829687,0.0022429689821731394,8.177789741631049e-06,0.004829445380687819,0.9881189013605677
208,0.0032943648719177734,0.0023113670063042223,1.14534662062286e-05,0.00423532939610241,0.9901474852594693
209,0.010980684843955252,0.009073459742852764,5.3098154813450876e-05,0.010757920082548679,0.9691348371758297
210,0.0012655796386297654,0.0010786831408156955,1.250560855359721e-05,0.0016283120666817845,0.9960149195453192
211,0.008361370839750056,0.0066430153834642295,6.032695277973795e-05,0.01654725162464202,0.9683880351993639
212,0.0055991435567218865,0.004257747037296995,2.405087198059449e-05,0.01356953024789658,0.976549528286104
213,0.015287431933515406,0.005754140633738561,2.3892887369183305e-05,0.04084008120346877,0.9380944533419081
214,0.017504143481743006,0.007404332157359083,4.326091715064011e-05,0.02817568422410752,0.9468725792196397
215,0.0038677495705223583,0.0026717651249458805,1.614095426941973e-05,0.012016706206609024,0.9814276381436534
216,0.0062638622341048495,0.0024983356254037084,5.876221848643829e-05,0.02559138594787637,0.9655876539741286
217,0.005377076472359219,0.0032524361273838977,1.751710185599941e-05,0.02321635175686305,0.9681366185415378
218,0.03554052991590838,0.02290247411668562,0.005276019439248718,0.024869445899110987,0.9114115306290463
219,0.0032576597944500682,0.0016023940289567285,2.7446527645469177e-06,0.004057918597993659,0.991079282925835
220,0.009318522827777122,0.00553435681194168,0.00048181044519057196,0.0025020757970205722,0.98216323411807
221,0.009198408529773829,0.0038631868896986323,4.081720725378554e-06,0.020766496145808912,0.9661678267139933
222,0.010968808887079629,0.005768579980336377,1.9452749715728016e-05,0.01870646796828854,0.9645366904145797
223,0.008950023428352367,0.006401731039912334,4.467095580964231e-05,0.008734512477220856,0.9758690620987048
224,0.009579152459597215,0.006120422888841354,0.0006485842372647967,0.002590629716703979,0.9810612106975926
225,0.0024712970118884207,0.0022494304590208345,2.779328433993779e-05,0.003261556252844384,0.9919899229919065
226,0.009533566412418095,0.0028534781066371323,4.428591187750197e-05,0.012481982722557886,0.9750866868465095
227,0.00975741381436493,0.004943841942945331,3.5582999334182726e-05,0.012625455112801658,0.9726377061305539
228,0.058338193035280365,0.02200810260541462,6.000152406823474e-05,0.06547912457765159,0.8541145782575852
229,0.008342956781920827,0.009021034380684703,0.00012418868791455744,0.017480216756987306,0.9650316033924926
230,0.00380737091569751,0.004683245160068741,1.2416801204064078e-05,0.021838245184809188,0.9696587219382204
231,0.012377399601247736,0.005446387995378609,3.2687288889438874e-05,0.040124319003796885,0.9420192061106875
232,0.006454494482504662,0.007488444021049963,2.2676926537954495e-05,0.009360826272482478,0.976673558297425
233,0.047811916532836715,0.017687237568436178,0.00017947227789228784,0.010021684869790248,0.9242996887510445
234,0.006066082708742475,0.007513760996254869,1.9483025008630742e-05,0.005315336429130731,0.9810853368408633
235,0.02597774209210868,0.02712217143513693,0.00012283939737955542,0.013736836928293543,0.9330404101470813
236,0.004644419607027098,0.0066348242031699116,2.2872275005537044e-05,0.0070467678819813116,0.9816511160328162
237,0.021197256670244694,0.011083009940115416,0.0001669751566089066,0.003158771390607222,0.9643939868424238
238,0.011972955412272331,0.027529140373512444,0.012993614337994088,0.0017788755211206792,0.9457254143551004
239,0.008643302038079477,0.009230157927108544,0.0001767030585933176,0.0018657350226861794,0.9800841019535323
240,0.006677722859894025,0.0022279892491349935,9.972285492699516e-05,0.0016889902769615594,0.9893055747590825
241,0.0013350054040906548,0.003051301281221764,0.0022538616017783683,0.0002389201208341341,0.9931209115920752
242,0.015514371961327064,0.018390212919805,0.0003143314851995162,0.0028045711941724976,0.9629765124394958
243,0.0059247971623207305,0.005290228784762585,0.0001774777292638792,0.0004989381871558292,0.9881085581364969
244,0.01045034767300629,0.004960594704662118,0.00022817974302435776,0.00047391589452173695,0.9838869619847855
245,0.004943101347923361,0.016447379232517902,0.009251130470085708,0.00015487753150817722,0.9692035114179648
246,0.058340819246293425,0.008660843917135322,0.00044943102148276584,0.0016961379265662431,0.9308527678885223
247,0.024400686214011896,0.007936847044575911,0.0009573498299133157,0.001453498277746824,0.965251618633752
248,0.030814025255614882,0.06859111326818178,0.0060927870786179235,0.0010462720824397855,0.8934558023151455
249,0.0043285793379648115,0.005032631065642302,4.3773941436344954e-05,0.0023275168260625395,0.988267498828894
250,0.006647745328159467,0.06097653222559018,5.266292785881411e-05,0.0039921347854539385,0.9283309247329375
251,0.008405457902506488,0.006672817207459099,3.204166973039531e-05,0.008606992251165471,0.9762826909691386
252,0.026929128963609085,0.0048868903543774446,2.387681700015043e-05,0.012391895510596667,0.9557682083544167
253,0.013267429796564539,0.03396445368540523,2.0678072558215334e-05,0.010303310908523704,0.9424441275369483
254,0.01958590266730968,0.00248496998221336,1.2330014452210923e-05,0.015852897888938476,0.9620638994470864
255,0.03931498680945829,0.0937433921085907,0.007624184325470399,0.022408087748499835,0.8369093490079809
256,0.005001901084315034,0.0025876758771826848,1.3642704180209519e-05,0.0048906001833821525,0.9875061801509398
257,0.032156826174680485,0.013588146574309713,0.0003872806317001787,0.01629178425647624,0.9375759623628335
258,0.0007888891917265227,0.0011784124001700304,5.8211401799317676e-05,0.00036498328574455035,0.9976095037205596
259,0.020916273104361824,0.008678540450295551,0.00010269915728563429,0.015866377474883522,0.9544361098131734
260,0.020862478862760457,0.010118115692203257,0.00021164025907086033,0.018782116135939803,0.9500256490500257
261,0.01014585335032544,0.012238819635861967,8.866009170498263e-05,0.005870491785537507,0.97165617513657
262,0.0011374391603200741,0.004416398785667591,0.005869528781169221,0.0005156040853580886,0.9880610291874851
263,0.0027274963720814787,0.010759079580666743,0.00129710064082592,0.0014976806755748133,0.983718642730851
264,0.005622589677116086,0.0022359186231649436,9.031549007272545e-05,0.001972986903854238,0.9900781893057921
265,0.057971301325601236,0.0742721689560586,0.002328972421097902,0.01000626683574205,0.8554212904615002
266,0.01891248398497015,0.0362762214725427,0.00024283134060976708,0.011694388474732562,0.9328740747271448
267,0.05381212800791454,0.06610537171242654,0.0007806597362243557,0.05840150666432065,0.8209003338791139
268,0.0405908225151607,0.04174527327311666,0.0005103002240363107,0.017055371966401358,0.9000982320212849
269,0.014712109209006306,0.008830931901109978,0.00014004116933760019,0.004829651557109616,0.9714872661634364
270,0.010640554926799663,0.013597039657468037,0.00018394104818560575,0.0049966911102079965,0.9705817732573387
271,0.012933822196492256,0.012036746207391018,9.705027513311327e-05,0.00756657297278763,0.967365808348196
272,0.055568192303718615,0.05443618191683494,0.0002295263596755225,0.020720662980309165,0.8690454364394617
273,0.005606128302688293,0.014369819538519412,5.421276062874558e-05,0.002389594750095191,0.9775802446480683
274,0.052128052181250745,0.0679237807990482,0.00012529425554538032,0.012780257229644232,0.8670426155345115
275,0.011312804462684631,0.010591923662673372,7.90764242969198e-05,0.003336905502325447,0.9746792899480197
276,0.03233752057595678,0.05570911725928486,0.004959157712851775,0.001168256739430199,0.9058259477124765
277,0.007027828310568648,0.012755658234738822,6.247800288810434e-05,0.0026503862417067573,0.9775036492100976
278,0.02992120816837592,0.0414741294138422,0.00015259730064092966,0.006054367961025884,0.922397697156115
279,0.021166954194904594,0.02542425639508655,7.268970632370956e-05,0.014914535666353292,0.9384215640373319
280,0.024357936967774933,0.013621782805231852,7.850013809630465e-05,0.02020030000992711,0.9417414800789697
281,0.09159431152461417,0.02670005920532732,0.00013148290629983348,0.01725604606108118,0.8643181003026774
282,0.07571067796129215,0.10707779981080347,0.001091259762301523,0.02121551019122045,0.7949047522743823
283,0.17495405098912176,0.09805325248478299,0.0004948847926741239,0.13693540991767741,0.5895624018157437
284,0.1542028347828643,0.12794731087301633,0.00026555411626804357,0.18535000929947928,0.532234290928372
285,0.06687522489259938,0.048536043340711474,0.00010594751834459627,0.29713496494158753,0.5873478193067571
286,0.08795916449627937,0.03687632259058193,0.00010017353154604956,0.14754698656526635,0.7275173528163263
287,0.054509977661102854,0.0471780386883993,0.004968826185833316,0.0098533140870383,0.8834898433776261
288,0.0059782690615254475,0.002883084268718863,6.353960360476299e-05,0.010867005461235615,0.9802081016049152
289,0.007041276654805749,0.0025664131963939693,4.723965457114674e-05,0.007774540048781263,0.9825705304454478
290,0.008861615623420334,0.0027149975313109213,4.221540230190023e-05,0.006343127581318454,0.9820380438616484
291,0.012667782729790166,0.002788499301800179,8.659048728842478e-05,0.008817942344479112,0.9756391851366422
292,0.05292169242159766,0.022662543009447235,0.00048115362038785893,0.015338882687929578,0.9085957282606376
293,0.0440846935997969,0.009585025818948902,5.035099976753573e-05,0.02501683310998711,0.9212630964714996
294,0.0051271097961718,0.005333281483343636,2.657576245518732e-05,0.009329566220078316,0.9801834667379511
295,0.018081769175705153,0.008919359519565722,3.8668789558257394e-05,0.019618314271460248,0.9533418882437107
296,0.03099601081335126,0.006420503389628347,4.8193347245347464e-05,0.025755942116289298,0.9367793503334858
297,0.017849978478556273,0.004918509717416184,3.648710920583775e-05,0.017733989351065082,0.9594610353437566
298,0.01243190212550097,0.002634503369120265,1.1399839793389421e-05,0.009447530364767967,0.9754746643008174
299,0.020660677617913487,0.004081379127649736,2.423591212421708e-05,0.012157466226483683,0.9630762411158289
300,0.026879948768507883,0.0075387068638353705,7.167649606202148e-05,0.013377277798316647,0.9521323900732781
301,0.046662733662612255,0.012110814619341805,0.00010787091027429013,0.03116211071338808,0.9099564700943836
302,0.0363421805520934,0.008590748603170035,2.3953140694744815e-05,0.041577513556453345,0.9134656041475885
303,0.03558198300870265,0.02165812002722344,9.760481636554386e-05,0.03319772172896538,0.909464570418743
304,0.1359119841660856,0.019277547339507508,0.0007472611173819192,0.07949713449737819,0.7645660728796468
305,0.01633504323202498,0.004723142651039976,6.161978753808354e-05,0.048815710626326364,0.9300644837030706
306,0.025444813015148955,0.006724293260399129,5.6501177160067e-05,0.03218162769867782,0.935592764848614
307,0.03192429700392644,0.002586351973819146,8.421379043623007e-05,0.01891436095706756,0.9464907762747506
308,0.08800974736313352,0.019193263425075456,0.00030348682181414094,0.02136058950002065,0.8711329128899562
309,0.002163913571885247,0.0013624186081699684,0.0015212607668213646,0.0021874269531441835,0.9927649800999792
310,0.015644418404152493,0.0064140501936376035,0.001616476804059163,0.00301280974761706,0.9733122448505337
311,0.019104997446802698,0.005339702079568974,0.0002593228128795895,0.0101182748052816,0.9651777028554671
312,0.010963315732151289,0.003032330091962384,0.00012841875872301512,0.0027423500122852845,0.983133585404878
313,0.05580115846788773,0.017124374942136852,0.0004464555154631681,0.021369149385690317,0.905258861688822
314,0.020727507180294622,0.016847853090684012,0.0005878647581809207,0.017109942652780232,0.9447268323180602
315,0.04024635425203974,0.029681521856235047,0.00044785963048353853,0.059949905766160216,0.8696743584950815
316,0.059558051274410606,0.012098607313641372,0.00017850307738217025,0.07574183609774764,0.8524230022368182
317,0.06658923896296472,0.008535969580953706,2.1048433449170666e-05,0.10911225353541176,0.8157414894872206
318,0.024878832756635102,0.004500895416038231,1.3211250431391842e-05,0.04899333190877792,0.9216137286681174
319,0.006528654292549133,0.004371492428398184,0.00038691161177682607,0.01431314048352594,0.9743998011837498
320,0.0044892812212960894,0.0037629552111527603,1.8673598977867294e-05,0.024283527530278234,0.9674455624382952
321,0.010535725226110227,0.005508639131891781,1.547720329774808e-05,0.05158277345729712,0.9323573849814031
322,0.005198626415942834,0.002475315219209884,1.0935047601879484e-05,0.02668194127375397,0.9656331820434915
323,0.017033988863820744,0.002527154969701271,1.6788498832663536e-05,0.04198707280498751,0.9384349948626577
324,0.012668634927015216,0.002119736062458844,1.92468297249388e-05,0.04031615058060678,0.9448762316001942
325,0.07427055711704839,0.012975346145472834,3.833585360895412e-05,0.08470110657877102,0.8280146543050989
326,0.048862100800086225,0.010687275438892451,4.2604193637064215e-05,0.12392807276641692,0.8164799468009674
327,0.08440386039588363,0.012259528396974516,4.4112462101180224e-05,0.18964959380985882,0.7136429049351818
328,0.1052958179966403,0.05198946231131422,0.00011054861661224409,0.3909056399118717,0.45169853116356146
329,0.031503052983234456,0.009538394803583929,2.2199130588455928e-05,0.2357962561058027,0.7231400969767904
330,0.04745977068143774,0.010506179210809815,2.8020158417338186e-05,0.39003360003086995,0.5519724299184652
331,0.12478034391195396,0.03411544583250485,7.150881182326591e-05,0.7893203256421835,0.05171237580153433
332,0.029955304532480027,0.010075283394539478,8.764772545542503e-05,0.3482170502322272,0.6116647141152979
333,0.08624980046807271,0.022865303662694507,4.1195020839123085e-05,0.7131699825532852,0.17767371829510845
334,0.11845975165193263,0.07833091809416406,0.00014513415745746137,0.7770640331054158,0.026000162991029946
335,0.058170929844699265,0.06727759098353052,0.0001664695629559612,0.4053983113271673,0.468986698281647
336,0.032184248453669156,0.07627921521978798,0.0015428423376078327,0.2933168747068966,0.5966768192820385
337,0.021342035997051832,0.01348910419889695,0.00010409062185532266,0.21488464611039748,0.7501801230717984
338,0.3316876637644555,0.10482708991309896,0.0008458370271143356,0.44108193196997325,0.12155747732535785
339,0.05459892440198195,0.07453946825589251,0.006919189775049995,0.08041922735243831,0.7835231902146371
340,0.027928082694369357,0.04099866621756542,0.0008969507031638306,0.052241975555758303,0.877934324829143
341,0.009269113073431135,0.021104916719362644,0.0001747245128462257,0.0183813292151579,0.951069916479202
342,0.01464872579774914,0.00545161814019079,0.005310659601328582,0.004571141052246194,0.9700178554084854
343,0.03324926686628072,0.018139042321696684,0.0021412611081233863,0.006148969515609804,0.9403214601882893
344,0.05668906345049649,0.016425551712996003,0.0003987668817980658,0.03059625922553029,0.8958903587291792
345,0.301081869969833,0.0289321562734039,0.0007392059671017677,0.05538070955860041,0.613866058231061
346,0.17388673926523177,0.08469388087533192,0.0007434250344873001,0.22592785158179382,0.5147481032431552
347,0.16204577412267007,0.022564453197514555,0.0003040272747540686,0.4424362238455114,0.37264952155955006
348,0.16616176733526822,0.052773638199788475,0.0006327985853796719,0.703439089886269,0.07699270599329472
349,0.08592219241952219,0.041239403883254235,0.009814596384578798,0.21192608968188809,0.6510977176307567
350,0.09130879366965697,0.022625717053588464,0.0007421934611250436,0.08525457557872529,0.8000687202369042
351,0.003929817028526751,0.0014797061268320628,0.0013079879219825773,0.01276266101582658,0.9805198279068319
352,0.07579459471394716,0.01576929799768697,0.00028464593574337903,0.025031825142373093,0.8831196362102495
353,0.233687294652411,0.1341278353380874,0.0013941028660949706,0.1504689399780279,0.48032182716537875
354,0.2505128126909509,0.08962457013818383,0.0006160545526399082,0.16199644969700497,0.49725011292122046
355,0.06651614956091186,0.15150702112028105,0.002105595396635714,0.7113482211224533,0.06852301279971793
356,0.08984579159625983,0.31640387688824584,0.0025021965996424723,0.49116987572291537,0.10007825919293631
357,0.032819594421032855,0.8152599459503231,0.012110907505665795,0.12614468601744908,0.013664866105529154
358,0.1773476063670756,0.45514033141472027,0.008803520970708897,0.18709016507279566,0.17161837617469955
359,0.13155861748886452,0.782214441746756,0.01240643416881154,0.05595638461008349,0.01786412198548418
360,0.011504903937577486,0.8571302251591965,0.12042316600598067,0.0070367790132564315,0.003904925883989213
361,0.04354801506176761,0.8753174995362497,0.04720127279964501,0.019103057696008487,0.014830154906329204
362,0.0032472380388325634,0.9591483286580245,0.028761139175663364,0.006244348036602027,0.0025989460908776058
363,0.0033105844777252197,0.7204332308975194,0.26910613704392733,0.004459527979262526,0.0026905196015655146
364,0.0056323989994995225,0.8327829154153187,0.15343062637869387,0.004022479127680129,0.004131580078807918
365,0.004091245944740738,0.8898525134450023,0.10064551393192422,0.0037191387953846742,0.0016915878829479184
366,0.0008197568410610532,0.4171147890405228,0.5805038614678428,0.0008069683431780936,0.0007546243073951308
367,0.004586532396940537,0.8880264116131402,0.10123490211727819,0.004222172843384617,0.0019299810292565203
368,0.0026883569703152407,0.9147311328544211,0.07960325598019284,0.001793174505527096,0.001184079689543789
369,0.001006117078857846,0.7864239673355896,0.20907003316389805,0.0022401500379989605,0.0012597323836554296
370,0.003769568973894436,0.8496110743981603,0.14030478505401714,0.0031343496786683245,0.0031802218952598953
371,0.013856559518261128,0.7917076104349751,0.18558107823884443,0.0033473795406689633,0.0055073722672504604
