epoch,N1,N2,N3,R,W
0,0.006866645025133712,0.0063269435957853,6.678279330448189e-06,0.0002966557207239824,0.9865030773790265
1,0.0071876007415679274,0.005343633884317606,8.133887589435291e-06,0.0003183234577529732,0.9871423080287721
2,0.020942843512485487,0.017805555547895646,3.8062950761918354e-06,0.00040687633808430006,0.9608409183064583
3,0.0008528509667937042,0.0012947116498164435,1.2011928835621558e-06,4.100152165631829e-05,0.9978102346688499
4,0.012104194091387247,0.01469031467630602,2.9080035577338876e-06,0.0002100177795499072,0.9729925654491991
5,0.0050370545279656695,0.00785699412221298,5.826215581427847e-06,9.024002202841576e-05,0.9870098851122115
6,0.007736366508845391,0.005660333063519663,2.3082111715021423e-05,9.731385705285677e-05,0.986482904458867
7,0.007994250902229357,0.014082431631483455,8.811906090506888e-06,0.00013827898913078122,0.9777762265710659
8,0.005108358938090736,0.0019318561754553057,5.37999513737695e-06,7.920267155222537e-05,0.9928752022197643
9,0.017146348506290866,0.011891894185875806,5.588684365801678e-06,0.00025636751595453677,0.9706998011075129
10,0.011426906896476529,0.005524760220981906,9.97626092318126e-06,0.00013280133012630768,0.9829055552914922
11,0.008493458211726472,0.007007517995197451,7.526615167429076e-06,0.0001674573995370338,0.9843240397783716
12,0.020063926938978474,0.007814814672041011,7.891719231589805e-06,0.0003717561606226584,0.9717416105091263
13,0.0205909649496012,0.005339779574251813,1.4231645507593868e-05,0.0002516499509845445,0.9738033738796549
14,0.02604542966790265,0.009141477537293285,2.9693983471872176e-05,0.0006583468676774399,0.9641250519436547
15,0.021426522114879987,0.007571695331969408,3.599337105138357e-05,0.0003445643515849069,0.9706212248305143
16,0.007183848834803181,0.006327148902857495,1.535222057203713e-05,0.00012313079025879378,0.9863505192515085
17,0.009567871175311705,0.004812071391544392,9.300246131818466e-06,0.00011834407534863898,0.9854924131116634
18,0.014793036393754882,0.007962698034355571,1.6535686111455597e-05,0.00028455645302875377,0.9769431734327494
19,0.00446625287927523,0.0025483089526836,9.543050280957962e-06,7.387610661894522e-05,0.9929020190111413
20,0.0075690564414512196,0.0027470025815362837,9.580067857213809e-06,0.00010619452735529707,0.9895681663818001
21,0.03619635298934966,0.0057722439999505215,4.514140579815204e-05,0.00039318961594592865,0.9575930719889558
22,0.029411399996706177,0.006186092418232457,3.149333152592605e-05,0.0004247829543870886,0.9639462312991485
23,0.04002914777451836,0.012577475798827195,3.000212672660666e-05,0.0005832734635816617,0.9467801008363461
24,0.019908450574586394,0.007998258354278169,1.7945591669471865e-05,0.00022880430119298948,0.9718465411782731
25,0.02848727224046837,0.01150010889132397,3.501090383617281e-05,0.000653773955858162,0.9593238340085132
26,0.007223616104013724,0.0060220904568886085,0.00010685225446729049,8.444762976987558e-05,0.9865629935548604
27,0.008556291807374697,0.003721583143960102,5.4904883634853915e-05,0.00010058663608918686,0.9875666335289411
28,0.028475017485731207,0.008456526906736954,1.2018690422136076e-05,0.0014144137559468908,0.9616420231611629
29,0.05341293119146708,0.015794355535635504,3.211494430348052e-06,0.0015805052658727015,0.9292089965125945
30,0.017552759913876493,0.008844100428273168,7.291105514060887e-06,0.0006700104303872012,0.972925838121949
31,0.023294265856362833,0.03421444856345898,0.00014138547101974605,0.0009330506042113962,0.9414168495049471
32,0.0266028448037167,0.01587389202978848,5.036072190023036e-05,0.0011719276437782845,0.9563009748008163
33,0.0414071334069105,0.025209745287327827,1.7890730291329125e-05,0.0015429945825222566,0.931822235992948
34,0.0433302940861092,0.04243316867391701,5.034315012148907e-05,0.00043304211463684816,0.9137531519752154
35,0.02003537887628015,0.020942974354576052,9.491618490849342e-05,0.00036838965642692855,0.9585583409278083
36,0.04108240911093665,0.028094719153946224,2.9837031342129574e-05,0.0006414495224001058,0.9301515851813749
37,0.01681293414398224,0.011049011486471357,0.00010198870966781553,0.0001528303202796148,0.971883235339599
38,0.03470084119466113,0.018643896895748725,0.0002936243214155553,0.0008248233573558979,0.9455368142308187
39,0.04735034156928648,0.027273001860723865,7.58256047829197e-05,0.001426137719938038,0.9238746932452688
40,0.018942427794342406,0.01054263279683897,2.7149969061018273e-05,0.00040317900308156325,0.970084610436676
41,0.08093524180391674,0.03757834516757138,5.105142087202647e-05,0.002788934907663633,0.8786464266999763
42,0.05355881600218759,0.03822610289912846,4.94166169932754e-05,0.003774721537494614,0.9043909429441961
43,0.04865229059730088,0.0474189516509054,3.600238387363406e-05,0.006636792986201018,0.8972559623817192
44,0.058251529387980894,0.048757990076471316,4.918815757744161e-05,0.009679340485296863,0.8832619518926735
45,0.015334974640243826,0.01420967841796071,5.934167470215438e-05,0.0019953747429180516,0.9684006305241752
46,0.006044550613845319,0.007913558622612123,0.00011771232067104842,0.00024609102823026403,0.9856780874146411
47,0.020084343915355813,0.029222330009148218,2.3835553845652962e-05,0.004395258206651768,0.9462742323149986
48,0.042971741425118296,0.04892939334725141,2.7659488436364112e-05,0.0038202737587792264,0.9042509319804147
49,0.03007487660854954,0.053110834363546335,8.048668902396832e-05,0.0036361840737223518,0.9130976182651577
50,0.028313787742864204,0.04366261385745272,0.00011189151220832207,0.002230115982990165,0.9256815909044845
51,0.029579663472492933,0.035944980832224846,3.079247823207094e-05,0.0014601852632302615,0.9329843779538198
52,0.0705392928005487,0.04944472552200714,2.2620916685175982e-05,0.0024323053232238974,0.877561055437535
53,0.02842964022808343,0.028436968758013617,4.815001496286013e-05,0.0014307579963315582,0.9416544830026085
54,0.013765877195532098,0.014066923546369747,0.00010886142701034729,0.0004315529687786829,0.9716267848623091
55,0.08126751549603768,0.08013719630526302,1.3057933346629075e-05,0.012542372523131829,0.8260398577422209
56,0.09649846926200836,0.13768035290707634,1.4017427802026515e-05,0.01620717440278076,0.7495999860003324
57,0.2094843653501526,0.27934940976428146,5.8388426591525156e-05,0.055339585280643144,0.45576825117833136
58,0.01374085781647777,0.015771381589007635,2.419644369100501e-05,0.0016266900467840093,0.9688368741040395
59,0.07153067453728035,0.038180115345386186,7.5358037258037044e-06,0.00860182058357474,0.881679853730033
60,0.15827033371262164,0.0707222059680137,9.192934835608158e-05,0.020911066149159736,0.7500044648218488
61,0.008370294755328068,0.005259824058916613,1.0894942891917543e-05,0.0005400585023019645,0.9858189277405615
62,0.0022671735986616835,0.0020811314826538387,0.00010890606246062394,3.787651568804808e-05,0.9955049123405358
63,0.0012715806477626229,0.0030921151000253837,0.0017195258316582294,0.00010302369608253956,0.9938137547244712
64,0.00535612315739745,0.004991648275516165,0.004443703254053926,0.00017706929129103472,0.9850314560217414
65,0.027515011419209225,0.008840224758841995,0.014475250948657207,0.0005236257704800901,0.9486458871028116
66,0.0793558007956033,0.011940667649159709,0.03050547115850892,0.003543391082117358,0.8746546693146108
67,0.01182640318013292,0.002617650382648317,0.0026224165736065436,0.0002883897554393125,0.9826451401081729
68,0.08741793377995835,0.032370554425716486,0.0586189750749822,0.014471378691260412,0.8071211580280825
69,0.014148533859929806,0.006776030132903983,0.005778510750785496,0.0017946748648821284,0.9715022503914985
70,0.011756909665189417,0.007910166800687558,0.0022451707309478056,0.0022371610865091064,0.9758505917166662
71,0.0038838891010143073,0.003621731648898427,0.0018638289958803067,0.00030329355696239265,0.9903272566972446
72,0.009073123635960594,0.0035609548315170495,0.0005471021276502584,0.00017103957586405387,0.9866477798290081
73,0.08690614636203424,0.022450241249493273,0.02019674515753303,0.010303200039259762,0.8601436671916797
74,0.0842761225856274,0.03337643491706799,0.02829817489773677,0.009206177299843058,0.8448430902997247
75,0.032823796627503406,0.04444748472955062,0.013450431892417911,0.004124546870287182,0.9051537398802408
76,0.0024515807279191096,0.004201227698053091,0.0008501348307722596,0.00028990100962973046,0.9922071557336258
77,0.0010803352498473175,0.002300078208133097,0.0008227599997793126,5.450722885166494e-05,0.9957423193133885
78,0.019067720559576548,0.0363801095232073,0.010784805867904403,0.0002246036816958466,0.933542760367616
79,0.027349430663001047,0.03433920356310611,0.02249532895820145,0.000686401528099296,0.9151296352875921
80,0.03738847731093383,0.014996507756886575,0.01520288537838601,0.000867110163064435,0.9315450193907291
81,0.02381152409873744,0.03593962175327148,0.0048132447781061285,0.0034841958168240097,0.9319514135530609
82,0.0805603095419082,0.10442276212029383,0.02579124990210988,0.016785168571892595,0.7724405098637955
83,0.13570505505700106,0.14609561952206554,0.05709835159675192,0.03103251486048641,0.6300684589636951
84,0.1282379695411969,0.1843084173349447,0.044721340895464756,0.02854881004526637,0.6141834621831272
85,0.05949909745752924,0.08880527663627959,0.03659079665266783,0.023273896788976303,0.791830932464547
86,0.06127748666427754,0.12781545002242584,0.06580302624413217,0.026511170861010683,0.7185928662081537
87,0.022609212358645846,0.05557579632317115,0.07005230489536328,0.0027410086189812105,0.8490216778038385
88,0.030246172897392343,0.029392554053983378,0.028567222309104665,0.0017334791248352743,0.9100605716146842
89,0.09311325298375461,0.11659221443796693,0.04197244230991327,0.004691892941405369,0.7436301973269598
90,0.11544390149313699,0.2548549639634287,0.13206973415499731,0.004501526618728374,0.4931298737697085
91,0.07577476412518522,0.18818243420490108,0.04850495081410972,0.001977101379536258,0.6855607494762677
92,0.09121807802208559,0.3174910935967363,0.0666334112748317,0.00544629962816915,0.5192111174781773
93,0.08470054567706461,0.7232413672595,0.09878172879747628,0.005925473702954933,0.08735088456300416
94,0.049411545226557746,0.8344195474118452,0.0715429069850751,0.010227033913938574,0.03439896646258329
95,0.039115585398670466,0.15441001574684274,0.022744005900414564,0.0026433468283924995,0.7810870461256796
96,0.03403285035024522,0.7546569486507153,0.1353127125848005,0.010765309192467298,0.06523217922177171
97,0.10733110241512686,0.33598468109245605,0.12322411960294029,0.010242260149902585,0.42321783673957414
98,0.02812580851782575,0.7719241110996999,0.1628786839518194,0.004058490202067335,0.03301290622858766
99,0.051737156335186295,0.658671761368047,0.1189670810061162,0.020628029629897418,0.1499959716607531
100,0.04756976136481242,0.7563845121448018,0.14016830756895546,0.023177815293323835,0.032699603628106595
101,0.020025017879093457,0.11365307640364568,0.04888506322452814,0.0030811352758601676,0.8143557072168724
102,0.10842436565808686,0.7642481969528034,0.03770853268614641,0.026546423835656644,0.06307248086730671
103,0.10261262534065925,0.6809253568990506,0.11451641533359216,0.017334812745122233,0.08461078968157572
104,0.1070054520135636,0.6446185803902815,0.08433133365082633,0.006325445217372548,0.15771918872795584
105,0.05744107648436146,0.216234884498585,0.04501326688434623,0.00249809102759841,0.678812681105109
106,0.13386114693666135,0.7175062557086613,0.08365832050081314,0.017292330779720477,0.04768194607414355
107,0.05922840919456829,0.7708904729387239,0.13989242478601746,0.0028079614229220727,0.027180731657768204
108,0.11697295413400291,0.6566288865625979,0.1181208235229178,0.03258370301467924,0.07569363276580221
109,0.04343212530672595,0.7280131286973186,0.16800397643528417,0.031237471126342835,0.02931329843432838
110,0.06978656742390782,0.4257585463295608,0.11760272231928148,0.01422936457406997,0.37262279935318005
111,0.04701275543791857,0.627507712173629,0.28424336251539056,0.01930371956273236,0.021932450310329473
112,0.11931751996234448,0.532023875897252,0.09083430029202628,0.00969099846297833,0.2481333053853989
113,0.06794061005878256,0.7892383686872005,0.11177905983683914,0.005815979583741548,0.0252259818334362
114,0.05069735053003932,0.2023948267505536,0.04274609445188719,0.003215591206486847,0.700946137061033
115,0.1437294838435801,0.6171730320512879,0.11974066406625512,0.025502162939112356,0.09385465709976441
116,0.11548829336453793,0.6542191519312858,0.14278515412847131,0.017092556516756226,0.07041484405894864
117,0.015292814442362293,0.2498554186304434,0.7183546435768566,0.007720730285128121,0.00877639306520957
118,0.07562618190937744,0.43264136558739325,0.30021093893131734,0.00866061830622738,0.18286089526568464
119,0.0281781537375763,0.42367288842118767,0.5128047255408819,0.012350902546674068,0.022993329753680132
120,0.01109336984672483,0.14170068045542514,0.8315306497588137,0.003826890080952217,0.011848409858084075
121,0.020102098275659112,0.35030511235732076,0.610053282322417,0.004944427870396096,0.014595079174207163
122,0.03126161198087676,0.40827090615421474,0.5020883838888602,0.019260785792788872,0.039118312183259354
123,0.035215888542250016,0.44881730827626226,0.3670056698648611,0.021446253115427652,0.12751488020119897
124,0.0039361332571199,0.1001171858319173,0.883699733826166,0.005230349915033969,0.007016597169762947
125,0.04857546778844145,0.25105876394455956,0.06908577789703814,0.005388002860150456,0.6258919875098103
126,0.052634946346053674,0.7945372912903411,0.10563117950682543,0.013169734740378823,0.03402684811640092
127,0.10834331520763471,0.6345822630163878,0.11725854576079814,0.015870613025321192,0.12394526298985815
128,0.04354842710027099,0.8210998141524843,0.11074374822034766,0.006130982135949842,0.018477028390947104
129,0.07570296007130237,0.647495931014233,0.11533971776906281,0.012558444302379275,0.14890294684302258
130,0.03329052241519694,0.6989583091253222,0.2257994113050783,0.017079104807987536,0.0248726523464152
131,0.06728222730419352,0.6572369566160494,0.20577624044579254,0.023626670400755598,0.046077905233208746
132,0.01576940991444086,0.4632951623281726,0.5037100268844132,0.004317054986760151,0.012908345886213167
133,0.05200263567830452,0.3961118108111397,0.11245994923802909,0.019266697938393716,0.4201589063341331
134,0.020911325481431653,0.3640644166159659,0.5772196425878219,0.02027405508252315,0.017530560232257426
135,0.060980054368517445,0.468796942991249,0.3234648261029837,0.05331573565318922,0.09344244088406059
136,0.009209589870210935,0.16316059608030653,0.8162523841902841,0.005339340997704465,0.006038088861494012
137,0.05596083737270743,0.2780800844297685,0.5499883832942398,0.03398876709287787,0.08198192781040649
138,0.016967450511744215,0.15972316739770265,0.7875622289360408,0.021184740723743736,0.014562412430768659
139,0.03684676625278852,0.2930532057008968,0.593791348685872,0.04051161110850017,0.03579706825194236
140,0.018117720817693313,0.2381486483438021,0.7175808056627472,0.014890420985822307,0.01126240418993531
141,0.05939263751150799,0.5053536360336836,0.32891664498819156,0.04928011557121005,0.05705696589540697
142,0.030487093615010633,0.33869068111281325,0.5926228367034011,0.02278977999715496,0.015409608571620112
143,0.03045928641645785,0.06854702282694816,0.005343719418703553,0.00369501853397116,0.8919549528039193
144,0.2251937109242075,0.45863702252193544,0.07026915254899199,0.08331971851557608,0.16258039548928893
145,0.07399459703845022,0.16613129488503228,0.01354541040065952,0.00500450105099364,0.7413241966248645
146,0.23713125784615527,0.5899678937119704,0.11583191393209301,0.011493982607483407,0.045574951902297975
147,0.12714797540883346,0.6584397428939226,0.1580235169783266,0.023640959169120446,0.03274780554979703
148,0.06022179750113591,0.4174329383234842,0.4941323760614493,0.018763585012551924,0.009449303101378747
149,0.1419666588024606,0.23219687868363803,0.0296927412419728,0.020105948730211192,0.5760377725417174
150,0.05179811069950182,0.47523172556130044,0.45615459276271797,0.008282145535680034,0.00853342544079977
151,0.1366439866353144,0.463728421361963,0.25977124986782607,0.05774679127633287,0.08210955085856361
152,0.06110675643451613,0.42531227057455434,0.4829668707955586,0.017422082768520617,0.013192019426850261
153,0.08001824871082279,0.44733879812811994,0.14486259304598684,0.017444231049147208,0.31033612906592334
154,0.020024482297721923,0.5486193465041974,0.4174875426122114,0.005662876082017265,0.00820575250385204
155,0.06088462761526789,0.6515671487042171,0.15654146922016926,0.04393585719845286,0.0870708972618929
156,0.028715619972150386,0.4691886839386795,0.4683036032538839,0.01696368152369029,0.016828411311595817
157,0.0747987837109479,0.42257409983574545,0.2526606465535754,0.03181684932712708,0.21814962057260415
158,0.016386571650607962,0.2466893219831399,0.6969082150898798,0.012933452351837666,0.02708243892453479
159,0.05403946094654245,0.13462000946775365,0.04774784306632635,0.007516344048025474,0.7560763424713521
160,0.11160504321740305,0.6325189820718672,0.1775646082486213,0.02802114134346033,0.05029022511864808
161,0.08211483843973837,0.489200091035001,0.3218913373788053,0.03199670888129169,0.07479702426516364
162,0.053504915125405526,0.4251340071499968,0.5012454414479411,0.007446068398248096,0.012669567878408372
163,0.037105883590106366,0.33766893510734786,0.5706151697261224,0.024456607485735936,0.030153404090687317
164,0.01955712119016565,0.31988478092239986,0.6203916120235241,0.023557922410929733,0.016608563452980552
165,0.05649750743304244,0.5370929079270977,0.23547704567693487,0.05491082441311748,0.1160217145498075
166,0.025565455560992253,0.3858708674022621,0.554645961941585,0.020553010934150604,0.013364704161010014
167,0.04011717528476519,0.0712635469188029,0.010568724363095548,0.011653651453445504,0.8663969019798909
168,0.1114414275654121,0.7046686541850105,0.04548469724293783,0.04507477366581294,0.09333044734082652
169,0.17887355164988947,0.4314227341504665,0.05769786100368998,0.025697346037045578,0.3063085071589084
170,0.1190164669051029,0.746297168091349,0.04091546638932384,0.046647469733665396,0.04712342888055886
171,0.11696763525678941,0.4324783630566944,0.05291323650546468,0.0318926221241632,0.36574814305688824
172,0.08130953180731985,0.78970675926351,0.04248891710835239,0.05045874786844827,0.0360360439523696
173,0.07510655850518512,0.3555248320505962,0.21744312798077445,0.02924018387135057,0.32268529759209374
174,0.29785099684525596,0.24943931450668222,0.01665902210093737,0.022252954812762127,0.41379771173436225
175,0.06285787189077457,0.8168998462721724,0.08066691020901036,0.0192636433094212,0.020311728318621436
176,0.17088002413953074,0.4962189622068594,0.04776865170102125,0.027408027239897763,0.25772433471269085
177,0.0568225478735638,0.7819238237695944,0.13693001363749407,0.010204717274723883,0.014118897444623846
178,0.028803413949960444,0.7773943707515746,0.13750270947852988,0.03645535074578391,0.01984415507415107
179,0.01639134308132143,0.5043909823814907,0.44783109771932234,0.022381642632325973,0.009004934185539559
180,0.08169309148699272,0.5397206470041291,0.21560404887002296,0.04658582010887325,0.11639639252998198
181,0.026076000612427694,0.5013345102718036,0.3859352245476104,0.05176399223667932,0.034890272331478775
182,0.0845113606851009,0.5151959676221906,0.1910540759338507,0.05942777775121515,0.14981081800764282
183,0.03546652323268909,0.5643906534598615,0.2871942090007087,0.03698004344898601,0.0759685708577547
184,0.09279736226084337,0.5371017562018637,0.22037957399389668,0.06273041503646612,0.08699089250693007
185,0.009473447035982428,0.15600073217156635,0.8151020503061962,0.011836244398952296,0.007587526087302578
186,0.008528407388512623,0.10198724022041154,0.8719167521678883,0.010168435510774312,0.007399164712413272
187,0.02876574630448399,0.3840255495077668,0.46391625734738307,0.03555056984515255,0.08774187699521349
188,0.06355593955317286,0.3759605664251213,0.33879750893445504,0.09230311115220907,0.12938287393504158
189,0.023191636091113643,0.3756903210032768,0.5409573651235573,0.04053678974912185,0.019623888032930432
190,0.01830695306224123,0.33528617331692423,0.6009176950182126,0.030757817868834064,0.014731360733787896
191,0.05783839341168507,0.629322715762301,0.15927762847425198,0.05333392470995859,0.10022733764180324
192,0.033972412599797636,0.28702607346720405,0.16359726994254042,0.021312363498958903,0.494091880491499
193,0.04966671498758935,0.7754466402732437,0.08994618552697822,0.02620212255817166,0.05873833665401704
194,0.11034609341227324,0.27216091618674737,0.020095243407656654,0.008711356803991087,0.5886863901893317
195,0.10979263621828245,0.7454284755906931,0.05289547563723728,0.028664596260057157,0.06321881629373004
196,0.035742254676729486,0.05714274045194606,0.0022637091354570918,0.004629135500259288,0.9002221602356081
197,0.15173962868698088,0.1543465931745495,0.01044034099294319,0.005900372244594573,0.6775730649009318
198,0.05530100096854997,0.14495012490243636,0.008750314336089764,0.013194605340936666,0.7778039544519874
199,0.17454636576905355,0.31392669705845677,0.008472151228410295,0.019202797820350097,0.48385198812372915
200,0.09258773114556122,0.8343145894194592,0.017301432355983602,0.015846438337053556,0.03994980874194221
201,0.11889954842023695,0.2454318243151718,0.005130091905746465,0.013952007080271334,0.6165865282785734
202,0.09043817921393103,0.8257948455216717,0.011527316240323236,0.008507960170751453,0.06373169885332261
203,0.09539442529562123,0.7255056232994644,0.008767370463066882,0.016015540179603518,0.15431704076224406
204,0.2923245369292691,0.49251521194787623,0.010230981949234677,0.04261358313898326,0.1623156860346368
205,0.17388850290570027,0.6702664688805213,0.04533131776085371,0.020958354281897722,0.08955535617102686
206,0.21111375853343686,0.715816642883482,0.02379923957924434,0.01859962310493118,0.0306707358989055
207,0.14450397888925756,0.8023494088083954,0.025025609304556374,0.014138356551405516,0.013982646446385203
208,0.14585014211115277,0.24239906217049734,0.011156861917389852,0.05595523897372232,0.5446386948272377
209,0.07689853650067213,0.8703828729412227,0.02798149023405808,0.011916377169190289,0.01282072315485683
210,0.1437128695429504,0.18713016859361734,0.004514586848438863,0.04919061689376094,0.6154517581212325
211,0.08603570537477441,0.8724742694314949,0.01073866831157315,0.020290741270547617,0.010460615611609953
212,0.2477541010015852,0.5108523467927785,0.020181580599173406,0.03977693402658166,0.18143503757988128
213,0.25036013405029667,0.6304933678129729,0.04969595330963014,0.022056390301943292,0.04739415452515687
214,0.15430534999796588,0.6415174818147006,0.07927865072199781,0.05984479720663848,0.06505372025869728
215,0.263218238670392,0.2689795201767928,0.017598442697032105,0.04733343584041017,0.402870362615373
216,0.0485088964496468,0.8753176959870254,0.05851879554973074,0.011758781917527229,0.005895830096069886
217,0.07823608484575524,0.8004451505838269,0.0501314073821778,0.045306793341906446,0.025880563846333637
218,0.06702775210130613,0.7726934674939593,0.13591283710880486,0.016147855707082215,0.008218087588847501
219,0.02897589673027703,0.6440512433859412,0.2935739733113703,0.028199857759958497,0.0051990288124529665
220,0.02839813509892548,0.5257185075149681,0.3779627246239847,0.060899737298678036,0.007020895463443766
221,0.08569303763648473,0.6104165291514791,0.04717487249624909,0.07691026719393497,0.17980529352185212
222,0.12896802057168438,0.659708717552646,0.09116672065207906,0.09370364982730571,0.026452891396284914
223,0.07908711634780322,0.618790384261873,0.15186030334933748,0.06982682140706888,0.08043537463391753
224,0.24710107836596232,0.4760771280714057,0.021921386698729103,0.05682155075144731,0.1980788561124556
225,0.10650350380287969,0.6736272828686012,0.08305976023665347,0.06513635999051144,0.07167309310135425
226,0.1315012397531095,0.16099629365088167,0.004286248260214018,0.021664836881272343,0.6815513814545224
227,0.059556142437731246,0.6962863479331957,0.1743638712248184,0.015311611696298806,0.05448202670795588
228,0.05317438928529736,0.11295153885047032,0.012253630143987101,0.005247922707273862,0.8163725190129714
229,0.12138895121875562,0.8120167974153109,0.04338410620967765,0.009301735813796572,0.013908409342459392
230,0.1677727025209522,0.3377949578329736,0.02061721201180331,0.04182645695480568,0.4319886706794652
231,0.1174770228786789,0.8422597433135874,0.0269221888466852,0.007630966069159221,0.005710078891889214
232,0.14096629824170917,0.6244186248489197,0.06719579287555652,0.12041302671056145,0.04700625732325332
233,0.054879561994037984,0.8031337594139693,0.07214089387205669,0.0568394374328197,0.013006347287116192
234,0.0677794717666383,0.7706302596380953,0.06808570429466428,0.07641963977256187,0.01708492452804027
235,0.13162584848264453,0.40922073920880314,0.039153080507770124,0.07007008035829779,0.34993025144248446
236,0.13113610492047564,0.6729402238963155,0.04909681891351054,0.06538963014438948,0.08143722212530899
237,0.11132864526069974,0.7044860929822977,0.09096018342653664,0.07587742042110254,0.017347657909363465
238,0.06404383368096557,0.8686155648734399,0.037195054781012996,0.013599555983517708,0.016545990681063848
239,0.03354702330317269,0.17656173814020998,0.03277781729571986,0.016534507190652227,0.7405789140702452
240,0.2725859571510826,0.43704030408153904,0.01938091766264839,0.021451724726602055,0.24954109637812802
241,0.0955038561920811,0.7886675342755524,0.07800493495054908,0.00842382187000975,0.029399852711807724
242,0.11615408877945993,0.783280376819982,0.05500441253689558,0.014462380059321185,0.03109874180434151
243,0.050727648319769475,0.8052841183560896,0.0642233010452317,0.010939419138386816,0.06882551314052236
244,0.0815020216795819,0.33961026867560756,0.029281929764810356,0.02629616099119298,0.5233096188888073
245,0.038239963016975326,0.8759569729172879,0.05734510696303717,0.020966051109633704,0.007491905993065904
246,0.027005360895254366,0.9154240200357874,0.028695244822594973,0.005687620862902826,0.02318775338346029
247,0.04076460158230684,0.8004512607877964,0.028668019168788736,0.05412409567264852,0.07599202278845951
248,0.026182731290765014,0.7941925254111932,0.0606978395440932,0.08242965020717323,0.03649725354677512
249,0.08393361287179811,0.39148391368504293,0.041337249332197665,0.0799085320090629,0.4033366921018983
250,0.11262471599427108,0.6032204046634612,0.057887322741830345,0.07786896095247536,0.14839859564796218
251,0.06722331876030792,0.6758658208468674,0.054457048057631484,0.09960746161348796,0.1028463507217053
252,0.08995442601472975,0.1597805332586593,0.026423526511865934,0.030104738341448015,0.6937367758732971
253,0.1146897727160413,0.5324926916685224,0.05563255356290406,0.06348701244202933,0.23369796961050285
254,0.05010942249381428,0.16578500270937793,0.0053153263455020285,0.040816779057849736,0.737973469393456
255,0.0488212037805081,0.21736848994117214,0.009478099979606122,0.006587020880908734,0.717745185417805
256,0.12009268419892799,0.5046385122439273,0.0009045943398571482,0.05643221586185773,0.3179319933554299
257,0.16298603250804422,0.4398565959406501,0.0011382095060851983,0.007749370714131504,0.38826979133108896
258,0.3368414659064251,0.49376826021335357,0.00705114212231418,0.009691215321106538,0.15264791643680045
259,0.15831932519928515,0.6208289578368769,0.009775324108957664,0.020887480324148076,0.19018891253073233
260,0.1944647675398189,0.6511061867738334,0.003630783585831328,0.056209985548819306,0.09458827655169712
261,0.02912290412773193,0.3365375907876931,0.03190290965328607,0.00410172594769352,0.5983348694835954
262,0.05531273780592416,0.16366272700846846,0.002107507996956396,0.0038032822708942223,0.7751137449177569
263,0.06539573841541085,0.6617503075799567,0.017119991829755085,0.004476109365080231,0.25125785280979707
264,0.21823930923540713,0.4232538984993651,0.023850297552402644,0.013346945014996905,0.3213095496978281
265,0.06105566186060578,0.8924604674194355,0.007823735358453793,0.00975540173562176,0.028904733625883024
266,0.10453676946380504,0.8392635867551496,0.006127438961800401,0.024656687697518158,0.02541551712172684
267,0.05619497482009983,0.8976444239651551,0.028630350647612022,0.009053460380130909,0.008476790187002101
268,0.08819422160887783,0.47784118772317874,0.02101208704304345,0.024897743978247542,0.3880547596466524
269,0.03110676019816303,0.8964104513683496,0.06217541232944895,0.005483865044474846,0.004823511059563544
270,0.08884939215496739,0.7550012338538118,0.06347499815545643,0.07593621319236367,0.016738162643400698
271,0.131758142184681,0.630941941860829,0.11335528076284175,0.10416256517851621,0.019782070013132102
272,0.029372224522670975,0.631186032241203,0.22354413977117638,0.10381058629186765,0.012087017173081971
273,0.06738713858488274,0.5998835175491641,0.14962675542607654,0.133624964111068,0.04947762432880854
274,0.0919012920046005,0.6248937638552847,0.12187412317699262,0.07766084678237074,0.08366997418075156
275,0.14801575020054916,0.5600603268524038,0.035971491570306255,0.08628786450306264,0.16966456687367806
276,0.06163894098627703,0.8265723340680131,0.05071821444164417,0.0392689071635185,0.02180160334054717
277,0.025404889564058685,0.8355804745173402,0.12232575845752514,0.010233044827049969,0.006455832634026002
278,0.019358972692701534,0.7410870829249405,0.1912047056239602,0.03124965667015567,0.017099582088241996
279,0.03428903785681523,0.6764035882819128,0.09952886557074526,0.0733805208889172,0.11639798740160964
280,0.02549715701657324,0.740037693603916,0.16629808872736593,0.043443902762379194,0.02472315788976576
281,0.06041119897958928,0.44827832244401045,0.06353115688046729,0.047494904057343273,0.38028441763858967
282,0.13397009932612094,0.4794474719522174,0.014961962129414636,0.03546866934597975,0.33615179724626726
283,0.05740059172674173,0.8320419528149586,0.03799279840215247,0.0164455565612696,0.056119100494877706
284,0.09291559181893305,0.794733606944174,0.018275192449792317,0.03886426099588308,0.05521134779121761
285,0.0832060553370318,0.832733562776932,0.03710733890285262,0.013248734115000639,0.03370430886818294
286,0.10269803149534724,0.7715550225521888,0.049947242785905906,0.042555057139395364,0.03324464602716276
287,0.03474198050399541,0.8878903469597573,0.04343321945143474,0.013106846966439836,0.020827606118372644
288,0.25682089808833586,0.5237963102157579,0.0512503866204421,0.07047585260268394,0.09765655247278032
289,0.024377274017308673,0.9155299179260187,0.05007386170541811,0.006081811331588433,0.003937135019666095
290,0.027521409930131076,0.8809429686224862,0.06677017971457773,0.01923330201574422,0.005532139717060928
291,0.03150421012210792,0.7465569729220032,0.18246931446731038,0.035470565993140864,0.003998936495437558
292,0.07157891315057453,0.5187835218216107,0.03950352469445243,0.17346583652152645,0.19666820381183592
293,0.10195554447618554,0.5659913461060235,0.05831252315019368,0.18101972831140148,0.09272085795619582
294,0.09081164225606504,0.3535368613282704,0.02129978651375156,0.03968411584152811,0.4946675940603851
295,0.23173898161433915,0.6498665069259433,0.017237008174398473,0.02732022852359196,0.0738372747617273
296,0.07584922119727826,0.32025022837960493,0.030002453086031805,0.00920515237917549,0.5646929449579096
297,0.3067183795486051,0.5555159521808337,0.008772909071850523,0.02356451303877587,0.10542824615993486
298,0.1618089491184017,0.5810483882524655,0.02279475482440546,0.0330102322267118,0.2013376755780154
299,0.39077848009204164,0.3787289291781766,0.0028781127153467354,0.024878116904134214,0.20273636111030083
300,0.29503741005143935,0.6533659584796342,0.01981067736419484,0.014368309517145721,0.01741764458758576
301,0.13740845751885983,0.7800084242874038,0.060544166075491276,0.011422188551717971,0.010616763566526941
302,0.05291353538514251,0.7729073309406608,0.14782881199528355,0.02107454572048219,0.005275775958430864
303,0.08545584976025693,0.6824048429757099,0.1370806603990914,0.035124557630396805,0.059934089234544914
304,0.02252100743331004,0.7558325348030238,0.17756120941674397,0.034596211630421404,0.009489036716500884
305,0.03990453064956971,0.7261200287743999,0.12534987072020792,0.08518387406912652,0.023441695786695756
306,0.02994168805042905,0.7302519323700188,0.18665440329949723,0.038513899221271235,0.014638077058783703
307,0.07327324629929105,0.6273753079389389,0.07494692443864617,0.040363457486433815,0.18404106383669022
308,0.03355378382920029,0.6987808584849902,0.2111529980342956,0.04731956932934397,0.009192790322169967
309,0.020015159820338364,0.7257103509325676,0.22282800936267658,0.022514363485959154,0.008932116398458197
310,0.01605259873870201,0.4494078827791508,0.49927874772500885,0.0260854723299628,0.009175298427175576
311,0.020321889869528036,0.49932677965838834,0.4156366072811008,0.056166546047702756,0.008548177143279998
312,0.021435255765285786,0.5437267962231002,0.3858973370439266,0.03811710159815086,0.010823509369536705
313,0.004995299613880674,0.223347778553701,0.7603947382380893,0.009516269904955939,0.0017459136893728643
314,0.00958122187999197,0.20381848584888512,0.7573814701646526,0.02430234713132405,0.004916474975146346
315,0.01090848338219754,0.20263014356844458,0.7570378454751315,0.025099438597793948,0.00432408897643255
316,0.06981173547007616,0.5472576289793395,0.23972280283596104,0.053057666836049275,0.09015016587857413
317,0.02116649346000736,0.548955005549345,0.39283103589874757,0.02444822756633951,0.012599237525560626
318,0.02618514308219796,0.5468039870223009,0.3671568145764947,0.049518228818778806,0.010335826500227716
319,0.029015041657221602,0.6280020388571531,0.29435525371831744,0.04112836595181476,0.007499299815492955
320,0.026270385798596294,0.4718288117699911,0.41194486322578305,0.0772156992418223,0.012740239963807243
321,0.020150909045580992,0.6471560340108561,0.2231903352658224,0.09413597946391193,0.015366742213828556
322,0.06433770518955283,0.5860562427494185,0.21061116743119027,0.10506510599559513,0.03392977863424347
323,0.027667524493815373,0.7728571264121952,0.08574563040115406,0.09914797093127212,0.01458174776156313
324,0.11076037267111342,0.5971279790905076,0.06296188419346749,0.13471266774732366,0.09443709629758777
325,0.05680710027667796,0.7943724402188369,0.059294417199253824,0.07483730523794692,0.014688737067284385
326,0.0637113790155318,0.26979969929984193,0.028837292315608578,0.05468970829704915,0.5829619210719685
327,0.11319841141223484,0.7367367532045935,0.04111110275041023,0.08638176108157072,0.022571971551190593
328,0.11853274961870645,0.7295306208208905,0.024462717021830963,0.045915378537683134,0.0815585340008889
329,0.1362143285845001,0.7962630353696084,0.016602422786069295,0.028370991246205353,0.022549222013616907
330,0.05297338050808438,0.868925262229463,0.03486672133087111,0.02641436820775503,0.016820267723826623
331,0.0852027339137746,0.8498025871448264,0.016055233315375835,0.037798532582895256,0.011140913043127802
332,0.02157833665887031,0.9414228442568842,0.02477392327765732,0.007054125599299616,0.005170770207288568
333,0.02514306717689371,0.9065749403399377,0.04515029772804607,0.013826438584899212,0.009305256170223248
334,0.026846250374819768,0.8963603236872625,0.057071334020325847,0.01464011431599561,0.005081977601596482
335,0.03768617237322899,0.7807483966137365,0.030306688932130052,0.14049866480106962,0.010760077279834794
336,0.05855977891299653,0.5951236512878861,0.06339393015403477,0.07789749752791474,0.20502514211716782
337,0.13180643480783638,0.5047416125150715,0.023170446479657866,0.2768856545557915,0.06339585164164259
338,0.1466261466544381,0.4676130908798594,0.022133994447733354,0.178771324233976,0.18485544378399307
339,0.27470093775296206,0.575874739654408,0.013335415692488112,0.06036940272071741,0.07571950417942445
340,0.120062019393267,0.7782871581269396,0.01140347949609571,0.036284921089611524,0.05396242189408611
341,0.3190285998157744,0.47226947070306824,0.010238786364096263,0.09890860278667964,0.09955454033038161
342,0.11248930897886374,0.7295776820558522,0.012274190371662967,0.04109840399850144,0.10456041459511982
343,0.261101389113308,0.5056262617046904,0.00267739258938795,0.1141647032103341,0.11643025338227954
344,0.1398270515907684,0.5609902623601174,0.009314570584030438,0.03510877502252527,0.25475934044255855
345,0.15381951479681227,0.3322116986795957,0.007346031498309767,0.0628496109527759,0.44377314407250623
346,0.1862064603452078,0.4941833157977455,0.01383991777462497,0.033220437841752395,0.2725498682406694
347,0.19300163372992207,0.43962879083493195,0.0026964827335259132,0.14704979742517624,0.21762329527644378
348,0.16567814697718408,0.6580017493704488,0.004011171540072875,0.051136323832626035,0.12117260827966828
349,0.14193738630453032,0.15639010487131622,0.003786884415457327,0.11016918240073027,0.5877164420079659
350,0.3307207241561721,0.5042117318134518,0.002074874924301783,0.09015219887227559,0.07284047023379873
351,0.15659345790990434,0.12384327504762473,0.0014570372542214835,0.025853990341191267,0.6922522394470583
352,0.5834302847918829,0.23644184304077967,0.0012057117346761753,0.053957191444451734,0.12496496898820958
353,0.21320166741220087,0.6380777816277622,0.009084073348065576,0.02389655871114797,0.11573991890082344
354,0.38504675172021097,0.2884053046171141,0.0028184659613582244,0.019254854445958643,0.3044746232553579
355,0.13254141454983323,0.6979265803339293,0.030678907303298336,0.022812129093382427,0.11604096871955649
356,0.19236397623339882,0.3766974161175364,0.0438425067049419,0.06739931958595767,0.3196967813581652
357,0.08356666152583782,0.6754064922212805,0.12485899931343902,0.009861882419042397,0.10630596452040028
358,0.1182508755544422,0.5647951117971414,0.048323745405237616,0.04599371554497743,0.22263655169820132
359,0.1801734049671204,0.727377344386723,0.010343447189878667,0.040283783102870264,0.041822020353407555
360,0.06770972520530719,0.47608344352344256,0.1990066589048952,0.014279639685047099,0.24292053268130803
361,0.16439914625033483,0.6825766179802841,0.0073145178289040335,0.03403418626854462,0.11167553167193253
362,0.06470386514156762,0.5962589409689614,0.07622081660496824,0.027926984063272237,0.2348893932212305
363,0.04417448178798128,0.816359753057363,0.03912994727170918,0.03514035266163131,0.0651954652213154
364,0.039733486214848256,0.522031352585278,0.2892722801470596,0.08184024074606551,0.0671226403067485
365,0.15966885191147945,0.559272213217386,0.04823217131605952,0.14170007679455193,0.09112668676052314
366,0.11522787769716446,0.2314984029801379,0.007921764167728051,0.14683943155065673,0.4985125236043127
367,0.20109729562045223,0.2698687853676212,0.0005313424124646559,0.463387170365502,0.06511540623395994
368,0.34551977339511436,0.44217948289191283,0.0019169284858529614,0.13855629613940343,0.0718275190877165
369,0.32209702200460005,0.47214417450305063,0.003904469153623497,0.1317938894975385,0.07006044484118744
370,0.15821719624913547,0.7027946975322069,0.003582283172240057,0.07409936449472143,0.06130645855169617
371,0.04615811243892025,0.790530227568938,0.0015489728786162117,0.13379212031090248,0.027970566802623158
372,0.08783335527655169,0.6953368117892115,0.00589277886820052,0.14931423561344967,0.061622818452586596
373,0.09787669284525011,0.20343595396293626,0.0009743870559245059,0.08509937716399056,0.6126135889718987
374,0.10582227162528908,0.5065344278501723,0.0013447571992529165,0.3423935532925496,0.04390499003273595
375,0.15678963706476468,0.49400449389738144,0.0007988470881903968,0.24940520324761195,0.09900181870205148
376,0.07197143913270544,0.022355802507027876,4.156435669626809e-05,0.06080310764399484,0.8448280863595755
377,0.0868813021672682,0.3532421438208661,0.00028753784455519047,0.5209070036317961,0.03868201253551444
378,0.16156126496432177,0.14579162070769966,0.00017181748131739195,0.4442031069004816,0.24827218994617958
379,0.10165890066300093,0.49791290738628635,0.0003096695924904082,0.37661932034530893,0.02349920201291351
380,0.1322000552855469,0.06403516929215328,0.00018231529698909746,0.37586769583578605,0.4277147642895246
381,0.08264091870809928,0.4870700139258452,0.0010415977739773017,0.36029220991488314,0.06895525967719504
