epoch,N1,N2,N3,R,W
0,0.00019027371617811616,1.0668520912988886e-05,1.0373261738561359e-05,0.00012152392122560316,0.9996671605799448
1,0.009464541579163512,3.653659310384514e-05,1.944476887178847e-07,1.9457198254451586e-05,0.9904792701817894
2,0.006744981341605766,0.00011830360321259113,8.598438337379382e-06,7.932440959690196e-05,0.9930487922072474
3,0.00458103552977457,8.544032518782515e-05,6.958919498606296e-07,6.317820194200087e-05,0.9952696500511458
4,0.02228019374934086,0.0008630252193069784,1.3856674933166496e-06,0.000423763446906792,0.9764316319169521
5,0.03936849364274382,0.000745436439568436,4.7110525709859224e-07,0.00022189169716581967,0.9596637071152648
6,0.061213022376783985,0.008021599287523034,6.337007218414663e-06,0.000692051177411193,0.9300669901510634
7,0.22186643961088748,0.059505015584737295,5.251596494113208e-05,0.000583884860438899,0.7179921439789952
8,0.18136633750705025,0.04471537862014907,0.0003920711263752729,0.0010278826410577548,0.7724983301053677
9,0.4980658153815984,0.08917348100548252,0.004615443325772278,0.001809211170354328,0.4063360491167924
10,0.19786476666397537,0.45113930812909314,0.06557251859314438,0.0027146655126747718,0.28270874110111227
11,0.17677590898290177,0.43820087587054823,0.022969120117841198,0.0037251379908685997,0.3583289570378402
12,0.12409992872883402,0.6039933879362696,0.021861928563960263,0.008030929217094996,0.24201382555384113
13,0.10315075798446634,0.7207980029973102,0.023924855198321115,0.005389548554187455,0.14673683526571477
14,0.044672871558705744,0.8028901201356322,0.05084622223899343,0.003026197418144249,0.09856458864852415
15,0.09672279413090758,0.7200870132767447,0.026015336770597367,0.003173507162763945,0.15400134865898643
16,0.1405359831002032,0.6777828830901174,0.018525866936657184,0.007831081871006814,0.15532418500201547
17,0.09555960003589954,0.763317942621471,0.032648491697026084,0.005416384959643787,0.10305758068595942
18,0.07225566017424184,0.7494519795635787,0.06696428907894193,0.008897133026352397,0.10243093815688503
19,0.10591944280160895,0.6417509797770293,0.1124858108879553,0.006578098179491233,0.13326566835391507
20,0.07180924991884831,0.7573831163025492,0.07636664276267696,0.004097946842619463,0.09034304417330628
21,0.16083819068221508,0.3561351131169744,0.024392247430732195,0.0057794684733571775,0.4528549802967213
22,0.11663232060016906,0.37648696416088917,0.06910475829838,0.0043827427542542045,0.4333932141863076
23,0.07681550606937808,0.06134326254620049,0.003693317400717614,0.002235650107383272,0.8559122638763205
24,0.2716554779393502,0.20537554763299806,0.0010093103589249599,0.002398832552225629,0.5195608315165012
25,0.3135798161285368,0.17474082739098187,0.010883582557845526,0.003725842899385565,0.4970699310232502
26,0.2149169210246861,0.2672311767449446,0.018621042147297488,0.001886879421668543,0.497343980661403
27,0.26340276703029225,0.5756345416676222,0.03172240534500929,0.0015517981665744763,0.12768848779050182
28,0.143341763679221,0.7037297520884532,0.06726312911993473,0.0030680343222492454,0.08259732079014172
29,0.08528732242631,0.791184583365974,0.06416550770496933,0.0015315113951597636,0.05783107510758691
30,0.06414132982558546,0.7668471359129129,0.11465194516258746,0.0026343203936938756,0.05172526870522016
31,0.02123144091117281,0.7282287005630926,0.23302557258875453,0.0003535631184041205,0.017160722818575957
32,0.042576164433921204,0.611846803666114,0.3067316751341318,0.0006031851189355812,0.03824217164689747
33,0.03318699359908657,0.7223847022327636,0.23202987857936763,0.0004096251122936432,0.011988800476488478
34,0.021969171755337268,0.591560329678265,0.35394901362061726,0.0003348603218527954,0.03218662462392755
35,0.10734679412767717,0.6908199228843671,0.14889864142130693,0.00040208906484765324,0.05253255250180115
36,0.03558141096942203,0.5656616841593136,0.37253853794204267,0.00023791504080152291,0.025980451888420113
37,0.04996816136535745,0.5307121105565986,0.3930396380208788,0.00017995607150087182,0.026100133985664346
38,0.03420801418041905,0.38657965534713407,0.5633359929475105,0.00022310173217368322,0.01565323579276276
39,0.010197210496275337,0.3855508063016217,0.5899484427349112,0.00028552640161449527,0.014018014065577249
40,0.011743698278754584,0.34686071391097995,0.6308105699439782,0.00026346153014205606,0.010321556336145211
41,0.002351193933341603,0.08618136423247792,0.9047306866441732,6.114944046183358e-05,0.0066756057495454425
42,0.0033250259213590495,0.1352996501247957,0.8476856037944156,0.00011004716489223365,0.0135796729945374
43,0.003550260308980911,0.14940252839778265,0.8413748420954837,3.5761391292570765e-05,0.005636607806460214
44,0.0009428898271626537,0.06901283699224184,0.9252475812903697,1.645158989093329e-05,0.004780240300334858
45,0.0010347742266688486,0.0754122921532667,0.9191857268596769,1.9722745747936896e-05,0.004347484014639468
46,0.0016343921571840563,0.050645305223401604,0.9425989329417832,2.5695842650785355e-05,0.005095673834980397
47,0.001372600042310189,0.05788679521287648,0.9338937731356615,4.579805774151146e-05,0.00680103355141045
48,0.0018007933084672968,0.0930816099059193,0.8954379909352831,5.1408458759209406e-05,0.009628197391571128
49,0.001830098017093765,0.15134954228172237,0.8372772268840563,7.072459123858933e-05,0.009472408225889127
50,0.002287208841011736,0.11591887719299016,0.8722375607210728,4.989645342980455e-05,0.009506456791495619
51,0.0007186579408333339,0.061491787725821444,0.9339186851860135,1.6391673097090803e-05,0.0038544774742343985
52,0.001619288886826744,0.12087925026602105,0.861525433106429,7.553350360240901e-05,0.015900494237120824
53,0.0014411347884779665,0.07346192801002258,0.9117023026163571,2.1465210461063286e-05,0.01337316937468128
54,0.0003997469611002316,0.02753840339129685,0.9685031588513978,8.201608624596384e-06,0.003550489187580755
55,0.0012811836400842002,0.053900549114317194,0.9373714454264112,2.6100020550733754e-05,0.007420721798636846
56,0.000913763399238956,0.05007633279176785,0.9389626773537402,3.28894929479515e-05,0.010014336962305007
57,0.0003506524118284841,0.029606193455721814,0.9658958090480594,1.0908238733723907e-05,0.004136436845656735
58,0.00032737763398658123,0.023942486518796678,0.9740399100458121,9.919409776375342e-06,0.0016803063916283234
59,0.00019391567198280823,0.023208269043906066,0.9744581145656603,8.903240453706506e-06,0.0021307974779970202
60,0.0003456274016349345,0.022612325691304284,0.9730225589458018,1.3347800234427645e-05,0.004006140161024713
61,0.0004167327444284372,0.023054673522572705,0.9743015756772512,7.65874970049263e-06,0.0022193593060470087
62,0.0007054602792380892,0.03836571734272336,0.9568784140884394,2.212494208002384e-05,0.004028283347518844
63,0.0005813108783379559,0.03420092537855512,0.9607974368013662,2.3859507657176086e-05,0.004396467434083578
64,0.0008277276283064108,0.02992118654319276,0.963440541674237,2.2021835181280052e-05,0.005788522319082668
65,0.0008377267326088589,0.041773363523273,0.9529178916041358,4.003095883255389e-05,0.004430987181149675
66,0.0008984418991744959,0.03203076457599593,0.9633973435238375,5.5985224795025666e-05,0.003617464776197131
67,0.001548569119041262,0.03460777578037487,0.9526588275515028,0.00010758310262730992,0.011077244446453662
68,0.03778252480042467,0.05174917248864208,0.0701662818783181,0.0029393128460015088,0.8373627079866136
69,0.20381699318537003,0.26128776143611854,0.315790728104205,0.004545738490450969,0.21455877878385543
70,0.41814744451065905,0.33746102991765176,0.045883299007582166,0.004180042666711796,0.19432818389739528
71,0.365701248511373,0.15214477395848472,0.030606441977026364,0.0008393241053913187,0.45070821144772466
72,0.11416431046800407,0.6490433433275413,0.052474204373395235,0.0031604146701390235,0.18115772716092032
73,0.26398070429206366,0.5203107581286377,0.04994669913676247,0.006715497678295672,0.15904634076424054
74,0.08870567906218878,0.6886754474005743,0.12739362127146048,0.005479973599530535,0.08974527866624596
75,0.21833178315516943,0.3538551686901723,0.02496447252397489,0.01216375716743768,0.39068481846324554
76,0.4019449912410947,0.1488047774048892,0.0013686626443031205,0.03875586726616202,0.40912570144355087
77,0.31950741089910767,0.3654974344686084,0.004036857913995034,0.07054845877043195,0.24040983794785709
78,0.7223318874597436,0.10321143444489111,0.001276651871162597,0.01449801903086191,0.15868200719334077
79,0.616719878198741,0.18713234538633675,0.0185876169127971,0.004133460569599195,0.1734266989325259
80,0.4038413909427266,0.41436978098951877,0.023916912352136135,0.007090456107172194,0.15078145960844613
81,0.27007860953583546,0.5111786656855839,0.04651837783957193,0.012213985916779559,0.16001036102222904
82,0.17183279714270278,0.5452678703579283,0.07252054215657165,0.011951078305139955,0.19842771203765727
83,0.1717938720958874,0.11448425413078801,0.001366544057037345,0.0031374195575156437,0.7092179101587716
84,0.37536450456731946,0.25029943304659036,0.0027189321529766794,0.03491850478677951,0.336698625446334
85,0.16186161289776196,0.4604022140786992,0.02742956929176029,0.011523593090779667,0.33878301064099886
86,0.2144163804131866,0.21048236025868494,0.01424591647782684,0.010746095280922833,0.5501092475693786
87,0.049445981144342725,0.027301805873310155,0.004321767728291391,0.0010719366051476769,0.9178585086489082
88,0.7686081960703793,0.09024006817855065,0.00011973510097757236,0.010003234617673832,0.13102876603241856
89,0.6638543792123524,0.13443008567444314,0.022931422676220496,0.0017312626963947213,0.17705284974058924
90,0.5477361790725308,0.3391047247086652,0.02204363735447787,0.0017273331717045175,0.08938812569262161
91,0.2148789759466981,0.7048335366053977,0.036429654698556815,0.0014645533691379688,0.042393279380209405
92,0.0883169162396543,0.8447770497880864,0.025638072368303205,0.0031778704526944407,0.038090091151261676
93,0.03755010698402963,0.9345889148564405,0.015429863269877888,0.0010452084729063878,0.011385906416745637
94,0.03993636488136146,0.8790287360203638,0.07280949805321732,0.0016213875379161224,0.0066040135071411534
95,0.01770601204968082,0.6958651264387208,0.2774082616299596,0.00037618493626717555,0.008644414945371616
96,0.014556276773784923,0.6693489809727285,0.30968784332889626,0.00024872381483192216,0.006158175109758368
97,0.00516488730326541,0.47314666973222735,0.5163416365719722,0.00012708155645061462,0.005219724836084418
98,0.003554468896063923,0.31523784282705936,0.6773807225870588,0.00010722680737262343,0.0037197388824452165
99,0.00315364328266345,0.3668078076238938,0.6261906428858396,0.00019898626133356423,0.003648919946269659
100,0.0013054110594033779,0.13262501046990993,0.8636375035220499,0.00011702266359085793,0.0023150522850458473
101,0.0013785314638671132,0.11314485661642584,0.8808679388156668,5.147208335712688e-05,0.004557201020683299
102,0.0007219736972098354,0.061531350700187094,0.9358264063245219,4.087643002250178e-05,0.0018793928480586566
103,0.00033981279177637075,0.02849252815345257,0.9704163411227967,1.627386123334111e-05,0.0007350440707407621
104,0.0005929289104089407,0.07286845137054952,0.9243987381108948,2.071841935027759e-05,0.002119163188796355
105,0.00025445333098115364,0.03985656718053648,0.9590405842084725,1.1134873808240438e-05,0.0008372604062015442
106,8.624636392719474e-05,0.02010585866275942,0.9792195533678465,4.776086756874392e-06,0.0005835655187099799
107,0.0003254461283161256,0.027698887847869547,0.971035527250045,8.117564737101523e-06,0.0009320212090322181
108,0.0002815155923727865,0.022389110402278332,0.976370422880234,9.641386564443985e-06,0.0009493097385505392
109,0.00044989988851545546,0.05886438154301147,0.938855645469213,2.2437652121319996e-05,0.0018076354471388385
110,0.00019336133168498037,0.018281276865576557,0.980718288088229,7.008266350185066e-06,0.0008000654481592059
111,0.0003510050948320047,0.025720912909862427,0.9724779212016162,1.4578619581883918e-05,0.0014355821741074389
112,0.00023686447641396686,0.03686223929930212,0.9618834823602852,1.7939295920952536e-05,0.0009994745680776938
113,9.074889256369971e-05,0.01556006367220404,0.9839284581779824,5.462923382259342e-06,0.0004152663338675716
114,9.600064021780523e-05,0.012907044224732375,0.9865954423464832,8.237345168918065e-06,0.0003932754433974563
115,0.0001407572789490536,0.013292782029784478,0.9859782750484133,8.329956147670014e-06,0.0005798556867056042
116,0.00031429438205400205,0.021391376671187082,0.9767665689109288,1.9805167446722884e-05,0.0015079548683832886
117,2.3823916112168e-05,0.00847502375868421,0.9912844276841505,4.0497095403014445e-06,0.00021267493151293793
118,0.0006183670001766541,0.05643175596557805,0.9414425510019884,2.618284652094295e-05,0.0014811431857360321
119,0.0006009103636958012,0.05534092271866524,0.943161421357862,2.0118334470103167e-05,0.0008766272253066604
120,0.0005938793000886868,0.05393789374777704,0.9440011303348153,2.578331152375942e-05,0.001441313305795093
121,0.00032113462499408464,0.04913193189713609,0.9498521630497214,1.079885890596948e-05,0.0006839715692422835
122,0.00020360693488014097,0.029128069089715426,0.9701687180032957,7.040319765319271e-06,0.0004925656523433199
123,0.00010774724123409217,0.015469820139419253,0.9841139244649486,9.005248906554646e-06,0.0002995029054916355
124,0.000369663768958266,0.02485446507637654,0.9736277850752064,1.1622275873458846e-05,0.0011364638035854804
125,0.0002286383068957618,0.028976021773803994,0.9695544222865701,9.048928973029926e-06,0.00123186870375703
126,7.664890545421395e-05,0.012203088548849782,0.987131659864119,3.885876579113082e-06,0.00058471680499789
127,8.229963283961976e-05,0.009948364043515052,0.9893449747171791,5.32825718324848e-06,0.0006190333492827965
128,6.39548407680574e-05,0.008745475029986719,0.9906892959506673,3.7605715588683786e-06,0.0004975136070190297
129,5.852728237183402e-05,0.009108502911844592,0.9900294763775649,3.1005559581978886e-06,0.0008003928722604481
130,6.169820726753693e-05,0.00940553192722647,0.9898569245590668,2.5282721794871426e-06,0.0006733170342598057
131,4.76591832500772e-05,0.012238728229619793,0.9871230279707426,3.968631841660332e-06,0.0005866159845459424
132,0.00016873734993925218,0.02246329941736099,0.9760867143049048,8.055910795501117e-06,0.0012731930169993663
133,3.2882657356995295e-05,0.007719803439837706,0.9916346350940016,3.3771388153059175e-06,0.0006093016699882447
134,0.000264282706677814,0.026546059105617997,0.9707607486849259,1.540204199000139e-05,0.002413507460788288
135,0.00012703791284679347,0.01767939800875579,0.9806358527817685,1.220247003405451e-05,0.0015455088265949567
136,0.00012596167773446085,0.013353468393527527,0.985430953584172,2.0813730168465166e-05,0.0010688026143974199
137,0.00018846190905808598,0.02561946228920887,0.9723198272584298,2.8408068258717902e-05,0.001843840475044579
138,0.0006997831026988346,0.020901270885624414,0.9745791325650212,4.35297137747398e-05,0.003776283732880776
139,0.003647967771544882,0.1408574646876684,0.8351938445159246,0.002714218896886931,0.01758650412797532
140,0.03763099835893236,0.03276139786649918,0.01591657476552535,0.0004583308885165172,0.9132326981205265
141,0.16406321960427084,0.1364379906953402,0.6564683108148199,0.0012986979058856529,0.041731780979683414
142,0.42387335911228247,0.11017708331565523,0.4205427414042022,0.0006653707996220235,0.04474144536823814
143,0.40421093003111175,0.293578904548821,0.19584121619228542,0.0016840684995356034,0.10468488072824615
144,0.17100466725058716,0.5802309071964354,0.20109305196409394,0.014477008513580514,0.03319436507530287
145,0.06026721408003145,0.5360655208026136,0.3766567681264231,0.012072817223097863,0.014937679767834005
146,0.11168043214316795,0.6644643530623477,0.18359723870433128,0.017353927416197616,0.022904048673955436
147,0.047252778545506205,0.6275436382422115,0.2234402458638881,0.09538343873179421,0.0063798986166000065
148,0.051633670416360536,0.6991292052581493,0.11948480287718898,0.1256390061232547,0.004113315325046474
149,0.039674461856052855,0.6351516710408838,0.19424160180461483,0.12662725717353537,0.004305008124913329
150,0.034801006102430906,0.6209610205572448,0.17283936991914522,0.16381258136616567,0.007586022055013347
151,0.03843849090087992,0.5955292524609911,0.1312864457246458,0.2238257831067442,0.010920027806738957
152,0.062304002044102795,0.46351267853603273,0.10220469392268305,0.35775728187018035,0.014221343627001106
153,0.0836734083061749,0.12778769659499123,0.002187729395589592,0.7641119626825525,0.02223920302069184
154,0.10864906064895372,0.16328833245183638,0.007152246222713251,0.6747085907914442,0.04620176988505252
155,0.09541593887752152,0.05567835736106007,0.0025160186117916842,0.7793263411314981,0.06706334401812843
156,0.3256190740942304,0.05682697071621907,0.00018423400609443217,0.5366304094458634,0.08073931173759266
157,0.24479458268360055,0.05655870582857107,0.0004206278280911105,0.6025271117694063,0.09569897189033107
158,0.3434064040414289,0.08518499596406338,0.0003159255555599416,0.4611779699704039,0.10991470446854373
159,0.24285930339201295,0.13044585122429495,0.0010142801003663825,0.4048299327356562,0.22085063254766948
160,0.33284878444922866,0.048826356097976045,0.00034381954781437105,0.39433909545777307,0.22364194444720792
161,0.30103582515231253,0.09352266747484606,0.0002688663355540917,0.3998133680283135,0.20535927300897378
162,0.22525013468565167,0.12803955270630424,0.0007016326249955759,0.42010410286198935,0.22590457712105913
163,0.12590395407127145,0.015355278374212453,0.0002225911376131921,0.1308345237263532,0.7276836526905498
164,0.17250649861225434,0.018100544332960877,0.0001888855487209585,0.4484673041456954,0.36073676736036847
165,0.1266673068824433,0.00872672011584433,0.00032867896989943176,0.27320127584639553,0.5910760181854173
166,0.16593341608347884,0.018032257067779077,0.00032131790600373796,0.5233797564802369,0.29233325246250136
167,0.12955418923721068,0.045960138779898387,0.0001817826154999112,0.24530415959626573,0.5789997297711253
168,0.1280753809488053,0.1400401197166612,0.0016677979189976967,0.2855530361848922,0.44466366523064366
169,0.18712163822582278,0.07827990505588736,0.00010982420373826058,0.37784903511214535,0.3566395974024062
170,0.2686672900509593,0.11039355585063265,0.0008010190971434435,0.2651661866036112,0.35497194839765345
171,0.35468739446676334,0.0581616274686384,0.00018994585581983618,0.35101443338901883,0.23594659881975955
172,0.41594670395804784,0.13403526686590767,0.0003875781878427879,0.2421185440293702,0.20751190695883165
173,0.31142575636874525,0.20995127581558298,0.0008414854189107169,0.13025863558910292,0.34752284680765816
174,0.019966575076997076,0.0016081621796969906,0.00043141203172781183,0.01704824685493958,0.9609456038566386
175,0.5815186065891246,0.014959797529324958,0.0003081106935989172,0.04567154053437791,0.35754194465357364
176,0.4088114374335691,0.03847367011486974,0.00011609885704118349,0.06466752683080144,0.48793126676371856
177,0.35406263878401023,0.16160250731793885,0.003865293319470861,0.055373326974790804,0.4250962336037891
178,0.4997235230704655,0.2841322368446003,0.004794582514828556,0.05417582432421053,0.15717383324589498
179,0.5133921671317829,0.2188131664901224,0.009781472940662676,0.07295728083983712,0.18505591259759488
180,0.12208683593434756,0.5357711007972328,0.0043412749510135275,0.08544252926423054,0.2523582590531755
181,0.18402534492664113,0.34546720437908174,0.017359178034971633,0.0618333903395449,0.3913148823197606
182,0.22870107384173186,0.06930545186491345,7.45565145895106e-05,0.6568195008277722,0.04509941695099296
183,0.26183735753081816,0.11710199701891043,0.00027771335471074777,0.5450464082934521,0.07573652380210867
184,0.2688554375492786,0.18630781756201475,0.0008875309247070784,0.439933313874318,0.10401590008968152
185,0.15821447125124313,0.032192351930275205,0.00025295827498629726,0.23738579884263403,0.5719544197008614
186,0.19995783051569557,0.03569161801647115,0.0001529467774912387,0.2416150041912035,0.5225826004991385
187,0.11271043482028832,0.10980279483535994,0.0006204628305246936,0.39320133357221393,0.38366497394161325
188,0.221375286933257,0.11947935619008214,0.003306152450550476,0.379385101168542,0.27645410325756825
189,0.257912187257476,0.07990179971895486,0.0005841924184806291,0.4890449430039988,0.17255687760108956
190,0.21877158304739622,0.12333524717706738,0.00020446201065660793,0.5682791392195343,0.08940956854534542
191,0.19974483667495926,0.1768399743769481,0.0004414098386301593,0.5479152961843586,0.07505848292510384
192,0.31573593817853524,0.10378558491777862,0.00024637106083288013,0.46365743571076995,0.11657467013208338
193,0.5321383096178345,0.06449972309243943,0.0001271025265169616,0.24911743729236058,0.15411742747084867
194,0.440862086276666,0.18513586646510002,0.0001723149783367299,0.2941313109334381,0.07969842134645908
195,0.6003070651557217,0.08318677065937982,0.0003907683575721601,0.06421951689348941,0.25189587893383686
196,0.013602189956481442,0.0014562213684114606,0.002227423072481948,0.001323986545334781,0.9813901790572904
197,0.20663852842424174,0.014940687809256867,0.0003480605963590725,0.008531374297089564,0.7695413488730527
198,0.33868867459661206,0.0670189255389684,0.006877801850446346,0.01227327822705794,0.5751413197869152
199,0.3797319754743593,0.13746904383407474,0.0012224319378610965,0.07081272508128199,0.4107638236724229
200,0.2934314858263777,0.5555251551509515,0.0804916344046012,0.01439329719412042,0.05615842742394928
201,0.1288175814104764,0.7533089686767638,0.012791796609177576,0.07040974387778069,0.03467190942580166
202,0.06298200754503373,0.8563404998527316,0.021410776405461737,0.024724219189634414,0.03454249700713856
203,0.047301731884922114,0.8902450822138294,0.021073045602032513,0.024506511744026075,0.01687362855518995
204,0.02546919316850265,0.9318131489522772,0.017755120320754183,0.019632210367151133,0.005330327191314934
205,0.3431345316172636,0.46938995651699694,0.007394502993783129,0.08633863002826561,0.09374237884369077
206,0.5036069136791674,0.3774193715429211,0.0038746407601179906,0.05463382189723506,0.06046525212055841
207,0.242462912221922,0.7256769992787874,0.018572309649503967,0.006824276671056215,0.006463502178730334
208,0.16078226556902192,0.8029536851908056,0.02023570509451407,0.007901724140580702,0.008126620005077707
209,0.03343892699537567,0.8255414842923063,0.1134685133931676,0.01635845232270092,0.011192622996449613
210,0.02715462967358276,0.7527461235876155,0.12676124579555087,0.08600663775820352,0.007331363185047391
211,0.01798330186481945,0.8182782679084789,0.13933899213266213,0.018477009835868877,0.005922428258170428
212,0.046185611628833764,0.7009547442664986,0.1617721659374946,0.08288327620330459,0.008204201963868459
213,0.029852163965743056,0.7941425058873488,0.1346223575298878,0.032196366328759565,0.00918660628826061
214,0.2153512341059113,0.6725017613468837,0.036061758960877224,0.040902899599883115,0.03518234598644472
215,0.10305347032653765,0.8360795260011632,0.047289540890889534,0.006353788838773609,0.007223673942636102
216,0.07320407669232676,0.8606144704892272,0.058941912493061605,0.0027660165907848204,0.00447352373459963
217,0.03941941502942212,0.576019490416379,0.37918882856774666,0.0016175100960199589,0.0037547558904323405
218,0.01986620706708797,0.7363056228333643,0.2346896479384966,0.0036536039479516417,0.005484918213099565
219,0.01464135861169641,0.6744964790048159,0.30614166219706407,0.0019026831993216931,0.0028178169871019712
220,0.009457297575395283,0.4292814634448719,0.5583240229572146,0.0009385455747710555,0.0019986704477471156
221,0.003850606105837178,0.4049469854267425,0.5881652128335099,0.0005914099319286598,0.0024457857019816853
222,0.004482007523248527,0.37401328057322264,0.619465313214606,0.00045175199768123626,0.0015876466912415612
223,0.002025457324677858,0.24287196103554054,0.753277172902022,0.00040267675760608147,0.0014227319801535872
224,0.0029530882602100714,0.25541000603023123,0.7393715356408573,0.0007216552206674126,0.0015437148480338322
225,0.0008964291745879433,0.122298508592733,0.8760708820492104,0.00035064544677248225,0.0003835347366960614
226,0.0011008494555168654,0.1327977175260297,0.8654677231024065,0.00016354702946385616,0.0004701628865831743
227,0.0009632317681562989,0.16311051601760473,0.8347787356524274,0.00026086105332004655,0.0008866555084914863
228,0.002338804441155552,0.20356157264813765,0.7925655124747455,0.00026530603689926217,0.0012688043990620637
229,0.0007453296466020092,0.16349456364333306,0.8352607630699352,8.084374232177161e-05,0.00041849989780798883
230,0.001087589332157355,0.1429019324735634,0.8547293558172318,9.145856691827775e-05,0.0011896638101292886
231,0.0003601747350745427,0.07419682043248148,0.9249968718693772,3.691329676776039e-05,0.00040921966629905353
232,0.0006029588144790773,0.1078032255075325,0.8909538393992354,6.400844307114409e-05,0.000575967835681711
233,0.0008444571200847048,0.10270474202435229,0.8949903771227865,8.431103022704915e-05,0.0013761127025493098
234,0.0006793499856654995,0.07935820235818497,0.9193477370338241,5.76378203519743e-05,0.0005570728019734208
235,0.0006262616777118362,0.08043622766707184,0.918252604027304,4.987230082739613e-05,0.0006350343270847259
236,0.0007733557251788861,0.12772079405881678,0.8707974556508209,8.232527784569782e-05,0.0006260692873376752
237,0.0001499949109938527,0.04507092788684375,0.9543551947347286,4.604364291581302e-05,0.0003778388245179482
238,0.0006554806222738518,0.10431702026498114,0.8941221694992754,0.00010738739560406003,0.0007979422178655658
239,0.0007286138638046075,0.09717139440018735,0.9012102960239325,0.00011385131299848685,0.0007758443990770056
240,0.00045129776849810513,0.09942926106066192,0.8993531073888742,0.0001328287402816873,0.0006335050416840321
241,0.020091318642682387,0.3744257668447212,0.6010152029596827,0.0005030448017306066,0.003964666751183086
242,0.0071288568294858076,0.2990395663257913,0.6913741445747229,0.0002987579337845226,0.0021586743362153626
243,0.004676436908834728,0.1978636941371521,0.7959257369620283,0.00022230340443936357,0.0013118285875455104
244,0.004106654539244011,0.25103717467777037,0.7436979204281621,0.00025774452631231905,0.0009005058285113113
245,0.0017304388673727957,0.18497428606622754,0.8127265356230348,0.0001326742987219718,0.0004360651446429428
246,0.0005057392382245276,0.09743341242283776,0.9014872185753668,8.46976583558772e-05,0.0004889321052150179
247,0.0016464542854849732,0.062041459361566124,0.9353367649241053,0.00011973281229531837,0.000855588616548165
248,0.0011142916680555231,0.1068249207036183,0.8911436607512687,0.00019080099305141858,0.0007263258840060293
249,0.0016343069785925382,0.11984529950056005,0.8773929409241696,0.0001499507248587727,0.0009775018718188404
250,0.00026071504732764567,0.04054931414438375,0.9585712369232444,3.154106777290219e-05,0.000587192817271302
251,0.0002726935557189095,0.04398078290030947,0.9551202412637888,3.161876713556109e-05,0.0005946635130473331
252,0.0003294310137065599,0.059355333667553106,0.9397843207332943,4.187118538132286e-05,0.000489043400064723
253,0.0002704603709597789,0.05346680015536303,0.945825157461358,4.7455619699760615e-05,0.0003901263926193465
254,0.00026458440902491274,0.03848818150105273,0.9607361011622161,3.560611092529585e-05,0.00047552681678103684
255,0.00024156785060651444,0.07159836454524617,0.9276785229609619,5.271294445577102e-05,0.00042883169872968806
256,0.00026705692740903075,0.040319342962646665,0.9588752877757803,4.1580249865116694e-05,0.0004967320842990561
257,7.687102706153754e-05,0.02098609406239454,0.9786933967392791,3.4801957914778675e-05,0.0002088362133500161
258,0.0001430423671701908,0.03409526248171753,0.9653237860621298,3.367501016888695e-05,0.0004042340788134676
259,0.0001403273254478875,0.01225384451535834,0.9871391804165484,2.1533679888178233e-05,0.0004451140627571858
260,0.0008171485359717432,0.05564647982760887,0.9421890268334868,0.00012320161886869395,0.0012241431840638705
261,0.0003943067935837644,0.05233028296088436,0.9465808486459434,5.562311950004046e-05,0.0006389384800885576
262,0.0003514549426021922,0.032075593155930615,0.9666006234667418,8.627588161092861e-05,0.0008860525531145003
263,0.00013750484752957329,0.02867150547275894,0.9708612735606311,2.7639705447908196e-05,0.0003020764136323501
264,0.00017573349462304128,0.04217690976514684,0.9572182484522881,2.5892952512874658e-05,0.00040321533542899725
265,0.0007969220270510237,0.06187249765230362,0.9360268569616124,9.248864066291706e-05,0.0012112347183699814
266,8.776676309805524e-05,0.021052725300488847,0.9784836195162361,1.8525454112414718e-05,0.0003573629660644839
267,3.825004630159765e-05,0.015264459238288753,0.9844769408855883,9.933821472927565e-06,0.00021041600834841934
268,4.8804216938551496e-05,0.012002265302555328,0.9877476889736877,1.3556474124838931e-05,0.00018768503269363796
269,8.497203955367929e-05,0.029421993107088405,0.970140849901538,1.550723708089825e-05,0.0003366777147389794
270,0.00013221376785833353,0.023811190591350402,0.9754829235435177,1.6041433741204846e-05,0.0005576306635323252
271,9.631913707191373e-05,0.023140107811938735,0.9763123438425089,1.817062332629555e-05,0.00043305858515423415
272,9.680460407470397e-05,0.018776996305143047,0.980386427688861,3.358366818946087e-05,0.0007061877337318007
273,0.00041594258386048316,0.03550018226766786,0.9632860021741201,7.021204216568472e-05,0.0007276609321858575
274,0.0002701850738015204,0.0341166218819602,0.9648798167820344,0.00013587216766326084,0.0005975040945406868
275,0.00019053856578192532,0.020592047447005393,0.9786537152525775,0.00011602410640097376,0.00044767462823426426
276,0.00028533367786949564,0.038989983255059646,0.9600883367170056,8.601110065383657e-05,0.0005503352494113434
277,0.00036037026775023387,0.03450978976475215,0.9638868144844478,0.00018379897371851496,0.0010592265093313552
278,0.0010781867296571625,0.04175585763515682,0.9549307747238763,0.0002713742580870997,0.00196380665322256
279,0.08664507404592722,0.6112685585044999,0.1358643740972862,0.02372113804817419,0.14250085530411252
280,0.08902697122287315,0.6684563832558312,0.20364119972731062,0.01265485603411449,0.02622058975987047
281,0.02889900958145749,0.4379501478828533,0.51505922612607,0.005718435916101809,0.012373180493517415
282,0.25957885821180826,0.5969018764042507,0.1217665792869154,0.0032267429861276404,0.018525943110898002
283,0.1647429502874848,0.7141022765603305,0.1014179605467318,0.00934081798953885,0.010395994615914096
284,0.10123401849099295,0.6678992215908552,0.20726166649649871,0.011159574156465225,0.01244551926518787
285,0.060076605093084504,0.5825935207492086,0.2722976274818872,0.08006623239012527,0.0049660142856944485
286,0.06212519564898665,0.6399020555686041,0.13944547825129408,0.15172313235838109,0.006804138172734337
287,0.013630522578274904,0.7161502061955805,0.22466906507467296,0.04336117871919254,0.0021890274322791713
288,0.04331883403195958,0.7756859875347569,0.08550159926463044,0.09009490523770088,0.0053986739309522195
289,0.07754209329557177,0.6071286774183865,0.237437824477016,0.07389008645396872,0.004001318355057108
290,0.014653434940415976,0.7127246551929944,0.21677215388795762,0.051424636074996456,0.004425119903635437
291,0.06600166708939528,0.7311453548074744,0.1513481442065963,0.043282482045073324,0.008222351851460611
292,0.04695796460422167,0.732062002686922,0.20201895855977492,0.013256818690744238,0.005704255458337189
293,0.034987324191592444,0.6824834974112222,0.2712414737764497,0.007792761146829922,0.003494943473905888
294,0.025969480358833417,0.8139290055532044,0.14785347748112132,0.00907920213743542,0.003168834469405666
295,0.03312229928018839,0.7684426363421907,0.17058864557953218,0.02366506476799526,0.0041813540300935014
296,0.020555765627500385,0.7802856103616848,0.17136161828695892,0.024187406644087264,0.0036095990797684998
297,0.022659468739017315,0.6996671131411683,0.23713614333114488,0.03612365895841367,0.004413615830256006
298,0.06728612245954405,0.6901008813657027,0.06496879371042112,0.009237949754153934,0.1684062527101781
299,0.3740749744673606,0.5211084861251676,0.02566949653661861,0.017812625278681212,0.061334417592171994
300,0.14301795143763166,0.6868636873150995,0.1511159392755067,0.010955699520650656,0.008046722451111358
301,0.17508008888577492,0.6747379097226052,0.12233099758648149,0.009200453299777827,0.018650550505360564
302,0.13847801584795444,0.6987744495964134,0.08623958565641199,0.06156098750215708,0.014946961397062995
303,0.04269338733265619,0.7053391041749923,0.20148668796727917,0.045737676294505356,0.004743144230566863
304,0.023118191804748008,0.72562910148966,0.20901438834915018,0.0394534959059307,0.002784822450511153
305,0.03181729927486677,0.7397539547831107,0.20309566830211034,0.02095544915045047,0.004377628489461849
306,0.020590805194916555,0.785655552554052,0.16385358567238942,0.024033122758697192,0.005866933819944943
307,0.035001092523949305,0.735669634979788,0.20039227620578473,0.02148001773336168,0.007456978557116227
308,0.03008685636461554,0.717107170190644,0.22006784549328517,0.027236627406892984,0.005501500544562235
309,0.03158962176350728,0.8062489176771286,0.13954355475101088,0.013399076749646795,0.009218829058706314
310,0.07774184713131813,0.7652622148152222,0.13918116722518187,0.006699583582813574,0.011115187245464328
311,0.11994041763434479,0.7624429037882413,0.10312463278649354,0.005680196838263694,0.008811848952656548
312,0.08338757539669353,0.747728431700072,0.1538500293222215,0.00896653700470545,0.006067426576307498
313,0.058262104949136945,0.6911250767729036,0.2429457521659787,0.005845693701850502,0.0018213724101301273
314,0.0159763718284832,0.6717336362595945,0.2950831475611888,0.01350043874430631,0.0037064056064272017
315,0.024880630574848857,0.704732838103374,0.22249775613334308,0.04100419095838845,0.006884584230045588
316,0.039684193952666175,0.5715326319472754,0.22698044011375373,0.14807151190197493,0.013731222084329708
317,0.03594758390034459,0.5527623676257543,0.2978755768054189,0.1030904025448695,0.01032406912361278
318,0.03796297299033397,0.43697251256237984,0.2999607700682876,0.21889747795082234,0.006206266428176353
319,0.028701321504972746,0.6431224243379334,0.1313696168926166,0.17400815356923144,0.0227984836952459
320,0.02599171991392053,0.04536546254825303,0.00022888397691658112,0.9170434036151056,0.011370529945804272
321,0.017923478417776948,0.019466404398982756,5.809360275509713e-05,0.9558458205476745,0.006706203032810719
322,0.08155944659522985,0.04638431389255018,0.0007327161264234302,0.820889607203151,0.050433916182645526
323,0.19558657119279527,0.03223459588813903,0.00028429003336963364,0.7517806272088482,0.020113915676847928
324,0.05586700958783339,0.02166908340632263,0.0009681986369232091,0.9132275543863553,0.008268153982565541
325,0.05612808096020545,0.027126602857338845,0.0022511834866954655,0.9058536920818512,0.008640440613908859
326,0.03924531955464831,0.00914208166089541,0.001984204699067833,0.8788890679929217,0.07073932609246682
327,0.05006952005618756,0.010848046148483422,0.0022889244690972874,0.9051414169594162,0.0316520923668155
328,0.029830429597693282,0.012501019903663669,0.0015467295612756572,0.9188971873408485,0.037224633596518876
329,0.03936382118528477,0.015572951465429245,0.0006302585883737057,0.8298349638309167,0.11459800492999563
330,0.07735725581636844,0.029611605383852897,0.0011266991549395292,0.68365559257087,0.2082488470739691
331,0.20601623121184093,0.03512838050303247,0.0009978470297484477,0.30058712889569666,0.4572704123596816
332,0.06139505330575535,0.0016890012766893915,0.0007137626548474575,0.0512959447524513,0.8849062380102565
333,0.388974165395116,0.007005950369057552,4.173381731998913e-05,0.1687049529333643,0.4352731974851422
334,0.2769071376710683,0.08729630779959655,0.00265726986508181,0.28075232619094564,0.3523869584733077
335,0.2827231287543003,0.09889446792291932,0.0015412799019729794,0.2754492153902014,0.34139190803060593
336,0.09268267858372115,0.11491440686725818,0.0018899879991516153,0.6834531208291801,0.10705980572068899
337,0.032919928526798314,0.0454904317835649,0.000199542257324183,0.8664892036188979,0.05490089381341489
338,0.020750747166339758,0.0149493529767763,8.780833060468944e-05,0.9076053941035165,0.05660669742276283
339,0.01289986692099749,0.012559681742102822,3.777088978122566e-05,0.9591383722047159,0.015364308242402522
340,0.02365888490054753,0.018976284840415483,5.978218317859614e-05,0.9359924541550679,0.021312593920790452
341,0.13628013447914278,0.021998640246320717,0.0008919771711239228,0.4165731673595574,0.4242560807438552
342,0.23507312046494427,0.021287149916763472,7.906586153047251e-05,0.691276632850139,0.052284030906622855
343,0.26861449462987386,0.02992192709386243,7.866528677936015e-05,0.6475666818301747,0.05381823115930952
344,0.21236488378819618,0.03903088534477998,0.022756452438283788,0.4926659849308398,0.23318179349790027
345,0.09259242051422724,0.05060483599452553,0.004339663026735423,0.5867417372344718,0.26572134323004
346,0.16565885845884842,0.038766452383325885,0.009724933170575552,0.5976228043834887,0.1882269516037614
347,0.21527924135494034,0.01989838050008486,0.0028174465784280615,0.6059774786975535,0.1560274528689933
348,0.2016863666662126,0.10373937802640548,0.014322331160053603,0.6136364638948641,0.06661546025246426
349,0.16382353504968203,0.0396611479693828,0.0020921313692672068,0.6244579571845534,0.1699652284271146
350,0.1608549456295322,0.023717457670323353,0.0006844703824495118,0.60579771029403,0.20894541602366504
351,0.274627877730541,0.017954283664471524,0.0003255094046200075,0.6476620079783821,0.05943032122198536
352,0.2957476127979036,0.020777533854498043,0.0003064659415126073,0.5959781831667519,0.08719020423933378
353,0.1333925451222052,0.03418272757891339,0.000548143059975776,0.770781317402305,0.06109526683660058
354,0.07906743764959925,0.08489287029702147,0.001282406988155776,0.8014981883020937,0.03325909676312986
355,0.12442937543810993,0.05222632912601698,0.002222108901379128,0.7514775024378801,0.06964468409661383
356,0.09670879224038564,0.05451783971106305,0.0014547038642579355,0.7656907771962318,0.08162788698806163
357,0.09412367830481724,0.041827971019697395,0.0008257479940360863,0.7853717837410553,0.0778508189403939
358,0.1039976066150832,0.019441723873698944,0.001302623813694673,0.5248536393973423,0.3504044063001808
359,0.19381911922272024,0.01874490041552982,0.0004171395912379054,0.7180494852141415,0.06896935555637049
360,0.11960119619011463,0.012552214565421138,0.0005340256981183981,0.8123364743790209,0.05497608916732481
361,0.07849608468763966,0.023812082806446616,9.334846586919201e-05,0.8689597739858868,0.028638710054157718
362,0.05004562944392792,0.04526335241948069,0.00011488743645940007,0.8806814107804496,0.023894719919682495
363,0.04091802610249142,0.029047224423182808,0.0001852765537436082,0.9093633996192508,0.02048607330133133
364,0.064240159690527,0.052437511045246576,0.002148686376327143,0.8410483163607116,0.04012532652718754
365,0.10476339482599674,0.02923042316367948,0.0009870422067678288,0.7314554214913263,0.13356371831222974
366,0.040583254577278884,0.026017095115684424,0.0006718504376924798,0.8829953233834132,0.04973247648593102
367,0.10365148494884993,0.033627880510571966,0.00020007946912413475,0.8307436505418274,0.03177690452962661
368,0.15843630159832706,0.06175484065853608,0.00014800339218450117,0.7232867860168538,0.0563740683340985
369,0.18974522171560732,0.023415503328512714,0.00042070485472200307,0.5235754796939888,0.2628430904071692
370,0.29304241428541156,0.018754303011361086,0.00014889041353589725,0.46424203385986745,0.22381235842982403
371,0.26561634868646056,0.019016099329258178,0.00025195631960159905,0.5035216434163373,0.21159395224834246
372,0.4698832018671574,0.027645722749074148,0.0006265455521407417,0.3130911787813463,0.1887533510502814
373,0.46312570379582796,0.1064844185373608,0.0029874571793954926,0.3764469407094202,0.05095547977799541
374,0.15076879653601835,0.13489532060161508,0.006461354457128334,0.6752316890700085,0.03264283933522971
375,0.11256270569694614,0.06819330229027373,0.003244236492839215,0.7216846680438396,0.09431508747610141
