epoch,N1,N2,N3,R,W
0,0.005051538723401593,0.0011059582290201913,7.938296752230108e-06,0.0014032781284114163,0.9924312866224144
1,0.003995278085782433,0.0006329796888473885,6.387581420085556e-06,0.0014143657273607009,0.9939509889165895
2,0.008574833540157612,0.0010456361900290667,5.62033495282495e-06,0.001674068835336059,0.9886998410995245
3,0.004072827919517074,0.0004434637322474757,5.925833968792844e-06,0.0010739882063445227,0.9944037943079221
4,0.04517731614799439,0.0014922851924555516,7.627712461764404e-06,0.002766933313073377,0.9505558376340149
5,0.024281290315289986,0.0006350938338506755,5.25396815666493e-06,0.0010285163873262827,0.9740498454953765
6,0.13097608398997365,0.006947162162923938,1.8092497537437636e-05,0.00615095815899277,0.8559077031905721
7,0.3321935322265932,0.01536048947312789,0.00010207395578524902,0.019735339643565344,0.6326085647009283
8,0.10039992657449226,0.0016310861416029701,1.716068916277309e-05,0.0051953788907293285,0.8927564477040126
9,0.2625985085674679,0.010759990896208637,3.6078143204783687e-05,0.018139421654374505,0.7084660007387442
10,0.4391043575160296,0.01766629141212276,7.162105608155422e-05,0.1435557429312253,0.3996019870845408
11,0.33969850527039563,0.1692658879002539,0.00036955686403045493,0.07679773826713848,0.4138683116981814
12,0.39989081787996167,0.2565621449468996,0.001530068297001423,0.0730587819674383,0.26895818690869905
13,0.1759539325362792,0.08259737163680249,0.0004357618666546805,0.07544502959100277,0.6655679043692609
14,0.2080562795577214,0.03474911821023489,8.89558525909003e-05,0.13646389917250487,0.620641747206948
15,0.31769503853282394,0.22072900240515506,0.00043006771038171717,0.1979937005666755,0.2631521907849638
16,0.3224751912697365,0.45966541676854605,0.005922551484647205,0.056468798919952164,0.15546804155711802
17,0.22750408238009173,0.518005475947007,0.006613929843605072,0.08043779945250475,0.16743871237679153
18,0.12352250479990176,0.5071534568060131,0.0016810109044205364,0.24282821598616333,0.1248148115035013
19,0.09137313610817405,0.6494772331975097,0.010333486420842683,0.12980583235472348,0.11901031191875007
20,0.07080533326852102,0.7182154177952356,0.03920278388581936,0.05469930278129391,0.11707716226913022
21,0.2205938489923489,0.13903208527357994,0.0016503522277646022,0.2853721361457036,0.35335157736060285
22,0.35567674785234626,0.2149790711353158,0.002650618639807083,0.18450075783221306,0.24219280454031789
23,0.24239554581446043,0.12654165426525787,0.0029300491434107955,0.0390567073812692,0.5890760433956017
24,0.33074841606272765,0.028219237231806242,0.00023873540260188224,0.032566652359071004,0.6082269589437932
25,0.3044863158419561,0.023009927408249514,9.36115109403615e-05,0.011065691223460706,0.6613444540153932
26,0.03132388720118534,0.005961689323991627,6.19205814131632e-05,0.005883377623180708,0.9567691252702293
27,0.00036643560627253627,0.0005044348184945603,0.002494620475032239,6.0045715759935776e-05,0.9965744633844408
28,0.0013605831344327224,0.00011499124938302334,1.9781003255761453e-05,0.00014384516396456637,0.9983607994489638
29,0.02127708994018701,0.0006626490097208327,0.00016898689841128212,0.0006726796620701396,0.9772185944896107
30,0.008550778942148663,0.00018295190123264566,8.615694051428024e-06,0.00020437291877221367,0.9910532805437949
31,0.09931012783289411,0.008109971027330557,9.936146759177566e-05,0.0005579854604558686,0.8919225542117276
32,0.15581420472438096,0.015842353936420257,0.00019587244175672184,0.00773697700493364,0.8204105918925084
33,0.15281915786313813,0.007431292568013091,0.0001644586537067166,0.007958865518432438,0.8316262253967096
34,0.012443077545532462,0.0012155229098884024,2.2980207967503282e-05,0.005100509168331953,0.9812179101682797
35,0.3006188227685931,0.013699211934462215,7.430688418134926e-05,0.02124881860792341,0.6643588398048399
36,0.39496069168201264,0.016893512723316323,0.000167675179911336,0.01773840834233184,0.5702397120724279
37,0.015233871657297412,0.0006335849375237398,7.558600135385887e-06,0.0012347977444750525,0.9828901870605684
38,0.3723230879224902,0.0056162632551043905,3.6548205467964904e-05,0.012808227238221061,0.6092158733787164
39,0.27007690355451625,0.020629136338577072,8.269311952689526e-05,0.01673599989276373,0.692475267094616
40,0.32535052022157696,0.06780594357340836,0.00037355393609415574,0.023055089586054154,0.5834148926828663
41,0.17950609034744733,0.16953367227157132,0.000403191863429404,0.06435499410108743,0.5862020514164645
42,0.1830366010985172,0.02631011762114462,6.810659927864524e-05,0.06659408514436185,0.7239910895366977
43,0.1382183557814744,0.008900680873141798,6.91907809628115e-05,0.05341593269325742,0.7993958398711636
44,0.21955659556693097,0.04080623648150397,0.00011176258389116445,0.04457942268991763,0.6949459826777563
45,0.1859973169483004,0.14575050157736785,0.00047603757006289886,0.02406074147649323,0.6437154024277756
46,0.15442042523276175,0.227091672186899,0.00117805375772746,0.07118990138617683,0.5461199474364351
47,0.3059773295117947,0.17407183709729537,0.0007889709646302174,0.16468980775136496,0.3544720546749147
48,0.1540070992071027,0.5670609938242823,0.0027473528378242004,0.11527503673481199,0.16090951739597864
49,0.2367116966055475,0.12211362342012742,0.00015713708262667691,0.05479071064333898,0.5862268322483594
50,0.24749644009858054,0.5691987653020427,0.0011005142504684543,0.04111410417470147,0.14109017617420677
51,0.12414323119339199,0.6373082831349561,0.004332084626688348,0.016463101118023973,0.21775329992693943
52,0.24992634864717153,0.3994103791088646,0.0037142832158904445,0.05961229723233776,0.28733669179573557
53,0.08511716972666644,0.24749322776219376,0.0036031775246637542,0.013528383922622983,0.650258041063853
54,0.10371438955930107,0.4991204341488657,0.0030378588078582296,0.015021394927360862,0.37910592255661396
55,0.17104837075895873,0.49162790797458394,0.002074518758328808,0.013055663392265732,0.3221935391158629
56,0.09980693526262721,0.16042803166254216,0.0010560151447050678,0.018195552893560306,0.7205134650365653
57,0.10999838736650235,0.519432728047684,0.0027693680643159175,0.0072814948404499626,0.36051802168104774
58,0.039318711372396675,0.7590143903878646,0.006308854178589207,0.003858081037167936,0.1914999630239817
59,0.07229304536446451,0.4591495762283965,0.016589276168653896,0.0041303522933610415,0.44783774994512415
60,0.08561669251173727,0.833344480958069,0.006754538227188967,0.015122723336728375,0.05916156496627646
61,0.36806727749577683,0.4750781547770061,0.004865638392166189,0.03233629847794907,0.1196526308571017
62,0.0836305374974651,0.8611135429819469,0.009427603736000467,0.0104176215316751,0.03541069425291256
63,0.14955658340855651,0.7459911219810974,0.014078834926837078,0.028948470777897712,0.06142498890561122
64,0.2296428190658149,0.48146719235835267,0.01846446402467792,0.05318358836732726,0.21724193618382717
65,0.06798548501718232,0.7886389006037381,0.04839760478502037,0.011939597215569487,0.0830384123784895
66,0.07234810897020785,0.6207450667801692,0.07005100000155294,0.008529769541561366,0.22832605470650857
67,0.19511648930060882,0.5258354521390868,0.034397593278877134,0.07470428881459348,0.16994617646683374
68,0.2181531508616844,0.5583759968050672,0.013644216485834255,0.09946224039118264,0.11036439545623151
69,0.137366257350699,0.6246973366410418,0.04158395233482266,0.016375644185711243,0.17997680948772538
70,0.11925790475365432,0.6987943177285952,0.008139198538300555,0.08837574264445086,0.08543283633499905
71,0.07382783174700015,0.6405454823058696,0.05943563832516741,0.006346797797685533,0.2198442498242773
72,0.28360921197295935,0.47512467035341516,0.0021652494745633064,0.08231674448208252,0.15678412371697945
73,0.18971113538157167,0.6886640560068856,0.002827576233705963,0.06494068092709099,0.05385655145074583
74,0.05011788538728846,0.8855355658143994,0.011140749865040557,0.010981059787535597,0.04222473914573604
75,0.08928310740039125,0.593848958736916,0.03886826826491216,0.011935249989738553,0.26606441560804206
76,0.0751140828187525,0.7477145037364226,0.021566487572098888,0.020890023811301985,0.13471490206142414
77,0.1318997629945611,0.1946517213780419,0.011044864941771728,0.007097211794603853,0.6553064388910214
78,0.10786270700226241,0.6795410949937399,0.015999437821254934,0.008479971440453545,0.18811678874228918
79,0.07774099502879765,0.8343968892491014,0.03162405298885037,0.0006233264697612597,0.055614736263489464
80,0.14565737758882574,0.6010817515610196,0.0958164069346807,0.0020643788063002674,0.1553800851091738
81,0.07122633192041519,0.7528599398286042,0.1558305314993744,0.0003658350727295807,0.019717361678876583
82,0.060132187228515516,0.6257989776059475,0.24716320963400384,0.0005879313321928099,0.06631769419934047
83,0.17480873733762606,0.5061937664585072,0.059022263343122404,0.002008526306634147,0.25796670655411014
84,0.06730110063543705,0.683385849339726,0.15906872736718544,0.00042662386824987185,0.08981769878940175
85,0.02041024574672774,0.1044711322140255,0.043220009743899855,0.00032643271607342195,0.8315721795792735
86,0.0856677549781424,0.4018624829725587,0.4046848760630192,0.0007913126763164975,0.10699357330996315
87,0.010035008722624117,0.29271631303481177,0.4246821000228454,0.0005262026820550335,0.2720403755376635
88,0.031957873138127146,0.5141298513086554,0.3515329133765536,0.0009691316930378065,0.10141023048362602
89,0.036888921177920746,0.17526153448459444,0.12671566968352843,0.0013552378662775963,0.6597786367876787
90,0.03101771551678273,0.11328709162380575,0.16772877980486492,0.0019391985684140288,0.6860272144861326
91,0.266429326194923,0.5035657147961745,0.14988537347366956,0.0035593523328442196,0.0765602332023887
92,0.0470491401557123,0.6707325297764867,0.15194377431520648,0.001773860931684583,0.12850069482090995
93,0.08286455432638995,0.6958878386950504,0.14771891755798255,0.0014989966383687897,0.07202969278220824
94,0.23109014716301113,0.6632183782787205,0.022879740917541195,0.01019944617437234,0.07261228746635484
95,0.11446576860440691,0.7305200556528038,0.10907646166686855,0.004041447295480487,0.04189626678044021
96,0.15270231644650062,0.6858389609342705,0.11561085861899614,0.002120574620991962,0.043727289379240725
97,0.04770807961082983,0.6697065574089528,0.22220301833094788,0.0013704403800048745,0.05901190426926458
98,0.020393889523992546,0.30463442858963513,0.5342117247502991,0.0006648964253859726,0.1400950607106872
99,0.09134358473016338,0.4775319462947002,0.3431949694861624,0.0031353154283280636,0.08479418406064604
100,0.04718515565429853,0.3901679722855718,0.31373085724905453,0.0017690462970138567,0.24714696851406118
101,0.04549238911310442,0.3026204925632235,0.18086317932918106,0.002002019324979464,0.46902191966951157
102,0.0595004182812426,0.3702788672375674,0.5257477469531066,0.0004457254321618358,0.04402724209592168
103,0.1423225418091743,0.3937976449618336,0.3270407815615108,0.0016653194715100395,0.13517371219597124
104,0.004133251330019724,0.17093672629656045,0.8084996123149318,0.0002789257888203257,0.016151484269667674
105,0.06408087937856524,0.6450406038474159,0.20271134150116119,0.0010353170506159728,0.08713185822224168
106,0.018411396366267426,0.44916070450955714,0.49261924345827884,0.0007681742057654157,0.03904048146013114
107,0.027972112507399397,0.3810719995629464,0.4956240183342051,0.0014328268060464766,0.09389904278940261
108,0.03046063661343384,0.3429796336595564,0.5870768529253388,0.001104333500320493,0.03837854330135048
109,0.08805589098810047,0.7008636575906982,0.1094310473448664,0.0015276384363653937,0.10012176563996945
110,0.09553441407168768,0.5632529767878499,0.2138591208076766,0.00415223560925183,0.12320125272353409
111,0.004484317118098147,0.21254379455217867,0.775618757124504,0.0002945221689571311,0.007058609036261983
112,0.0896100535663209,0.6300836472968673,0.2472208106311594,0.001690032387712795,0.03139545611793967
113,0.08923780403907988,0.4010945680790227,0.44776615015518684,0.006967581482269762,0.05493389624444073
114,0.04264775950262074,0.5005375606696405,0.42280502027873795,0.002973713827900149,0.03103594572110052
115,0.00357839239384775,0.2705247738871467,0.7189615142201401,0.00105571811915515,0.005879601379710361
116,0.03955331970768236,0.5628028501933683,0.3517438971295413,0.01132837309730204,0.03457155987210604
117,0.059322081513560346,0.6348084807374234,0.28753711370720164,0.0061080107702449,0.0122243132715698
118,0.031425295387495354,0.7593794500951658,0.19852289924358724,0.004111064409514727,0.0065612908642367915
119,0.14249787481280743,0.7037531068511763,0.09375667046777456,0.022649308372720403,0.0373430394955213
120,0.20228697921624386,0.7177812984495284,0.01855850123866898,0.03383513652669575,0.027538084568863138
121,0.2173804864497123,0.650138479974931,0.11601013380282091,0.010306643894986346,0.006164255877549555
122,0.354966941251074,0.5635248028066776,0.0681156149030338,0.007868226415066458,0.005524414624147945
123,0.056212129960753775,0.7457606923109562,0.18013038251846683,0.004318412158774176,0.013578383051049041
124,0.09171753911477645,0.8015518269966289,0.09090607509034945,0.008788588526286199,0.0070359702719591305
125,0.13035680234041017,0.5694005025250185,0.2656180163200761,0.01923874533365008,0.015385933480845238
126,0.007206996778046301,0.7350929559116829,0.24870342559387076,0.005236274489068513,0.003760347227331465
127,0.07454644056807683,0.735710848976656,0.1840412041484249,0.002664198770805247,0.003037307536037062
128,0.07868347292677792,0.7659775292910368,0.14050830793591232,0.00616887299978081,0.008661816846492143
129,0.03339662451360282,0.7645310437498991,0.19104566394102226,0.001226008945873003,0.009800658849602864
130,0.08322776739953387,0.7216726841099048,0.18419186929992407,0.005467564538968112,0.005440114651669082
131,0.03593260647510301,0.8516108839828332,0.10261478861419562,0.0037915509045026675,0.006050170023365499
132,0.09318497902643631,0.7749085410479273,0.12572624986759107,0.002793787545214269,0.003386442512831064
133,0.03263903618481367,0.6971341245842745,0.2631032888262294,0.0025006015850184467,0.004622948819663866
134,0.11462147271195275,0.7442223587374718,0.13150820058997656,0.0021014649535954595,0.00754650300700356
135,0.0037674727028134884,0.4649024443031642,0.5252699457275769,0.0005685394976651018,0.005491597768780222
136,0.0019024258269178286,0.33400313367374596,0.6604298160265497,0.00046142419883141514,0.0032032002739549722
137,0.0659701653474372,0.7621687828614785,0.15044085562032156,0.006132308137135942,0.015287888033626856
138,0.020345057178913488,0.5749161059876373,0.37199922569972615,0.0016651731206148257,0.031074438013108146
139,0.08841426571859178,0.5776207435642099,0.31886308353527754,0.002802065795524757,0.012299841386395907
140,0.036783028470880545,0.4893821679383984,0.4322773414195747,0.0022663064324418714,0.03929115573870449
141,0.010078889776980208,0.4438924320681618,0.5176894192365677,0.0005950974369841397,0.027744161481306134
142,0.12618853169310423,0.5720723708237404,0.2798234608746412,0.0017152235973259542,0.020200413011188207
143,0.0705711542090788,0.5579480994748754,0.3080122123979044,0.0019875776998802474,0.061480956218261044
144,0.14939388613547513,0.6077734751157288,0.23194403241601375,0.0019587313723172456,0.00892987496046529
145,0.08188604889393497,0.7118131597216409,0.18255272037882692,0.0027632276858617854,0.020984843319735203
146,0.03379433807369492,0.40534071858381676,0.552821188429134,0.0013563714326778856,0.006687383480676457
147,0.005105264500548773,0.595998799084471,0.3952711191943451,0.0010924633052799215,0.002532353915355291
148,0.10056230217844564,0.7114165467529255,0.15626528028090458,0.010923877020800552,0.02083199376692362
149,0.005361421943949783,0.38478921527530635,0.6028010247288179,0.002360361452994401,0.004687976598931508
150,0.08374351496403588,0.8357248418494896,0.07115924784257144,0.0044216572925256745,0.004950738051377514
151,0.019005652754698617,0.7395568582918893,0.22314182148705447,0.005391360203742611,0.012904307262615135
152,0.021666627098771738,0.8345850906284338,0.128479923858726,0.008525186450134553,0.006743171963933916
153,0.10849551927091067,0.7777752302657714,0.1022686200974301,0.005369838259143963,0.0060907921067435665
154,0.012660759445626573,0.7631729990313433,0.21551565712414944,0.0022034587660440144,0.006447125632836717
155,0.006632792508772151,0.6453793694568111,0.3423130716873721,0.0018208488439218188,0.0038539175031228144
156,0.022994530898575172,0.8650107262407587,0.10385528613360968,0.001740326159561041,0.0063991305674955395
157,0.00763641969195422,0.6439339931198756,0.3431732223345195,0.0013481128213325053,0.003908252032318056
158,0.012889217264301958,0.7047272007418596,0.27607936073616196,0.0021873279963669176,0.004116893261309738
159,0.08299026533861921,0.7906582947867852,0.11551442563035492,0.005513862348524567,0.0053231518957161175
160,0.01662165049182319,0.3917685513016149,0.5684306343625881,0.002880923975583985,0.020298239868389717
161,0.00691560895123946,0.46266612772526833,0.524062246278128,0.0014363122255940076,0.004919704819770194
162,0.07987403708359986,0.5276619425847576,0.3778198703416576,0.006618312696379227,0.008025837293605806
163,0.0037608571256902913,0.375031176874918,0.6137883481435383,0.0011900586188841598,0.00622955923696913
164,0.06121308249206813,0.6801236965226566,0.24722342664785268,0.005713901494037325,0.005725892843385384
165,0.012854744033092653,0.2493079360835223,0.7322243600772942,0.0015094941337444063,0.004103465672346418
166,0.026357117115100928,0.47812668412782644,0.49186593528923994,0.001666252273794998,0.001984011194037583
167,0.007086943201591947,0.42756142192792274,0.5588879653024351,0.001846192665180138,0.004617476902870148
168,0.011425303399977747,0.7313782285204391,0.2480077631971059,0.0032341477927837143,0.005954557089693634
169,0.02014668978078689,0.48777581776181,0.48507377245424416,0.0036087739116370016,0.0033949460915220064
170,0.0046082672989333304,0.4609901777677615,0.5299627344378226,0.0015992450548772028,0.002839575440605403
171,0.028011827953527538,0.6405397341185495,0.322388467779475,0.004274598846230436,0.004785371302217684
172,0.046646473057856026,0.7580791141435355,0.17651299482086405,0.014519145430501507,0.004242272547242942
173,0.037548527636265566,0.7094781506427489,0.231656943663102,0.01470865159568857,0.006607726462194876
174,0.03919993233498641,0.8529353687827118,0.07717133183116252,0.01366934592490558,0.017024021126233635
175,0.13111748715540553,0.6888088657043633,0.16989321504896918,0.006582850269094303,0.003597581822167865
176,0.07429166105808616,0.7682858231738156,0.13602970062420697,0.014861123642568062,0.006531691501323301
177,0.10469247431365283,0.8247391897856877,0.040467336957222086,0.018087072191434208,0.012013926752003062
178,0.006136666461452735,0.4456519758580098,0.5442442482006783,0.0027393555877310485,0.0012277538921280247
179,0.11866637313554382,0.8153075519719164,0.030878406920521212,0.02517186829099354,0.009975799681025074
180,0.009361576679557114,0.6236007113129972,0.3606861916115304,0.002257592164266667,0.004093928231648463
181,0.05354734038762726,0.8765011300824398,0.04930474988382094,0.015545943218531652,0.005100836427580486
182,0.024045165032504413,0.7373803862926198,0.22183760435318564,0.009250809635514202,0.0074860346861760855
183,0.008464903351578786,0.8333937390832823,0.14874277975338623,0.007876764840211771,0.0015218129715408933
184,0.10326434871354226,0.7870228583551028,0.027814551896547194,0.07660791236264217,0.005290328672165667
185,0.03838353036770809,0.8596477412532229,0.01690483280644298,0.07498386640644683,0.010080029166178991
186,0.01135736367220195,0.7766344773393816,0.1972275929848116,0.012434935890899525,0.002345630112705336
187,0.07713263719225638,0.860900152033493,0.03447842145912335,0.02122880198191973,0.006259987333207637
188,0.13408271444880018,0.7784496087425395,0.03440430897664591,0.049647934355537784,0.003415433476476669
189,0.035223343986297374,0.424600153222859,0.010735446369136219,0.5243941032044649,0.00504695321724256
190,0.07712570196033236,0.49348024689785425,0.02072903303710581,0.4017725666296881,0.006892451475019434
191,0.057881922134236215,0.8232305595878068,0.02511879215165353,0.08698749451177724,0.006781231614526259
192,0.14084624053395192,0.25085321389511434,0.0055429600940850214,0.593660609323835,0.009096976153013593
193,0.2706298725763385,0.4663188917724734,0.013029970117572955,0.22282686097921986,0.02719440455439524
194,0.041042172123448094,0.8446263160022632,0.023404691220964273,0.0490770137507858,0.041849806902538644
195,0.07627147130920064,0.6750608707585897,0.0076185686852032085,0.08261388362689813,0.15843520562010843
196,0.04437417364099886,0.7183403937937791,0.01596833741939285,0.02964950100091126,0.19166759414491802
197,0.06494403563989684,0.27746866300124473,0.0039033785226572824,0.018220918731333573,0.6354630041048677
198,0.012169029963816492,0.006450811196269106,3.097094584155651e-05,0.0005428772099490331,0.9808063106841238
199,0.022472354025285565,0.015210376831722173,9.384641021673395e-05,0.001771474399544261,0.9604519483332313
200,0.0023454424665347567,0.017587182970421566,0.0004006920313380729,0.001160406564084509,0.978506275967621
201,0.0006407104465601565,0.004630220716225375,0.00011232076603754586,0.00031825333742132445,0.9942984947337555
202,0.0006667930006290085,0.00600330287975709,2.9466026443484835e-05,0.0003778233200818424,0.9929226147730886
203,0.02015829013942044,0.09445693516717604,0.0033588261471271075,0.006755085679236779,0.8752708628670396
204,0.04016485388350054,0.08994243809397424,0.0023165468175512043,0.0115492982826998,0.8560268629222743
205,0.0008097245566771832,0.007014059348401259,0.00014362342738176982,0.0007739775639239476,0.9912586151036158
206,0.0009476002673647676,0.007636882824351994,0.000153224969370926,0.0008427040135769401,0.9904195879253355
207,0.0008201832725617874,0.007837225821553958,0.00013535131827572492,0.0008983818393301965,0.9903088577482783
208,0.0011699026663361113,0.010053780116552372,0.00019420157520984007,0.0007985166666297801,0.987783598975272
209,0.0010975695640010929,0.007375755882953615,0.00022036589676239886,0.0006712866980911986,0.9906350219581918
210,0.0010132031733444764,0.003182627079025735,0.0002547024080874367,0.0006680551699360221,0.9948814121696063
211,0.0008759719657843938,0.002214628891144159,0.00021680122766610824,0.0006414952198314423,0.996051102695574
212,0.0006967806931589385,0.001478905062676467,0.00011927593529641319,0.00031180189996619576,0.997393236408902
213,0.000674829511849884,0.0015786821872399517,0.00011621200191164092,0.0017179034459181644,0.9959123728530804
214,0.0007237087749111799,0.001580835482688864,5.490697212187351e-05,0.0003859482957773589,0.9972546004745008
215,0.0007783026981539924,0.0017234110146385586,3.3369914181940175e-05,0.00027414146432722195,0.9971907749086983
216,0.0007584854412286044,0.0015795855297690104,2.0398163406065778e-05,0.00012568291766815022,0.9975158479479281
217,0.000844209072269681,0.0015691508240354818,1.1427851610821368e-05,9.099283660924707e-05,0.9974842194154748
218,0.0007536879881160987,0.001115206687120436,1.923162825741118e-05,9.909872431314309e-05,0.9980127749721929
219,0.019648306608464353,0.010350446854943374,3.749968248734892e-07,0.0007194874159679026,0.9692813841237994
220,0.1254798798571723,0.01927062236300714,0.00039991043630881016,0.02456457460629532,0.8302850127372163
221,0.016727253069525612,0.002977487856497538,0.00012263877226453788,0.010937064914998094,0.9692355553867142
222,0.050513273079382796,0.006194377916033637,0.0001028701946226565,0.009021730012831476,0.9341677487971294
223,0.276301353326626,0.02971960963400261,0.00020794396986492338,0.1806611916565216,0.5131099014129848
224,0.21617358750236215,0.0473349307330955,2.7712787119474066e-05,0.2060464332707391,0.5304173357066838
225,0.4689267609185876,0.029902017506962506,4.583376894698731e-05,0.386091662233638,0.11503372557186485
226,0.3132973397196248,0.049304866524529214,0.00017692188034077347,0.5393168666861964,0.09790400518930897
227,0.3333323701509069,0.026149124905386113,0.00013514739415026726,0.5702474870569476,0.07013587049260911
228,0.10765549343987806,0.022984771608381107,0.0002693230767098209,0.47192272964819443,0.3971676822268367
229,0.07277840736535637,0.016896496488498593,0.00012914051442860326,0.889797940052404,0.020398015579312458
230,0.08492490550732928,0.02471479344821255,0.00021540995256033393,0.8574755148338449,0.03266937625805278
231,0.2095648282575476,0.023721435584597828,8.788295179831861e-05,0.67218027748374,0.09444557572231627
232,0.1117585184275038,0.10004484589927372,0.0015548447023406283,0.6718842187074097,0.11475757226347219
233,0.08706269221902817,0.029674913873533576,0.0005765160970454338,0.09276052261795241,0.7899253551924404
234,0.059777308957581966,0.015638684699852995,4.7518498731883294e-05,0.9125139398039687,0.012022548039864443
235,0.1439483598751787,0.046256775389747734,7.915695780648981e-05,0.7837214922613239,0.025994215515943008
236,0.13447061366023985,0.09493305362014047,0.0004808930564060326,0.7554753212439786,0.014640118419235106
237,0.15084426409203197,0.05574148089006473,0.0034934099804313657,0.7007345313446786,0.08918631369279331
238,0.0956974276883498,0.03475677601746391,0.00033617488489724387,0.20324124905301422,0.6659683723562749
239,0.2592050843694977,0.027207990226025075,0.0001669907710858727,0.5955669643494405,0.11785297028395093
240,0.14936821612664206,0.03473425391990598,0.00030472942487316313,0.8003957296506392,0.015197070877939608
241,0.09341030065499088,0.10568910756233721,0.0011978795492102506,0.7862793648624752,0.013423347370986443
242,0.09938070699716274,0.10389005392453596,0.00022845304395747475,0.7881498979309057,0.008350888103438064
243,0.04198482655155779,0.015933078187509636,8.192005634355907e-05,0.9377046158134847,0.0042955593911042705
244,0.02734657962378198,0.02358529681888774,4.640968944990497e-05,0.9456769110682641,0.003344802799616151
245,0.04149565039226259,0.028211346045742138,9.413648556989184e-05,0.9063013749688204,0.02389749210760509
246,0.06429919954323132,0.06083611028854607,0.0001403894940203178,0.8659658752873949,0.008758425386807444
247,0.032674062636003816,0.01982314383225177,6.2620239195543e-05,0.9446425464676984,0.002797626824850393
248,0.08789842773034658,0.04573213985173455,0.0022082157101503326,0.8002558747524475,0.06390534195532091
249,0.025443230614285575,0.026474973005738357,0.0004311358017194988,0.9402854128577348,0.00736524772052166
250,0.012406373015946062,0.01778997214360097,0.0002895480060706333,0.9628535078756411,0.006660598958741306
251,0.04205072322602958,0.00998285595668083,0.00013338022738324643,0.9379220331107224,0.009911007479183909
252,0.2005596984836665,0.04455513894919342,0.0008048091916943668,0.733791787530508,0.020288565844937875
253,0.04451916409606422,0.018778117453775882,9.871696012771232e-05,0.9331530550785336,0.0034509464114986337
254,0.03329640357764697,0.007083577994383115,5.7712590295840805e-05,0.9572122273644604,0.0023500784732135536
255,0.06845639080620035,0.017197470757769104,9.951922722731501e-05,0.9082006130761684,0.006046006132634777
256,0.044596875575198945,0.021224759073151207,0.0001439600285476445,0.9306625881823037,0.003371817140798474
257,0.049791985134584146,0.02682750312505775,0.00013549964582346073,0.9186181257167639,0.0046268863777706734
258,0.10125703904929631,0.040641075556103745,0.0001584494184830606,0.849338935163929,0.008604500812188033
259,0.031514157319178664,0.007410410239796966,3.886937078074093e-05,0.9585246110711431,0.0025119519991006977
260,0.031309081590536865,0.02203130654531194,0.0001816170728068941,0.9441311739059703,0.0023468208853740027
261,0.06703860178184194,0.020048242265928932,0.0004125181038737112,0.9063090296933789,0.00619160815497643
262,0.056521225694261136,0.033999553863823355,0.0004515690373031991,0.9046518084329941,0.004375842971618123
263,0.051614187581386896,0.013662730227680536,0.00010338118498334242,0.930239876576993,0.004379824428956125
264,0.045374019456088065,0.02137700396039891,0.0006277982519879301,0.9266200945338106,0.006001083797714594
265,0.06980635555957472,0.03239198163145574,0.00018826205576294596,0.8925653360483511,0.00504806470485547
266,0.09058790604961284,0.01575026196035851,0.00013646992254887332,0.8896241725549867,0.003901189512492971
267,0.0194428858843505,0.008030974902075057,8.28950149186748e-05,0.9712192661294885,0.0012239780691673415
268,0.02741628870461023,0.013302847193066817,0.00017466285748623866,0.9566746855539815,0.0024315156908551253
269,0.023179794870698774,0.009816118204976116,0.0001158147653047794,0.9655205710766539,0.0013677010823665038
270,0.027986120527161717,0.01215929013893582,8.658663644111693e-05,0.956132814599718,0.0036351880977433457
271,0.034821065540929654,0.012152063515945888,0.0001818802420088928,0.949619195748448,0.00322579495266756
272,0.036349816276834326,0.017173853813881326,0.000126109698421562,0.9418801073286637,0.004470112882199241
273,0.043902611467961324,0.02190238809895153,0.00012964077662262538,0.9300311866765547,0.0040341729799097704
274,0.05515900991716823,0.023360834562883744,0.00011984703511839316,0.9153302555307091,0.006030052954120542
275,0.02302882593504231,0.01770855202569165,0.00016054213728301868,0.9556593180208618,0.0034427618811211946
276,0.033749577428838606,0.01929236279720565,0.0001611189864066089,0.9429576367944916,0.003839303993057597
277,0.028181191728065397,0.015094807079835508,9.859221829871069e-05,0.954183397152223,0.0024420118215773222
278,0.03078772339189191,0.022393677102549966,0.00010791253584249461,0.9431454576285239,0.0035652293411917303
279,0.06203736270963247,0.03771665713669801,0.00011407970165928448,0.8924271603147034,0.007704740137306779
280,0.05150944384370038,0.0204554034596186,6.777247370755928e-05,0.924294632007495,0.003672748215478493
281,0.03283664103432245,0.03198730238218197,9.515708143417784e-05,0.9311440451365577,0.003936854365503629
282,0.03871473221107519,0.040654683830816184,0.00013099528602098035,0.916188496932373,0.004311091739714629
283,0.02345086365320435,0.01588893045599998,3.626959618752474e-05,0.9572550778551628,0.003368858439445317
284,0.02904359988982172,0.027953139474736387,0.00016618902075038485,0.9399782994192227,0.00285877219546867
285,0.07079081217989806,0.04374468732759303,0.0001236390171590449,0.8634311742412142,0.021909687234135753
286,0.023856913085622197,0.010982901653173168,4.520594235805008e-05,0.9619892094703848,0.0031257698484617956
287,0.06391407484218156,0.0348446864398643,0.0003912997058449745,0.8945779005686362,0.006272038443472967
288,0.059968586128119755,0.10112302823188946,0.0006407098180256628,0.8335201964339033,0.004747479388061802
289,0.037866764231094405,0.023526968120911682,7.89966374888339e-05,0.9320791682333763,0.0064481027771287405
290,0.030800711803748135,0.01471946484672866,0.00018209689912380877,0.9507200944057758,0.0035776320446235213
291,0.022950635860327494,0.008546186923986874,9.984421467715461e-05,0.9655606657725314,0.0028426672284771223
292,0.03758388503229174,0.010808661937720752,8.124467100244712e-05,0.9482214741686188,0.003304734190366289
293,0.04298397623416585,0.02478434746594993,0.00023987546081719554,0.9289365484289901,0.003055252410076847
294,0.11331798924339755,0.05622613398813752,0.00031061875844137885,0.8252835843222295,0.004861673687794012
295,0.04545765597447573,0.023644953723212427,0.00022212357451626292,0.9258414866284346,0.00483378009936098
296,0.08453974082714953,0.05000652375834504,0.00228294743497623,0.8558069505327824,0.007363837446746819
297,0.03741884959896531,0.011242361519203185,4.079771107560427e-05,0.9489090022153432,0.0023889889554126243
298,0.09508464778526626,0.08574584834078466,0.00020415316563311282,0.811480122354741,0.007485228353574913
299,0.11513115144733488,0.14241075065263933,0.000268351659828974,0.7336442595403159,0.008545486699880995
300,0.11609953596401988,0.2799232607431979,0.0014331003903217175,0.5871247942955536,0.015419308606906698
301,0.07240067393844142,0.053836802323869844,0.00015659332656857606,0.8662168432904318,0.007389087120688356
302,0.05072305947818845,0.4969036219249092,0.0024766363607220906,0.44045887381025384,0.009437808425926408
303,0.07287630552906903,0.10441310742578529,0.00033559260174505234,0.8114997496367102,0.010875244806690536
304,0.02575992765329664,0.34477379961571514,0.0052557416114987696,0.6205647687179947,0.003645762401494743
305,0.08622540586224653,0.3050405198256674,0.0008718141813755405,0.5799778517735087,0.02788440835720181
306,0.07897898556212948,0.8513884483715107,0.007307292263077853,0.04198742909412002,0.02033784470916208
307,0.16499941259440332,0.7606191354438256,0.009804961187121385,0.04111342630749448,0.023463064467155167
308,0.10343178762569535,0.7941216496310083,0.02317768235386071,0.014788720575549351,0.06448015981388636
309,0.031008665984748898,0.9433700405708613,0.019880023116308237,0.0013082191832509311,0.004433051144830704
310,0.11694289922259024,0.7115019765372903,0.04702535909607752,0.008519517147828675,0.11601024799621329
311,0.09617317778209225,0.6220826937895942,0.22415196728194783,0.011020899964974708,0.04657126118139116
312,0.06518718280019299,0.5181520412186279,0.3738589202663242,0.0041749062423776144,0.0386269494724772
313,0.04545388272061506,0.7490609782225309,0.15887963804885782,0.009771618638977249,0.03683388236901878
314,0.022749943217602597,0.7877911784336107,0.08698074676269774,0.0038470556412562367,0.09863107594483299
315,0.03078554960129522,0.9232346825879648,0.031407796830856906,0.004984958280138026,0.009587012699744955
316,0.04630611877141716,0.8333489744961492,0.07319247888235678,0.0033878227587453374,0.043764605091331454
317,0.010398565589720117,0.719345978531741,0.25341333006951494,0.0018834508948237585,0.014958674914200118
318,0.03064603687019203,0.7688452439149849,0.13981028470091356,0.004626038611962602,0.056072395901946945
319,0.02510727038909564,0.28464063570499587,0.6192770528048054,0.011148933971201968,0.05982610712990119
320,0.02586415481959506,0.741576105978846,0.16549469766685368,0.005015224547292517,0.062049816987412736
321,0.0267502081932035,0.4925429675896508,0.43916574989307017,0.0029995383693937334,0.03854153595468175
322,0.014867399277531836,0.5090150567510527,0.3309282854428732,0.0013204860866950446,0.14386877244184731
323,0.07925876821229383,0.7929162874083296,0.07036413890949414,0.002409063097625669,0.05505174237225679
324,0.052935892592194896,0.7681587697372962,0.16570417589121558,0.0010403687661506423,0.012160793013142547
325,0.038187451284130335,0.8939591650500637,0.05693997339154324,0.0011956544235251546,0.009717755850737664
326,0.05275584250382256,0.7643936440803035,0.15754646332866223,0.001615896914463292,0.02368815317274833
327,0.004713977187196705,0.7772266086345498,0.2122486471644469,0.0006377298444942221,0.0051730371693123915
328,0.13540530484242588,0.6575956860992674,0.08755113155318175,0.008242419835043228,0.11120545767008178
329,0.012439663887169978,0.6453486872432065,0.33768220390826886,0.0009147310266858497,0.0036147139346688205
330,0.12072712628431691,0.6822239731219246,0.15852954109421388,0.006913567348494495,0.031605792151050104
331,0.02085205993302744,0.6649941079262338,0.30737929024378124,0.0017099053902496105,0.005064636506707886
332,0.009867051955390522,0.5919419678707268,0.3936311288632176,0.00048239053312493045,0.004077460777540041
333,0.004809779093389407,0.6571899586394476,0.33194449062931614,0.0004951198631812429,0.00556065177466554
334,0.010210691847400815,0.7025220900166886,0.2755012699057791,0.001390475215015946,0.01037547301511541
335,0.0033520226571033093,0.38878121951367384,0.6001982096398333,0.00033618021651551233,0.007332367972874091
336,0.003380937470408618,0.4888456648958761,0.4982567168585664,0.00033198751548219356,0.00918469325966675
337,0.008622439445507094,0.592413746388103,0.39141171858450363,0.0009718791072605926,0.0065802164746256555
338,0.009967244553665164,0.6685988448711387,0.30372481844616833,0.0005881426622210853,0.017120949466806683
339,0.006240821517766377,0.45231053044301384,0.5317205226797692,0.0004034828797540597,0.009324642479696544
340,0.008387313548606477,0.4041594363914641,0.5663629840537322,0.0022012276821892053,0.01888903832400795
341,0.013839012530570289,0.19253284753939406,0.7404074866262466,0.00484928867423833,0.04837136462955079
342,0.002302522478831398,0.0932876693009841,0.8883921813558682,0.0014623082718466368,0.014555318592469798
343,0.08459527482973869,0.5781735111651891,0.2987969842818717,0.0035529091920606295,0.0348813205311398
344,0.17071857662137485,0.4972770776814479,0.07516340961232724,0.006901113028665484,0.2499398230561843
345,0.034181308198394725,0.5055549553048233,0.4402425069097692,0.0010373995159243257,0.018983830071088444
346,0.019884709543355226,0.43089404334386333,0.42726161958475933,0.001179719870999429,0.12077990765702257
347,0.0312402704383094,0.644242081958539,0.28418000222660983,0.0012414277952290742,0.03909621758131261
348,0.02821756620440543,0.7686029230048629,0.11947999339457212,0.005992060941370814,0.07770745645478876
349,0.017011742477089628,0.6464133406245045,0.30167645368537566,0.006469719146748165,0.028428744066282118
350,0.01051674084134829,0.6427545107558343,0.3406128490368279,0.000770017353284753,0.00534588201270461
351,0.06573729354100888,0.7830216343293684,0.11022615974222656,0.003040984502967762,0.03797392788442839
352,0.056009795349132384,0.6080110953004085,0.303208261591333,0.003139421389778095,0.02963142636934796
353,0.03899767067405077,0.8334611741719156,0.1077079641727277,0.0008380888036969506,0.018995102177608837
354,0.02997093869973367,0.8363116651291337,0.117678735815067,0.0015350249853358677,0.014503635370729729
355,0.06494172633347582,0.5650716408755555,0.347427193274666,0.004118136942203102,0.01844130257409971
356,0.0008006983910879569,0.27405882753538213,0.7241865307094972,0.00013376444468440898,0.0008201789193483097
357,0.0896693883367687,0.6525124133833172,0.22734850455370365,0.00861229800928449,0.02185739571692582
358,0.06693818935865853,0.2545806688280541,0.6446738754082694,0.0070571879148244735,0.026750078490193608
359,0.01202241071837462,0.311154766703442,0.6707820705221323,0.0013236483063442397,0.004717103749706626
360,0.0460274658641107,0.3546803142609828,0.1916222835023629,0.00897309894061299,0.39869683743193074
361,0.006896707355301563,0.6647829940935714,0.3220838269594229,0.0008235185323218426,0.00541295305938222
362,0.023693961371332672,0.5707827921576522,0.3850521493008924,0.002309591965949813,0.018161505204172992
363,0.008497479497176353,0.4313593873527788,0.5487098847738827,0.001158339743979158,0.01027490863218293
364,0.005712761858688205,0.43803996853076005,0.5495927362885893,0.0008734195268746983,0.005781113795087798
365,0.03312404659087705,0.4860092270498739,0.45667077625256675,0.0059574814727495285,0.018238468633932622
366,0.004247266705308547,0.5414251788984161,0.44521595114181195,0.0006595069298434214,0.008452096324619764
367,0.0323420339160321,0.2612969075057964,0.6756180813721736,0.0047264717193906,0.026016505486607153
368,0.0390331714353102,0.09465178157574998,0.6679228010774356,0.0061585983401170104,0.19223364757138703
369,0.007282336482207154,0.39621489565718676,0.574204668803584,0.0012156985628673123,0.021082400494154784
370,0.11585060344175911,0.30427644681293553,0.45969137158473367,0.007488026381002242,0.11269355177956943
371,0.0021027947417281362,0.17461135531689745,0.8175025255106917,0.00043064784107538044,0.005352676589607483
372,0.028847693430722934,0.259023978409193,0.6817525645901117,0.006320019149855676,0.02405574442011674
373,0.003535852899795683,0.19434684218560103,0.7952044580959399,0.0013170193275341433,0.0055958274911292825
374,0.0024960131722310706,0.1623200677984744,0.8305523463367532,0.0018606609842171334,0.0027709117083239867
375,0.0004530674688368634,0.05963840711840417,0.9390899516050623,0.00025646583805950113,0.0005621079696371788
376,0.0013947368054010268,0.16386463409142957,0.8320923950669401,0.001198868166451925,0.001449365869777428
377,0.0012427898191036775,0.1128350056817956,0.8844672032438674,0.00045705594754154414,0.000997945307691673
378,0.0012464748407412095,0.3409160392916442,0.655641013829351,0.000548314806172338,0.001648157232091177
