epoch,N1,N2,N3,R,W
0,0.04610092956058799,0.0037615512172638225,9.91033194384649e-06,0.00573397734167574,0.9443936315485286
1,0.037925355356931874,0.0017335643996987911,3.5195229370693364e-06,0.0022138605044832193,0.9581237002159491
2,0.10677277567107582,0.006031441197621904,6.7915227383904655e-06,0.009944695745383144,0.8772442958631809
3,0.04620235029478668,0.0025755334388826443,2.6939537753696576e-06,0.015996727158662065,0.9352226951538932
4,0.10031596044485325,0.0038888920830856574,4.478134901402371e-06,0.007043770641681732,0.888746898695478
5,0.11644689428607044,0.003085922652825715,2.1515679895639327e-05,0.002804387040451309,0.8776412803407568
6,0.16328137737609896,0.009396616976317586,6.702088174242497e-05,0.018413180708859233,0.8088418040569817
7,0.1772775978430475,0.016759607282113457,8.785374218513353e-05,0.015849062533756633,0.7900258785988973
8,0.14760377732840319,0.03989555279390103,4.79139818025782e-05,0.05647307298753624,0.755979682908357
9,0.04713700378771266,0.054423554854939486,0.00014495998709695146,0.03970037690646129,0.8585941044637897
10,0.05034977571535763,0.024857900339279138,5.5281606889670254e-05,0.08060663357585877,0.8441304087626148
11,0.07085274204008415,0.27449261778202694,0.0004305841369095019,0.24618961378724205,0.4080344422537373
12,0.1628904250856896,0.23281384299505758,0.00033498457742738404,0.16943506540843611,0.4345256819333894
13,0.15807046138660175,0.46740137916945773,0.000670658672253588,0.2077454875161984,0.16611201325548852
14,0.13994866899484013,0.535032405136698,0.00034942384594867024,0.15600725212588068,0.1686622498966325
15,0.1078033131060599,0.6715875354726758,0.0007712533014433047,0.02984337636819321,0.18999452175162787
16,0.07248217168331439,0.819363213142576,0.0008269404002287507,0.017806241136153048,0.08952143363772792
17,0.08836061199056568,0.8016685322941826,0.0007626818835914468,0.040866228459156835,0.06834194537250353
18,0.014874656171353489,0.9590712077600938,0.0011901626599520366,0.00454561570140461,0.02031835770719609
19,0.09195168793177123,0.8248305021886995,0.0006027160091791962,0.022354345690099912,0.060260748180250207
20,0.3047242550533481,0.41405431625381095,0.00019393104092091333,0.11577969619892588,0.16524780145299425
21,0.04059642249705811,0.9119973637378785,0.003779756580254089,0.00482656901940923,0.03879988816540013
22,0.05218386017430843,0.9211788619326821,0.00022598576151881914,0.013460809664661948,0.012950482466828787
23,0.05273936073116133,0.9157372397519974,0.00038063282463610755,0.016699255977768744,0.014443510714436168
24,0.022867308874011397,0.9521242283429988,0.011175410746051223,0.005127843292531974,0.008705208744406457
25,0.01279466776815601,0.9644440435928606,0.006710639534947271,0.005650633711058776,0.01040001539297729
26,0.005466904801980446,0.9734334723714728,0.01342298622698364,0.0009716407227913974,0.006704995876771494
27,0.006371725354355967,0.9602876231859853,0.023369974571745698,0.001603144909912197,0.008367531978000775
28,0.002589221326202307,0.9641738701137745,0.02899737411957668,0.00030848840907127576,0.003931046031375292
29,0.00432493722561296,0.9734494261068065,0.014466572746827736,0.0016632529202109051,0.006095811000541863
30,0.001306882253088161,0.9754061476181013,0.02066039410732136,0.00035528402638250646,0.002271291995106367
31,0.0009583381797166398,0.9591061121906986,0.03793170704207018,0.0001585245218421865,0.0018453180656722043
32,0.0014088289479726264,0.8036242310440227,0.1916986604043976,0.0001581539368249294,0.0031101256667822037
33,0.0011673234705194147,0.9367284242156587,0.06047391996477673,0.0001377530781251588,0.0014925792709200255
34,0.001215315407743668,0.8549027926566385,0.1430068466508446,0.00010392320363041922,0.0007711220811428048
35,0.0009676006412136419,0.7784734267263166,0.2196415495109503,7.388797801717815e-05,0.0008435351435022462
36,0.0008499349311985313,0.8312263756654414,0.16721235247170815,6.215674598259635e-05,0.0006491801856691043
37,0.0037030653317843987,0.7074187292474738,0.2874831711571425,0.00032569163777455823,0.0010693426258247185
38,0.0005662808147021097,0.6464256170808778,0.35225359876073103,6.51415531227074e-05,0.0006893617905665117
39,0.000552203509158121,0.7592769101315108,0.23917158254199627,6.29789951388567e-05,0.0009363248221960442
40,0.0010934602488538551,0.7695960073654443,0.22861847341799615,0.00011330270608432207,0.0005787562616212594
41,0.0007219717890158276,0.7602369017264528,0.23833100737197824,4.203901982140665e-05,0.0006680800927319546
42,0.0007000000416738146,0.536338633793324,0.4623429134932082,2.5888591424164173e-05,0.0005925640803697915
43,0.0019259495252412719,0.59078193766614,0.40634416166678733,7.061910500347926e-05,0.0008773320368280215
44,0.0013126339001019104,0.7469267623590996,0.2506804531849139,7.459465445687956e-05,0.0010055559014277354
45,0.0007520294734632087,0.40879541785787965,0.5893827352007845,8.282528844903173e-05,0.0009869921794234612
46,0.001255825437448055,0.4018794767827905,0.5960184554450931,5.483853021589391e-05,0.0007914038044523703
47,0.0012197025452607441,0.33879955441188664,0.6592165761667815,7.8833879586669e-05,0.0006853329964844561
48,0.0008775129170150889,0.2884773284078943,0.7100208202074878,9.108372235937256e-05,0.000533254745243542
49,0.0005004971633721171,0.2892444989155858,0.7097333185551482,5.193535185946054e-05,0.00046975001403437084
50,0.0007063312853741642,0.24402951175278229,0.7540766936447361,4.1371054322278935e-05,0.001146092262785109
51,0.000842321043480999,0.32325459184614863,0.6750403327764672,4.528866134698627e-05,0.0008174656725561303
52,0.0004865590914650723,0.24973833451420324,0.749262021328586,1.6975387740063722e-05,0.0004961096780056562
53,0.0007021081690561453,0.24285144855196578,0.755474324142995,2.205914238035626e-05,0.0009500599936026622
54,0.00042091335868789587,0.2186779811973483,0.7803198915082485,1.3404738511377285e-05,0.0005678091972039181
55,0.000264013472660083,0.10579032242123011,0.8931830533848903,2.4278675335081108e-05,0.0007383320458845765
56,0.00040108873571969547,0.10366116719379136,0.8956438964142838,1.2830819968290025e-05,0.0002810168362370336
57,0.000556824676017522,0.14648048421752832,0.8523062057507693,1.6797128498949767e-05,0.0006396882271858951
58,0.0002611960440475134,0.1669321720435134,0.83169334078286,1.3560131515696046e-05,0.001099730998063567
59,0.0001854790515018068,0.09949035668616932,0.8998224000012779,1.8684724684230392e-05,0.0004830795363667586
60,0.0002943264818480365,0.1746434313922707,0.8243115499092744,5.958818236634669e-05,0.0006911040342405599
61,0.00013887165374304285,0.07845051330536844,0.9208168971929714,1.555744042939238e-05,0.00057816040748775
62,5.4495384478963646e-05,0.06623788544939958,0.9333483991334078,1.1545607696801331e-05,0.00034767442501683154
63,0.0002132567242708672,0.11631935603636714,0.8824257715089387,2.381006404493753e-05,0.0010178056663781583
64,0.00016383451460090718,0.022848056718719194,0.9762203623217618,2.968067663817948e-05,0.0007380657682799944
65,0.00028560366509289736,0.06790608042749494,0.9300595649285043,1.2982399964667806e-05,0.0017357685789431633
66,0.000434323689389775,0.06438147375395353,0.9330756457525677,3.577512001190535e-05,0.002072781684077027
67,0.00018886582334670264,0.014232729903440794,0.9843907564659414,8.066311031170536e-06,0.0011795814962399314
68,0.0008778889645018273,0.06991717327960367,0.9270160399238592,2.2091319814517773e-05,0.002166806512220637
69,0.0002442359660198213,0.018126095029450978,0.9797768340619406,6.264376571446324e-06,0.0018465705660170495
70,0.0019760266349451694,0.048993886760672796,0.9421042327036782,3.78915007582677e-05,0.006887962399945733
71,0.0019916842106725207,0.049520255733525614,0.9407076213356147,3.452729876363551e-05,0.007745911421423563
72,0.0003857562769136441,0.02547405206599699,0.9687662533930258,1.978210014086711e-05,0.005354156163922765
73,0.0002833971756952931,0.01325868356212529,0.9838213166908504,1.0419020380705314e-05,0.00262618355094846
74,0.00013807083373732442,0.012487952030010118,0.9841196600189456,1.0787689865866347e-05,0.0032435294274408754
75,0.001092361570380563,0.03687242277958265,0.9596775126979235,2.091934014309235e-05,0.002336783611970098
76,0.00012115208428532776,0.02591829929630769,0.9725062845342094,5.951733887306679e-06,0.001448312351310184
77,0.0002881339700432842,0.03160878890465597,0.9665270369766154,1.1583416493781115e-05,0.0015644567321914384
78,0.0005389738957465136,0.07663794899863059,0.921343542888732,1.7010232884080104e-05,0.0014625239840068691
79,0.00025929166950377293,0.041554070204257804,0.9571754197774265,1.3394691271994097e-05,0.0009978236575397086
80,0.0016322572889244744,0.08404834273845825,0.9122029350782265,3.487298237314067e-05,0.0020815919120177597
81,0.0008806042745356085,0.04764313996988414,0.9482701320070835,5.849046412506884e-05,0.0031476332843716737
82,0.00028141938967711657,0.026769773098378833,0.9714053855344015,1.8889356753647767e-05,0.0015245326207890908
83,0.0007099874993833884,0.03186066371079166,0.9641365171538503,3.733292266755328e-05,0.0032554987133069616
84,0.0003954175900121247,0.020463114202895878,0.9769355837845815,2.5575063975369756e-05,0.0021803093585349
85,0.000273428113108961,0.024574230672740435,0.973751678525907,1.1166738233742284e-05,0.0013894959500099402
86,0.00036969079332622594,0.02188743452539077,0.9749068853428579,1.78576732894385e-05,0.002818131665135638
87,0.0003302136680711952,0.018204791951440515,0.9769338673708464,2.091010948261513e-05,0.004510216900159282
88,0.0007483291172221341,0.030214841592050967,0.9654223718252491,1.1731322088841118e-05,0.003602726143388865
89,0.0015535318399752251,0.05034565355874069,0.9441384743901415,4.6771683490600567e-05,0.003915568527652001
90,0.0011846686057170005,0.027032784516685525,0.9686850156664174,5.783468465531532e-05,0.0030396965265249588
91,0.00027825628233510755,0.020712972054081145,0.977020790806702,5.4069562206993735e-05,0.0019339112946745712
92,0.0012393297349568922,0.06338034138732042,0.9317468640075214,0.00012952171253048924,0.0035039431576706637
93,0.0024041419698496336,0.07283181800359542,0.9193972350182326,0.0009592307228538265,0.004407574285468701
94,0.010434398262080488,0.15630961140318578,0.8143424328333029,0.0022420478394727756,0.01667150966195815
95,0.06832547376902116,0.350223108228109,0.5283360403712926,0.010565545593981266,0.04254983203759614
96,0.03471468190647482,0.15441379013957057,0.08112189743537836,0.004059668461891419,0.7256899620566849
97,0.3486732574799543,0.545151818483043,0.02150346531413427,0.012889337853342047,0.07178212086952646
98,0.14461912410712682,0.7672425846144716,0.06085061856478544,0.0021216805222500548,0.025165992191366025
99,0.22507001657718967,0.7570429180890434,0.003596128056285138,0.0008477917757253944,0.013443145501756387
100,0.010784547935000702,0.972504246429632,0.010533585878837334,0.0010684779699429731,0.005109141786586928
101,0.08321925865283596,0.8880362235601988,0.0015163712321970145,0.012542145341401023,0.014686001213366925
102,0.01663867856276441,0.9715150088436725,0.0025761599078545122,0.0037182529975818618,0.005551899688126778
103,0.03637438654975687,0.9301590338311135,0.000824558298190254,0.022168563825163207,0.01047345749577616
104,0.022476499740697226,0.9542346759376639,0.0007320940527534045,0.007837885461567553,0.014718844807317989
105,0.03588515441759536,0.9355291287006949,0.0007079235218561162,0.012998167616915563,0.014879625742937995
106,0.0074839076562227295,0.9799443426017682,0.0008529096226647569,0.009008201381633562,0.002710638737711023
107,0.043226085309852155,0.8697817559390105,0.000727474904454256,0.06525839009372283,0.02100629375296006
108,0.010302687223805928,0.9686058123768357,0.0006269965715479387,0.01578033173470513,0.0046841720931052105
109,0.039889448468268474,0.9003334963502344,0.000371680622632418,0.033507822765151955,0.02589755179371288
110,0.027554762347813646,0.8849855491560259,0.0011854580312583962,0.07551911779312502,0.010755112671777166
111,0.03980353013075041,0.8908004668638502,0.00108591087078688,0.06055369218224901,0.007756399952363451
112,0.061643713232526785,0.8183817294031144,0.0004099921846688443,0.05561080855419689,0.06395375662549291
113,0.14681582350730601,0.5185433784757691,0.0015049925637769185,0.21977904744620416,0.11335675800694371
114,0.17509478214740964,0.5595471289545367,0.0007826025462487231,0.19715447302709443,0.0674210133247105
115,0.08003155653045162,0.8267848619469362,0.0006001307218506677,0.05616270345560431,0.03642074734515727
116,0.11830930764028559,0.22144058072520498,0.0002521533745974674,0.5318915913228079,0.12810636693710403
117,0.055014905082063664,0.7679279018312208,0.0005059827880600965,0.055491817020224654,0.12105939327843084
118,0.168635690303143,0.3437122803954315,0.00028064617661203425,0.3215285883867802,0.16584279473803334
119,0.07319077161568258,0.7517311971363881,0.00043035714442204455,0.055928378533909244,0.1187192955695978
120,0.13883240355492757,0.3224047535526048,0.0005259665955070608,0.115942391051003,0.42229448524595764
121,0.08867374405296652,0.6470125921939136,0.002013969155612991,0.13907565440589187,0.12322404019161484
122,0.0923646294305966,0.40239398612550265,0.000911531675494441,0.21886123830222437,0.285468614466182
123,0.1705930625148883,0.4614880574039495,0.0004755700457856029,0.23904405580615393,0.1283992542292227
124,0.06342251882211601,0.6283713299560787,0.0009046308179088572,0.10199634498533312,0.20530517541856338
125,0.13452610834205486,0.12122699693263536,0.00016281731320236915,0.5749922519519741,0.16909182546013335
126,0.08295106345291176,0.041627679799004405,0.0001713697779554494,0.1399410308368555,0.7353088561332729
127,0.2688535261147276,0.052111872839978875,0.00027190837831409903,0.3296219128677156,0.34914077979926383
128,0.2912823766936885,0.10542165237177281,0.0002488274584498283,0.3435321246388211,0.25951501883726785
129,0.16751549738850907,0.08917064565864673,0.00021543812183399532,0.5773420799221606,0.1657563389088495
130,0.201136183686446,0.2259506098396746,0.0002874330868408046,0.4341356554842245,0.1384901179028139
131,0.15676939365665432,0.32893980894942043,0.0018122924708046885,0.3178730346824659,0.19460547024065472
132,0.11862320727439216,0.12279273352725888,0.00032738047574751154,0.6801805133214174,0.07807616540118414
133,0.12966976722445803,0.24621821852804326,0.00046650728756734744,0.5891573197309296,0.03448818722900173
134,0.30237813442803474,0.2821466379207778,0.00045293872477269624,0.31690572455738786,0.09811656436902684
135,0.2018682787016584,0.47893589855513075,0.0010213899854563744,0.18250008772430912,0.1356743450334453
136,0.07096554341533787,0.8115631302094725,0.0010804398084062457,0.03653302382999328,0.07985786273679012
137,0.15807379498321406,0.3561575176380162,0.0005985400517950951,0.3894603237424288,0.0957098235845458
138,0.04767276066206794,0.8274873973268013,0.00026737739691041595,0.07871911009932699,0.04585335451489332
139,0.1578288287693155,0.4603646846931925,0.00031166948395741715,0.2985867862921963,0.0829080307613381
140,0.24662879425765688,0.15719210592310406,0.0003990883822041552,0.3550389941665188,0.24074101727051617
141,0.19314950591012295,0.49132135592351256,0.000952285808659136,0.16782453731442096,0.14675231504328454
142,0.1996901154445223,0.07169380921024478,0.0009851846791392744,0.07519389715229928,0.6524369935137944
143,0.42741272334778796,0.19993337423504842,0.001044823105077125,0.13818596096008592,0.23342311835200064
144,0.2876394434013485,0.38393427049918505,0.00333948144870409,0.09247938766796333,0.23260741698279913
145,0.1275792173361798,0.3417475810707715,0.003522363843763517,0.2478447383133503,0.279306099435935
146,0.05431443681017075,0.06256818194385547,0.00035719478732626226,0.053822566759965294,0.8289376196986823
147,0.1592663794449885,0.16094355465491897,0.0006501018850308338,0.07615623854339332,0.6029837254716685
148,0.363961844469846,0.37974837318725524,0.001648645081825782,0.13449303158978654,0.12014810567128636
149,0.4827136765949842,0.36160929710448364,0.0005222147524225155,0.09833121052995986,0.056823601018149816
150,0.05667009204889683,0.8694008008284424,0.0007485307543960455,0.05502649149784153,0.018154084870423123
151,0.14364848229059118,0.45545616235208825,0.0002059364587114689,0.3615332801159757,0.03915613878263321
152,0.03897103066161944,0.929199882513324,0.0010711945889295463,0.021633337784387762,0.009124554451739113
153,0.1120245671113155,0.6616899969001223,0.0003866287929444678,0.2044338508509658,0.02146495634465184
154,0.03261732022407502,0.922719631773704,0.0008991572254415279,0.03404274975420498,0.009721141022574258
155,0.07282330705464757,0.8450432127435189,0.0006000452594484616,0.06762836611813663,0.013905068824248508
156,0.05092329239394191,0.7990756873155733,0.0001656295648936635,0.12986549908686856,0.019969891638722766
157,0.07550181326966779,0.6911414905927535,0.00019159947981075304,0.21782690738913238,0.015338189268635427
158,0.11669954398570571,0.7337919667649327,0.00010447225012624318,0.08133694548931689,0.06806707150991842
159,0.3528452899431245,0.29204232114444206,0.0003409196930434817,0.3179113350358643,0.03686013418352578
160,0.321944668727312,0.37733350515531855,0.0003765447177438864,0.23927707016515976,0.061068211234465763
161,0.17095328247410013,0.7500174506817617,0.0005140023783393365,0.024206027610453828,0.054309236855344986
162,0.054583859555697486,0.8617178083704403,0.00066693842364604,0.06857207932562609,0.01445931432459012
163,0.05032673097042629,0.8386728251593347,0.0011674328617699012,0.090566412255205,0.019266598753264152
164,0.07879422381412843,0.5623546254365863,0.0004935015901483842,0.3280538464913515,0.030303802667785252
165,0.11620046315704627,0.4029961976403141,0.0005615742816319151,0.35364179149141184,0.12659997342959584
166,0.05564217608278619,0.029637427854051147,0.00011340008508905655,0.013844657458866943,0.9007623385192067
167,0.25430691621856066,0.07993172117134567,0.00033394809434032443,0.18220250782867756,0.4832249066870758
168,0.03619956751539907,0.8342683357336911,0.0029408023627851467,0.05473741326026408,0.07185388112786069
169,0.10625316974970299,0.5558668815086996,0.0009343921211266152,0.16305982046107642,0.17388573615939443
170,0.040452132267395184,0.03101656301187138,0.0002482324229469477,0.05913690440968705,0.8691461678880994
171,0.0852247335674429,0.09119886901350267,0.000683548222936611,0.13175889723578774,0.6911339519603301
172,0.15078660354186155,0.29041019585767924,0.002942887728375157,0.1319165771971619,0.4239437356749223
173,0.2043747696457294,0.10775598480501757,0.00038917765141080083,0.2719988192459018,0.41548124865194036
174,0.055280850946916774,0.6998820151070442,0.0029486615452452626,0.09750036631196413,0.14438810608882965
175,0.06376116743748486,0.07877322000458825,0.0006913143693909394,0.10881384833030952,0.7479604498582264
176,0.30578986454333357,0.08467947923178158,0.0005712267208770381,0.1778525917275037,0.43110683777650416
177,0.21596299119409187,0.49525081985163005,0.0015168036407711102,0.14617422154282114,0.1410951637706857
178,0.12928121397731954,0.7458085094773017,0.0016716648528931578,0.09411597120779051,0.02912264048469519
179,0.32244172609265676,0.15552639752804007,0.00022247210932963837,0.4622411109326824,0.05956829333729093
180,0.14299743845807322,0.38014146381378017,0.00033248633317055825,0.4437855235361849,0.032743087858791035
181,0.1062448180029105,0.6455046446238385,0.0011778344702223708,0.23262836292550695,0.014444339977521675
182,0.10713805686181709,0.8042729649475898,0.000552069569165514,0.08003076454916906,0.008006144072258576
183,0.03942650548401721,0.9049332185271274,0.013057399102262281,0.03673107984789738,0.005851797038695781
184,0.08250329753608793,0.6361011294372431,0.0005509162948706255,0.2640611932548594,0.016783463476938893
185,0.1074863307809176,0.7615416248920385,0.0022995298622843744,0.1168837587751342,0.01178875568962543
186,0.045231588749723196,0.8720189192216302,0.0037634839147622375,0.06959714271821958,0.009388865395665042
187,0.09191282097569366,0.8417006331176894,0.0009395863943455442,0.056614440176520765,0.00883251933575084
188,0.0223701921871577,0.9391502951861656,0.002612996140032834,0.03328617531154111,0.002580341175102925
189,0.09568783407695046,0.8222654423356203,0.0014544123619520278,0.055093074735420515,0.025499236490056726
190,0.13496103740574467,0.8139573383726362,0.0007098275764381797,0.035234442352457214,0.015137354292723738
191,0.02344719616628089,0.9583801640685321,0.007246132169623321,0.00848962548145556,0.002436882114107941
192,0.16837632372535602,0.7791029989164732,0.0008196621858778311,0.017534229993709297,0.0341667851785838
193,0.14424901411931393,0.8373858034412582,0.0039015531526576876,0.0028795307414212707,0.011584098545348934
194,0.01961840880771662,0.9610033029138729,0.016004791058661098,0.0006151888734657197,0.002758308346283551
195,0.006657435332076643,0.9734748232548249,0.017064855235934446,0.00038228934335048445,0.0024205968338134732
196,0.01153843904877916,0.9410693135084314,0.044475601891524975,0.0003124253890336268,0.0026042201622308836
197,0.004861623901299804,0.9605489454065015,0.032373590985478165,0.0010019748835751303,0.0012138648231455379
198,0.003341431214983103,0.9407310040268835,0.053513544427836984,0.001101837353077353,0.0013121829772189157
199,0.007177227504173947,0.9574316313665532,0.0325406427223005,0.0013563688448834724,0.001494129562088771
200,0.006549414812458507,0.953438619669977,0.03608161308421849,0.0010074036254177085,0.0029229488079282545
201,0.006292654543744701,0.8201303469654865,0.165472365417033,0.0012767614023053162,0.006827871671430616
202,0.00954048762433628,0.9581129660649808,0.02594732241780266,0.0011020128775087873,0.00529721101537146
203,0.013296581354824123,0.949664506069345,0.02224784675560895,0.0027957679260288163,0.011995297894193156
204,0.006651682679728785,0.9099719738838252,0.07858102423262697,0.0013545556695695358,0.0034407635342495143
205,0.007431036207379834,0.9225254529681817,0.06438311244574255,0.0017657114909252836,0.003894686887770562
206,0.02006742949622489,0.9444003697731028,0.023284107558176077,0.002358410913333886,0.009889682259162315
207,0.0042500920684233785,0.6725935078870099,0.3076024155962654,0.0009607279291313143,0.014593256519170239
208,0.06492053415724384,0.7619136883209331,0.10248780341219055,0.014498102101379572,0.056179872008253064
209,0.052925634833079965,0.8398980936644184,0.0669050682222698,0.004715115088334535,0.03555608819189738
210,0.0506395859222929,0.9014655038933107,0.03376755802635502,0.004309251034290582,0.009818101123750625
211,0.2784225366092707,0.48144987971231407,0.005126495691049114,0.03767780457450089,0.19732328341286534
212,0.4546378443803052,0.3060139521909624,0.0017356023812172047,0.03735397218501599,0.20025862886249915
213,0.12119887993006832,0.8267736694142757,0.019702362062040804,0.003010483003222269,0.029314605590392877
214,0.14607381911911455,0.7306546818620281,0.06935683670374121,0.022851423648781656,0.03106323866633456
215,0.21812101730640893,0.5337897315451651,0.010740470956681056,0.025895509366664106,0.2114532708250808
216,0.2136154690012187,0.6222813028172969,0.07322102130405266,0.01510568544396151,0.0757765214334703
217,0.19966752913972413,0.3672407164549502,0.014799591967989469,0.00837720391430921,0.4099149585230269
218,0.26089693722733404,0.4055643890406923,0.09941334851916664,0.01905268085258004,0.21507264436022697
219,0.06916687602888272,0.8150052041551208,0.0777777589761789,0.005060660392775427,0.032989500447042214
220,0.3205113712481524,0.4765222326893917,0.022959010936708737,0.019645570114998283,0.160361815010749
221,0.10963026158022444,0.4972137094170409,0.037163372237336574,0.02919411752386979,0.3267985392415284
222,0.031240172503169378,0.8791260752997535,0.07340539174842421,0.005549062273781281,0.010679298174871728
223,0.05107042045129071,0.8807954930525247,0.020611021846794864,0.007937114730141361,0.0395859499192485
224,0.2419926239731237,0.5084443393342614,0.016213437651336236,0.11107355043868786,0.12227604860259095
225,0.13369987884629767,0.7644002166868313,0.029738250307433316,0.0401439853433005,0.03201766881613721
226,0.25878142686264355,0.6072187810845998,0.044565954445774755,0.04464766445093735,0.04478617315604448
227,0.2913241893691618,0.5895262369342908,0.056607698460795754,0.029561230950253387,0.032980644285498045
228,0.39260124554178666,0.35742305173794214,0.003203275920919087,0.18548049403849892,0.06129193276085333
229,0.13030661338085664,0.7722269151903166,0.03375457290540371,0.04118285029942393,0.022529048223999166
230,0.15495575581637677,0.755417171636122,0.03739549243676493,0.035336160663906144,0.016895419446830245
231,0.03911280336002489,0.8143555247670874,0.1313095530375959,0.007275758748844965,0.007946360086446898
232,0.054163902215959424,0.8743104336765671,0.020893556251476573,0.013927951551988418,0.03670415630400838
233,0.010673955991942857,0.9010500981394713,0.07660258403818118,0.00519308738097366,0.00648027444943098
234,0.030328832133994545,0.9286180525922976,0.03525951379749947,0.002798268797556914,0.0029953326786514183
235,0.07706578373713115,0.8700818798190414,0.016468587089333624,0.008360409482248591,0.02802333987224543
236,0.13733088913914795,0.7914676151061247,0.05991920086110697,0.0038802287857678795,0.007402066107852429
237,0.05426776138353714,0.8772900405040086,0.052853155747767694,0.0030753357132200622,0.012513706651466434
238,0.02613836964361807,0.9141904581042154,0.05031657965267597,0.0017238622818604855,0.007630730317630064
239,0.0578360932396862,0.902124853089913,0.03373068883933053,0.00232720358817633,0.003981161242894126
240,0.009017970961172647,0.8746611169785397,0.11252306198419414,0.0014700894003925073,0.002327760675700905
241,0.06055027735334831,0.867652322566854,0.04826323191609931,0.003613908328230659,0.019920259835467812
242,0.3502587627551062,0.36080369197791184,0.010060564543695602,0.008193860055937916,0.2706831206673484
243,0.06853552017379476,0.8897172181287692,0.033647385686910294,0.0007762925322380399,0.007323583478287791
244,0.10218076236449486,0.8740252090276623,0.014366142554683074,0.00120688063450261,0.008221005418657288
245,0.033034237921499184,0.9123237910452802,0.04357198249261453,0.0007302062315026924,0.010339782309103403
246,0.11393457138229209,0.2262255482651684,0.006272024979337078,0.005593982982054926,0.6479738723911475
247,0.11794911847986851,0.6401027313848131,0.016149568970128356,0.0065388814905650685,0.21925969967462483
248,0.3155051810473264,0.6531723173564068,0.0111090314655533,0.0013066987260534138,0.018906771404660298
249,0.12308092041063558,0.8494544907443231,0.015022924974477193,0.0010817581240216037,0.011359905746542463
250,0.23877751281632334,0.6856670014917695,0.005528301259787082,0.02911006396728319,0.04091712046483692
251,0.06876463698605478,0.8774436823890394,0.041491938147823926,0.003075589603704047,0.009224152873377847
252,0.1397951096870714,0.8082675921914415,0.011364431552479069,0.00827293310333416,0.03229993346567394
253,0.07825810633925703,0.8838772020669585,0.03410092777265936,0.0012538949404219835,0.002509868880703072
254,0.1452736833223437,0.8005149433909572,0.037622348492561075,0.0064152834195928795,0.010173741374545199
255,0.08802369084391566,0.8709794406003455,0.014061588087754586,0.009450857994074675,0.01748442247390956
256,0.036770726512611235,0.9092198302362979,0.048909322796122354,0.001386321733073258,0.003713798721895377
257,0.06994159775179852,0.8623224057617358,0.0624916742607315,0.0012619656952197157,0.003982356530514238
258,0.0535334114053785,0.9043047142703527,0.03898493928941397,0.0010235201544579425,0.0021534148803965913
259,0.008734288708131714,0.9419868488959896,0.04443222226637365,0.0005798759497904495,0.004266764179714391
260,0.04585034946537525,0.9010867854307052,0.044234084207391874,0.0012556703000563586,0.007573110596471391
261,0.004935895373848897,0.79082188136489,0.19990650664106968,0.000762032895003405,0.0035736837251882977
262,0.009398098300343929,0.5438844313837168,0.4427200616668287,0.0007960272566616817,0.003201381392448937
263,0.00395783140219556,0.7935343072422997,0.19894983463498708,0.0006313521281775484,0.0029266745923398987
264,0.012356056806735004,0.9071510575383419,0.07667570072163199,0.0007554850635587936,0.0030616998697323454
265,0.008285020475512042,0.894284332418214,0.0933523571658593,0.0009623294320724112,0.0031159605083420747
266,0.0590822723107045,0.8974993198304375,0.017201852878861532,0.0022441862156562585,0.023972368764340078
267,0.15531739043838694,0.7823603326767224,0.0261178615172418,0.0018461322489607627,0.034358283118688215
268,0.017364616603048486,0.9293901251769521,0.047619265212590585,0.0006270400213708727,0.004998952986038219
269,0.055340520030908176,0.8935962167135029,0.023319680582796758,0.0013684865480871778,0.026375096124704928
270,0.024586456102312363,0.9222747590472788,0.04899784051026639,0.00036557674137035513,0.003775367598771833
271,0.0023876609017835647,0.9142408179919304,0.08076888197986075,0.0002558826682239996,0.0023467564582013408
272,0.010155647812886338,0.9553073209873061,0.03267980817133369,0.0003292983026112439,0.00152792472586279
273,0.020332285334885878,0.9573549330618933,0.020417454493339784,0.00032993940828010554,0.0015653877016010014
274,0.005198585543117041,0.904043151846353,0.08758316254369135,0.00046387513338264747,0.0027112249334560693
275,0.006524956120933407,0.9253874156078807,0.0666680514261209,0.0002844882272344931,0.0011350886178306736
276,0.008178346245073246,0.9488402259889885,0.04165170656212585,0.0002948380615043349,0.0010348831423081938
277,0.00929752327843973,0.9305464819896927,0.058240723882646325,0.0003686988332795376,0.0015465720159417824
278,0.00464190317785656,0.8540207912291604,0.13885688232829488,0.0005008124391056736,0.001979610825582375
279,0.019010495236899426,0.9051455644897684,0.06917303918138724,0.0010930893181912945,0.0055778117737535216
280,0.011653030502900678,0.9322984699708713,0.04669718177014368,0.0015553308156355753,0.007795986940448736
281,0.04513377590319679,0.896344652303533,0.035018084962153986,0.0032847982730266497,0.02021868855808976
282,0.07906336545785035,0.7376521620528498,0.04026137683534804,0.011176766171675718,0.13184632948227612
283,0.2039843899657154,0.09689776900275274,0.0014324742923433297,0.026746400677739594,0.670938966061449
284,0.10821134053720638,0.04785272963567874,0.0006960205968957228,0.004668216418734706,0.8385716928114844
285,0.24364140508961338,0.16978166527927707,0.003911785782961694,0.026561569740445032,0.5561035741077027
286,0.34494146472907516,0.5388410619344741,0.04617047572074696,0.008665930491858688,0.06138106712384493
287,0.34813905481785656,0.45867974855300814,0.003136243098252606,0.08467311678730136,0.10537183674358125
288,0.20448998256515225,0.43580260800799214,0.011450171983884436,0.1175403393996025,0.23071689804336865
289,0.08263262022438997,0.8126663147667097,0.004233574511001179,0.06592591278560618,0.03454157771229325
290,0.2724662214445057,0.24997777020491407,0.006380412812788181,0.09513490658714664,0.3760406889506452
291,0.2972638912619742,0.3380779951983687,0.0008803350103023758,0.036967710106746196,0.32681006842260857
292,0.022222110697362945,0.9535255478206859,0.002496096487281106,0.006755893494963826,0.015000351499706278
293,0.1370290033609437,0.7370036043046014,0.029435546761359142,0.010525521032486614,0.08600632454060908
294,0.2772301981616373,0.4390565334628112,0.010663366391643088,0.06235154500489959,0.2106983569790088
295,0.11982085164074047,0.7991802974250958,0.009126567444499922,0.01772306614898498,0.054149217340678964
296,0.3589902024334817,0.10538683167002705,0.0004924150957335201,0.015457884350276391,0.5196726664504813
297,0.4880102002295445,0.4224456961254699,0.0060978368159549535,0.01420638755994637,0.06923987926908429
298,0.273111604423984,0.6876554302311569,0.02040936237110145,0.005685944789152148,0.013137658184605414
299,0.19180665682923906,0.757605202005715,0.015852080086083523,0.01744722333700384,0.01728883774195862
300,0.09834019211676812,0.4714486837466101,0.378864421963333,0.03331053995531439,0.018036162217974484
301,0.05191049952608909,0.3390147459878454,0.5649271327441661,0.027312341544340778,0.016835280197558703
302,0.05806576221815807,0.3998031232145249,0.43391841714616797,0.0908453101344769,0.0173673872866723
303,0.09848039342360547,0.20054118290919398,0.13373973667435632,0.5036407315284984,0.06359795546434571
304,0.06157667775848259,0.11923501218475448,0.008552439548244289,0.7722382648897267,0.03839760561879189
305,0.037513405031025425,0.1890271871280587,0.006162197467286117,0.7591572565659163,0.008139953807713438
306,0.07731890216624733,0.0839186692646157,0.0012382320505945651,0.8246562670525179,0.012867929466024608
307,0.08823533854689788,0.06342384307323728,0.0021661243692911135,0.8026967834175994,0.043477910592974435
308,0.06131111139966584,0.014976911318450718,0.001296261941987857,0.7024576867029669,0.21995802863692873
309,0.07091048908808015,0.020862791969697373,0.0022048656470447232,0.8088425506989182,0.09717930259625944
310,0.08969470446704904,0.029225489786107946,0.0014433101656029527,0.6553459464958102,0.22429054908542978
311,0.12882978852978544,0.038588516123664145,0.002206734400943784,0.7379241597234679,0.09245080122213867
312,0.08769682765744315,0.06058289801120568,0.001003439731902919,0.8056173295973117,0.045099505002136525
313,0.20575323027276743,0.022071448971758955,0.003182058645827832,0.5551919205438962,0.21380134156574962
314,0.21981341268579152,0.027631799750898477,0.005964966435455425,0.2929836708841722,0.45360615024368245
315,0.1448739579376005,0.03294870809398813,0.006663253070114279,0.10146340635146335,0.7140506745468337
316,0.11751572095529723,0.01790402400932563,0.001438973431263969,0.8348713331884938,0.028269948415619403
317,0.08964940114764454,0.04104219390945225,0.002676909123143898,0.6631868972108812,0.20344459860887812
318,0.10561434958644132,0.029928982890829382,0.002604424612627072,0.6593723065719853,0.20247993633811695
319,0.11699626567850877,0.04211894393108765,0.0018754253453353534,0.6820524400692437,0.1569569249758245
320,0.10155843687240936,0.02069584478395799,0.0042985777848418396,0.2729356307892196,0.6005115097695713
321,0.07382465757797232,0.011114671355959692,0.0017406438115765285,0.22254676456145828,0.6907732626930332
322,0.11814917435371214,0.041350532677580494,0.008483413607755856,0.4649044194421029,0.36711245991884855
323,0.12088561433649399,0.03218171508944913,0.008826182328685034,0.7471261075687257,0.09098038067664624
324,0.05555079101618878,0.02384884576541213,0.0015047939157833436,0.8638362721480592,0.055259297154556644
325,0.11775556363653152,0.015190047448377084,0.0018747455782223154,0.6443395117813431,0.22084013155552595
326,0.054302799060155414,0.023945774748556893,0.0007218440823924757,0.8424789802999568,0.07855060180893854
327,0.1635565779680723,0.021209293124168502,0.008767877637758244,0.4451417354473827,0.3613245158226183
328,0.07877241390835506,0.030241131127029794,0.008076429904717826,0.26422626547989764,0.6186837595799997
329,0.13918541718463653,0.0465421938752556,0.0032955261954122164,0.47580214592987485,0.3351747168148208
330,0.23241713312120127,0.034642248172929845,0.002897174874792944,0.4391184309902294,0.2909250128408466
331,0.14898815122680473,0.04147175301289286,0.0023650046055354776,0.5035961603910837,0.3035789307636832
332,0.5019802887069604,0.05860008590967319,0.0015644982262723016,0.28432026800346194,0.15353485915363219
333,0.15875615023005746,0.00949830060676407,0.001953231901970257,0.09631798731105597,0.7334743299501522
334,0.1782420941964932,0.04268853585170353,0.0036347442921095333,0.5501571115346092,0.2252775141250846
335,0.16416462035956408,0.011542811477788018,0.0023755977054617677,0.16579854876281286,0.6561184216943732
336,0.04189777796118984,0.012580373532041307,0.004027151332513379,0.22028177498986307,0.7212129221843924
337,0.046653571019951746,0.022935481607946815,0.00931401925131906,0.29969087537966466,0.6214060527411176
338,0.08154331471509783,0.0254138672004699,0.00910954859077958,0.6325534807411889,0.25137978875246364
339,0.12018005757916253,0.033173511811423466,0.011070904297419646,0.7222677807796769,0.11330774553231747
340,0.051901743662911295,0.012810750987788418,0.0022715922661578417,0.8711094355092543,0.061906477573888105
341,0.026740820864720904,0.00402193717748262,0.00032652768340967646,0.9315826017958765,0.03732811247851041
342,0.058024804960389156,0.01987094938076687,0.0006430626569006274,0.8976596465663679,0.023801536435575373
343,0.3631351920124708,0.029498466976792277,0.00393566128962429,0.35557909908663493,0.24785158063447765
344,0.14822915059511232,0.050156746986059556,0.0016916015764948244,0.6873960909281438,0.11252640991418951
345,0.1986368392809145,0.020276071528788586,0.004036791761164203,0.5182181591449817,0.2588321382841509
346,0.07604785577245829,0.029292313493745954,0.0066265419632761625,0.5356353549818419,0.3523979337886777
347,0.049829259456109734,0.022286215726913926,0.002329345339957555,0.8735879175661553,0.051967261910863295
348,0.07108349214043636,0.029419702466475694,0.004440665709405671,0.44329687602497997,0.4517592636587024
349,0.14242877335632317,0.043534927424405546,0.005394350382301469,0.3682298884293665,0.44041206040760333
350,0.2246488589951102,0.05289021425232311,0.0008700086771049427,0.07883491284362505,0.6427560052318366
351,0.30740905334125807,0.15917685859688518,0.013076644792550296,0.28753916947994573,0.23279827378936088
352,0.45738935129060565,0.20673611438002137,0.03330153382369785,0.1591463831358553,0.14342661736981988
353,0.2862113787046146,0.30114838002198946,0.025048171652639045,0.20434184022970275,0.18325022939105412
354,0.32492162591167784,0.3986496806213015,0.034471482949163766,0.18060774123906095,0.06134946927879604
355,0.18970985792802236,0.6818177218919351,0.045373095666518974,0.052550953011541925,0.030548371501981687
356,0.08863511400099855,0.7974857262434155,0.014272137380821538,0.08404589440017016,0.015561127974594396
357,0.03138929643282269,0.9420567977388515,0.017273474556534975,0.0057733384626523394,0.003507092809138453
358,0.03858522012718148,0.9350873334001669,0.018447475370570503,0.0033301433626122317,0.004549827739468821
359,0.04410989545039481,0.9351831373163628,0.012729678825838775,0.0017824335882139805,0.00619485481918967
360,0.019247506687952255,0.9421344275267503,0.03529061047648239,0.0010143119518857438,0.0023131433569293317
361,0.11999886127779473,0.8202277121770921,0.020374014997755124,0.008581408543709024,0.030818003003648956
362,0.055707180462239415,0.9244251975821471,0.011330740010627519,0.0016291646189992711,0.006907717325986466
363,0.03700889659696505,0.9182420660870408,0.03649360130137255,0.001633421555084583,0.006622014459537049
364,0.11816704739454506,0.8452941143473821,0.018319429671442254,0.00598908887813938,0.012230319708491358
365,0.17923289758132502,0.7262632383515784,0.020221957005586592,0.02102812450673579,0.05325378255477443
366,0.04489461024897289,0.9122472891422846,0.030384710151763965,0.0022641033549546763,0.010209287102023802
367,0.09686124598801119,0.8028866007333271,0.045402125297446416,0.007155385605819901,0.04769464237539547
368,0.13962051550702018,0.7996425347732649,0.0030460644930804383,0.006251616072878528,0.05143926915375608
369,0.05389519503988801,0.923491698279429,0.01663780862571256,0.0011933538158164288,0.004781944239154048
370,0.051503507504563915,0.9060045348159477,0.038925051472396686,0.0008585561209324782,0.002708350086159198
371,0.09277217072110935,0.8824940979663618,0.019875817219056912,0.0014532681831924252,0.0034046459102795687
372,0.031653129357965264,0.938950077400765,0.020502521181603207,0.0026882366754188377,0.006206035384247746
373,0.01166502648909352,0.9356527377386781,0.048039825411037455,0.000781268622304042,0.0038611417388867476
374,0.010595643941625954,0.9113426741708393,0.0755539075020759,0.00046871933484863594,0.002039055050610164
375,0.013313610714414675,0.9248731350455764,0.05728236873422449,0.0009507954972835746,0.0035800900085006296
376,0.004962966037156182,0.9496689241870797,0.04350043435674348,0.0003057728180918209,0.001561902600928821
377,0.006739050110117739,0.8810605353195928,0.10673954472911658,0.00029355674915729386,0.00516731309201553
