epoch,N1,N2,N3,R,W
0,0.16527524509836644,0.004219400127017263,1.3417581550186287e-08,0.0021022250203192204,0.8284031163367156
1,0.17672437289350715,0.003783616997548417,2.4692417933448835e-05,0.0014230690967366978,0.8180442485942743
2,0.011648374415700267,0.0031965293044107796,0.00020583704394722254,0.0018967088266858788,0.9830525504092558
3,0.006177527912612876,0.0020405016420390358,0.00023185756344421587,0.0006876765812589463,0.9908624363006449
4,0.009044733027273112,0.004790082452782017,0.00028076745429656404,0.0020749656525674335,0.9838094514130807
5,0.002303733949244744,0.0033549583031037724,0.00034514844809960173,0.0008347587428013916,0.9931614005567504
6,0.0028916821471607246,0.0036418019713585982,0.0002621398939894246,3.332203716315398e-05,0.9931710539503281
7,0.00037997422819677326,0.0024869859640479,0.001212827929441983,6.204209822761917e-05,0.9958581697800857
8,0.004789029885594452,0.0058552896767571656,0.0032549139857981552,9.855618493949457e-05,0.9860022102669106
9,0.11132914495196163,0.042715281743388754,0.0027911946299252087,0.011194162014162713,0.8319702166605616
10,0.06701221480268092,0.01816386125709687,0.0003023509781883782,0.0037808932468557112,0.9107406797151781
11,0.1519331762938313,0.020170317087391715,7.675169979379084e-05,0.003364502159047611,0.8244552527599357
12,0.06096963131791479,0.004889683719688105,0.006430458691605533,0.0011505378438682588,0.9265596884269233
13,0.09375085658396091,0.02651491533700709,0.0006690249195348795,0.008512843284218636,0.8705523598752785
14,0.24227043218419853,0.046883262241274384,0.00011537217266115346,0.017053958427021575,0.6936769749748443
15,0.40839837721094235,0.040651906780637466,0.00032380872917072193,0.027349115242057496,0.523276792037192
16,0.4268990687076263,0.07559291429549773,0.0001925763362253089,0.04986612985253308,0.44744931080811773
17,0.21031348334497796,0.0807629669155482,0.0003400287077605989,0.04737961638256158,0.6612039046491517
18,0.020955915436532475,0.0011848641124605113,6.9578228755388745e-06,0.002954275696233708,0.9748979869318978
19,0.1494216608212257,0.015324193149126005,0.0001541285659364581,0.008220215829773406,0.8268798016339384
20,0.024096585656850238,0.010717408201082737,0.00014708703415009221,0.0017040030300088077,0.9633349160779082
21,0.09602450731976594,0.024080132044234072,0.00018152469473759603,0.0016338296706774798,0.8780800062705849
22,0.0717214776613641,0.10314180905003746,0.000850615843540084,0.013995126471575133,0.8102909709734831
23,0.0064049924812723796,0.0012285205711769092,2.8947797136923993e-05,0.0019570000850625334,0.9903805390653513
24,0.07189924914456762,0.029947979925720607,0.0013181512188940297,0.00099988161054432,0.8958347381002735
25,0.0025313165413788836,0.00034238738302982816,2.2462764422191093e-05,2.1846516327549577e-05,0.9970819867948416
26,0.07358981545693942,0.0498106929887837,0.0016972091103837897,0.00033348584376306756,0.87456879660013
27,0.03614384291323985,0.1228694553223956,0.002153159736759304,0.0016728584997677412,0.8371606835278375
28,0.11556365427703484,0.03722849833421284,0.000766688921285144,0.0019241307415378225,0.8445170277259293
29,0.09501227770898527,0.10847871153696358,0.0007313012428604756,0.008007735300791106,0.7877699742103995
30,0.23855426806727434,0.4742473321262979,0.0057752507745374455,0.005692819337225212,0.2757303296946652
31,0.01184443139534391,0.015843598252152428,0.013282633714599805,0.000301871075157538,0.9587274655627464
32,0.26875042499153406,0.1409577305622355,0.0006622122870429444,0.003909554578451532,0.585720077580736
33,0.213674934546328,0.28273344837727965,0.005509172141182641,0.0038214634121893415,0.4942609815230202
34,0.44849898119663123,0.4115892632368253,0.0012583794834547003,0.003803074841565888,0.1348503012415228
35,0.3861396081408512,0.3124193042896923,0.0014974139064199534,0.006717019510220534,0.2932266541528161
36,0.012498014849567656,0.00805563039133555,0.0002070050084035651,0.0004256743093656284,0.9788136754413277
37,0.277270984997186,0.22658218571261862,0.002354323502050336,0.004795735024511725,0.48899677076363324
38,0.4075627531890895,0.191804294252252,0.017767763076528185,0.0042924857547712615,0.3785727037273589
39,0.38651363365304486,0.24529156326606094,0.014444846096272593,0.008115064339881337,0.3456348926447403
40,0.006849317506068693,0.01194327670321186,0.002298843295493373,0.0002611115111189989,0.9786474509841071
41,0.18648817865768527,0.09894223565889343,0.0024356340261102653,0.007174907690778149,0.7049590439665328
42,0.015130329661297622,0.007916709974238047,0.00195625667860249,0.000976958852538716,0.974019744833323
43,0.1102592170110226,0.05849708385257897,0.0006162063119135342,0.0010017103160743818,0.8296257825084105
44,0.3894869504415305,0.14780067974034505,0.0013408579176423586,0.03529939399989691,0.42607211790058525
45,0.056057763073077825,0.002496567670720918,1.8830561905697045e-05,0.0012561599453670793,0.9401706787489286
46,0.5257695999798407,0.12157724778114036,0.00018542305830696265,0.01215206092567328,0.34031566825503873
47,0.12958188137566676,0.047335640773503405,0.003381477277731981,0.0019632212642511104,0.8177377793088468
48,0.7952404355965144,0.060777646202610794,0.0011483875724464592,0.003033391824432298,0.13980013880399617
49,0.2854950545629411,0.5526158108411238,0.006939712926199257,0.03016407586090806,0.12478534580882801
50,0.28139682553849216,0.10946351460026774,0.002671570453376782,0.007825640523711102,0.5986424488841522
51,0.35016886980219125,0.4098427578062067,0.012680899837430173,0.01844600095352993,0.20886147160064178
52,0.014684338999863057,0.019618362001287224,0.0006747698515961726,0.00023500361243104166,0.9647875255348224
53,0.46479975839789994,0.4093815670811374,0.002437354796610787,0.005843412661648658,0.11753790706270316
54,0.5358417611743864,0.4031139254853149,0.0031661689173796493,0.006956503546774079,0.05092164087614496
55,0.3208547411365207,0.5629885428890135,0.002785431718169422,0.011838056506386786,0.10153322774990958
56,0.07564363857201149,0.757012900592927,0.020339196006530464,0.008878451088762286,0.13812581373976882
57,0.04571404041970413,0.03196284930316486,0.00014292911772814242,0.0036511793686707906,0.918529001790732
58,0.21557178594401238,0.30078672834791237,0.0020061756522145625,0.01124494819722205,0.47039036185863864
59,0.280316511051583,0.11928926100684606,0.000687596670883079,0.012150563272844446,0.5875560679978435
60,0.46544576595857445,0.2404659294941311,0.00042065909878093074,0.022752037741288207,0.2709156077072253
61,0.15402778577661794,0.5713348944965384,0.007171221156449958,0.0019091613339786754,0.2655569372364151
62,0.49542213808548846,0.11500669741027,0.00036097381367645814,0.031274093461555956,0.3579360972290091
63,0.1428706197549001,0.31313258209103945,0.00570288923540856,0.0011291678906425746,0.5371647410280094
64,0.019128802660165714,0.017556778046107148,0.0014425160270918613,0.00011726369969389697,0.9617546395669413
65,0.1688050768513289,0.07820700576741951,0.005863208749451569,0.0006569492164488963,0.7464677594153512
66,0.21577811565834434,0.019462386911748744,7.816584613462005e-05,0.0009321945585853964,0.763749137025187
67,0.1451407399039581,0.0255112698538613,0.0015011676079245912,0.000543449212682941,0.8273033734215731
68,0.4822333599917323,0.22161664445091928,0.001369735085979798,0.005936147894693263,0.2888441125766755
69,0.21162291542700698,0.06817224554239401,0.0022087205869686785,0.0005451302428735807,0.7174509882007567
70,0.5492574615999338,0.20354231890905222,0.0007454037900495801,0.001439919792851237,0.2450148959081131
71,0.15446461675342862,0.11191450391943886,0.007428890596185315,0.0006168005933839928,0.7255751881375633
72,0.3741153025517376,0.26559954083347687,0.007791599476160138,0.002052631760851586,0.35044092537777394
73,0.5498175865492638,0.08093315018970801,0.0001004059578595875,0.0016001345025368438,0.3675487228006316
74,0.624692122251841,0.1790302554166177,0.0043043475487199705,0.0021482079314218577,0.1898250668513995
75,0.20643541892049444,0.7467738439676082,0.006449197256021991,0.0027229691997944774,0.03761857065608104
76,0.21963389545382306,0.733552148195369,0.022568378582650005,0.001634878364334493,0.022610699403823528
77,0.04509349221450084,0.9096374193639977,0.016140126169312284,0.015588177490462268,0.013540784761726996
78,0.0390459908365244,0.8881879867126364,0.05158135671515564,0.006829895786705881,0.014354769948977482
79,0.20722096117763783,0.6215612068862545,0.01427392203626864,0.004648503651466023,0.15229540624837298
80,0.02474920141039821,0.552434131956789,0.19306656272265138,0.0020701678790980933,0.22767993603106323
81,0.04876781827446291,0.03427801617497944,0.00026456923273242034,0.0012411957783894615,0.9154484005394359
82,0.6203952489647988,0.2722216644155596,0.0017542505085600508,0.008550906449073331,0.0970779296620082
83,0.526853324819029,0.16533072454517764,0.0003393938361731227,0.01799921402249938,0.28947734277712084
84,0.03823280115070261,0.02373129148001385,0.000591539072338805,0.004129729701491838,0.9333146385954529
85,0.3946284903568466,0.05289047432033711,0.0017343517901029302,0.006457511615524546,0.5442891719171888
86,0.32736874211125233,0.22629698900254366,0.002578898552713661,0.019965444144229127,0.4237899261892614
87,0.1949238776394426,0.06206590815993256,0.00022806487663850435,0.01484962817184581,0.7279325211521406
88,0.3064865075687648,0.20448202386306472,0.002853214139962421,0.0052584456753747896,0.4809198087528333
89,0.12090650931209039,0.1998583787848653,0.004010980923048266,0.007732841772354067,0.667491289207642
90,0.17586771252702857,0.14152417205402296,0.000532012346340906,0.00444238018585213,0.6776337228867555
91,0.042493032065011725,0.13625743552563396,0.010401350408018574,0.0011230704056247455,0.8097251115957109
92,0.018965522221056796,0.015980485732882736,0.0007450997617085503,0.000627701454433605,0.9636811908299182
93,0.005083258062955479,0.020689825357939468,0.00842574656745673,0.0003289312545218351,0.9654722387571265
94,0.02133258219917158,0.001300535741090811,1.3248165373730088e-05,0.00018422931554113874,0.9771694045788227
95,0.3451490836372287,0.03904046428994496,0.0007880153712487214,0.0010016444689401596,0.6140207922326374
96,0.05510086352674064,0.007296970422819953,0.0008192835274372708,0.00017896736534287353,0.9366039151576592
97,0.2834961089370557,0.06157420644827795,0.0007678881805234809,0.003540675125011552,0.6506211213091313
98,0.05897078374209744,0.110663225225965,0.002007330282154706,0.0004318140974667725,0.827926846652316
99,0.11255220998228005,0.10089674701826896,0.07595499801265529,0.0013283760369904515,0.7092676689498052
100,0.18303749954356507,0.3195598283201136,0.22890437186622353,0.006660235153040201,0.26183806511705765
101,0.09516783367746416,0.14920725290534573,0.1865381930735174,0.002586622398803294,0.5665000979448694
102,0.15715085363314651,0.19608978527372406,0.09349260598107652,0.0016676513675389435,0.5515991037445139
103,0.3775871750573435,0.4552881566413219,0.045260565753024395,0.016142446926886694,0.10572165562142338
104,0.02575114602633184,0.04662947461345247,0.07634314231297817,0.004370723365295533,0.846905513681942
105,0.0496932789467744,0.1887649558544602,0.0769455057946507,0.0029144990505302476,0.6816817603535845
106,0.09920215611695331,0.637666116977501,0.12004316364513302,0.01208169666630235,0.1310068665941104
107,0.37775391077973147,0.3604559487318826,0.07920159066411149,0.002506224060957758,0.18008232576331662
108,0.011162723661881764,0.0711891282688344,0.6974381539887403,0.0006854192872243977,0.219524574793319
109,0.01909709060612754,0.0803587386550263,0.6967268318110488,0.0006755123140946592,0.20314182661370273
110,0.056946582423196446,0.12211038397597701,0.14269953738311814,0.002016507267711248,0.6762269889499971
111,0.2684013670654634,0.5217074687256271,0.1253823764406507,0.0034300028936317954,0.08107878487462701
112,0.06331033670770249,0.794670251159998,0.11445120401197102,0.0019999422495424377,0.02556826587078616
113,0.44523140263985495,0.49526276769445454,0.017724912262182993,0.022037386476991987,0.019743530926515748
114,0.04253218863783966,0.8775006224163014,0.06525664261565192,0.00218574113216785,0.012524805198039293
115,0.08493182887797011,0.8435060318644513,0.05524297877868154,0.0018789717307666212,0.014440188748130656
116,0.06846098226394205,0.9085604206127083,0.011323676356028232,0.006143841357943419,0.005511079409377855
117,0.231094520483537,0.5639887384604412,0.01149665777707276,0.0037020909910263737,0.18971799228792255
118,0.46738797503336277,0.44642696424764583,0.025983703943761226,0.002432166894140242,0.05776918988108995
119,0.3261445872713058,0.6071814541692319,0.05165152795780819,0.0030971356304515234,0.011925294971202618
120,0.10579816668859764,0.719521267382538,0.17039929224668718,0.001001556029784434,0.0032797176523927654
121,0.0061451888924858155,0.4375766354029438,0.5501186421173486,0.002325112914626269,0.0038344206725956236
122,0.01453635702235622,0.40106338033910055,0.5538388224571532,0.01840108728797433,0.012160352893415754
123,0.041940095716767815,0.7152249433955989,0.22362518246307342,0.010009021867974177,0.009200756556585792
124,0.05190699139003925,0.8364758407079447,0.09381017720716055,0.013046852669820341,0.004760138025035133
125,0.15202712913560382,0.7916834347306314,0.019585147343961586,0.028689268007712612,0.008015020782090578
126,0.055931525656437275,0.8597936088740646,0.07519605618439368,0.0026613563523263453,0.0064174529327779275
127,0.13653589821450332,0.722312122906408,0.09454424696784611,0.0009961988052360053,0.04561153310600656
128,0.27631354057724494,0.7082648859223172,0.004596054646163326,0.0015349310135488621,0.009290587840725596
129,0.17458004270056954,0.8015995430353914,0.0032846945993644763,0.0006516782243428917,0.019884041440331745
130,0.17916585430087587,0.7746864631231909,0.027349222116923713,0.0006383857380423897,0.018160074720966948
131,0.23850092603962844,0.7333937248551818,0.002071793429182217,0.004863220072359837,0.02117033560364774
132,0.16179349774619708,0.763602141098945,0.013608589484547799,0.007992458848837165,0.05300331282147276
133,0.34301026392885414,0.527797745286666,0.00720364139491985,0.006378434291023815,0.11560991509853631
134,0.38964601992109865,0.5857563493424924,0.0025266733348987412,0.010067170456235376,0.01200378694527486
135,0.06007144479419641,0.16910403540272165,0.09878222106755903,0.0009419957433985754,0.6711003029921244
136,0.6733860369555105,0.2733872559683448,0.0021820598368153606,0.012552453445149915,0.038492193794179314
137,0.44554121038434097,0.28400605244096383,0.009542908738261609,0.006559688570635597,0.25435013986579813
138,0.36845303354387476,0.5631881184806913,0.003831289476403455,0.006805810131466891,0.057721748367563636
139,0.22097403485057737,0.7203906863931178,0.005675711975670035,0.03167187505557198,0.021287691725062882
140,0.26348163198477853,0.6230870700168519,0.0037825158077330685,0.03641571828916491,0.07323306390147157
141,0.4493628414651711,0.4100036401670957,0.002903192906629041,0.06482413827786394,0.07290618718324003
142,0.612337811958126,0.2548605932888899,0.0005678851728862775,0.029571242094168514,0.10266246748592926
143,0.4563989674972334,0.48792705145212684,0.0011239441770202498,0.011746820499622189,0.04280321637399722
144,0.3937570769108303,0.5293982075808249,0.0015391302027143383,0.011025170786936218,0.06428041451869426
145,0.4242295247405897,0.26096634521002776,0.004909715662567239,0.005357157587954529,0.30453725679886073
146,0.3404298005401004,0.20921775600709552,0.02908111084635659,0.0025424351173811205,0.4187288974890664
147,0.25583585574294004,0.6432646636648195,0.010849748853993568,0.0025452370161785226,0.08750449472206842
148,0.19259216759331307,0.7748878477246584,0.006370367304380012,0.0071421026717061005,0.019007514705942363
149,0.11538956141846632,0.7552976042992119,0.06133718290100017,0.0013752858257254233,0.06660036555559608
150,0.031110809102650232,0.8244137502547485,0.13917350951695392,0.0013115578949292853,0.003990373230718012
151,0.2581280459096365,0.6869880581116744,0.004616730033502057,0.011959967933792195,0.0383071980113949
152,0.04759883313432891,0.42573048176225525,0.40894730560219694,0.008223306616952955,0.10950007288426594
153,0.3288445963402694,0.373661996160993,0.01969056392448785,0.02483900265979678,0.252963840914453
154,0.09224651875691113,0.8577950572949902,0.025106629118606453,0.00655449622087148,0.0182972986086209
155,0.3896183037256948,0.4745618228332668,0.005927871756239855,0.03146798946394738,0.09842401222085115
156,0.093469430026312,0.830557739072417,0.03374758333837007,0.006972739815249726,0.03525250774765126
157,0.27759065727615007,0.15638618434144863,0.02167078062534643,0.013053528252195704,0.5312988495048592
158,0.26741663877195837,0.40643030349667314,0.05576195481581535,0.01078519286095938,0.2596059100545937
159,0.15468740382370944,0.11773610499408228,0.3367519549298631,0.00869213955734788,0.3821323966949975
160,0.3249251114775985,0.4934537934542745,0.028003180585908734,0.0751465798559681,0.07847133462625028
161,0.21243107917016385,0.2973400869462825,0.0016936510073246828,0.015561755485809568,0.47297342739041937
162,0.28118936058723654,0.5829494154779635,0.0029633071667982073,0.037114603637907514,0.09578331313009408
163,0.08968573578435478,0.1555728065732703,0.014954619700616087,0.01817880304501711,0.7216080348967417
164,0.7169241710497032,0.18256542651242455,0.00040612443994653943,0.015418800193553395,0.0846854778043723
165,0.558824570905889,0.04897292391278991,0.00020455278046971386,0.013102010146900307,0.3788959422539509
166,0.6375072204707263,0.2731888690945373,0.02621306197906538,0.009376830026875557,0.05371401842879547
167,0.6374583390349177,0.2998996204734609,0.0011172664573579716,0.02062218428407743,0.040902589750185875
168,0.3712222466344866,0.5611738666603271,0.0049553514164327635,0.010695543775001542,0.051952991513751955
169,0.4389633954373694,0.2543590867304963,0.0012008512175248742,0.038236946992709235,0.26723971962190024
170,0.2510819639817096,0.6793086970558105,0.019160484729375694,0.006207089122380632,0.04424176511072365
171,0.4989546087736406,0.38553142231419096,0.0003827833870146549,0.10170130523801725,0.013429880287136306
172,0.1118434515535461,0.8376692863049006,0.03169704799111594,0.0063290399504873415,0.012461174199950164
173,0.234328938144793,0.21190577619592868,0.0017127688273250166,0.010152253806522786,0.5419002630254306
174,0.2674827981975389,0.7059011072746461,0.005578304791326219,0.011298912358012007,0.00973887737847703
175,0.20899708232922645,0.7324710927406493,0.016996700364960215,0.0020691125640252637,0.03946601200113884
176,0.31946157541091386,0.660277834748903,0.005912267268916096,0.003117994236943165,0.011230328334323908
177,0.1431147298540453,0.821217026124509,0.008461728603644103,0.016310760932045098,0.010895754485756306
178,0.06725717774447598,0.9019274024821917,0.012326453799796933,0.00452893136808272,0.013960034605452618
179,0.05000101569166417,0.909811258036418,0.011847890738959945,0.018237518065748564,0.010102317467209255
180,0.24779142822013178,0.45063111873004713,0.008414859472133565,0.018160133532518042,0.27500246004516943
181,0.07596349746390096,0.3997919252823783,0.07391144692153973,0.00347299145677287,0.4468601388754082
182,0.06590780352660125,0.41984872877597124,0.06449188069179647,0.008917034913419391,0.4408345520922117
183,0.09038610323009354,0.279603549937182,0.05798200269893162,0.006509169473531684,0.5655191746602611
184,0.48108950686096036,0.151469379193424,0.0051892731224315106,0.0494346456317021,0.312817195191482
185,0.1757383124554813,0.6885359699637322,0.02054254285440404,0.02712239561988929,0.08806077910649306
186,0.5913418859100705,0.1850788895686459,0.004506774535955207,0.015026283616894702,0.20404616636843376
187,0.6832587084380877,0.13850406185557682,0.0013314018832020424,0.030013697080124,0.1468921307430094
188,0.25209785059651213,0.402972401172087,0.0298325898848377,0.10951127998477256,0.20558587836179076
189,0.37309299968138804,0.1378548969120421,0.006500276349234842,0.1344290318602251,0.34812279519711
190,0.4520976334893118,0.0605735682044245,0.005953276980687195,0.02343037466097739,0.45794514666459907
191,0.5265591729918765,0.019165111760088196,3.7279204352761255e-05,0.12428583413789687,0.3299526019057857
192,0.5409422002903987,0.20358205852798683,0.0007168841055527754,0.1750012113163926,0.07975764575966905
193,0.6912914439518215,0.13890556215454442,0.00024002041178426093,0.06883488540228865,0.10072808807956117
194,0.30692495122346664,0.6222831257056091,0.0022619086487120714,0.03810730391280772,0.0304227105094045
195,0.42979031848173604,0.08490060138770017,0.0002766071612335774,0.40487729897515956,0.08015517399417073
196,0.32146854938991076,0.12837576645590393,0.0036439009683900004,0.3321294193406724,0.2143823638451229
197,0.22525235397764584,0.03089229470238116,8.516787462610898e-05,0.6552202254408872,0.08854995800445968
198,0.3735311866512407,0.2218695972862734,0.037537999034958684,0.23497043851871818,0.13209077850880904
199,0.3524604928437111,0.18324070839337556,0.00035054413673126276,0.33501184374352294,0.1289364108826591
200,0.2537406309784312,0.42330203093954244,0.0021115702553854737,0.2509506269016698,0.06989514092497097
201,0.11126140489687843,0.7745071840122122,0.00230295641691147,0.07674721115081205,0.035181243523185794
202,0.505044415307615,0.126283163711906,0.00035154913726194816,0.1847423043316689,0.1835785675115481
203,0.40360711475469,0.23249924776625192,0.0011777760852184488,0.19198208129182553,0.17073378010201412
204,0.27334311278680373,0.169502911006208,0.0008312055057056606,0.04744672128803426,0.5088760494132483
205,0.1541936937704285,0.48133722366774545,0.008103440584562428,0.03935495643402589,0.31701068554323775
206,0.15935131618061785,0.2772129559703699,0.0018735022810039187,0.12297616825351931,0.4385860573144891
207,0.10447854985516757,0.43621558653100295,0.029002547916071045,0.018409356279315777,0.41189395941844265
208,0.017247873572899246,0.0059005867708957,5.686220581911578e-05,0.009464942470443624,0.9673297349799423
209,0.4291434513944503,0.061897500410900926,0.00024411133900627437,0.06878037848642717,0.43993455836921525
210,0.01094897351387739,0.0194994269614797,0.009730703109924098,0.007854982485566478,0.9519659139291523
211,0.021105908294186865,0.0024640873649556085,4.295768590555589e-05,0.0016780169348870869,0.9747090297200649
212,0.05475707241879677,0.002804888904752065,4.8434765825498154e-05,0.0019270382164381253,0.9404625656941875
213,0.6666384171165409,0.010792065115643306,0.00019844456855166304,0.006588394058489343,0.3157826791407748
214,0.5596952145429128,0.2090336373599461,0.03862324339187325,0.007248179976269003,0.18539972472899888
215,0.6527541305531508,0.3034121926478303,0.0012294093767853016,0.017269768528355944,0.02533449889387769
216,0.12325421846489429,0.8359095720499112,0.004809491226575689,0.023930707845714588,0.012096010412904236
217,0.07323630175416247,0.7840543138632771,0.02741700389172984,0.10927062237126942,0.0060217581195611955
218,0.0732051866365713,0.8530140538593484,0.018682299540143412,0.04972609563417511,0.005372364329761748
219,0.0546842042881746,0.8567891101057843,0.015499280349510619,0.07035398107940818,0.0026734241771220637
220,0.08163768111408126,0.8442975912771092,0.01507588899712802,0.05449204458788259,0.00449679402379901
221,0.04304451183421046,0.846313614695408,0.03318440492889786,0.07527142108529196,0.002186047456191641
222,0.012774472458009485,0.8710437030268682,0.08896440595280115,0.024894542727470246,0.0023228758348507158
223,0.04698963460310785,0.8693229627294501,0.04027984792805562,0.0357442279075103,0.007663326831876041
224,0.020016039810145415,0.8672568416870423,0.07315804669314202,0.03811815013573572,0.0014509216739345772
225,0.017320148422435868,0.670230048022921,0.28838903782151515,0.021895073306692478,0.002165692426435556
226,0.06641280905559184,0.7122278575316635,0.18356579021922714,0.03207463401525264,0.005718909178264819
227,0.019399082013590977,0.7928982279104363,0.11725914955389817,0.06673858082592089,0.0037049596961536654
228,0.115553639262132,0.7975367037944112,0.02405250365298089,0.05574812125149137,0.0071090320389842815
229,0.16296827189511898,0.7961437301596997,0.007466398340894248,0.023964438650711087,0.009457160953576042
230,0.16982415453622754,0.674479792120653,0.031112603920752126,0.09769840232120687,0.02688504710116039
231,0.12479037556309464,0.826108233460149,0.007001373659169037,0.031840444100262086,0.010259573217325181
232,0.09705863401284091,0.8381999944744042,0.004097599406684417,0.05424369428919808,0.006400077816872381
233,0.16097352361396775,0.6328680683057054,0.002957914837609653,0.1917879377775334,0.0114125554651838
234,0.12223046447073345,0.4787007174063677,0.001472099078501625,0.3896691271031136,0.007927591941283745
235,0.11032912691376161,0.5980025952415405,0.008112257444931131,0.2753495761129269,0.008206444286839875
236,0.13675430759373042,0.6293863613021697,0.005368295294200524,0.21397257384713028,0.01451846196276908
237,0.15708487321518672,0.37391246470299855,0.0020657835364442357,0.46063903628390296,0.006297842261467377
238,0.26724645886679826,0.17529120017732883,0.0002547389194599262,0.47960147972817696,0.07760612230823613
239,0.23797140083258034,0.16018841882851415,0.0006428750518313642,0.5779589879349888,0.02323831735208532
240,0.2302573426322422,0.12232435510526454,0.0008730661064351058,0.592601544345429,0.05394369181062919
241,0.31830293152001427,0.17003920236562542,0.00011215945794092926,0.49260071985799736,0.01894498679842198
242,0.16844690138539953,0.16505454647636097,0.0008403935770866589,0.6486687272253291,0.016989431335823563
243,0.08729363070412179,0.11372976265817891,0.0004669180093764844,0.7690799730834469,0.029429715544875966
244,0.09569976787599925,0.06846670960027644,0.0002501312366968969,0.827075141208387,0.008508250078640471
245,0.12996369812439632,0.09876755281925777,0.0004882193066327394,0.7580509870810643,0.012729542668648947
246,0.2406172363490508,0.05741614447618534,0.00025562589612642653,0.6890723146212191,0.012638678657418259
247,0.3237623268841202,0.16477910085871134,0.0003663846454134485,0.4932213557595011,0.017870831852253966
248,0.2087283729275047,0.08154242074051807,0.00025522278732671656,0.6866000712119109,0.022873912332739582
249,0.2664744128502756,0.08949163322026302,0.00025637798867023397,0.6042361666621416,0.039541409278649534
250,0.16151645176590265,0.15901783310322587,0.0004136877907923749,0.6550287055629331,0.024023321777145997
251,0.18316340094161312,0.1678345423337772,0.0009481372353691264,0.5087695975624322,0.13928432192680837
252,0.23688056792852835,0.1292264215831868,0.0005986424023087989,0.5769594759509941,0.05633489213498191
253,0.15695265004988623,0.2891287155132201,0.0004523983715262959,0.4791183610036579,0.07434787506170963
254,0.15475378140258927,0.14547281450476926,0.00029956893994864155,0.6684543487068412,0.031019486445851584
255,0.20174453391025304,0.18470133529619098,0.00038862755799865835,0.5980788170140136,0.015086686221543726
256,0.152282220675755,0.35732265042166494,0.0011326322534759591,0.46736847774529566,0.021894018903808644
257,0.11679108374706407,0.2301030702535324,0.0005773386529416394,0.6310430275259786,0.02148547982048331
258,0.05202856778961484,0.05700673917150872,0.0003203504654946667,0.8857464558634766,0.0048978867099051466
259,0.10424491199745584,0.1136701432681951,0.0004132458040559678,0.773744757539704,0.007926941390588915
260,0.157188308308349,0.1459206504435271,0.0017556139072041619,0.6741759117555005,0.02095951558541922
261,0.06708628033511381,0.13314888642326106,0.0008079679958408924,0.7889877687243677,0.009969096521416579
262,0.04582787117451381,0.0787430469641387,0.0008957569747929955,0.8692630242356156,0.005270300650938811
263,0.0897812373917111,0.08466991906908838,0.0013055049777961573,0.8095253629664758,0.014717975594928632
264,0.12704320875653694,0.15319168717563306,0.002792450939490308,0.7062031904384916,0.010769462689848214
265,0.32841864865561643,0.3355987337634458,0.002645713356806955,0.3158317801129979,0.017505124111132867
266,0.47337747839907784,0.241773821320987,0.0022261073160666834,0.26695465787992534,0.015667935083943287
267,0.382307320421304,0.24756842039831595,0.0023942770580999083,0.3513131470164238,0.016416835105856297
268,0.25580077881225516,0.4186793332015005,0.0035854139235557826,0.2872910800101548,0.03464339405253376
269,0.3875169085700289,0.503668715886244,0.004036270859610657,0.09483796586572088,0.00994013881839562
270,0.22278074987916624,0.3401786379956421,0.17038826748269773,0.08177892392555952,0.18487342071693447
271,0.196207396152022,0.6399794038076255,0.045184073838400736,0.10686566648107391,0.011763459720877889
272,0.6472101964130528,0.12492385691507696,0.002782168471214614,0.16559611405014826,0.05948766415050736
273,0.37907755354405304,0.2868981901324683,0.00898467098367573,0.2999193492073448,0.025120236132458073
274,0.14587976946281897,0.6996683084650159,0.01446077224445121,0.12696486727598238,0.013026282551731435
275,0.4035115963655699,0.4178483869663312,0.0023359662577588196,0.1535177863649604,0.022786264045379926
276,0.23873277579724533,0.33206787554786144,0.002980793596884726,0.4197351533436359,0.006483401714372692
277,0.1778621245341051,0.22910726836030734,0.0024511421716516576,0.5830247813828565,0.0075546835510793145
278,0.26850940112557076,0.22699827305016923,0.016247412825699824,0.3472893630664391,0.1409555499321211
279,0.10905366835860994,0.1258131030682138,0.001531784896828147,0.7574970448964533,0.006104398779894743
280,0.17937393218300626,0.21567573438834378,0.003690139930715518,0.5748978401777631,0.02636235332017141
281,0.29186221487378,0.1181088141766421,0.005301444055559852,0.5381178674140363,0.04660965947998185
282,0.1932231045916663,0.08858748573999722,0.0007217493708365562,0.7124979266043756,0.004969733693124392
283,0.3281128145066343,0.09954626356711813,0.0008311465764188692,0.5387036204346258,0.03280615491520275
284,0.1656464376384798,0.1115425667092889,0.0006443989370806383,0.7136924524852547,0.008474144229895873
285,0.25641999371824403,0.08571511770702146,0.0002064007767062129,0.6450804256154479,0.012578062182580342
286,0.22245441519741357,0.33677208388031943,0.001235803272231012,0.42964506409297115,0.00989263355706493
287,0.39836605733349906,0.40481148335950473,0.0009190368845508222,0.1901318340922413,0.005771588330204223
288,0.12203659476544411,0.10400964777506135,0.004496740382254686,0.7281641842068364,0.04129283287040337
289,0.33776091001691044,0.22446226546548934,0.0012741751564899419,0.38544718228800356,0.05105546707310689
290,0.32245481233907525,0.3690000824202357,0.0012270505707172674,0.2978184191949874,0.009499635474984443
291,0.5643312900429647,0.21048155622068712,0.0002765269434344267,0.2079861935167426,0.016924433276171266
292,0.3050072894040757,0.6654607742434593,0.0025424250587692304,0.017540269367584228,0.009449241926111457
293,0.16720998924894373,0.8123615287398065,0.002730785333540895,0.013435553097943639,0.004262143579765369
294,0.0291248799200725,0.9418395944752952,0.022622362272656297,0.004779049431810458,0.001634113900165623
295,0.05508347657336983,0.9027306497280267,0.003707838654241828,0.033246387860874214,0.005231647183487471
296,0.022567659620939526,0.9532907626840116,0.009864774221015683,0.012137726406242715,0.0021390770677903125
297,0.038216382656953714,0.9269930593825041,0.01059634167949447,0.022033455100625238,0.00216076118042245
298,0.04494457136042432,0.8714374504586924,0.045017854435044094,0.03675398751529356,0.0018461362305457116
299,0.024041284840601317,0.9335652182478744,0.0357876407099753,0.004847548123664868,0.0017583080778842092
300,0.022826387558653377,0.9224178775608287,0.051570620968478954,0.0017795423994461865,0.0014055715125928807
301,0.011980856775324436,0.8545244178173588,0.13013991200060118,0.0015848236062286003,0.0017699898004870933
302,0.008587287891611043,0.6771599199832795,0.31044492627776293,0.0022254547094448037,0.0015824111379014792
303,0.0032558122490585276,0.7601181404277796,0.23466880252030933,0.0004935800753123024,0.0014636647275403129
304,0.001166666698876763,0.3268059682585993,0.6713755416091002,0.000162853038802108,0.0004889703946217537
305,0.0013498510693964606,0.5225426714095046,0.47530482615832764,0.00015133089500601123,0.000651320467765194
306,0.001173701748424603,0.5071874461564653,0.49027103902268104,0.00029046236497512815,0.0010773507074539933
307,0.00038296089976115144,0.19696586144050363,0.8020894024442792,9.974693815438128e-05,0.0004620282773017008
308,0.00044129821614863194,0.23293518971552454,0.766011514971518,0.00010876096206096909,0.0005032361347478427
309,0.0005331096711135261,0.32856069653271874,0.6701151806602833,7.262782843528862e-05,0.0007183853074491459
310,0.0003892654146728688,0.3437885683333929,0.6552076881665503,3.600781335864629e-05,0.000578470272025347
311,0.0007814865100872518,0.4675930169198838,0.5308152737570532,4.8496537289534964e-05,0.0007617262756862429
312,0.012455473739446608,0.16027404367532766,0.8206215742634607,0.00035042704300637136,0.00629848127875863
313,0.0021491852026952834,0.3500133230049837,0.646512592545048,9.189895982960781e-05,0.0012330002874433046
314,0.0007217181836990305,0.13165727823250772,0.8668726513037289,6.160286499947619e-05,0.0006867494150648503
315,0.06019004957762318,0.20214703598196684,0.7314000922183388,0.0003691604728382015,0.005893661749232999
316,0.0005430958319285688,0.05971592190673853,0.9389760278318896,4.212831603806774e-05,0.0007228261134050388
317,0.0008752856899243155,0.1725581276125306,0.8260286259218842,2.993550440629587e-05,0.0005080252712546085
318,0.0009163228785008142,0.1822444818954617,0.8162528670823818,6.776429064208634e-05,0.0005185638530137418
319,0.0006943760482161354,0.12292165105920969,0.8756404893609022,4.500422719412024e-05,0.0006984793044779074
320,0.0010140201176821548,0.27356891504685427,0.7244487244697234,4.094884625134431e-05,0.0009273915194889758
321,0.0007140581907640452,0.14847298942510329,0.8501028614222582,2.709173131136563e-05,0.0006829992305630098
322,0.0005865903359732519,0.20535504201420282,0.7934160194969139,1.983539297585221e-05,0.0006225127599341601
323,0.0006544754381970154,0.09833168620731672,0.9005203409600865,1.809915551365089e-05,0.00047539823888589374
324,0.0068713232666942035,0.3118159637340766,0.677941042003444,0.00021998853184924735,0.0031516824639359706
325,0.002126617089293422,0.14847724109292632,0.8375109822538056,0.0002012886944065602,0.011683870869568092
326,0.012206265773101561,0.05248946276939101,0.9160841729151316,0.0001272778988021571,0.019092820643573663
327,0.0038528345323672938,0.36775105551815707,0.625421898452838,7.665184634688741e-05,0.0028975596502907367
328,0.0013837804947020094,0.08173923790115944,0.9154345577359995,0.0001232345984528303,0.0013191892696859876
329,0.0012781361943652932,0.13313530947834148,0.8642134037257027,3.4965984889014705e-05,0.0013381846167016037
330,0.0004175714521625424,0.11423653582517336,0.8848689348842053,3.1303130711024715e-05,0.0004456547077478829
331,0.0002334434920213343,0.1132056366632044,0.886177923965148,1.718503830512398e-05,0.0003658108413210912
332,0.00027428251405423477,0.1379139122091871,0.8613051353539671,4.1370808474032017e-05,0.0004652991143175621
333,0.00032805354203931347,0.1883351605173493,0.8107987870202534,6.167487544108522e-05,0.00047632404491672683
334,0.000556175741589161,0.09067343927331657,0.9082760725673954,6.018366353811082e-05,0.00043412875416091394
335,0.0018857639261977703,0.5607400236578902,0.4357285511496309,0.000578104559826506,0.001067556706454576
336,0.0025310916560331085,0.40514500476271265,0.5902020693857915,0.0009649722237505708,0.0011568619717122945
337,0.019114107209768357,0.7884666807151549,0.18560545798967495,0.002549388277564411,0.004264365807837235
338,0.008913058010979101,0.8954113329827591,0.092422230152552,0.0016377235680417345,0.0016156552856679788
339,0.002709777900880432,0.5822491963497984,0.4137047172271029,0.00031809900826996736,0.0010182095139482565
340,0.006853651837676484,0.6628259773434262,0.3273711893085153,0.0013025751151286892,0.0016466063952534605
341,0.0033608471173497967,0.5577248792971452,0.4368171317162903,0.000784444086113674,0.0013126977831010606
342,0.006047215799908837,0.6958889380595141,0.29280230715182964,0.0016614999324945725,0.003600039056252695
343,0.0012761276731106266,0.619719701846426,0.37743676450474434,0.0004135359580025046,0.001153870017716652
344,0.0017823144669631631,0.475149892087237,0.5214780753041252,0.0004874103294942891,0.001102307812180525
345,0.0006202646178572398,0.1867326418845024,0.8117991809245176,0.0004343049917024942,0.00041360758142023046
346,0.000816975232865694,0.2968199634749267,0.700351663935241,0.0011065888591931564,0.0009048084977735446
347,0.00386895493617521,0.6299114325464973,0.3331863754906817,0.028829271799469994,0.004203965227175811
348,0.0006598761503591432,0.19916312066974742,0.7933792968560996,0.005089788323560635,0.001707918000233169
349,0.003613476085581417,0.3718520210136226,0.5986899399986751,0.019560848411795312,0.006283714490325443
350,0.011538636364088374,0.44178731856527037,0.4731981308906069,0.04572696917230202,0.02774894500773213
351,0.0795620984073884,0.06914558835284666,0.002375973164608128,0.055113137057745364,0.7938032030174114
352,0.6332003139671507,0.20124616590235467,0.0028465374024043396,0.02018259846749673,0.14252438426059352
353,0.7139159594304834,0.17208727010915043,0.0012330892243965082,0.039000768596354124,0.07376291263961553
354,0.6690040406146969,0.2678850001825875,0.0028865702144012743,0.01842647993471124,0.04179790905360313
355,0.2790272268017933,0.23360895962524256,0.0020489250383044595,0.35376822970480293,0.1315466588298567
356,0.14713833959464392,0.39664253160335416,0.06116792822681718,0.09108212703909425,0.3039690735360904
357,0.23887058240435743,0.3488004140720549,0.0035168328939127287,0.34085395629755805,0.06795821433211695
358,0.19100377102524324,0.44629062747092485,0.005115257879402057,0.22960310851300875,0.12798723511142118
359,0.18125104953993412,0.6201002550283067,0.014402348634412717,0.12730896298693684,0.056937383810409734
360,0.3829730816487072,0.3757186512194628,0.0006872675062573443,0.09804520275422927,0.1425757968713433
361,0.34207671417236485,0.55824161910863,0.00276368627063952,0.05706268228167691,0.03985529816668873
362,0.317552183312968,0.5954544690954982,0.001158947394954344,0.050343133103970567,0.035491267092609004
363,0.3656781671866986,0.22532562130388628,0.006996016027423882,0.005091733905196786,0.39690846157679444
364,0.42309210370379013,0.5433187426217748,0.0065327701324361725,0.012639053000242687,0.014417330541756266
365,0.4094548230612372,0.5590442976523242,0.006981870928701516,0.01107670068931127,0.013442307668425926
366,0.3113165285484366,0.6556496710572827,0.010877741193696418,0.013475801632756136,0.008680257567828168
367,0.05837364542210207,0.792628200121227,0.10038295465926182,0.02908357950647234,0.019531620290936882
368,0.046104519787173365,0.8867396918599524,0.03563379262571631,0.0288104003842726,0.0027115953428855657
369,0.02501049615926751,0.9292713960147476,0.02276846869819602,0.020629075163732233,0.0023205639640566187
370,0.07365740273547847,0.8568996846892311,0.013814031337370731,0.050028215314754,0.005600665923165672
371,0.019569373082037263,0.9591652696491365,0.00959652340610901,0.010308933083419604,0.0013599007792974437
372,0.010433774724612177,0.9169446061852723,0.06878050474413196,0.001956412492808341,0.0018847018531753614
373,0.014222830160905043,0.9445639482236051,0.03828119333580316,0.0013447471449279256,0.0015872811347585776
374,0.007700928139298583,0.8854050763141958,0.10296564809095418,0.0016560432494737536,0.0022723042060775176
375,0.004563193766106313,0.8359656502639055,0.15536538612131806,0.0012951009765564483,0.0028106688721137585
376,0.004167552220867671,0.8641014971495509,0.12725753766197337,0.0007908948860253454,0.003682518081582839
377,0.006518447239453822,0.37448064578182316,0.6165052748840392,0.00038971413450909125,0.0021059179601748165
378,0.0011270913028725634,0.17043261489836103,0.8266132259873792,0.00045722662630948445,0.001369841185077879
