epoch,N1,N2,N3,R,W
0,0.045092475932530074,0.007262871101533086,1.3530968981467382e-05,0.0076556018619007874,0.9399755201350546
1,0.041555402252612346,0.0015916033751820183,4.956422819702529e-09,0.003493765568488869,0.953359223847294
2,0.1138946062925782,0.014670572362318965,1.864127213793218e-08,0.010437993917736834,0.860996808786094
3,0.1740599639395136,0.040014000099196194,6.933367338923731e-05,0.0281161590071822,0.7577405432807187
4,0.0911913574308114,0.01366918316281605,5.027882277007476e-05,0.015184901866460277,0.879904278717142
5,0.028358721348986454,0.008739396802218401,1.4599463728198233e-05,0.004194513188971542,0.9586927691960954
6,0.13993292594932424,0.15324398970039158,0.0002149518819874487,0.029596887292792685,0.677011245175504
7,0.11900764422286278,0.012244257872383467,2.113728159713101e-05,0.009094871312848706,0.859632089310308
8,0.27236839911761224,0.05166159074277438,0.00010538104946344637,0.044389963693730876,0.631474665396419
9,0.17535973305870808,0.3379370630709166,0.004025807535809276,0.012622979111290695,0.47005441722327546
10,0.09898268813929444,0.06923029007528943,0.00039144844123163773,0.013823166906742892,0.8175724064374417
11,0.18392836660334028,0.05028586892884258,0.00010798241134124836,0.09009885436636635,0.6755789276901095
12,0.27146269067249396,0.14747452134163924,0.00027403857901167573,0.05633377880941211,0.5244549705974431
13,0.29083225914408684,0.10718815760534008,0.00018345673064724488,0.10047610849621605,0.5013200180237098
14,0.10663383844975137,0.6469911829640171,0.0017023069882704705,0.01775635084009827,0.22691632075786278
15,0.007594215631768254,0.0077587055275728616,0.00011746241542156142,0.0033071856789865404,0.9812224307462507
16,0.08771936877345651,0.03429605819362625,6.375937186292728e-05,0.017308204809079412,0.860612608851975
17,0.23807054007859066,0.0807687569277141,0.00019964799234352618,0.030528745170786884,0.6504323098305649
18,0.09736315110722044,0.008240775953203201,3.391528751380427e-05,0.004849696790998488,0.8895124608610642
19,0.05330732065311396,0.01937092662525383,0.0003502503739421918,0.0016169668766944827,0.9253545354709957
20,0.08884754688521328,0.017738019097978112,7.678453051608212e-05,0.012728152018278085,0.8806094974680143
21,0.1888951317761954,0.0340808957642597,0.0002046707808490248,0.009658462045066527,0.7671608396336294
22,0.11756136963636421,0.009612883857627099,5.628303044374281e-05,0.009765471985683461,0.8630039914898815
23,0.040866945097746556,0.017382514928900698,0.00033452738806262846,0.0007320410970753444,0.9406839714882148
24,0.007232414862851335,0.0021845916581086167,0.0001036296584299235,0.000541929958051399,0.9899374338625586
25,0.024063629867282412,0.0015502145727210527,6.412651093410408e-06,0.0016538590150583848,0.9727258838938446
26,0.007460815767980981,0.0042430741721149814,3.189087694265185e-05,0.000689605759420338,0.987574613423541
27,0.03587887972325328,0.0006419133669969805,4.572769224965409e-06,0.0006907393580081537,0.9627838947825166
28,0.49078134596913453,0.01365047701090955,6.561335268236451e-05,0.005760284622186936,0.4897422790450866
29,0.40804369774790217,0.03116346695098846,0.00011431740300770559,0.008915223062140131,0.5517632948359614
30,0.1991964664002358,0.009998828939719899,4.632423177775151e-05,0.0070173362067820965,0.7837410442214844
31,0.06150895814724089,0.029594289152482554,0.0002411627462355694,0.0006916349409761369,0.9079639550130648
32,0.009533870056915618,0.003830066684872525,0.0007883093360966558,0.00026814315644667553,0.9855796107656686
33,0.018766449985874012,0.0016713961748818292,2.4095253807287645e-05,0.0008150216285928302,0.9787230369568442
34,0.04763659862868703,0.0029281354189754044,1.4434944581045572e-05,0.0034823541723651183,0.9459384768353915
35,0.32733055902109154,0.20231312958302022,0.0006378861777533624,0.00482519831623586,0.464893226901899
36,0.4007704276814998,0.28984668951537407,0.004980638096596466,0.000425180311338065,0.3039770643951915
37,0.14413972041942605,0.7657663721831272,0.01998609791662281,0.00044252627513719086,0.06966528320568681
38,0.01967125604971912,0.9140479550341539,0.042044999633049834,0.00046249794860126294,0.023773291334475758
39,0.0160692330606174,0.9371493185306791,0.022598605900247565,0.00020719771263404723,0.02397564479582197
40,0.005221388384075978,0.7137854785560253,0.2710907702099102,0.0001686200535460206,0.009733742796442423
41,0.009893998029778651,0.7111133321020667,0.2536909161059897,0.00023717728650343465,0.025064576475661512
42,0.013477191174630098,0.9214314064439206,0.05194907297537803,0.00038428610714727793,0.012758043298923957
43,0.002820712251899779,0.5635411592031233,0.41945057351992193,0.0001711832988584364,0.014016371726196474
44,0.06195317554090861,0.21775396966102575,0.04765163708087691,0.0010767882508891033,0.6715644294662996
45,0.3324379160612232,0.18022074896030246,0.000413122367699912,0.013282396327983288,0.4736458162827912
46,0.2367939608564743,0.17014252533206894,0.000369451998770356,0.0013800566603965703,0.5913140051522898
47,0.15364419235885265,0.7295147366211079,0.0015308005474953049,0.00034293786576476183,0.11496733260677919
48,0.2597207346693716,0.6881002437629433,0.004354214141554839,0.0003037082900723076,0.0475210991360579
49,0.2864426269099576,0.36679748915144034,0.005356873081833559,0.0025534435990568,0.3388495672577117
50,0.10857681505063427,0.46459517556141966,0.003538792213121299,0.0016979602141683182,0.42159125696065636
51,0.10998046991654234,0.6913583403251681,0.012305117904423424,0.00219028891156758,0.18416578294229868
52,0.08267554067774267,0.8147645751426571,0.0057551283392966255,0.0011079099776562865,0.09569684586264736
53,0.1907593045377458,0.7713033034750906,0.002438845588543248,0.008697715395824871,0.026800831002795476
54,0.04931941981676484,0.8364592044672629,0.030809069841518745,0.0025095809701465555,0.08090272490430703
55,0.1026230698811273,0.8058063674010446,0.011155944851154542,0.010397530206443715,0.07001708766022982
56,0.1604447860031841,0.6971711243476385,0.02365712163001537,0.0038949193335516634,0.11483204868561044
57,0.08883145382368356,0.8456903466819305,0.02268786220378553,0.0033591501954089546,0.039431187095191236
58,0.05605785427728374,0.4609677499676839,0.03963085995307063,0.001244873708421433,0.44209866209354015
59,0.08745439554350502,0.3765327138376084,0.015215690556358585,0.0007303379308702029,0.5200668621316579
60,0.14649639203608972,0.2603021466440461,0.002806012055650526,0.0037882194896024473,0.5866072297746112
61,0.25287121909745924,0.5445729981039337,0.012035369077204256,0.0023692386179303476,0.18815117510347243
62,0.20264480965440146,0.43337413161085586,0.01841915863764052,0.0067082526306289515,0.33885364746647334
63,0.086740631583996,0.3567658121473764,0.026539110371004124,0.0025688789888923484,0.5273855669087311
64,0.047667090423787035,0.013298662506293633,0.0007084841994188787,0.0024400688663991548,0.9358856940041014
65,0.288346436514958,0.07139349278386234,0.0013134333797915375,0.0019162281890076798,0.6370304091323804
66,0.21731192585342685,0.1449237753699711,0.004352822280126424,0.0010790486839411524,0.6323324278125344
67,0.09864952881654919,0.0786428343639322,0.006628725793206103,0.000243265547968255,0.8158356454783442
68,0.10153362661204479,0.4718579737767783,0.03550707267570893,0.0008535795542751187,0.390247747381193
69,0.17821835263281408,0.5128746029205086,0.018292691417914637,0.001554246858787427,0.2890601061699755
70,0.03960878722799512,0.7051271410511507,0.026246039685450244,0.0014269978847090926,0.2275910341506948
71,0.03567846338268103,0.14734681494656618,0.039157877202938694,0.0019260010955851115,0.7758908433722289
72,0.12543940171404658,0.08445746325004284,0.0023360495151288157,0.001142838125650376,0.7866242473951314
73,0.39687906128412503,0.24889890390553357,0.0017486449941592926,0.0038026447145496902,0.34867074510163243
74,0.1899824142724515,0.5439213576938381,0.014105611173937693,0.0009278344790658332,0.25106278238070706
75,0.3380357687050687,0.47626701900551793,0.0060940806925387945,0.0018805307433450208,0.17772260085352973
76,0.07139709893210695,0.17976052888229013,0.009120367793139772,0.0021769850852973193,0.7375450193071658
77,0.08868931442602344,0.09692203838006025,0.0050406935097449595,0.0016307993381453408,0.807717154346026
78,0.1394594421567269,0.27954613254885446,0.00524134069686208,0.0025739287986392707,0.5731791557989173
79,0.09040179045914828,0.7805014317543499,0.014460412084714732,0.003555830090610291,0.11108053561117683
80,0.01827133040552077,0.011141027504249616,0.0002113987450155931,0.0010654356852121813,0.9693108076600018
81,0.03316130730930777,0.8563463855025116,0.017777625303859148,0.0017351093335201302,0.09097957255080137
82,0.004792854375082439,0.005048462933524474,0.001376841854888147,0.0010003147928269328,0.9877815260436779
83,0.07039034946048318,0.02821318621399539,0.0013889077181350174,0.0026110696839317014,0.8973964869234546
84,0.008294193529205844,0.01360494990255897,0.00047230447217204923,0.000657314167632165,0.9769712379284309
85,0.08569229305620187,0.008320280680516908,0.00023416395873723323,0.0007695894947952168,0.9049836728097488
86,0.062437503409190534,0.05901074194138635,0.01426777677353269,0.0004964033277351925,0.8637875745481551
87,0.43480472634574696,0.21516472534759679,0.008312367594468828,0.0008076976565202077,0.3409104830556671
88,0.24735680153525633,0.37295169751427965,0.03147581359815046,0.0013399484646216247,0.34687573888769196
89,0.0661067515773399,0.6613872105723692,0.09549866611612227,0.004129626700839199,0.17287774503332914
90,0.11538446278759998,0.5733714492866828,0.07175898243722967,0.02066433928907448,0.2188207661994131
91,0.15723335733318997,0.5540124385350677,0.05568113358664673,0.009816769882623939,0.22325630066247176
92,0.06351209619062637,0.7314454008743512,0.09162895034095468,0.020943586353677993,0.09246996624038964
93,0.13542499759398,0.5485864913067752,0.06295604097933859,0.016639188293044272,0.23639328182686192
94,0.12186021102990842,0.6290621300317516,0.11562092976511937,0.007142590141905086,0.1263141390313155
95,0.05467244761263139,0.7489420474074111,0.15942505692438788,0.00220558649383848,0.03475486156173111
96,0.01967831457814911,0.026914368402941126,0.03406946507150748,0.0005522555654354168,0.9187855963819668
97,0.1332518821517756,0.07105986187062814,0.008003299820732265,0.0009011965611420743,0.7867837595957219
98,0.28482521349454964,0.2666413903893212,0.02114494358106606,0.000778778543789553,0.4266096739912736
99,0.30961495225217167,0.48335339335008387,0.015233735993910633,0.0007035515063694913,0.1910943668974642
100,0.14413231728538456,0.3723855226223803,0.026387936584320086,0.001344766064108581,0.4557494574438064
101,0.05905231395715528,0.802045957527409,0.04836749271060114,0.0010782259959096095,0.08945600980892476
102,0.08223115873462825,0.812526707978557,0.06362209744656686,0.002796665025148868,0.03882337081509893
103,0.05546798702118598,0.7744900744118534,0.04152218664440262,0.0023870866829870416,0.12613266523957106
104,0.12591993275772798,0.8025614017932514,0.04456042699393042,0.00382439920765307,0.023133839247437185
105,0.12019019869952953,0.38285735332134285,0.1250159293283634,0.007201338319720064,0.36473518033104413
106,0.2669925470577274,0.6544197893833822,0.015123251222317518,0.013471410204561735,0.04999300213201121
107,0.1491545789740837,0.7887479450669752,0.025543286673279316,0.0036669056781774944,0.03288728360748418
108,0.0738693195607481,0.8574879237615145,0.038766535280440995,0.002331170551344039,0.02754505084595224
109,0.0719480598495109,0.8601841480164795,0.032465737076865175,0.003960089273007611,0.03144196578413695
110,0.04358092814395124,0.8749543199965095,0.02607002825051372,0.0018583897114752537,0.05353633389754997
111,0.05102572144466493,0.8324408026575688,0.03921653207197443,0.0021157420042409963,0.07520120182155078
112,0.02318260375107499,0.9102576911985729,0.05660516751822898,0.000961457451408995,0.008993080080714196
113,0.12212330321584158,0.43982548914749225,0.019711395303680802,0.001692247509872917,0.4166475648231123
114,0.026900687889951348,0.8809734288595782,0.07181025917275774,0.001106823760917568,0.019208800316795237
115,0.2638193505199996,0.6172682776938356,0.008147582037547002,0.00326399581432056,0.10750079393429725
116,0.1544163991093203,0.7719439019499857,0.02488096642448947,0.0025271707563175295,0.046231561759886894
117,0.09837333876368821,0.8180779638641074,0.0211578247025648,0.005775304195021148,0.056615568474618475
118,0.06882687084198352,0.8262851991215056,0.05446634478447629,0.0046843385583617845,0.045737246693673
119,0.1908564418126709,0.6326661904312747,0.015457052806894576,0.010334514542038412,0.15068580040712132
120,0.0793697501432038,0.8148375121575298,0.02842108087831442,0.003302304739728838,0.07406935208122326
121,0.11852755509597061,0.8265801049609507,0.01567852840851505,0.0024800076894493884,0.03673380384511417
122,0.16019611871587752,0.26097339452302565,0.06471170574630242,0.001079128512423496,0.5130396525023708
123,0.062292357651276595,0.8613754572814387,0.03505601188627032,0.0017270322733075089,0.03954914090770674
124,0.20311411455810904,0.571216905867605,0.03674649413335793,0.0035041933641365907,0.18541829207679145
125,0.04220175821881261,0.6456783664593139,0.1845285929410129,0.0007783886275542157,0.12681289375330637
126,0.10411617401665826,0.62973706373624,0.00539193379941919,0.00522261822075596,0.2555322102269263
127,0.22397522898875108,0.5371812979664089,0.007555039756159429,0.001585399646334521,0.22970303364234593
128,0.09484352791487016,0.7870745686743706,0.013456392022077303,0.0017633780341193262,0.10286213335456253
129,0.07386787923927186,0.35984888798739406,0.02045966867619398,0.0016402233510833327,0.5441833407460567
130,0.09219675821817414,0.5504291969304035,0.01804122530837182,0.003496296227228699,0.33583652331582187
131,0.06390253045017787,0.019214464858073432,0.002123960780204214,0.002507267535907937,0.9122517763756366
132,0.16673894010883755,0.28236880131465625,0.016235748689042047,0.003849518941026327,0.5308069909464378
133,0.013451417531545986,0.0157805658761568,0.00129866687351321,0.00040010918081802836,0.969069240537966
134,0.31678191567244895,0.13385247472814565,0.0011207415878997343,0.0014867945312608353,0.5467580734802447
135,0.162980301805493,0.375275190293696,0.0026880762277081403,0.0026996907087870584,0.45635674096431583
136,0.3754964056185711,0.40831045247740216,0.021181579114638475,0.001765308740476545,0.19324625404891158
137,0.10103740698438285,0.8227753123906665,0.034484704498893126,0.0027183528996304724,0.038984223226427216
138,0.21266726482469026,0.6948936369819364,0.04881899821229438,0.006024394672583821,0.03759570530849507
139,0.016212158319187306,0.6671650037922097,0.29626491060098664,0.0018386635710197752,0.018519263716596568
140,0.04860379230525168,0.6932676596465926,0.23612787314297223,0.0032053367899714255,0.018795338115211974
141,0.08191275217380795,0.5816874969967296,0.2833827868335824,0.007965745303536999,0.045051218692342916
142,0.05645641579898228,0.7025030101082252,0.21468369678162919,0.004197679916637998,0.022159197394525404
143,0.03860372107650945,0.43005502370810655,0.5160859664441628,0.003065346770441808,0.012189942000779294
144,0.011267717418692461,0.3111773807918473,0.673726379525633,0.0005050156438992689,0.003323506619928149
145,0.04453632482970887,0.7512279739993986,0.1466977149940397,0.004682033483996995,0.052855952692855916
146,0.024199848307999924,0.7822917689590639,0.1849949269096316,0.001436331132013763,0.007077124691290783
147,0.0029689282928610722,0.5650125910353778,0.4296054993273008,0.0005277656568952423,0.0018852156875650609
148,0.07492899518638169,0.599953425046792,0.2464269775987027,0.005158485431179016,0.07353211673694439
149,0.09754425624760957,0.7787472417686818,0.04902973329879269,0.009518518082548708,0.06516025060236691
150,0.3063263457516116,0.31765459393499934,0.020472673090672706,0.004908207192148897,0.3506381800305674
151,0.17857900251290304,0.6158617187940929,0.046594718256875174,0.0021347779979631275,0.15682978243816592
152,0.21870103678139405,0.6508485918200224,0.0932129620847403,0.004044709707960472,0.03319269960588266
153,0.1164213974332746,0.4536043128189427,0.09632374161713476,0.002825355648662443,0.33082519248198544
154,0.20779627828652986,0.7365015281669216,0.018289286586326562,0.005625194147200466,0.03178771281302153
155,0.2662777864499497,0.6242128268875803,0.004779472729760506,0.005322777911821967,0.09940713602088762
156,0.1168019338163696,0.68295108172475,0.02170793425968295,0.0047441685876018986,0.1737948816115956
157,0.1020735895327117,0.7489092145836896,0.035251940917078284,0.005970717370755768,0.10779453759576456
158,0.0088220420961315,0.0066191574390854135,0.001803291331674375,0.0009906105219978246,0.9817648986111108
159,0.17078458807570804,0.07243892082721928,0.003424508993346977,0.004561702542261213,0.7487902795614644
160,0.3590429720851023,0.19573324099311074,0.004543761692665042,0.00940405053415505,0.43127597469496703
161,0.21979037726057168,0.3882500470768801,0.015330898337228564,0.0057200157611072945,0.3709086615642125
162,0.14997364283163117,0.6423943534140224,0.06316388866135442,0.003981676975280306,0.14048643811771164
163,0.06185883699797264,0.47216031191642527,0.05857239934831157,0.008556182866342615,0.398852268870948
164,0.019160699197539707,0.160988738065818,0.0416083522544957,0.0009919458873100264,0.7772502645948366
165,0.09081350430675449,0.35412393221270233,0.017161864291172474,0.0020832608099870327,0.5358174383793837
166,0.06987705992418451,0.7705133658335672,0.046910179762337786,0.0016657890566338515,0.11103360542327657
167,0.12384358555500224,0.5136841584922278,0.006540927065330877,0.005811399688251688,0.35011992919918733
168,0.10365076583210185,0.7598359182815597,0.09098347347648465,0.012670268606445777,0.03285957380340784
169,0.3031544913775338,0.5594767907561765,0.013022098593220708,0.031436270845335616,0.09291034842773328
170,0.1045822593480315,0.7917937641695139,0.06647523981762664,0.004439652592582805,0.03270908407224507
171,0.0657733336489073,0.8574002345887062,0.04097447934325062,0.011358963288112136,0.02449298913102385
172,0.02818480929173094,0.8666958308271442,0.0955211398150966,0.0016080394948108309,0.007990180571217517
173,0.10322897839388959,0.6733589836524776,0.1277866534539527,0.015881168079057636,0.07974421642062245
174,0.00822188444599792,0.6661066511466086,0.3095089437160961,0.005470217267013801,0.010692303424283496
175,0.025787238963023592,0.48225319519841825,0.4743550127346738,0.008546400935601767,0.009058152168282603
176,0.05416211956791413,0.5143495391299261,0.3865707162536483,0.021034421503597734,0.02388320354491385
177,0.037379664480467374,0.09433712432846927,0.03462710009005308,0.03664789602990071,0.7970082150711096
178,0.1433697175152016,0.14638914030294342,0.012807033957331217,0.01910985726258925,0.6783242509619344
179,0.2602708189739758,0.5803309238377307,0.025132786694471193,0.02279483075140342,0.11147063974241887
180,0.19350666502853742,0.14179104971193765,0.0032057637011101915,0.005598058825697616,0.6558984627327171
181,0.06157522160610239,0.8071523823351748,0.10869147005654554,0.008474663992350065,0.014106262009827205
182,0.1839518563864838,0.467310537553427,0.015783488661331026,0.008407136909906437,0.3245469804888517
183,0.05683690284154941,0.8706502030945023,0.042103492212331055,0.01015730697211602,0.02025209487950135
184,0.058812196646576144,0.7922391596452181,0.06815417869799757,0.04667539413433897,0.03411907087586912
185,0.13363313995920706,0.6679402704800846,0.10279394552372347,0.036038615097168464,0.05959402893981625
186,0.0580900280221936,0.4716992434009757,0.007534321588325032,0.4497865823617012,0.012889824626804637
187,0.03611206218358162,0.034773341334677924,0.0006527238043969796,0.9213356826108147,0.007126190066528715
188,0.05197568335766413,0.1391136804229471,0.004953873765237071,0.6132655664166514,0.19069119603750026
189,0.02164967285717615,0.041697318228663766,0.0002935061889688157,0.9142200239241889,0.022139478801002338
190,0.04631508859826267,0.06403821633184471,0.001101694826210734,0.7548751999266343,0.13366980031704745
191,0.027233761007657648,0.009269081732919118,6.626269873861823e-05,0.95859584989658,0.004835044664104607
192,0.07580621486852968,0.12054113122212975,0.002947201108920031,0.5666303528103203,0.2340750999901003
193,0.07400306218338179,0.1266126603964331,0.0027993815510071705,0.5010282007104802,0.29555669515869776
194,0.017375596132704493,0.019975877691662876,0.00030474643975254866,0.9590435661329397,0.003300213602940371
195,0.07828777231866178,0.15756409414530845,0.0020128630420054774,0.5299583298913927,0.23217694060263164
196,0.13476141704523237,0.07732267679041428,0.00036456468035799135,0.7197526133988116,0.0677987280851837
197,0.0661049598136034,0.06253243933284301,0.0005782702738872999,0.6061994422602576,0.2645848883194088
198,0.03967993647363304,0.014662426507457728,0.00010179529491535582,0.9263153553189838,0.019240486405010013
199,0.018957678327514403,0.00731317682862597,3.4965478003302164e-05,0.9679564483617077,0.00573773100414864
200,0.008075841811897263,0.022876846880742742,0.00484010429362233,0.02859997977102602,0.9356072272427117
201,0.06987219884001773,0.06699079905307834,0.012851064020070854,0.10025570467020545,0.7500302334166276
202,0.30123685156718233,0.24301209201825183,0.015300214043790323,0.25624094856625135,0.18420989380452413
203,0.3369561653020387,0.18746341198298902,0.005775086948244272,0.37275214864847384,0.09705318711825414
204,0.15849445973122098,0.18128034078943359,0.005972052396404064,0.3242296715749126,0.3300234755080287
205,0.1280781927662741,0.11405840663943462,0.0017388191522578374,0.47215937385348744,0.28396520758854604
206,0.10860582061029654,0.17350895726735815,0.0238183613278331,0.19497868003107607,0.49908818076343603
207,0.2920336469733024,0.13540669427807422,0.0070101354836549605,0.15911007742419628,0.4064394458407721
208,0.1829567432673495,0.4713571228072879,0.00977332142761117,0.2492426368331688,0.08667017566458268
209,0.15093396896139177,0.4761293710137401,0.011172559623879206,0.13489023606529774,0.22687386433569126
210,0.4304610502265257,0.2160523889138891,0.007822557704242372,0.14991602809848142,0.19574797505686123
211,0.04185059675765266,0.8016012870009962,0.024558794931784533,0.057235152570297626,0.07475416873926896
212,0.18420570591454194,0.5538347302799868,0.011708900360561294,0.06285832354040577,0.18739233990450432
213,0.12039015381715716,0.7080761800666014,0.006171212469972498,0.10527019505930936,0.060092258586959435
214,0.04422665964470876,0.864587668399062,0.013620790223116465,0.05162257667453569,0.02594230505857701
215,0.3180484568464065,0.3321786507114294,0.006293128580168933,0.08993562960623422,0.25354413425576094
216,0.38327323308441774,0.39084293160678873,0.0035074613347302096,0.07335821425116809,0.14901815972289525
217,0.0983395203399535,0.7026910452491618,0.004615779770632759,0.02898531330168973,0.16536834133856212
218,0.44263579355227484,0.5051883973715674,0.002742191828123107,0.024863207652950647,0.024570409595083924
219,0.149015217463507,0.7162472526072041,0.009517931799825467,0.01748744364411535,0.1077321544853481
220,0.14109944066018687,0.6783218592843274,0.006234130493079333,0.0955964637882936,0.07874810577411272
221,0.04752652378784516,0.7290619091744381,0.0291566833145337,0.03640266497466067,0.15785221874852234
222,0.1568813352578772,0.49149242776444196,0.012629512744346236,0.05191933199188155,0.28707739224145296
223,0.2612578591588584,0.18492693249430503,0.00822202932134129,0.03177775030588308,0.5138154287196122
224,0.27074488278119807,0.5201886416825126,0.014269192203714798,0.028084396325690736,0.16671288700688375
225,0.1209616575150229,0.7699989608178,0.015394672232098346,0.018991392332880504,0.07465331710219814
226,0.17168925707908345,0.5817801460505192,0.03190465054762427,0.022792050822856784,0.1918338954999164
227,0.13312263293986445,0.7771669114619635,0.010290174087192903,0.03296349280169444,0.046456788709284755
228,0.061135557448941016,0.761395916103447,0.01790707117026517,0.025641187697322248,0.13392026758002443
229,0.05062286456201582,0.657255015684806,0.11567974673197738,0.006420905324903738,0.17002146769629692
230,0.16890012547027597,0.4018221347308072,0.007211936260740843,0.018499265716356274,0.4035665378218198
231,0.3516368409517093,0.27664264396261073,0.007303230098746529,0.009252241709682259,0.3551650432772511
232,0.2368302685931039,0.7237843662730941,0.008624379036828734,0.008306234050047696,0.022454752046925406
233,0.2398116614385361,0.6551111000262017,0.009695661323288314,0.00862434342266032,0.08675723378931369
234,0.0797920926395448,0.8893972333354233,0.008614551253847897,0.009897806048723524,0.01229831672246034
235,0.06717073611248864,0.8189986937260657,0.02053265689666192,0.00798992691330102,0.08530798635148268
236,0.0821953083266942,0.8543400232200536,0.00549291684919626,0.011256578966686434,0.046715172637369476
237,0.17203495762509474,0.5303110859697954,0.002559968383617489,0.01845419424251708,0.27663979377897535
238,0.07011549088894764,0.8683975610302049,0.03308319451123465,0.005005283985603944,0.02339846958400893
239,0.0984230526396909,0.827155266936253,0.014742724556117706,0.015935630122256145,0.04374332574568222
240,0.10201329450227374,0.859252072134646,0.006207896700987519,0.020948827010655174,0.011577909651437474
241,0.18284344942822958,0.4478711590440719,0.0017413618700729229,0.03982393020146364,0.32772009945616193
242,0.16030673089648534,0.1923155823749188,0.0030975422141815614,0.028155652915286346,0.616124491599128
243,0.21640914934980698,0.6074253330104424,0.007717035396241446,0.007842915202266683,0.16060556704124254
244,0.4492401133259011,0.4320604598270986,0.008909109695439047,0.00757716400013936,0.10221315315142188
245,0.13507329006891575,0.6443735492245608,0.01430362085928931,0.005592683092372166,0.20065685675486195
246,0.12833033654789658,0.7773434849592831,0.038272431704402934,0.006025240882788573,0.05002850590562893
247,0.0016711410261887308,0.8689653942684572,0.12327905669949968,0.0003618214214473505,0.005722586584407076
248,0.037278386450287984,0.788114395973278,0.1034660974273538,0.0038125920767569845,0.06732852807232317
249,0.009210259878027942,0.8905707512361976,0.08353095386212488,0.003813937543176899,0.012874097480472706
250,0.04336397187914421,0.8634926337026753,0.07067415016158726,0.004943205619669379,0.01752603863692373
251,0.020212262764176776,0.7273074189394519,0.2390840960454763,0.0028635323357623556,0.010532689915132466
252,0.011206532898417982,0.8855414218509149,0.09767475878675264,0.0011652985683081618,0.004411987895606431
253,0.008232311794636986,0.7636078542686754,0.22114238335886172,0.0017623707466443224,0.005255079831181568
254,0.0015404048018443563,0.8111825796034855,0.18484853568126078,0.0007948085122993074,0.0016336714011101444
255,0.0018841814784161365,0.7052501985583663,0.29007720810008736,0.0008289805284060986,0.001959431334724009
256,0.005434567070896455,0.5945357966797369,0.39662115565843425,0.0007701281486822153,0.0026383524422502187
257,0.00028943212410486246,0.12524369153759055,0.874021833372574,6.412959676630519e-05,0.00038091336896422395
258,0.0008510445446859792,0.24072699436757125,0.7569960106947599,0.0001928377848292948,0.001233112608153551
259,0.0010221445198227805,0.3771866139881509,0.6195265835965822,0.0003721114571985821,0.0018925464382455231
260,0.001211362783150397,0.3361571407182651,0.6598348732908484,0.00045534465384166717,0.0023412785538944364
261,0.0034939458805277775,0.21184098808444946,0.7806321278427959,0.0010627736546345865,0.0029701645375923976
262,0.01471797258806656,0.45200627051534625,0.5094579922271089,0.00541597320929521,0.018401791460183028
263,0.0038615020718054715,0.45458853097978236,0.5372314435603073,0.0012142611247882309,0.0031042622633166645
264,0.0019323975854952874,0.24639291191594598,0.7477286716951611,0.0009579623618140695,0.0029880564415835937
265,0.02171698175139015,0.3254483147329176,0.2870273612601607,0.016244472236706387,0.34956287001882524
266,0.04146628687810679,0.7663485808158262,0.08067642792155189,0.024159969418215296,0.08734873496629976
267,0.1361392359905665,0.33376879788241287,0.03172173308926562,0.025782016410568043,0.4725882166271871
268,0.2222897579422607,0.480398376336757,0.038563682376969825,0.014946963584598086,0.2438012197594143
269,0.20990023932000346,0.7433345825277425,0.007407163977386146,0.026809783286962298,0.012548230887905548
270,0.14841143196701517,0.3820859176978461,0.041446463154118464,0.011726757488308242,0.4163294296927121
271,0.17943135737917945,0.38892726428323365,0.005400437158162508,0.02521001197400088,0.40103092920542344
272,0.18361988324990328,0.14224944437117948,0.005056062867454908,0.014767210391520413,0.6543073991199418
273,0.31926114080963125,0.6219397626635215,0.0016347670394248567,0.024337633636219495,0.03282669585120298
274,0.1452259784388856,0.11759907820574605,0.00275063011994839,0.03407847502509292,0.7003458382103269
275,0.25702313671165355,0.28510644953415015,0.001027292960687951,0.08618671569725865,0.37065640509624975
276,0.10594579400462802,0.285624713501114,0.00819755203501525,0.04348984657883872,0.556742093880404
277,0.10827574765626527,0.11892752686813234,0.0036141735497402677,0.020496399830197087,0.748686152095665
278,0.10667646952696155,0.5732443221095218,0.04260407803844557,0.04354870858366727,0.23392642174140382
279,0.2920823497133486,0.5031410852124707,0.0421628383566689,0.05148629178458527,0.11112743493292646
280,0.15393664811803487,0.698323772871614,0.022927580864912256,0.02853023659829926,0.09628176154713967
281,0.24712351878162567,0.6209659212762662,0.007847780458429475,0.027866925366757563,0.0961958541169211
282,0.10201195734519833,0.24391538686669856,0.012419437936219923,0.004885676532897153,0.6367675413189862
283,0.0632132516806289,0.8379859946874404,0.02217790984574907,0.01118443840266325,0.06543840538351826
284,0.1099428474227819,0.7479635013437453,0.004855753426569088,0.009341238700134242,0.12789665910676942
285,0.370200921103633,0.49346656845056946,0.004899382617785461,0.03393571840999604,0.09749740941801603
286,0.09891167392245259,0.6070837530581394,0.03345023659020943,0.007935990448221998,0.2526183459809765
287,0.35532089253866916,0.43969423010496855,0.0027507023113970013,0.015205660276414562,0.1870285147685507
288,0.2243006756104628,0.68272513614706,0.002064476066101044,0.007145368630334908,0.08376434354604129
289,0.30613606913361746,0.505886946618641,0.0009458796607339484,0.004093464556075608,0.18293764003093194
290,0.04236115426930556,0.9502723158943345,0.0012884320544091993,0.002162022106013896,0.003916075675936923
291,0.050629470187415954,0.925480405338749,0.0038182476373107236,0.0018458004935992644,0.018226076342924957
292,0.03938772833657625,0.9381116779932609,0.004407025209552716,0.0028747707730517732,0.015218797687558402
293,0.0553092144193827,0.9229029787438127,0.0017348318240837655,0.010849614335099721,0.009203360677621276
294,0.05138433366713497,0.8086152950800584,0.04575149349496686,0.0022576286008649756,0.09199124915697486
295,0.052460205020642386,0.9269099895228298,0.002873591814865963,0.00570072523708624,0.01205548840457552
296,0.07274336281215335,0.6380761277727418,0.014464437195762396,0.0032591701813542446,0.27145690203798817
297,0.14622424514542934,0.5283970652596968,0.015221837400334634,0.004331505296952083,0.30582534689758717
298,0.41108500220566735,0.35384684665918176,0.0028549473313357245,0.007753102786816756,0.2244601010169984
299,0.18900147179786447,0.4038971337443906,0.002511107657284615,0.0042454638485469225,0.4003448229519133
300,0.1663737558159525,0.09002282347083301,0.0018978890251804853,0.003254931493498243,0.7384506001945357
301,0.05464850424679515,0.9163830261377963,0.016911610160570544,0.001812000667208857,0.01024485878762913
302,0.026086128430818062,0.9065500786747717,0.049771911371639686,0.001337457750369644,0.016254423772400956
303,0.017667405085323242,0.8859279529096793,0.06235309892012455,0.0011075225964229673,0.03294402048844989
304,0.012675757708567612,0.9100717071432194,0.05221487289059965,0.007917828066143624,0.01711983419146976
305,0.017749862567732314,0.8688426151424575,0.08330259143050002,0.017095588802387263,0.013009342056922725
306,0.06351966342469927,0.5053227705631252,0.03232729988377457,0.02788766088892393,0.37094260523947686
307,0.1267869687638663,0.734473591862401,0.00430429175006166,0.08396210181572687,0.050473045807944025
308,0.19115091579132434,0.35763446778303726,0.0055645912967581665,0.008300923367714654,0.43734910176116537
309,0.3059912234078752,0.6665688797012367,0.0016133736543938193,0.017127595079974762,0.008698928156519634
310,0.06704131972975234,0.716557192706415,0.010103281490346849,0.006954736499440407,0.19934346957404528
311,0.20796200859936578,0.6655584129520792,0.001244930111372229,0.028037892530178427,0.09719675580700457
312,0.1651338977192539,0.5193712604945778,0.002888590285818479,0.020184729632799416,0.2924215218675503
313,0.051422999146089464,0.9335149100277115,0.000682450480769681,0.008033531466664435,0.006346108878765036
314,0.028229404281459453,0.932785016496595,0.003901766823496609,0.0048770671073238795,0.030206745291125135
315,0.08667001811834626,0.845780288566938,0.0016995449575921368,0.015893274692112654,0.04995687366501089
316,0.03247683430212833,0.937840698616947,0.002374501697387154,0.017433114805118218,0.009874850578419176
317,0.030170820661595203,0.09860079561050651,0.006492020872459048,0.0023317143586967675,0.8624046484967426
318,0.17607909059776516,0.567304484203673,0.009117487785705867,0.011972920073051433,0.23552601733980452
319,0.07043887699184065,0.6146635150876961,0.018463688830966177,0.013087517451662253,0.2833464016378347
320,0.448578999590991,0.34308549635879676,0.0026371723362282164,0.024664975664334014,0.18103335604964996
321,0.052526811647503696,0.13271638257143323,0.02029749018526908,0.013363213653334125,0.7810961019424599
322,0.33332860020430183,0.1232585408041163,0.0010858436524982522,0.03263137491753235,0.5096956404215512
323,0.041360638690517725,0.11083453801417097,0.0035854403354217716,0.011249333338382867,0.8329700496215067
324,0.23047133856571536,0.5212692574077283,0.0038362941621950973,0.019504826760310796,0.2249182831040502
325,0.007341835292630613,0.01558714568267532,0.0037498907599488466,0.0023347728634242793,0.9709863554013209
326,0.025494156331839594,0.005669439491248617,0.00031800560231775974,0.0028990796190440627,0.9656193189555499
327,0.009544765729507878,0.004603137197092616,0.00011909008712475339,0.0036422848391834215,0.9820907221470914
328,0.0010720786400672947,0.0017848219235491812,0.00010318481366850002,0.0005729488298641096,0.9964669657928509
329,0.0014689486628908378,0.003432258841879571,3.110082232440834e-05,0.0002346998349056662,0.9948329918379996
330,0.0011746940996236548,0.0032691590948525193,5.0009212979125406e-05,0.0005302757470719798,0.9949758618454726
331,0.35059440011983195,0.09260651039819597,0.00406329516681379,0.06127217402584311,0.4914636202893152
332,0.26640497821821313,0.014328947659393569,0.00023939709784393364,0.031223219261473378,0.6878034577630759
333,0.053820565811824865,0.004694941019220302,0.00012879679020007137,0.004570372955882184,0.9367853234228726
334,0.19605325346807403,0.015089307061131737,0.00019160157945063714,0.05741412188491751,0.731251716006426
335,0.2659130665029381,0.03544937515524876,0.00023730284863137822,0.121461700087403,0.5769385554057788
336,0.3820525908282356,0.015420944863289559,6.574751129745711e-05,0.16081035037942246,0.4416503664177549
337,0.3539249269371246,0.02922938888089001,5.650485814398055e-05,0.37325443068822256,0.2435347486356189
338,0.3369429416496353,0.03625614206532187,5.488342098497041e-05,0.5968522347332166,0.02989379813084126
339,0.1644111047151195,0.12877865971575686,0.00014483356167652132,0.6498606334633313,0.05680476854411579
340,0.1751891388234626,0.030127351470539864,5.7711813066960415e-05,0.4530246057481469,0.3416011921447837
341,0.14454607368554478,0.12963105980073172,7.437701622823937e-05,0.7009003999676502,0.02484808952984519
342,0.06331002520814007,0.635523573580853,0.0018694443122854393,0.27146543143722685,0.027831525461494606
343,0.27430331989821727,0.05957954512126783,0.00013018161068892642,0.48176634663920515,0.18422060673062085
344,0.22298731295668542,0.3738890743093422,0.0005506269099761902,0.14882120097437018,0.25375178484962596
345,0.03170549165752524,0.9230238070775781,0.0013444783137361162,0.030369840191621634,0.013556382759538991
346,0.3098070748447593,0.2283411271251988,0.0009178719554220036,0.07841428718599247,0.3825196388886274
347,0.0983451325278581,0.5911885554027869,0.0037680899114854,0.14585338160209124,0.16084484055577822
348,0.11236444943611436,0.7322646238674566,0.0014348582908856123,0.09788177575643249,0.05605429264911103
349,0.35209061337687675,0.2883709736059262,0.0001572289095540462,0.31285776175914315,0.04652342234849989
350,0.03467778703592198,0.9369734181561066,0.004325265314428998,0.016369092059599265,0.007654437433943161
351,0.364914321356414,0.11471026070388281,0.0003676491024924171,0.11748372548850913,0.40252404334870173
352,0.26206285040213645,0.577329139684724,0.00030529163106662773,0.14281586927604983,0.017486849006023014
353,0.19517240825664486,0.5870667043935148,0.0012493129783421625,0.053648944303139226,0.16286263006835888
354,0.027691028280204553,0.9603555221917139,0.00037845727977057906,0.009122870295832069,0.002452121952479059
355,0.15449936327107192,0.19708843807315882,0.0010351669673439746,0.06438770132213467,0.5829893303662906
356,0.20033222185865038,0.47185876408512534,0.000485343467925466,0.3166164461453265,0.010707224442972181
357,0.021679928118628157,0.9518963938956152,0.010171107045112144,0.007772507144378872,0.008480063796265655
358,0.0795135446203677,0.08885505304311009,0.0002390490407276401,0.11062621989668685,0.7207661333991077
359,0.19577892419758725,0.31240963122647314,0.000789789137732939,0.10769265201468382,0.38332900342352294
360,0.046701585652393095,0.24960684359320032,0.005091152333934099,0.011161175999236349,0.6874392424212361
361,0.22826529410622207,0.13293178803708852,0.000623101323672592,0.0591084143475726,0.5790714021854442
362,0.03299413790181667,0.03459430848218442,0.0044676678254787425,0.004772697643769953,0.9231711881467503
363,0.010319285344297408,0.014693015415968338,0.004767864438996554,0.0014020625063429037,0.9688177722943948
364,0.5596668378401388,0.1970466134223192,0.0008836839317693592,0.01108163222003135,0.23132123258574117
365,0.15585304056266447,0.7675336476949549,0.004792883261581607,0.004991062846325509,0.0668293656344733
366,0.6202474143944711,0.18015976556407173,0.001779785315871546,0.026473523762563067,0.1713395109630226
367,0.08814147508058127,0.8578988530141712,0.0022019716093626645,0.03577256137546485,0.015985138920419986
368,0.17590209184214242,0.696703772900664,0.0006969534273584979,0.08182292012837064,0.04487426170146449
369,0.12887602694992722,0.7492581622093333,0.005473790321116597,0.02383790827719166,0.09255411224243133
370,0.02265190075793092,0.9476729209990924,0.009324069312294313,0.0033002567710620073,0.017050852159620107
371,0.34945721527030055,0.44865753115480134,0.0008180013126533723,0.06255076100775288,0.13851649125449184
372,0.04930780553527261,0.89342658270923,0.016907462760447963,0.011668216287814885,0.028689932707234415
373,0.06806561209191647,0.882911377053315,0.001296411023984329,0.02686012071695833,0.02086647911382589
374,0.022156504775095207,0.8903179909164612,0.023660608598902202,0.05210313111527459,0.011761764594266807
375,0.22935701928812863,0.3084545327056633,0.0006779512903990657,0.336551392563943,0.12495910415186605
376,0.21623553551634628,0.10797877298304775,0.00014981392904852176,0.4605306136219174,0.21510526394964005
377,0.34832134002043913,0.139784073093419,0.00023629916679113904,0.3500939154568077,0.161564372262543
378,0.3729678525606762,0.31306808690481985,0.00027030845526576083,0.2294117366327975,0.08428201544644076
379,0.31425606883414187,0.515801823482626,0.0010318503775268216,0.04490435636588991,0.12400590093981544
380,0.0344881177700267,0.8945890405463366,0.0052512337788907714,0.038573454634244636,0.02709815327050134
