epoch,N1,N2,N3,R,W
0,0.00019866802165125584,6.161385691868841e-05,5.992982816554488e-21,1.682743644807229e-05,0.999722890684982
1,0.00020540245859544283,0.00012019995557143699,4.603713000027162e-07,2.2122996382507242e-05,0.9996518142181507
2,0.0009484869270990907,9.849171821544239e-05,3.3557959663420825e-07,5.864169263566552e-05,0.9988940440824532
3,0.00020950192382233914,0.0001019042227294748,1.1096197321731055e-06,4.782203660091628e-05,0.9996396621971152
4,0.0012040414448825608,0.0001341216674450563,1.5966527303854825e-06,4.0848436095867506e-05,0.9986193917988462
5,0.0006911418986123872,5.377734201260615e-05,4.539438303197457e-07,2.017330786943705e-05,0.9992344535076751
6,0.0005901290519855977,7.221049895642686e-05,4.386047165678132e-07,2.841248229637387e-05,0.999308809362045
7,0.0004138858414525896,5.126490940112263e-05,1.0100718052006797e-06,3.62252528895119e-05,0.9994976139244517
8,0.0033747637350951287,0.0002354907393774993,7.670705367660087e-05,3.65480322523604e-05,0.9962764904395983
9,0.006040886071479556,0.0003802881352214275,0.0003758025440957915,4.3290256620520454e-05,0.9931597329925826
10,0.0036545502778106594,0.0002469967728941837,9.022118586892037e-06,3.5582688162737196e-05,0.9960538481425456
11,0.013720454208345077,0.0007733902180901536,0.00163676633151054,8.006038418066793e-05,0.9837893288578736
12,0.014042187316725806,0.002063251913410543,0.003447222704930003,0.00024507471120036473,0.9802022633537333
13,0.02619091692770301,0.002231432489679428,0.0015352479978644462,0.00042049946530189593,0.9696219031194513
14,0.022972367658458427,0.004693449505348803,2.6901621244717814e-05,0.0009044723701233595,0.9714028088448247
15,0.025220848676335783,0.006478772067906999,1.5619294345477412e-05,0.0009458151629940591,0.9673389447984178
16,0.06570977168679244,0.027287665912109953,3.479427592922053e-05,0.0028477694418015224,0.9041199986833669
17,0.07626375133892328,0.09423473344630141,2.6688464864280424e-05,0.01391627752366454,0.8155585492262464
18,0.03140722455591809,0.0936505109927006,2.1703120879438517e-05,0.018270382441313175,0.8566501788891887
19,0.0447557614597354,0.3031685416780709,6.375212602654522e-05,0.009499196960441332,0.6425127477757258
20,0.052716867730247356,0.19017082851480496,4.50635321006653e-05,0.008042589711136729,0.7490246505117103
21,0.04537570423158131,0.4161664215850818,0.00012125612343799223,0.012809041113986808,0.525527576945912
22,0.07288045817136365,0.28819629837100674,0.0003491136623705498,0.009295264999309048,0.62927886479595
23,0.11345237650029485,0.3612793107184627,0.0017092548408258476,0.002228419887046591,0.52133063805337
24,0.19579928369318644,0.6052691861557448,0.000875560607661474,0.00896712137129516,0.18908884817211216
25,0.03592017472819622,0.8882648740412618,0.006346452899932029,0.0014592597160833763,0.06800923861452675
26,0.12111421939539813,0.6991458108193755,0.04151369804109736,0.0022180793088308086,0.1360081924352982
27,0.06419388635281399,0.8325678530800654,0.03676534040366577,0.0015231029867886305,0.0649498171766662
28,0.02394517042625968,0.7039894449255237,0.1519295320528621,0.0013530486833123285,0.11878280391204213
29,0.033798724151685895,0.8215418385246659,0.07579996726456212,0.0028561136268508537,0.06600335643223529
30,0.020569506481439157,0.6623238322413152,0.2651023160926939,0.0006522761205880504,0.05135206906396363
31,0.03471094292174354,0.7439926811752767,0.15216862137821405,0.0016466168183687329,0.06748113770639691
32,0.014060175900713255,0.5853746323905327,0.38413813300242083,0.001096558788018805,0.015330499918314379
33,0.04452340795217927,0.6578923227281939,0.22593734960441472,0.000985720027634287,0.07066119968757788
34,0.03211388389737808,0.5389893268971233,0.4114979937347409,0.0003999332871585646,0.01699886218359913
35,0.018392510933978076,0.5454849562504724,0.421537349543043,0.00038586725141571076,0.014199316021090744
36,0.015179045416478817,0.5884739156359584,0.3723267494973351,0.0003779960294459695,0.023642293420781852
37,0.01800396230472769,0.6360306727738128,0.3241460396090846,0.0005311822492397441,0.021288143063135045
38,0.018688198441045325,0.36322761299804207,0.5861158138909397,0.0003482078439559163,0.03162016682601707
39,0.01958958334531533,0.5215825237281295,0.44150155049025136,0.0003626649799270771,0.016963677456376815
40,0.0283949332041324,0.3135791843962404,0.6427981623308231,0.0004060196044037556,0.014821700464400345
41,0.011880667450253858,0.24210503276086281,0.7297340711653373,0.00013032424855712767,0.0161499043749888
42,0.0074439374983867965,0.14467680161277294,0.834027889322605,9.324047928415946e-05,0.013758131086951075
43,0.0070467242583804055,0.1643104594083093,0.8100313874996002,0.0001598594501728723,0.018451569383537265
44,0.007820722072497923,0.14333554138658755,0.8412116424620606,0.00012218058335463527,0.00750991349549935
45,0.005565193874600899,0.10409228747823662,0.8801853333716804,9.28771551238953e-05,0.01006430812035833
46,0.0101439482724893,0.21260637314876174,0.7670553255236138,0.00015001841745849862,0.010044334637676781
47,0.00825598467808216,0.09963616578431891,0.880875603433734,0.00012232761765539806,0.011109918486209434
48,0.004183653264574317,0.0777878630765251,0.9105652422682192,9.077352978865655e-05,0.007372467860892734
49,0.004957058381851642,0.11734275598664339,0.8648798156365366,4.865239405653988e-05,0.012771717600911952
50,0.0009684888803826033,0.03647171103958092,0.9602170097630884,1.5566748299379454e-05,0.002327223568648661
51,0.002294376596831744,0.04529849062642809,0.9484874898945569,3.066466220430838e-05,0.003888978219978931
52,0.0030052410569492392,0.03331445716336564,0.9593397655926976,2.785613500125871e-05,0.004312680051985998
53,0.00145637492717738,0.03223205648251954,0.9580805348149225,2.4503898994481064e-05,0.008206529876386027
54,0.0014892062977595482,0.03468935110057049,0.9519017960495503,5.27006245841059e-05,0.011866945927535451
55,0.002358590247423112,0.03337992296884477,0.9597100707760575,3.511470227454992e-05,0.004516301305399982
56,0.003153184451415202,0.03269403141863374,0.9471564933977301,8.140773691951994e-05,0.016914882995301285
57,0.0014121856401912215,0.02486889199771347,0.9699604248874614,3.59625433501063e-05,0.0037225349312836986
58,0.004692087440024324,0.06300041269270798,0.9152713958174933,0.00012083049839596813,0.016915273551378653
59,0.0034523777396792588,0.037381128814097185,0.9280578435260116,0.0002672063760917988,0.030841443544120127
60,0.0027690614044546843,0.03648108779939574,0.9505137408394366,9.828726381240563e-05,0.010137822692900566
61,0.002309177630522613,0.05872012081083371,0.9325362221286772,5.4340995912142974e-05,0.00638013843405431
62,0.00210976707243451,0.03696880622219722,0.9526048130780125,6.193603993898805e-05,0.008254677587416758
63,0.003965585721402905,0.06546149486864603,0.9048222306714108,9.680350652707734e-05,0.025653885232013243
64,0.006362215378996139,0.05254704318996335,0.9272839737541043,7.52659113150271e-05,0.013731501765620976
65,0.003478390957536177,0.053474363609609186,0.9366486312438815,9.910562028234905e-05,0.006299508568690721
66,0.003334358690332048,0.03380536706960626,0.958654235652777,2.77956277557842e-05,0.004178242959528881
67,0.0026056782083959144,0.028353861642309772,0.960451398620016,2.1442324319487267e-05,0.008567619204958667
68,0.006697178831197875,0.060100818262053934,0.9223335428562692,8.306675191550571e-05,0.0107853932985635
69,0.00831918047693009,0.08539852047611664,0.8879164408753106,0.0001136289958383507,0.018252229175804432
70,0.002608092093187475,0.028972322198971362,0.9600509702380661,0.00021172004072219597,0.008156895429052957
71,0.0016293114202504118,0.026611579531784137,0.9680811951463381,6.449376696007575e-05,0.0036134201346671706
72,0.0007920465628513353,0.020432382660432336,0.9749347206297573,0.0001550214293380394,0.0036858287176208446
73,0.0015428311285342734,0.021140492875115057,0.9723792640821233,0.00013706866709820844,0.0048003432471290545
74,0.0028128445726870745,0.029269302225565782,0.9556484683638947,0.00021237277360370833,0.012057012064248732
75,0.004251128075066909,0.0028318339956357637,0.005365874123856327,0.00016239306587377913,0.9873887707395673
76,0.003771046365781735,0.005203957930178066,0.0008112405956236974,0.000343388422784713,0.9898703666856317
77,0.020445649094522598,0.010825070963337381,0.0005129185395868065,0.0002371159084409458,0.9679792454941122
78,0.1448155622978191,0.09815810023656499,0.0025856635661459697,0.0002920288686413742,0.7541486450308286
79,0.04596562678286229,0.028888697666370918,0.0009097538813015083,0.00012966873857623318,0.9241062529308891
80,0.02093995426907659,0.00793147217836387,6.086698355057409e-05,0.00012277040781956788,0.9709449361611893
81,0.042958805772748666,0.043261894611133694,0.0006578942538872242,0.0007341770782280063,0.9123872282840024
82,0.05808610096885908,0.10845144002709821,0.000587771957261169,0.002718642732301478,0.8301560443144801
83,0.1780659036294104,0.28460185448150155,0.004690728684913462,0.005507239092077546,0.527134274112097
84,0.20241701393979578,0.2316384389181546,0.005160537042135773,0.007534027094280966,0.5532499830056329
85,0.18342959806135833,0.6271264031118631,0.0162011575264315,0.011874642784207988,0.161368198516139
86,0.19180283671341983,0.5932944721644249,0.017747828013319894,0.023895727730686475,0.17325913537814885
87,0.10560253497965558,0.3860233057892919,0.05934259859555914,0.00529575176280187,0.44373580887269154
88,0.15627558011299705,0.3233626286122806,0.02538889831147529,0.02347501229449434,0.4714978806687528
89,0.18412873996404355,0.5133937717055843,0.047624956125595516,0.017739570681487193,0.23711296152328953
90,0.2872658167929282,0.48859097881096863,0.010851109886516358,0.06724152455642589,0.146050569953161
91,0.24905938186472326,0.4401754449494065,0.02903966312364583,0.013842473580363633,0.2678830364818607
92,0.15020906213100313,0.5679245403121168,0.01797108135215118,0.005380870001524775,0.258514446203204
93,0.145615103998924,0.34312258336617235,0.0531541302117395,0.0034783958788956776,0.45462978654426855
94,0.12530369108412504,0.5957546955219882,0.09799850185693323,0.00483037718161159,0.17611273435534183
95,0.17678964483278123,0.6623156220249818,0.026115727847720933,0.0032636569313284915,0.13151534836318757
96,0.11552434556171004,0.7462392979386789,0.08881594430859605,0.005686279036632258,0.04373413315438274
97,0.07511145775686279,0.7558116727064295,0.12415169424761864,0.004029256207702787,0.04089591908138642
98,0.13621573826666053,0.5466885232556358,0.1679856214791649,0.0029899975971333656,0.14612011940140537
99,0.06946980081539357,0.6581165615733238,0.20428147551373863,0.003196303929015961,0.06493585816852797
100,0.05198374245403096,0.7321894594989522,0.1690640171243823,0.002269871424021843,0.04449290949861269
101,0.07292747263550364,0.5992554984254844,0.26100702619360155,0.0027520726722158155,0.06405793007319463
102,0.26221779909673304,0.4384493732578756,0.1071087356759358,0.0041624904962393365,0.1880616014732164
103,0.1531747721587881,0.6936694116327424,0.06736300451365987,0.00265528977681281,0.08313752191799652
104,0.1463124361612129,0.5419200197226618,0.23581199031719416,0.004296912210717885,0.07165864158821333
105,0.038344298909353064,0.3736309680906485,0.5424675586026156,0.0020995555098941928,0.043457618887488746
106,0.36692877037046157,0.36980144872572895,0.05911432673273662,0.005766356665212684,0.1983890975058601
107,0.20608530843978873,0.38130555976587044,0.0890853225613062,0.0038982499521253914,0.31962555928090924
108,0.15814790005086213,0.6323873605129421,0.13207302723803455,0.005738053806672255,0.07165365839148889
109,0.10809944245776056,0.7116135581544788,0.0880835830475604,0.0017419263410492695,0.09046148999915092
110,0.4367756525342656,0.39257928947515564,0.00738609701784787,0.016470956811392528,0.14678800416133833
111,0.08286994239483837,0.6392388554058634,0.20424707281685223,0.0053429670063775084,0.06830116237606841
112,0.24602297246876315,0.5215509459503809,0.03525443901476747,0.02153724638960429,0.17563439617648427
113,0.6365982430479513,0.2493472084357664,0.003226238604790608,0.006279512519855064,0.10454879739163651
114,0.20419755134012924,0.3981820215196124,0.24185520801181407,0.01727909991815441,0.13848611921028983
115,0.30238713096483727,0.5244864025027917,0.05962348770098196,0.017681441341153417,0.09582153749023568
116,0.029877537138652432,0.4054310766825317,0.497917607057017,0.02018465423844712,0.046589124883351825
117,0.032484889074122565,0.8229345824514266,0.0914727867066485,0.02180560331560522,0.031302138452196954
118,0.06073143693667308,0.6470452455199289,0.02079876204325397,0.026204970356557496,0.24521958514358644
119,0.08871285132717961,0.7873089979666652,0.007554912972683802,0.04176604448322478,0.07465719325024674
120,0.04263527448802437,0.8774677704048117,0.004421802091232471,0.05524736961828143,0.020227783397649978
121,0.0272383670649616,0.9052220540029368,0.008382067851829723,0.0419250128003384,0.017232498279933447
122,0.12886707963754576,0.5261052516420512,0.000674682499574123,0.280236379939913,0.06411660628091587
123,0.11714063149520064,0.5587377361124815,0.00019579923628818842,0.24466944176583605,0.07925639139019369
124,0.11735336017432349,0.5846934391738932,0.00020403523307471356,0.22901145049778376,0.06873771492092495
125,0.13196041087004348,0.5437180206304775,0.00012356809589976345,0.2969660907998173,0.027231909603761886
126,0.10958832518523999,0.7266635618358074,0.0008914301000740758,0.13954099939830997,0.02331568348056839
127,0.10325804513143184,0.2463428205065767,9.809755967869497e-05,0.6082105765777622,0.04209046022455061
128,0.1099946198683053,0.16952527328330885,0.00011483268036147659,0.660305348570702,0.06005992559732251
129,0.09780496118238673,0.5517003737548382,0.0006803247973495117,0.3196718885203905,0.030142451745035194
130,0.09165743811618635,0.14362529169791668,3.822791367220511e-05,0.7377253472491405,0.026953695023084263
131,0.11091259240347356,0.1957409781076204,6.368981940318854e-05,0.5859922596588675,0.10729048001063547
132,0.05565666564446391,0.09273834123004684,2.170812095783838e-05,0.7671883768255975,0.08439490817893396
133,0.12680382027369552,0.07950162566498213,2.543673799255329e-05,0.5654668720863971,0.22820224523693264
134,0.08801287777970898,0.07528915174494763,2.6416970878353504e-05,0.7144888790093942,0.12218267449507089
135,0.11199807814748959,0.045650047406957606,3.52193405038344e-05,0.512200373001295,0.3301162821037539
136,0.08968927194734647,0.08083065150949906,2.509594827880449e-05,0.7695783238045423,0.059876656790333396
137,0.042689999357442554,0.06424730046578457,1.893052591345728e-05,0.8439592423701622,0.04908452728069717
138,0.04497460516198418,0.05926134040025386,1.6082532440439844e-05,0.8668655144814063,0.02888245742391522
139,0.05533061082795974,0.12205704345038645,2.028435601797506e-05,0.7941430395512397,0.028449021814396066
140,0.0638685534791695,0.05111794451311945,4.3848234433902295e-05,0.7583538776883113,0.12661577608496583
141,0.07397892506868271,0.08378562235902862,1.3234935874008528e-05,0.67083521752031,0.17138700011610472
142,0.11594849919807602,0.11367099590633728,4.85281923238048e-05,0.4198397697249752,0.35049220697828765
143,0.07792755369465554,0.11685406981226423,2.5034691336390737e-05,0.6932168616449818,0.11197648015676202
144,0.092005233800536,0.22331605436501697,3.182307932052608e-05,0.5594780560701044,0.12516883268502213
145,0.06224534954944486,0.15983743429950714,2.5805034612087388e-05,0.7418590272470119,0.036032383869424
146,0.08899466438594004,0.29904754267141853,9.207590007024753e-05,0.4497053243864047,0.16216039265616644
147,0.09052738045522583,0.08119047099316137,5.001006090961299e-05,0.6117843793235203,0.21644775916718306
148,0.10936293472678286,0.09917987913820688,6.662326067112365e-05,0.47180816066739684,0.31958240220694234
149,0.06812193288476522,0.09910960560731004,2.1804558476050043e-05,0.7059503968117609,0.12679626013768783
150,0.0638995903726097,0.10341311124356939,3.053286125875953e-05,0.7410239880716057,0.09163277745095645
151,0.06017238243809469,0.07557760071970046,2.7728328764394072e-05,0.6765187110989005,0.18770357741453986
152,0.06401835837745998,0.05791877175293103,3.9256923356909546e-05,0.5960106300528749,0.2820129828933772
153,0.07890296506430503,0.07119921196823777,1.7022242562059086e-05,0.7660676828536311,0.083813117871264
154,0.08933157142480269,0.10804469227175201,2.778764608754854e-05,0.6864232168793049,0.11617273177805294
155,0.11722101899965119,0.07218632099972391,3.880028922060437e-05,0.6537605879218703,0.15679327178953403
156,0.18506939146368392,0.14400598794265795,5.894648308325034e-05,0.5953994639632483,0.07546621014732649
157,0.10708131140839015,0.13184962587398294,3.402092474007691e-05,0.7331700504126105,0.0278649913802763
158,0.10713482632202324,0.06609739292908058,2.6135277293641085e-05,0.7815663478765964,0.04517529759500624
159,0.12296269186163473,0.21134149545084838,5.686672936568094e-05,0.6391871366369306,0.02645180932122073
160,0.1347806811740012,0.5474245657700808,0.0001763918324660511,0.2648628834287498,0.05275547779470215
161,0.1150683483341583,0.15625375409188796,5.031722942633749e-05,0.7016554960807724,0.026972084263755094
162,0.051202165541185604,0.6714873797615308,0.00016457238624178962,0.26866767741884945,0.008478204892192209
163,0.09188223247652363,0.6360572822965055,0.0006472128785268524,0.2466517805479506,0.024761491800493515
164,0.14784945688503254,0.40244651622515815,0.00015087152569664037,0.40891805732122716,0.04063509804288547
165,0.04243239949107871,0.7862901911911601,0.0002150339262166026,0.16101367789873555,0.010048697492809105
166,0.0819648394957274,0.6844664274346348,0.0054093620444069426,0.08786194521488451,0.14029742581034638
167,0.04280257840805138,0.06592202751988673,0.0007557952452815771,0.016791448572197405,0.873728150254583
168,0.07335657845436626,0.04134306119866944,0.0005730694084025129,0.010380589546479134,0.8743467013920828
169,0.15052943522345966,0.06355321879035415,0.00022867587403295405,0.04900143213435365,0.7366872379777997
170,0.2876458469475242,0.09860831641905177,0.00012634287504408108,0.0570002227070285,0.5566192710513514
171,0.28558900889423466,0.18050634271225632,0.0016493622858889262,0.16772006460959615,0.364535221498024
172,0.11738856673348537,0.43258575189642734,0.0005379368655382911,0.05495309227918638,0.3945346522253626
173,0.00288803613447941,0.008543996629055493,0.00011373191475521171,0.0011632548569191613,0.9872909804647907
174,0.003781063674970807,0.007895121429660498,0.00031368115303965534,0.0010875112155402575,0.9869226225267888
175,0.00307648407183356,0.004215069405729345,0.0003061804485580861,0.0019086051047665427,0.9904936609691124
176,0.00869445775157766,0.002040445427016992,9.116244845700581e-06,0.0014805061995692228,0.9877754743769904
177,0.007830008257778307,0.0010432594201514075,4.946203300241474e-06,0.0016009032184653377,0.9895208829003047
178,0.005639532013346933,0.0006395781062183666,0.0001205932993065589,0.0010317834620400719,0.992568513119088
179,0.01029548773476988,0.002801627377078324,0.0009605686160931058,0.0009457850841537961,0.9849965311879049
180,0.07264788155228356,0.005103991612206898,0.00102018553718748,0.0020953113135108426,0.9191326299848113
181,0.014895465897167837,0.0016042635094933053,0.0004970302848421032,0.0013804923447038138,0.9816227479637929
182,0.03386307216566765,0.003154287423542027,5.4299552295582846e-05,0.0015386515320042892,0.9613896893264905
183,0.07452402076661337,0.005136760638161187,0.0021342776670012988,0.005641707771967974,0.9125632331562562
184,0.015173411174742303,0.0016831539842450997,2.3246803296095485e-05,0.0017108126080422003,0.9814093754296743
185,0.10177795241543644,0.004533064226245694,7.342913244790534e-05,0.004211436263838105,0.8894041179620319
186,0.11358060470577418,0.006467721503323305,0.0023402982445952683,0.009520981255002605,0.8680903942913047
187,0.012184826328130102,0.0026067839647685477,0.0002213079335321247,0.0038964642496676755,0.9810906175239016
188,0.1817144542928508,0.01644166625968405,0.0028658626600038695,0.029172484754196783,0.7698055320332644
189,0.17959075020453685,0.020747334836140656,0.0021606540246153385,0.03981794238347775,0.7576833185512294
190,0.08803034455408636,0.027506350750791175,0.00011106821004274364,0.023794871720985787,0.860557364764094
191,0.10712249341167898,0.08292243243994696,0.00013139453223928675,0.07282536287224013,0.7369983167438946
192,0.1345376329407621,0.09583905488963988,9.876650085803298e-05,0.0542971511466308,0.7152273945221093
193,0.19565122668454507,0.11883850435394867,9.612400574671904e-05,0.17626987210964892,0.5091442728461107
194,0.18145316499615302,0.18426232290382466,0.00016891313325635362,0.17410443468065406,0.46001116428611194
195,0.1495051241733723,0.2742926565772405,0.0001070514949901748,0.12632942920391968,0.4497657385504774
196,0.22228704073952463,0.22783057681286367,0.00012677349620766163,0.14483228687835698,0.40492332207304704
197,0.10364864321233766,0.3459045377365741,0.00010909681111486686,0.09555176276271915,0.45478595947725403
198,0.08211616663132039,0.34443904721329643,7.232248297109942e-05,0.08014848216295489,0.4932239815094573
199,0.12993531818329893,0.23672528044161661,8.441304604037535e-05,0.16515427061557733,0.46810071771346684
200,0.11909376987262452,0.4605481379506034,0.0001723774591089777,0.121362409642814,0.2988233050748491
201,0.028777322862273462,0.2119566729578162,0.0001113100419448783,0.046813361098254604,0.7123413330397108
202,0.14978604783982627,0.18596768918091902,9.394332385494787e-05,0.09201014826698999,0.5721421713884097
203,0.019691514550726326,0.15399961856251468,0.0003070354598427069,0.023656912918804094,0.8023449185081121
204,0.1677744902813392,0.2771253183709371,0.0002639594454634939,0.1066352907494639,0.4482009411527963
205,0.17143053224726248,0.454630415955205,7.70707458135771e-05,0.2456633391543111,0.12819864189740784
206,0.06540741783836773,0.7137282023681448,0.0005175506934530824,0.09108741679021583,0.12925941230981852
207,0.11057861451403939,0.5482819292933213,0.00022478004135779935,0.24618978678863965,0.09472488936264191
208,0.060555838267568225,0.6575618767054516,0.0012046395911114213,0.1265577232348416,0.15411992220102708
209,0.031236438762944695,0.19814993741911574,0.000643877398176242,0.1551532779717153,0.614816468448048
210,0.1119210202776981,0.08696081131403047,0.0002942255246369307,0.22836840955703994,0.5724555333265946
211,0.09598662085031337,0.09779570298755251,0.00021802046830120752,0.18111431633775998,0.6248853393560729
212,0.10047895750805165,0.06508828985624618,6.787442868626838e-05,0.1447750427543944,0.6895898354526215
213,0.1010563390920816,0.04662748897979311,4.9943763176788014e-05,0.09779486629237363,0.7544713618725748
214,0.18864255454339426,0.04734187703229615,6.6959154553521e-05,0.13931473013156628,0.6246338791381898
215,0.10857081332225013,0.05075594464370822,4.1955711959528097e-05,0.0784579461793667,0.7621733401427154
216,0.16151302158290873,0.07334050460772766,0.0001062023914992762,0.07646294221108337,0.688577329206781
217,0.2749280877466581,0.23885076508189323,6.069828104743241e-05,0.2804706569994764,0.2056897918909248
218,0.25345461384920454,0.33088190861527256,0.00010232095670624947,0.25328679279441907,0.16227436378439755
219,0.08226354173955834,0.3713751610284875,0.0005220602855364466,0.13952716556484435,0.40631207138157327
220,0.09597015854772928,0.46538875126830226,0.0034217541969102177,0.1977189473143304,0.2375003886727278
221,0.1207830446025505,0.6738542403729701,0.0013203452112299358,0.06288846335480783,0.14115390645844167
222,0.058317849975789315,0.7655476669020801,0.013125839102073504,0.06965699948230165,0.09335164453775535
223,0.04326917065330608,0.8875176254835191,0.005532192025462593,0.035822137695494596,0.027858874142217625
224,0.21799212740172202,0.5742763802433534,0.004092202848490476,0.16172953829039194,0.041909751216042096
225,0.07077867527868735,0.7587067976048296,0.03987930688335314,0.041562241824369496,0.08907297840876044
226,0.060118982867327406,0.30817912914584167,0.028043817622201043,0.05167399706828884,0.551984073296341
227,0.15700347291149078,0.6541886358386438,0.012451000227559544,0.07134332308330757,0.10501356793899826
228,0.12051967905128569,0.5668685805866559,0.07976465940549445,0.036149948236350045,0.19669713272021397
229,0.13001297835582842,0.5879849936445315,0.06560171367314693,0.03518284113188538,0.18121747319460765
230,0.07982892781006178,0.7984971873705069,0.048244235654576674,0.02200007295620285,0.051429576208651843
231,0.06718016725681411,0.592268429113621,0.11403880249352612,0.008668240276572606,0.21784436085946624
232,0.10026157425147673,0.5770178745641645,0.1868185128570226,0.013126696318776833,0.12277534200855929
233,0.043157608217728335,0.49651981382244653,0.1813134148064544,0.005068010762814207,0.27394115239055655
234,0.04801698778449092,0.5998375420033626,0.1937008538997054,0.005404558996651918,0.15304005731578918
235,0.0859092177073059,0.5871754330588544,0.24497414381828714,0.012206802228443281,0.06973440318710915
236,0.04707554553634633,0.646283350161865,0.24481775880028356,0.008792662921450941,0.0530306825800542
237,0.053326351097013655,0.4772148109445932,0.3387679148220282,0.009229407044294218,0.12146151609207065
238,0.027198550909825717,0.4089857556482745,0.3601884801640955,0.021108215615541215,0.18251899766226304
239,0.031175019986386065,0.3900530022114161,0.34846800072052064,0.008694016228608673,0.22160996085306844
240,0.0686259477563529,0.3614972913355797,0.38472624296149444,0.009026045052869858,0.17612447289370306
241,0.03503479776436328,0.31800814164432956,0.6015780042855337,0.004695848836341267,0.04068320746943225
242,0.014419088740439257,0.12223190389856499,0.7373398070894907,0.004901041296250527,0.12110815897525458
243,0.01562638470098112,0.1180492597644188,0.8021521419448816,0.0028977110730834996,0.06127450251663506
244,0.01731865800352962,0.05486132158122015,0.8343296893636201,0.0019967257654302903,0.09149360528619982
245,0.013014758557729156,0.05513166143328212,0.8787817317480888,0.0019546269683862623,0.05111722129251363
246,0.021293688826652453,0.09804696540640254,0.781994185676781,0.004712587248199481,0.09395257284196448
247,0.0129965821040704,0.06894242362936875,0.83161375184193,0.003012579700872239,0.08343466272375866
248,0.014474610736273794,0.11934879059969841,0.8187754316349227,0.003133070590956802,0.044268096438148184
249,0.01634593426722674,0.0964208622076296,0.7584525659050496,0.0044134806850712515,0.12436715693502286
250,0.006685081900900201,0.04574365292107007,0.8995245199324122,0.0021400937163200636,0.04590665152929759
251,0.018280635622565426,0.11907128886045851,0.815408642891658,0.007179468746504849,0.040059963878813144
252,0.010907707197377919,0.11846093994652916,0.7468656095182906,0.006309822160527817,0.1174559211772745
253,0.013553972192701392,0.12830647227560174,0.6788645213411247,0.0093372719228034,0.1699377622677688
254,0.010614645508091713,0.11140950407934558,0.7938029469454173,0.0058761072082878655,0.0782967962588574
255,0.01784809341716258,0.18984980084405734,0.6375990676771315,0.010631527830204787,0.14407151023144388
256,0.03463783843679544,0.22256581776476522,0.6172557112026428,0.015472909283572492,0.11006772331222396
257,0.05178805078389576,0.3356520847330387,0.45943668361251994,0.017026491513677813,0.13609668935686772
258,0.07799720485966138,0.3883833137653926,0.35769282384875706,0.019926479207587604,0.1560001783186014
259,0.02005098744254437,0.19657419629028489,0.5196877271875909,0.010899547409356284,0.2527875416702235
260,0.03272749059817489,0.19200079968972658,0.5899864942908373,0.017795304644020443,0.1674899107772408
261,0.04207793155278109,0.3435654498056807,0.445286549751049,0.020384449664494715,0.14868561922599455
262,0.06195282237264779,0.4371221547584201,0.2735157850298425,0.019383631704343957,0.2080256061347457
263,0.024745773611263785,0.2091310363433719,0.5791592181479198,0.026745318948583483,0.1602186529488611
264,0.034058659765678366,0.2938818241914518,0.5303127906252504,0.01651534357267857,0.12523138184494084
265,0.01943360969941917,0.1709763462893431,0.48129574939680353,0.021367827889059415,0.30692646672537477
266,0.029619009335003645,0.2961282769675436,0.4261437064034702,0.020078212234536805,0.2280307950594455
267,0.04258190536175448,0.28099344632426987,0.37211027673057395,0.02291737167691178,0.28139699990649
268,0.04239472325273901,0.339691551577184,0.4729600271575735,0.01748619250285146,0.12746750550965213
269,0.014475017083021874,0.13829083374004703,0.5666733311835294,0.012264155495783895,0.26829666249761774
270,0.03215162747478082,0.26970415847886403,0.37171539944705756,0.02774126583911415,0.29868754876018344
271,0.0179149810542251,0.230238467798045,0.4923336385919393,0.025489109238841946,0.23402380331694864
272,0.010949522727833318,0.14107448196721806,0.6008807506677095,0.027482291913506797,0.2196129527237323
273,0.018117065193660735,0.33213453787595476,0.2984503010826331,0.06315221124773687,0.28814588460001445
274,0.009615929875242311,0.09914233364272435,0.6585062207221749,0.02429016098569993,0.2084453547741585
275,0.021000674858037544,0.1731152636844477,0.44896288573459203,0.061478695981339024,0.29544247974158366
276,0.013276899771711708,0.08386015711916905,0.3714171744933294,0.019755179946571378,0.5116905886692185
277,0.0023679504663390223,0.013800330826062185,0.020778279547989116,0.0012470115596561633,0.9618064275999535
278,0.009999863679084358,0.017038158192675693,0.022199693495318217,0.002722905071980799,0.9480393795609409
279,0.040187118258637806,0.055515866224099916,0.02976218273375239,0.005169233289982229,0.8693655994935277
280,0.020560311213162454,0.04059841056253807,0.005989303703756555,0.0020519118347863932,0.9308000626857564
281,0.09557026554214418,0.09810291659852038,0.016507322361779514,0.01297486594213991,0.7768446295554159
282,0.11760588086985929,0.1449295524134234,0.023411507678795435,0.008892160407594463,0.7051608986303274
283,0.05885668545817789,0.10547602647156681,0.009153050898366126,0.007645848235007759,0.8188683889368815
284,0.3741507386336825,0.19177739192499813,0.016100318125284722,0.023106144308545663,0.39486540700748907
285,0.2148775550430121,0.6282698914219116,0.0269161445673622,0.032456539670518925,0.09747986929719527
286,0.058120475927786325,0.058277831008711714,0.01515943104138661,0.004546668388601499,0.863895593633514
287,0.3110216378179028,0.0764428886329733,0.007481588524899524,0.004913212127128951,0.6001406728970954
288,0.20016430466221502,0.09888679076341593,0.0298853434346999,0.004324712746007117,0.666738848393662
289,0.2708939039486986,0.6309476787248998,0.049716180346488996,0.004253361828045321,0.04418887515186725
290,0.06334685526357378,0.5415037434995666,0.36671772007085834,0.006980783581913429,0.02145089758408774
291,0.1220802318951155,0.7531988978086769,0.02447633546576249,0.044430198359237894,0.055814336471207315
292,0.09722133959187343,0.5443146060723043,0.11591150020067383,0.10481150537328963,0.1377410487618587
293,0.10631939560082938,0.3965908590388789,0.016296043549157004,0.3761784105079337,0.10461529130320092
294,0.15120029341304028,0.20664817968021792,0.0015412059782075943,0.3178950958214363,0.3227152251070978
295,0.22134042570823123,0.2988457291095526,0.0008401626542877867,0.4038057123271397,0.07516797020078876
296,0.204350316699433,0.38937271649913124,0.0023828274822149977,0.29336380744132634,0.11053033187789452
297,0.15353890258791067,0.19769030932666284,0.0005029720853062479,0.5501911771768337,0.09807663882328632
298,0.1260982135942521,0.19829818108403519,0.000549993785974772,0.5364068436507693,0.1386467678849687
299,0.18871689803187092,0.1816351704730841,0.0010276175939422825,0.4773154717535424,0.15130484214756043
300,0.0968011596009319,0.18285579295583013,0.00011401186571916075,0.6901857709203743,0.03004326465714465
301,0.09867919531660956,0.28995528322501884,0.00017543545073903506,0.5798631895455578,0.031326896462074746
302,0.046175352587972944,0.2954739901503947,0.00036992539662718477,0.6414564833215983,0.016524248543406977
303,0.06843444591279614,0.11206835343668523,8.042814553968956e-05,0.796760783268955,0.022655989236023927
304,0.08025305063554315,0.28357776189396444,0.0001335598964161216,0.5774025697731334,0.05863305780094279
305,0.11826084930961743,0.1145258080739286,4.718917518588984e-05,0.6955016346752554,0.0716645187660126
306,0.08660383973203971,0.16053755088714908,2.8454044607802182e-05,0.7028566088961068,0.04997354644009666
307,0.11339401502721255,0.20592762410938975,0.00015935224853125057,0.6038078720055307,0.07671113660933582
308,0.10980963771433763,0.12219924225469289,0.00039840468594971065,0.6040181016940814,0.16357461365093834
309,0.07527053121594698,0.5103238175348039,0.0005235555210460401,0.39051837841327336,0.023363717314929526
310,0.10734946766826864,0.09151758338123177,9.005974489951441e-05,0.7487494795774866,0.052293409628113394
311,0.13225970012822705,0.09458606841203297,0.00022108529160870595,0.6687045417616013,0.10422860440652984
312,0.08273872131291624,0.19232013988225202,0.00011419070281149943,0.5635391392758936,0.16128780882612673
313,0.13698030889620907,0.15530244874073984,7.533624388872441e-05,0.6338178014417223,0.07382410467744023
314,0.16623648679457545,0.23231771794123474,0.0016031187976086926,0.5008459360202079,0.09899674044637333
315,0.10168980330261072,0.2297368835510987,5.582207964711987e-05,0.6188241355130938,0.04969335555354976
316,0.061018776309442704,0.1064207055775725,3.279038422608075e-05,0.7447551960189486,0.08777253170981013
317,0.06618414225993544,0.30627007890921515,6.044101261236357e-05,0.5438085236749004,0.08367681414333661
318,0.08298521018196951,0.09567129461796166,3.224716392805016e-05,0.7702565947282826,0.0510546533078582
319,0.07698782506503142,0.07410964799300027,2.3727756837194073e-05,0.818111839080903,0.030766960104228025
320,0.059259948305024464,0.1570049733542526,7.888443519846899e-05,0.7159367316805686,0.06771946222495596
321,0.05134432042105103,0.05567190965975748,2.0706236626798042e-05,0.8737641015397414,0.019198962142823437
322,0.07205613147108722,0.08817198971067718,3.8127999550374005e-05,0.7998187131859817,0.039915037632703515
323,0.15981945558339866,0.13425291384563062,0.00016564481469639726,0.6338709535867793,0.07189103216949512
324,0.06707184025464508,0.07155872068855545,3.8183341148301953e-05,0.8224464437523865,0.03888481196326457
325,0.06377396369515996,0.06590049909466647,2.1809571415734785e-05,0.8470945394774412,0.023209188161316698
326,0.058726598824616304,0.076207369150844,5.283325694047844e-05,0.8158258247114656,0.04918737405613371
327,0.05461560544044505,0.1261221994330914,8.385156273496981e-05,0.7214428242317859,0.09773551933194256
328,0.07456445806095567,0.07342099221319975,3.760203223099623e-05,0.7986674329516534,0.0533095147419602
329,0.09877596833434485,0.04265450576452995,4.5197345961706116e-05,0.8173353011862217,0.041189027368941714
330,0.08220588125327773,0.04010107682506073,7.117601139842361e-05,0.7928135496785156,0.08480831623174748
331,0.07276756413513417,0.05729570475711867,5.782593151964018e-05,0.8387683132644913,0.031110591911736214
332,0.11934188994509484,0.10885705536473926,9.38160127575212e-05,0.6089573966850484,0.16274984199236006
333,0.08675643047280858,0.08210347197575904,3.1712896147028895e-05,0.7981689318592579,0.03293945279602738
334,0.08832570237980494,0.1109005241980486,5.583735625450611e-05,0.7215573207646554,0.07916061530123654
335,0.13898720383484695,0.04453492360381152,4.24800897349335e-05,0.7446870786303595,0.07174831384124707
336,0.06913155700551192,0.06699072167007002,8.743687185764895e-05,0.8028805195026965,0.06090976494986406
337,0.09463301681567605,0.048419953140599936,4.6676765938995895e-05,0.8071567823836737,0.049743570894111376
338,0.11203074739714555,0.08227632118380747,0.0007438414309961736,0.6517521838894652,0.15319690609858572
339,0.16549991694636915,0.05146638991979476,0.00028380711837287743,0.6878388493327403,0.0949110366827228
340,0.24141717373435997,0.1559251025278116,0.0012781133744044066,0.4332430528702965,0.1681365574931275
341,0.16244310761001865,0.10900715242760182,0.0008065625211210027,0.6484392924470518,0.07930388499420671
342,0.21290887389308089,0.15847880665362635,0.0022355448377210404,0.30078632187324533,0.3255904527423265
343,0.23497258423665196,0.1449937150626809,0.010991864673144973,0.49461814855032066,0.11442368747720144
344,0.1438696831537753,0.08979617025409875,0.018419034837906783,0.6901296942787142,0.05778541747550511
345,0.04285662294996427,0.10205976647455038,0.03205120783357526,0.8055783743018469,0.017454028440063156
346,0.04969104189658302,0.13308778553215939,0.019765188028536208,0.7389967925119539,0.05845919203076733
347,0.133115929917049,0.13746837171811363,0.012911659469567443,0.46877337492267535,0.24773066397259472
348,0.21314351076395457,0.18615398968766847,0.027273899745330694,0.45921594271728383,0.11421265708576238
349,0.4136537376640434,0.1647314407611003,0.02845826575518635,0.10433097873691809,0.2888255770827519
350,0.3854988008793316,0.13840796026739552,0.03225208403105798,0.07960909958468278,0.3642320552375321
351,0.41074218475373797,0.1415604064484724,0.04015144552819154,0.09564630521961874,0.3118996580499794
352,0.1464128698465803,0.1951887310728595,0.004104877488358883,0.34614883189562107,0.3081446896965804
353,0.13277341263444872,0.15518279295062343,0.0037478193167775186,0.4004748625468728,0.30782111255127753
354,0.21433072129027209,0.09398621575956415,0.002633990560626294,0.06794522825256029,0.6211038441369771
355,0.16542880980581656,0.10469827392242065,0.009405377403115365,0.022174683651724286,0.6982928552169231
356,0.30035184640633894,0.16337186399373055,0.008426122780233584,0.03759304482791009,0.4902571219917867
357,0.30732550086770105,0.12876955850628477,0.004943994894995306,0.019369262209584372,0.5395916835214345
358,0.37474181249699134,0.292630698581381,0.004927312927882572,0.04054031541073177,0.28715986058301335
359,0.19361657448514788,0.6590709857435985,0.02899345011770028,0.018370691004452974,0.09994829864910022
360,0.01961818427339504,0.028516107287140994,0.00656986305436497,0.0027755644056873903,0.9425202809794115
361,0.40165541757530415,0.29812798246906513,0.03731784646919107,0.02818333304927551,0.23471542043716412
362,0.33045428235253216,0.454023764936216,0.01789701334949428,0.021077780051304836,0.1765471593104526
363,0.39143917508189935,0.15408279584846446,0.006363118929961959,0.01236530000043461,0.43574961013923963
364,0.13937745296227272,0.75141825896026,0.037151627207576095,0.014112884064743402,0.05793977680514762
365,0.16663108757393466,0.1973053993408219,0.003084487671712299,0.01796949565645405,0.6150095297570772
366,0.00409492595353839,0.013794490703970572,0.0012517991543760966,0.0007837446438794675,0.9800750395442356
367,0.020688339619169292,0.015072182515716594,0.0013717685523455352,0.0027490476212998776,0.9601186616914686
368,0.1683342089332016,0.05080231036762399,0.002819720296211155,0.0013406815680923293,0.7767030788348708
369,0.5821429714266649,0.12565041997579046,0.0013597210025249437,0.0032412390869715653,0.2876056485080481
370,0.30466954594658135,0.32810920213100103,0.0018372778867654864,0.013016044870039973,0.3523679291656121
371,0.17599048242760962,0.6818131591644961,0.009317875168822688,0.02753606694661232,0.1053424162924593
372,0.2038250574772221,0.5297478522640013,0.004458671861767689,0.04285405057546589,0.21911436782154312
373,0.07654316886659582,0.6379622866046079,0.027353740805495897,0.05156671988982452,0.206574083833476
374,0.23839220506627506,0.3445463573561131,0.006994683845013038,0.09122937467086542,0.31883737906173326
375,0.24866947081755747,0.5314871627523067,0.01811266588389707,0.03866126738389642,0.16306943316234232
376,0.11274897845093158,0.8040171037019613,0.021581589699882855,0.02680347443849061,0.03484885370873353
377,0.23491611899588982,0.6351734895111277,0.018316403329457814,0.034810951588379525,0.0767830365751452
378,0.19237341685239953,0.6679202158215631,0.02790258073475859,0.052194472861341504,0.05960931372993713
379,0.2181548776202753,0.6395937737169254,0.00847279841074457,0.04626802199421286,0.08751052825784177
