epoch,N1,N2,N3,R,W
0,0.008672825793105684,0.013323049790417403,0.00015501478952521344,0.00020467892082247285,0.9776444307061292
1,0.001501174919494174,0.0064845733145424845,0.0022382220405789454,0.00010419786334167203,0.9896718318620427
2,0.0008351849420437468,0.0011704022155041478,0.000366658370459405,5.8941674840114085e-05,0.9975688127971526
3,0.002177551100404132,0.006251364933082463,0.002216001430489298,0.0003044660872161216,0.989050616448808
4,0.001670809556470798,0.0017943520024886275,0.0003000291750217646,5.687169093246315e-05,0.9961779375750864
5,0.0020219579554913484,0.001807063809693472,0.00045319967432875293,6.397471275401534e-05,0.9956538038477324
6,0.0031965249190640246,0.0064043423991538145,0.0015891807142361261,0.00037466305114391583,0.9884352889164022
7,0.0016985977875772084,0.0008905748716201755,0.00035314009626979595,8.619281541132829e-05,0.9969714944291214
8,0.003122191417013223,0.0006753953169726663,2.3402573335269808e-05,4.522585974549846e-05,0.9961337848329334
9,0.013005577989548663,0.006209989109470784,0.0004096943146546752,3.727438188314916e-05,0.9803374642044427
10,0.002247112794128264,0.004645198747730976,0.0019050929096883578,0.00014002056809905408,0.9910625749803532
11,0.0012793584326968148,0.001771817131415168,0.0007638635789340485,5.197823446122887e-05,0.9961329826224926
12,0.003103490376748316,0.0011524488637118396,8.195470807768914e-05,2.2845722693329648e-05,0.9956392603287688
13,0.010376264639833885,0.013277487261671269,0.0018583921620380685,3.0935212444201636e-05,0.9744569207240126
14,0.0033269205852730806,0.0023067171504129714,0.00014872424028209097,5.9731947867841536e-05,0.9941579060761639
15,0.017076403958878283,0.06134562842419617,0.0069118411480891834,0.0005942470563380606,0.9140718794124985
16,0.01951887140406381,0.02196508857946069,0.0007643917130308543,0.0008258264538821146,0.9569258218495625
17,0.07970775925052374,0.4226987748483899,0.10394469244942751,0.003193587736404696,0.39045518571525417
18,0.00282665114689779,0.007711304586883307,0.001815075724187956,0.0004421313975411262,0.9872048371444899
19,0.0038715376665616618,0.0042643394556362854,0.0028447023424694666,0.00045753766598774227,0.9885618828693448
20,0.0015565907789606625,0.0019655732713159207,3.24903421726007e-05,3.262578995468905e-05,0.996412719817596
21,0.0028685546620759554,0.001366470113387727,0.0003243491392080175,2.0577202926403765e-05,0.9954200488824019
22,0.09339230445322093,0.05082296283850187,0.00018708995924038226,0.00016877718038157586,0.8554288655686553
23,0.07378822513002892,0.18351408243544817,0.004415677687245559,0.00039348472037149606,0.737888530026906
24,0.02344725588542229,0.061183119606583736,0.04636710337853745,0.0003388501556089124,0.8686636709738477
25,0.005252517727279284,0.010609733808387192,0.0010932151671987909,0.00012552128533598522,0.9829190120117989
26,0.0197724829303692,0.007374172712346541,0.00019131575374217459,0.0002412689558441595,0.9724207596476979
27,0.047385112788872766,0.010692574751503625,7.420313859774143e-05,0.0004243722025749459,0.9414237371184508
28,0.012404332503492158,0.0052965681028891345,0.0007116640963770607,8.626236515790215e-05,0.9815011729320837
29,0.009812285624081131,0.003066718751928448,0.00014508167864392185,8.057839981659188e-05,0.98689533554553
30,0.4958777331052665,0.25551400715428735,0.005618826012465985,0.0022242579102573485,0.24076517581772292
31,0.07806977907230034,0.6213341997107801,0.13303013991342816,0.00204615552666223,0.1655197257768291
32,0.05059074517286261,0.5504076780775252,0.24792886496155353,0.003628446656861228,0.1474442651311975
33,0.009466859287985989,0.021815157438795314,0.038514263604788185,0.0023244189880690267,0.9278793006803615
34,0.0023448314622099976,0.0029245458339317125,0.0011657097277968846,0.0006247863027677874,0.9929401266732936
35,0.003913658833044344,0.018938663822025015,0.005640945664580754,0.0015141838204509545,0.969992547859899
36,0.006093572760181373,0.008399613233262998,0.0010814587415232445,0.0008549697625734,0.9835703855024589
37,0.004897272461955602,0.0007237240738835631,1.8966611815899945e-05,5.257255758099122e-05,0.9943074642947639
38,0.002866026428076127,0.0009516532915244478,1.724107827097432e-05,3.5456380070529974e-05,0.9961296228220579
39,0.002561108206120789,0.0003760199083858508,9.65657215240697e-06,0.00010435215823181249,0.996948863155109
40,0.0211714513009982,0.008007239744380012,4.783062730063134e-05,0.0005789943098095745,0.9701944840175116
41,0.013324488683710223,0.022857455642177598,0.0027817677216809035,0.0008400082331257513,0.9601962797193054
42,0.010124084780189098,0.02019943651906058,0.0037517977399010045,0.000704931920258577,0.9652197490405908
43,0.007865305101173161,0.035847294752111916,0.0017608824691665054,0.0006115208945466251,0.9539149967830018
44,0.008278007579846898,0.0016288152104596536,8.660919045396339e-05,5.8921173843056704e-05,0.9899476468453965
45,0.17516283760441032,0.06029686758056365,0.00017957071406189473,0.0002148788474288068,0.7641458452535353
46,0.42098181702080845,0.10485791535684777,0.000891281594132548,0.0005353319153535079,0.47273365411285784
47,0.16044101507450922,0.654567421114538,0.006046632894361298,0.0036387991270139066,0.17530613178957746
48,0.07704942210665233,0.6884462139759534,0.20820619959734263,0.0039937287466927564,0.022304435573358847
49,0.03261554470594894,0.07681054173309772,0.005182934764427441,0.007712612694569491,0.8776783661019564
50,0.06386894665531664,0.05678282989511229,0.00027015706741166467,0.011533676318217586,0.8675443900639418
51,0.05670125458658184,0.46971288897736435,0.004316488362119997,0.004101999383608959,0.4651673686903249
52,0.17290460995199147,0.6632984425474387,0.06448911585307493,0.007931202133360982,0.09137662951413401
53,0.08096478546918147,0.7690346076754436,0.0975468620555534,0.017845268506185553,0.034608476293636066
54,0.005533987441192533,0.007708830477112627,0.000822860221796346,0.000649846454835321,0.9852844754050631
55,0.013388908278675902,0.004240237756467307,5.3488974845831514e-05,0.0011241058135221353,0.9811932591764887
56,0.12142170015008959,0.1436794299031712,0.000388335314077302,0.0031537609937280216,0.7313567736389338
57,0.2233188445125346,0.3865312683072122,0.0015734630893950849,0.00290932888385119,0.38566709520700704
58,0.16049932691993746,0.5458397145393115,0.033081482311918264,0.013080525496001312,0.24749895073283146
59,0.009726096614656728,0.010927518521072889,9.442600659860887e-05,0.0007809828316575492,0.9784709760260142
60,0.15170402501474886,0.12221234462368641,0.00021216663789918653,0.01271005706035137,0.7131614066633142
61,0.18858346179998747,0.5423085312712367,0.001474723038458615,0.015041441001501479,0.25259184288881575
62,0.2999380745956851,0.5332754321615242,0.004058354149081438,0.00946922529832307,0.15325891379538606
63,0.05492724283867585,0.5934715568994477,0.3295412799433872,0.0023435673161361957,0.01971635300235285
64,0.03230503382630476,0.8129279432285127,0.08996709196454573,0.011911676474811195,0.05288825450582547
65,0.024069843048548537,0.020664617712722395,0.0003442228359881518,0.00392426016627599,0.9509970562364649
66,0.15819260049619366,0.08557177062012408,0.0003443882369334009,0.027463678105262603,0.7284275625414862
67,0.2702621162453311,0.6428105636921174,0.01208320744355299,0.0064466617384420204,0.06839745088055639
68,0.24208962952309074,0.6881596374602204,0.01868323400780786,0.0065065346082564144,0.04456096440062456
69,0.024317752273932448,0.6956762365382448,0.2609527973096543,0.0059025653410411305,0.013150648537127396
70,0.040053279971863406,0.5187949195339356,0.055742596318888483,0.01561755854625793,0.3697916456290545
71,0.012243570598686542,0.024492144429430228,0.0002880256473807593,0.005440983365531283,0.9575352759589711
72,0.16375313999626465,0.16124323161374518,0.00026136248604851677,0.018605698918573152,0.6561365669853685
73,0.34012140726433704,0.24536467578486285,0.018175640380677306,0.0014651295248441854,0.39487314704527854
74,0.41680477278072836,0.07966125271850769,0.00020660111694725624,0.007826584367297237,0.4955007890165196
75,0.14086273529909707,0.6658637004986557,0.05543634541607533,0.0070909620563188065,0.13074625672985293
76,0.019149945340829196,0.8547869208986377,0.1052963349418512,0.007138613728169103,0.013628185090512555
77,0.06014058344098157,0.7899084500412713,0.05458386206766389,0.005498718517737526,0.08986838593234582
78,0.10232113544361443,0.21633581588282416,0.001104906636738822,0.02188101692895966,0.6583571251078629
79,0.0711701127098923,0.8405928861986032,0.011047239400873116,0.013366489288281196,0.06382327240235036
80,0.05033129246679251,0.7108655815126981,0.20259088733115746,0.001750064167994157,0.034462174521357705
81,0.0200790396833345,0.6718669699300834,0.29591850944858594,0.0013801458767058997,0.010755335061290245
82,0.013417203723007342,0.6618540232666382,0.2918374313850203,0.0029813344916163995,0.02991000713371777
83,0.187534121678385,0.13668144117563935,0.002608695950022474,0.031709509802674965,0.6414662313932782
84,0.03740683649944213,0.7200031762748482,0.20378963300244882,0.011721446327233471,0.027078907896027217
85,0.03905632492228486,0.16366219623157086,0.002741189269939756,0.0037585917075166238,0.7907816978686879
86,0.1611378886657811,0.6522601494248059,0.004682814689155298,0.011019586490920932,0.1708995607293365
87,0.022878673333314302,0.7592944158435313,0.20606055030762604,0.004516763411375235,0.007249597104153066
88,0.021558033106577463,0.13714653972023924,0.03812522653529013,0.0039333141251232315,0.79923688651277
89,0.020311609119086166,0.026635393333827403,0.0007881981562989292,0.0040261096768643805,0.9482386897139231
90,0.17838248278962615,0.3349324975298214,0.005580333327729374,0.003671520971588875,0.4774331653812343
91,0.2636676595784416,0.6469988064672252,0.04303274110465368,0.0033945162871111736,0.042906276562568284
92,0.30739058562760535,0.5074229907480563,0.0028538482810514074,0.010366666439247878,0.1719659089040392
93,0.05870174632370781,0.8376015024174562,0.06614732867696027,0.011787786813242067,0.02576163576863372
94,0.024139111257212516,0.6541123553201615,0.3037695502111161,0.008631324829507623,0.009347658382002069
95,0.029956654302196423,0.42690312280317083,0.5300310304688323,0.005127829695105026,0.007981362730695465
96,0.017938011577326905,0.37899782845557356,0.5826212296434454,0.007195556842605852,0.01324737348104823
97,0.01789525667263708,0.024609473768002457,0.0011620225163928688,0.012032640859419944,0.9443006061835477
98,0.0032020808919161836,0.010570080428978435,0.0021655024704317957,0.0016101890804636233,0.9824521471282099
99,0.03510570741527993,0.06023022463989056,0.016150481601487014,0.011481325571956877,0.8770322607713855
100,0.012833569454140681,0.027262337639210953,0.0023074625658617725,0.0010850123227131427,0.9565116180180735
101,0.04179331099175,0.015468590275756236,0.001402183893036796,0.0013719999077471381,0.9399639149317099
102,0.01837307959132354,0.010762118813865955,0.0009861003294526665,0.0018009120650837966,0.9680777892002741
103,0.003775904388850025,0.002348061096874085,0.000124302300521099,0.00038555157184755237,0.9933661806419072
104,0.004286400723492054,0.002198499984594115,0.0001884201093379983,0.0003327246893770351,0.9929939544931987
105,0.005780450192423414,0.007681151834053006,0.0007265557392236592,0.0007434472887690722,0.9850683949455309
106,0.005703301574803778,0.005412643783731912,0.000691950493203723,0.0008367323362142587,0.9873553718120462
107,0.004086943158651449,0.005619624393756577,0.000801865735426371,0.00121249417335751,0.9882790725388082
108,0.0042609765850337355,0.0041911826461906885,0.00024188604123631874,0.0003812004966606579,0.9909247542308786
109,0.010165596883568512,0.012816087583695152,0.00042873068688484257,0.0006252253683667077,0.9759643594774847
110,0.0024307703049137592,0.0013203102639523232,3.0298037018235682e-05,0.0002596419848768643,0.9959589794092388
111,0.0014122731143434368,0.0013731890843943256,5.843997612595782e-05,0.0002925834429021062,0.9968635143822343
112,0.0019160572161368485,0.002645322790001337,0.00027733987229624097,0.0005702030803163899,0.9945910770412492
113,0.005562498226205567,0.028019544964842647,0.004399728194590784,0.001743422661832317,0.9602748059525288
114,0.009004907347744605,0.019457184604135955,0.003342159018957288,0.003768600170751574,0.9644271488584106
115,0.004683267429639379,0.008647235475403397,0.002257404969102049,0.001072371180255319,0.9833397209455998
116,0.013288224771593948,0.00914302097220805,0.0027244984209814234,0.001234033789718667,0.973610222045498
117,0.011364789511756446,0.009461490120124164,0.0015525534314019946,0.001391549957979828,0.9762296169787377
118,0.025548017528729046,0.00957865835304979,0.0005328915539076993,0.0031822658649880587,0.9611581666993254
119,0.00689502663378309,0.006916833745660703,0.0010990621233034615,0.0010807994556578414,0.9840082780415949
120,0.0055157857459472515,0.0074742920691354235,0.0008221125355844233,0.0008363777540593013,0.9853514318952736
121,0.006617871935961484,0.00557987343101567,0.0007320375887103253,0.0009541831949480893,0.9861160338493644
122,0.04210693809559003,0.04591633043366678,0.01054060314927937,0.020822724633572473,0.8806134036878913
123,0.11179251306039029,0.13074137869886668,0.013920548502063059,0.01511416774759096,0.7284313919910891
124,0.04635454316876174,0.046954328169772505,0.007691937508397656,0.005897180058516275,0.8931020110945518
125,0.008727653259709034,0.01283501650350564,0.0014882563613582381,0.0014398546706714177,0.9755092192047556
126,0.04810548403975877,0.09080281969063375,0.012241267386341974,0.008956314858843482,0.8398941140244219
127,0.0010300695864584961,0.0012032498607611587,7.396938880641596e-05,0.00014874815094494972,0.997543963013029
128,0.001327589124116456,0.001600984749811969,1.0623888722158196e-05,0.00023391625885681185,0.9968268859784926
129,0.00408697866826987,0.0038631083476011047,0.00012942048060778818,0.0004232032138579089,0.9914972892896634
130,0.019680587006230956,0.025887851275253476,0.006919849245710243,0.002133257671626293,0.945378454801179
131,0.0018410934634501101,0.004238951460999149,0.0010992688575580734,0.0004461979526492501,0.9923744882653434
132,0.0029020168280611282,0.0017636015924738075,0.00014173230813193746,0.0003563354797210414,0.994836313791612
133,0.0020164742413778143,0.0020568444866428063,0.00020948877049174413,0.00030403937801258096,0.995413153123475
134,0.0020731202264263,0.005634499738296742,0.0011569168117548168,0.0011840209812722254,0.9899514422422498
135,0.007115856732701129,0.022651378288240216,0.0027096260111540127,0.003974230628655858,0.9635489083392489
136,0.004992594232822704,0.0030349743384388297,0.00041895189054717586,0.0010983565701466094,0.9904551229680446
137,0.005433476147505637,0.0034877462116905647,0.0004256636634089577,0.0008176692807824856,0.9898354446966123
138,0.026026001317850416,0.043914451903397614,0.004110654640764122,0.0037723138799027976,0.922176578258085
139,0.05108142745605564,0.08549035082437961,0.004184933869469359,0.00857839533176453,0.8506648925183308
140,0.006777518268671612,0.008105868516336247,0.0010605213205103757,0.002307469310680439,0.9817486225838012
141,0.003878989563719976,0.005592267099885917,0.000289450979353983,0.00043426009017219486,0.989805032266868
142,0.0035981877505237188,0.0031551880804374433,0.00036118864022950914,0.000500934142656183,0.9923845013861532
143,0.004540623411055036,0.0030593885827125823,0.00016299754603789682,0.00025502372528788086,0.9919819667349066
144,0.002207888769864459,0.0015360638569934108,1.8489912417472938e-05,0.00030048183759407186,0.9959370756231305
145,0.012806009806318682,0.02838185503205978,0.0036281077699968608,0.0033210131698660195,0.9518630142217587
146,0.02328956190224507,0.08587771471867378,0.010402791186461762,0.01224625260336378,0.8681836795892557
147,0.0019531028770662922,0.000809743940641006,2.059239318673787e-05,0.0003748734530050826,0.9968416873361008
148,0.004637516341894023,0.0023238439925798208,0.0007460650227153488,0.000795362818076772,0.9914972118247339
149,0.019876955578271127,0.05787311449114259,0.018045949395807066,0.01567190471122285,0.8885320758235563
150,0.028962454203727363,0.11063620248392611,0.0299398064026684,0.032479044527360904,0.7979824923823171
151,0.015717419472639847,0.019852058354565924,0.004463397428365221,0.012281949093946054,0.947685175650483
152,0.0033371101496540855,0.005161724906749338,0.0008666553797097451,0.00199720143601513,0.9886373081278717
153,0.0033991588822329145,0.004921207522050111,0.001558973190737362,0.0019735158152009696,0.9881471445897787
154,0.004867392675265993,0.0043679168363312025,0.000564541761602098,0.0022362343389724327,0.9879639143878283
155,0.0195697949466409,0.00941325100802537,0.0032226749785270476,0.005296512808296776,0.9624977662585098
156,0.0158169023617071,0.015043518276880836,0.007249246930845724,0.018219479947476018,0.9436708524830903
157,0.008772091890988026,0.018543932292409835,0.0059168983251905415,0.012457857632374046,0.9543092198590375
158,0.002561505451897906,0.004429683346586217,0.0004282391450195003,0.0016725115936106008,0.9909080604628857
159,0.026062836301088684,0.02327768973867759,0.005491520632631577,0.0142497873938824,0.9309181659337197
160,0.0845593096137516,0.03431117622843059,0.0057752008736379175,0.02689071637846853,0.8484635969057114
161,0.01241572446632749,0.01163850934401964,0.002629141492587471,0.003282874402920548,0.9700337502941447
162,0.00511483463304863,0.0039554705495694524,0.0007584220805344627,0.000987277704502671,0.9891839950323449
163,0.028636272456582325,0.012264607812277303,0.010544057483939245,0.005900270657567961,0.9426547915896332
164,0.011293154506857072,0.00896218812481311,0.001977970444490137,0.003928970795808592,0.973837716128031
165,0.1135541417613931,0.06843520908981555,0.015642092404037425,0.028602795874108217,0.7737657608706457
166,0.014234042487647463,0.010761070096553705,0.0015912434156845092,0.0029814665068557443,0.9704321774932586
167,0.01805106710016772,0.04137664801839973,0.007614122495783327,0.008003723498746895,0.9249544388869023
168,0.014140672377284324,0.019024959625136666,0.00224075027389622,0.0032866928788411473,0.9613069248448416
169,0.005317546125945046,0.012710654760496336,0.0031436486052028134,0.0019044368315434717,0.9769237136768123
170,0.0023517474574778663,0.0008402442246227642,1.9354720384351436e-05,0.0005614381491956594,0.9962272154483194
171,0.002391288810396156,0.0012962549545018649,3.5036268246642734e-05,0.00041479223128685873,0.9958626277355684
172,0.009269781332194936,0.0037755153468080997,5.522631538728433e-05,0.003495307126028058,0.9834041698795816
173,0.06158175528651113,0.006419913083424018,0.00011652549236687364,0.001553359682363185,0.9303284464553347
174,0.31119395396505484,0.019150221756919484,0.00019903532474421066,0.006578152228615685,0.6628786367246657
175,0.6317351858713329,0.05719859826211362,0.00037394818627894337,0.01454011483963575,0.2961521528406387
176,0.4401081359482827,0.434342189184656,0.0011033797768655795,0.04085437029738832,0.08359192479280739
177,0.11487889302751082,0.7766841360304945,0.0071273415871657446,0.046120917667503564,0.05518871168732557
178,0.07671037146733069,0.8438051619410231,0.01932797431094778,0.020130627040573584,0.040025865240125025
179,0.02501280338693495,0.8485798937347434,0.09674660577320526,0.026210739664941758,0.0034499574401747625
180,0.053890858455769006,0.1517023630054037,0.003309459374632548,0.008255745799524766,0.78284157336467
181,0.057944707907997633,0.8328945656057049,0.015095436339075721,0.006348562352646013,0.08771672779457591
182,0.014322175792138136,0.7154181989400754,0.26168870122364774,0.004617633984123838,0.0039532900600148
183,0.031047924245194286,0.6731643504147313,0.2851977119381894,0.006110055060326787,0.004479958341558255
184,0.009256166271380694,0.5579521049265573,0.42029281806104146,0.010010895071605349,0.0024880156694152412
185,0.025353941463369545,0.09999274610917945,0.0042906392832294474,0.013518012750550893,0.8568446603936708
186,0.11386891749800145,0.6318216801253657,0.012279456665105392,0.009770483055993665,0.23225946265553382
187,0.15106224688254463,0.7783262921584996,0.03117764852441943,0.013797924518921987,0.02563588791561432
188,0.09496947934499811,0.6199665998885381,0.2741383381107551,0.003342066998760713,0.007583515656947926
189,0.009499889242087103,0.3789958608652137,0.6071969369227465,0.0010637285894933679,0.003243584380459236
190,0.013739461432489487,0.860151982578667,0.1120604821479193,0.005295576663571097,0.008752497177353208
191,0.003752678194891199,0.40489262901408757,0.585136132068905,0.0029354822538524266,0.0032830784682637113
192,0.006734831707715489,0.15313844855682085,0.8271629194211708,0.01084155876526427,0.002122241549028533
193,0.03604859956954707,0.7265607490888754,0.1610906270980202,0.04771765270728202,0.028582371536275283
194,0.0527130314731503,0.7342513263494536,0.07206458403644254,0.11895679218789548,0.022014265953058186
195,0.0397574948780813,0.6782485648328694,0.028824491859218513,0.23926007085371434,0.01390937757611637
196,0.07805927926487272,0.05690067407972071,0.0015945440519825643,0.04238530428589542,0.8210601983175285
197,0.030004419911871163,0.06795803896949928,0.0014598601415569277,0.043241917128121456,0.8573357638489513
198,0.02769711633227413,0.032813839512124576,7.034716390254107e-05,0.003539675593441628,0.9358790213982571
199,0.6285107228321032,0.044058830380358585,0.00013599870053825942,0.004220766851543479,0.3230736812354567
200,0.6815447186583484,0.2338753396564929,0.00026071191290138513,0.004860446504623145,0.07945878326763425
201,0.5208163582785867,0.32448817672553565,0.0003558745702642841,0.010824194391553427,0.1435153960340598
202,0.0983246171220985,0.7807844467154331,0.09729728711764105,0.0126149388417749,0.01097871020305259
203,0.012564936185036403,0.7428828391314946,0.2311991758229753,0.009168606265389909,0.004184442595103796
204,0.07268296784199674,0.812914132418606,0.012277880958444665,0.06381164952284504,0.03831336925810762
205,0.01800894548060461,0.7943578364300607,0.16083528549493828,0.01926878130978221,0.00752915128461427
206,0.013690944017258875,0.40797196637389493,0.5619358015408357,0.011850367706298331,0.004550920361712228
207,0.03271593537193863,0.8592571110180336,0.05149758101249286,0.04790566453025962,0.008623708067275141
208,0.028713020031475796,0.8844911009081738,0.04148953984699858,0.036825550910225005,0.008480788303126855
209,0.02587260060968961,0.8210002854908116,0.0658406697062105,0.07132856557960489,0.0159578786136833
210,0.10861401173258468,0.553537008510928,0.003234550460394477,0.2783610307563448,0.05625339853974811
211,0.07999855104419948,0.23937921696276973,0.0014551384512668534,0.622962785937084,0.05620430760467993
212,0.10702465770080904,0.20919093449240717,0.0014610699012459394,0.6343686167349865,0.04795472117055139
213,0.06514128851058736,0.3697203843662854,0.0015070950499332229,0.5265536594609329,0.03707757261226106
214,0.07449173756141876,0.1832688414958507,0.0012484141182055612,0.7021966561976131,0.038794350626911854
215,0.04716711456278028,0.10741765919122427,0.0019198199611673446,0.7640578002102595,0.07943760607456866
216,0.050064285251861136,0.16070023749832174,0.0015981015029064537,0.7026757046217321,0.08496167112517855
217,0.0430415284126376,0.06301804437090391,0.0021794954329210723,0.3095171853351127,0.5822437464484247
218,0.16650973423409338,0.17020629028031364,0.0010135219152055315,0.5893914468807646,0.07287900668962281
219,0.09193549420598372,0.30909423490753446,0.0013716081649112419,0.5090416851514037,0.08855697757016684
220,0.09899255985441231,0.09901510085675728,0.001320765469975083,0.6339133868507479,0.16675818696810743
221,0.05439661297234619,0.17247479649527497,0.0015333667803341016,0.6189982800310055,0.15259694372103913
222,0.06310807615007957,0.07670870598691056,0.0011202467958770304,0.6583646419244704,0.20069832914266242
223,0.08054187755623858,0.1130069085647539,0.0005599570344721081,0.7030921170879223,0.10279913975661313
224,0.08097468840708368,0.12104642018587902,0.0011030067581967817,0.6647010221753258,0.13217486247351481
225,0.09215396682119605,0.11188744226725257,0.0018228495426269372,0.6593702939828614,0.13476544738606305
226,0.06221832117519712,0.11748486137285026,0.001980700322610599,0.7247335596669116,0.09358255746243048
227,0.05425331946991511,0.14794875150713277,0.0016785104183346291,0.6679039737475448,0.12821544485707273
228,0.061371896920900115,0.1187806073405184,0.0016367384810749574,0.6986515854025623,0.11955917185494418
229,0.054318359508551003,0.1535691312822558,0.002587075868969258,0.6636200511682717,0.12590538217195232
230,0.05948233703041917,0.15732395094496726,0.0013764596182379027,0.7381686050340802,0.04364864737229561
231,0.07179763959176094,0.2031804381187776,0.001655551606196612,0.6479704455048276,0.0753959251784372
232,0.06151035160623279,0.16989417773481252,0.0024917216841185367,0.6488046273451755,0.11729912162966055
233,0.08849844572591863,0.09536132865742449,0.0016275849649634024,0.6652865216668183,0.14922611898487526
234,0.09806277705725905,0.1812614164770208,0.0012304225155085873,0.6660299301923353,0.053415453757876326
235,0.11487817800692814,0.3980953133419686,0.002020311863754328,0.4039148354347762,0.08109136135257275
236,0.08985688960543428,0.33908240739637074,0.0024676911341574236,0.5169632293931034,0.05162978247093414
237,0.05124328261124252,0.24183720696826747,0.002650036225382583,0.6512537634603912,0.05301571073471628
238,0.06470564261975568,0.1422066200571702,0.002132547448929919,0.7251787918397717,0.06577639803437242
239,0.05530051729724081,0.19150597096124444,0.0015607771447139437,0.7098663591885992,0.04176637540820166
240,0.06384903887137246,0.17523697370047323,0.0015262837505282602,0.6984782212251601,0.06090948245246588
241,0.059473292472536535,0.13301052715796102,0.002367363519235156,0.7219806230798894,0.08316819377037786
242,0.043100233872072256,0.2379414572226557,0.002100333220733787,0.6713755814566859,0.04548239422785235
243,0.04587158955613739,0.14311551244636214,0.0014875786738533568,0.7632255413474762,0.04629977797617092
244,0.043906624952572554,0.0957125824370478,0.001853518041340817,0.7699367817926933,0.08859049277634543
245,0.05647050089585148,0.10439347471579016,0.0014364154169801905,0.7864177426477499,0.05128186632362816
246,0.07526777909277048,0.1408276838230554,0.0010906189660702778,0.7300029503006334,0.05281096781747044
247,0.07665681083178918,0.18003309249136382,0.0025164813219355152,0.6825604652607734,0.05823315009413823
248,0.0730957672981817,0.1893949519615783,0.003138557784095106,0.5823637904196612,0.1520069325364836
249,0.0624679900471779,0.399099279133745,0.0031156707653099314,0.4750942095923859,0.06022285046138124
250,0.05324437880007375,0.18188369994020512,0.00147732903605067,0.7424520004624392,0.02094259176123127
251,0.044303191247874636,0.17982840601264632,0.0012524936406151709,0.7482143911461042,0.02640151795275961
252,0.04402961379167013,0.12510087423121433,0.0021448657707921637,0.723256237284602,0.10546840892172138
253,0.017708760621708935,0.05856729399746902,0.0005149561642682121,0.9135573128450513,0.009651676371502611
254,0.037937609012971024,0.12441735890620957,0.0011932663355563023,0.775807798787347,0.06064396695791624
255,0.04107100502157616,0.10163130489774988,0.0009229413748265446,0.7986472624091969,0.057727486296650456
256,0.03577874464867185,0.21963562704910822,0.000865081244020416,0.700009491261099,0.04371105579710051
257,0.005562609414686659,0.07075123437685643,0.0015104233439554218,0.0635856868197494,0.8585900460447521
258,0.016182790731445316,0.07537318112425884,0.01539569470049592,0.09867597819586836,0.7943723552479316
259,0.06445126474088812,0.019581089652687518,0.0009762194477435345,0.024655767319700733,0.89033565883898
260,0.7187490891629674,0.09603464930589041,0.00048777543862571,0.019377756615887316,0.16535072947662927
261,0.5275426276415764,0.30998240581696196,0.001251608885062231,0.10607067146635568,0.055152686190043744
262,0.17840641787689118,0.673461108317396,0.012611298146571921,0.11866901429782079,0.01685216136131997
263,0.051743540819207394,0.8385359387135267,0.03504622642849249,0.05318228106373459,0.021492012975039
264,0.0351573832193907,0.8633967361226554,0.05867606279488854,0.03172203197735928,0.011047785885706
265,0.0074644277433763345,0.48144527335455906,0.49865369305508317,0.006870401921372105,0.005566203925609193
266,0.012852385745745105,0.7094824353012222,0.25905499627501793,0.009326017742811693,0.009284164935202927
267,0.025996244994515912,0.8587940452683736,0.07446733137373185,0.00507213413277038,0.03567024423060847
268,0.012243113527650172,0.7364260971822545,0.24120217145658332,0.0033693933056894673,0.0067592245278223695
269,0.00356030428616568,0.5353804416508399,0.45523703672471905,0.0010129913650724306,0.004809225973202935
270,0.004071169350847309,0.30390759534802353,0.6863985463520922,0.0010162051314506603,0.004606483817586287
271,0.00462824599587499,0.5060178555985045,0.482242201941147,0.0017145597586246222,0.005397136705848852
272,0.00529858602165962,0.28725250509915207,0.6959967579030047,0.002705016280192774,0.008747134695990626
273,0.0025453949007284596,0.2293315624098848,0.7644294416329589,0.0009514484769024702,0.002742152579525267
274,0.024666256891399434,0.4767050866795833,0.37737237574744886,0.008013464991483352,0.11324281569008518
275,0.006013378944683662,0.5328803589359908,0.45118190681407205,0.002042977372813753,0.007881377932439548
276,0.0024650905716670397,0.2087881232747918,0.7863007332708958,0.0005325418841169693,0.00191351099852842
277,0.001687832919073869,0.32615853714988,0.6699679312995264,0.0004091524617126679,0.0017765461698071312
278,0.01896795831082123,0.3543035929804526,0.5410224926296213,0.010606639754024977,0.07509931632507984
279,0.010048914378196855,0.5049058798719975,0.46732891731256687,0.007843993887789506,0.009872294549449179
280,0.003169861070128731,0.36040984089919037,0.6334623407524993,0.000992610996073297,0.0019653462821083525
281,0.0017456099112636723,0.16281625698162538,0.8333088305055271,0.0005183815016542887,0.0016109210999297248
282,0.0005187320248350688,0.08020550840979082,0.9182433895007903,0.000333542204169803,0.0006988278604139384
283,0.0072499250937754665,0.2556890161794336,0.7215476834126517,0.0032874744290309,0.012225900885108177
284,0.003343807239737505,0.2602945704558839,0.7273803990075022,0.0037556245574745816,0.005225598739401751
285,0.004908390518624636,0.28809895967480953,0.6987811331600715,0.002464289235492863,0.005747227411001284
286,0.0033984101586322936,0.16666972072897143,0.8207030623745764,0.003594294496180081,0.005634512241639812
287,0.0067684737560021815,0.3269628982467389,0.6469214404999116,0.003748284648648151,0.015598902848699109
288,0.0010568707554486198,0.06096965598965379,0.9352846117220359,0.000563827718046033,0.002125033814815766
289,0.0012587089021661201,0.08820413251916467,0.9063249522486776,0.0014298517947896074,0.0027823545352020714
290,0.0034041899867596477,0.20932768401237636,0.7789963245173117,0.0024222254385863084,0.005849576044965832
291,0.002110990511536765,0.2226886256705052,0.7703728884695716,0.0018981990751384288,0.002929296273248038
292,0.002194237386633102,0.2142897449018343,0.7785794378989996,0.0014652103977380268,0.0034713694147948324
293,0.0018241976085055435,0.06728764966548142,0.928023701871766,0.0005915411748706468,0.002272909679376665
294,0.0046707217010346904,0.15250885257317595,0.5400004464566093,0.0018178081654461535,0.301002171103734
295,0.0020283923016857996,0.1148063709838965,0.8796818383924345,0.000462914685306542,0.003020483636676563
296,0.0016879123565876927,0.2049330090349764,0.7913434022879171,0.0004934675462727161,0.001542208774246169
297,0.0016508582844483022,0.07054133564062925,0.9260756888239435,0.00046957442754944864,0.0012625428234292455
298,0.000962576952645114,0.07013079422774425,0.9267758964153887,0.00040037161514910625,0.001730360789072626
299,0.0009594856701116852,0.15266047312769707,0.8442200962465487,0.0006031658956097937,0.001556779060032714
300,0.0007845562632895788,0.06884329577667869,0.927164625577285,0.0006363649617230786,0.0025711574210238123
301,0.001519479046960165,0.07223471446337014,0.9206057790110687,0.0021021453941109983,0.003537882084490021
302,0.0012948803566799091,0.062404197155769336,0.9317143002216178,0.0011858007732116107,0.0034008214927212415
303,0.0031600602552796903,0.09520278112053086,0.8895681782899959,0.0020547125378525496,0.010014267796341103
304,0.002474504824019036,0.09991019517093955,0.8892042952796386,0.0018229833552171775,0.006588021370185614
305,0.0007386651267271573,0.06010276895000577,0.9371896945672225,0.00035742616112648226,0.0016114451949181751
306,0.002278855798214929,0.09185645998845018,0.9020907136748455,0.000752071065633096,0.003021899472856386
307,0.0018660623854977157,0.16198280491324446,0.8326214849177189,0.0010160741918901998,0.0025135735916486505
308,0.0005336402947480411,0.03978645903156463,0.9582585984367785,0.00031007985426200824,0.0011112223826467355
309,0.0010069742839294092,0.08584105153973288,0.9108659671467483,0.0004352523356064742,0.0018507546939829193
310,0.0005237989361141178,0.05273749447745056,0.9443517329387404,0.00045654658268478205,0.0019304270650103874
311,0.0009127261948317008,0.05093704398472009,0.9455285365013937,0.0002489662764360133,0.0023727270426184563
312,0.0005359578174331281,0.04558181044740925,0.9514544080565381,0.0003492008517462331,0.0020786228268732244
313,0.0007699260271997336,0.06798385096044797,0.9291052945342914,0.0003281138934028336,0.0018128145846582583
314,0.0008125496104151078,0.05738367979913747,0.9391290118802426,0.00036170849222811225,0.002313050217976859
315,0.0008182055074802767,0.09571335050864795,0.9015630270804462,0.0004273660646421564,0.0014780508387832914
316,0.0009295764413111492,0.06611393041820818,0.9311876340416096,0.00023075269095373488,0.0015381064079174785
317,0.000503431874914002,0.03869306430241713,0.959069818053055,0.0002497822153115996,0.001483903554302288
318,0.001248586084659608,0.060161949535423274,0.9343751059656538,0.0003468203835315852,0.00386753803073175
319,0.0009944250078917746,0.07580722344736358,0.9203236785917696,0.0003339347392494062,0.0025407382137258502
320,0.001125534172322365,0.13087680062188986,0.8658599809378756,0.0003389615911688813,0.0017987226767431903
321,0.001602848529164102,0.09258019711968847,0.9017816579473922,0.0007250773556518199,0.0033102190481034176
322,0.0006192274398445078,0.07634200673609717,0.9209801462363877,0.0003040078996002407,0.0017546116880704388
323,0.001391387606984016,0.18970365999399325,0.8056233402817705,0.0008032035619868983,0.002478408555265232
324,0.0006310611891449257,0.04430023635260645,0.9539092115818093,0.00020626992988215695,0.0009532209465570616
325,0.0004484596294512874,0.04562388053510793,0.9526937292837006,0.00023135896053435792,0.0010025715912058786
326,0.0005831477572763421,0.0674424608790816,0.9297386691893724,0.0004040450672374448,0.0018316771070321586
327,0.0013768065870479627,0.07856579323070095,0.9154996367894528,0.00048340045063532293,0.004074362942163141
328,0.003556232122919543,0.20277003966026327,0.7827333951551384,0.0024392939942131883,0.008501039067465563
329,0.0007278880145359225,0.034556262828546846,0.9599101857649497,0.0017145532202111466,0.0030911101717562423
330,0.0012272703891229111,0.052830709376326744,0.9375712510799367,0.0035759714360132206,0.004794797718600451
331,0.00901795534617477,0.14727216763786707,0.7515149050846298,0.06595605922044864,0.02623891271087976
332,0.03989962272961898,0.12188926956967891,0.03524888142588161,0.03296899760667634,0.7699932286681441
333,0.07437585428762573,0.09367488591131741,0.0094407487087928,0.047445667868695765,0.7750628432235682
334,0.032339745199002685,0.038665978478278046,0.0010495234089628993,0.013408546737092499,0.9145362061766639
335,0.029312265193674154,0.0510218104189144,0.006123266754471275,0.014473549979464925,0.8990691076534753
336,0.032428133013731986,0.022694193871602108,0.001562230194982573,0.004067539824233682,0.9392479030954496
337,0.31580115259432023,0.09742471410779653,0.0007299810244252152,0.004726736939455406,0.5813174153340025
338,0.746186816538232,0.2265957934493784,0.0031933028567524358,0.010335251108110816,0.013688836047526394
339,0.3459566151507293,0.5882659636222876,0.009720997053775366,0.0456360069501166,0.010420417223091361
340,0.07045566604856351,0.7659054320057899,0.005558770328210336,0.07369657170176842,0.0843835599156679
341,0.0915287691862997,0.6657699132226423,0.07115032719085776,0.16243470821253744,0.009116282187662864
342,0.05228685944402737,0.667565296642998,0.15037286247098938,0.04417215878230386,0.08560282265968143
343,0.11359615485544249,0.27600693048220115,0.008207338614927747,0.005450912533386497,0.596738663514042
344,0.09770177259585136,0.7881352221499892,0.07677400520100222,0.014093384237831219,0.023295615815325885
345,0.11063884487802947,0.45349702375552037,0.037528147535216015,0.0030930778646589105,0.3952429059665753
346,0.06748637196775652,0.7241664358544986,0.17346983232796656,0.003236656376685854,0.03164070347309246
347,0.023724824155677178,0.8666615329693921,0.09790261013132244,0.0040527980871769825,0.007658234656431279
348,0.010476180498918575,0.4253686507547685,0.5516178969659492,0.005649667268429328,0.006887604511934449
349,0.004010918340037795,0.10220754542696697,0.8884933697456666,0.0020492522817444404,0.003238914205584327
350,0.004008965008818211,0.31613698231617043,0.6696627438497937,0.0015638217816259777,0.00862748704359159
351,0.0012586403575517756,0.05350392320547703,0.9422300241826217,0.0006398142061720548,0.0023675980481774475
352,0.0022065319812342287,0.3328392324349556,0.659250178928704,0.0009345612865752828,0.004769495368530901
353,0.0007509879367119712,0.06240762582326381,0.9348798016050628,0.0007048304683168183,0.0012567541666446925
354,0.0007295900702891256,0.06908367082682595,0.9281947356087982,0.0003658973251502801,0.001626106168936277
355,0.0010748061274017428,0.06879933478343497,0.9153322905555443,0.0004453752309423465,0.014348193302676575
356,0.023070740342606352,0.5816479611824251,0.3139829336922753,0.0036469210189606508,0.07765144376373244
357,0.0016624017678789232,0.23716020959431258,0.7591962748137419,0.00027083370491127486,0.0017102801191554043
358,0.0023809768832369544,0.33390198510901753,0.6610712268638007,0.000391020882908578,0.002254790261036209
359,0.0013776296094791835,0.0790948835050063,0.9174223865718332,0.0003509165530883429,0.0017541837605931216
360,0.0029558439673409175,0.21912981321793862,0.7727497619474694,0.0013998617748807603,0.003764719092370323
361,0.00198553917362715,0.13025610471520577,0.8606645769298321,0.0029707975026806816,0.004122981678654298
362,0.003000876123815138,0.18206465659783097,0.8093768868039449,0.0023841481218824993,0.0031734323525265573
363,0.0010912317395753218,0.046774519754121946,0.9490956683534583,0.0009697440091328569,0.0020688361437116855
364,0.0021490803349249617,0.20298846631633283,0.7904469373261254,0.0012352386582584595,0.0031802773643584354
365,0.010810814801138153,0.275090285972323,0.5134055209781109,0.011995970468819702,0.18869740777960836
366,0.04126566350072528,0.430116416995983,0.22808130822015205,0.008486127908719032,0.2920504833744207
367,0.08735408056014485,0.5225426346935313,0.1505876228920158,0.0036859297608445173,0.23582973209346347
368,0.12258172008899698,0.4874925725642586,0.3413106839834,0.0026301711306710358,0.04598485223267336
369,0.006532056558454091,0.25706188810174796,0.7327096696763066,0.0014534237554269208,0.0022429619080645774
370,0.0004326916129107829,0.06691657844172998,0.9319133853174962,0.00014519382758930557,0.0005921508002737712
371,0.0011395101307931652,0.12823644370483042,0.8674131836157392,0.0010559316401085443,0.0021549309085285547
372,0.001099127354879381,0.11480979217693309,0.8811967462688712,0.0010992061178060532,0.0017951280815101782
373,0.0012769036778771056,0.06702409486376365,0.9280528356617296,0.001172578558671211,0.0024735872379584084
374,0.0011983574424980848,0.13883450079213044,0.8578493889253479,0.0007504207534920095,0.0013673320865315755
375,0.00046136248548159,0.06252146279733299,0.9341899712638734,0.0007136533015824095,0.002113550151729669
