epoch,N1,N2,N3,R,W
0,5.8782263291281375e-06,4.039756227699897e-06,6.338381818347587e-07,6.369045832235737e-07,0.9999888112746782
1,9.523236641063217e-06,2.3467207431693196e-06,1.0373251052158017e-06,6.145918675471248e-07,0.9999864781256429
2,0.00013534308268058865,1.0355905377644466e-05,2.042878565214704e-06,1.1771320629506964e-06,0.9998510810013137
3,2.6570507493929037e-05,3.0463111162104323e-06,6.163548413145846e-07,1.3975993894727308e-06,0.999968369227159
4,1.5030952665973367e-05,6.234805435029876e-06,1.6821572617654497e-06,2.0499887789221563e-06,0.9999750020958582
5,0.0002998747420772185,2.160311572555634e-05,1.2716943561536961e-05,1.972271097328795e-06,0.9996638329275384
6,0.0003357707639660741,0.00010422290340535272,1.0514635059299038e-06,6.954015801124095e-06,0.9995520008533215
7,0.029066423170052747,0.00353100719168401,1.3168401473176117e-05,0.00010081148468861296,0.9672885897521014
8,0.0024395278569009156,0.0002665555358144464,1.042218244830542e-06,4.647131273015264e-05,0.9972464030763097
9,0.0007060487064570709,0.00022062569155570648,4.430837313427303e-06,2.2163915408885027e-05,0.9990467308492649
10,0.000868858255098204,0.0003905406011094294,5.670076766341453e-06,2.145182878335679e-05,0.9987134792382427
11,0.004102949738443073,0.0007982984700930976,1.2104289312355388e-05,3.032878303868239e-05,0.9950563187191128
12,0.0001193514240692304,5.735684048414194e-05,7.032211436030044e-06,3.4407018187374256e-06,0.9998128188221919
13,0.009243375062146442,0.000736164722142907,1.3718323260050423e-05,2.4130482818823714e-05,0.9899826114096317
14,0.009374692549968958,0.0026392884293014313,1.7076429834608906e-05,0.00012338206409620773,0.9878455605267987
15,0.00017604046659588042,0.00023290725975212687,5.023232581060548e-06,6.934673952293585e-06,0.9995790943671188
16,0.0061284498861650435,0.0019243413925882752,8.168978573083999e-06,8.999589686433919e-05,0.9918490438458092
17,3.0531618793813054e-05,4.163473707310973e-05,1.9624294438493053e-06,3.17474712916026e-06,0.99992269646756
18,0.0012822306019934422,0.0005616562555605249,4.456121706575927e-06,2.3588993724052388e-05,0.9981280680270155
19,6.021487957851203e-05,3.481443327398645e-05,3.2429989676426992e-06,2.811097062369785e-06,0.9998989165911175
20,6.161220336778e-05,3.673052904383736e-05,1.6327460059788672e-06,2.385293351397258e-06,0.9998976392282309
21,0.0002183503657619234,5.768840894396495e-05,2.1704394293120387e-06,5.178760029417298e-06,0.9997166120258353
22,0.003760919792398101,0.0013254487499796354,6.912015809062284e-06,9.935037868754336e-05,0.9948073690631256
23,0.00010743574787079707,7.133711792986531e-05,1.0126370027641002e-06,7.529932662181323e-06,0.9998126845645345
24,7.640543955179889e-05,3.118751975365089e-05,8.882396379033704e-06,5.820960245442174e-06,0.99987770368407
25,0.003604478610458275,0.0002532935699926093,7.411154687782575e-06,1.9818328040212757e-05,0.9961149983368212
26,0.0005132889977799907,2.7010998700937325e-05,3.88587097898115e-06,3.770201612661422e-06,0.9994520439309275
27,0.011948538500655238,0.0009324213192612439,1.0983657716843457e-05,6.715424035301985e-05,0.9870409022820137
28,0.024090458967907805,0.0027723266667253454,7.859104696906301e-06,0.00011435053028889376,0.973015004730381
29,0.001717524483427626,0.0007408396202981776,2.7360971276380124e-05,2.4604072328873797e-05,0.9974896708526689
30,0.09765191840179767,0.02348546127378185,5.626359387044754e-05,0.00076537631162138,0.8780409804189285
31,0.0358251717671632,0.014673929890920187,6.462684344686163e-05,0.0011723596669008473,0.948263911831569
32,0.007364760243083465,0.0019016541825971037,2.3920553633150986e-05,0.00012879363584216756,0.9905808713848441
33,0.0692820037507486,0.08038387791592425,9.836484011885255e-05,0.0009694240274816649,0.8492663294657266
34,0.26716557907870275,0.3649810460297429,0.00147470819923971,0.007692368930053292,0.35868629776226135
35,0.0008528475754697915,0.0013853519991015404,4.516284202499742e-05,5.998716571238919e-05,0.9976566504176912
36,0.03047495839505658,0.021763136430308864,5.269553644857912e-05,0.0007661056888771456,0.9469431039493088
37,0.004328178783709332,0.002486294239177075,4.382319549584786e-05,0.00012200816696435853,0.9930196956146533
38,0.08856148176459515,0.10389922607091269,0.0003651709518358759,0.0018147001655759618,0.8053594210470804
39,0.03402985805210887,0.013316612266802546,9.782975909604451e-05,0.0003876636054601077,0.9521680363165325
40,0.04196370702317835,0.15947393660289705,0.00035930739088109844,0.0012133141228943517,0.7969897348601491
41,0.07997058554413139,0.016480432375218457,6.504885072273055e-05,0.000906595162908565,0.902577338067019
42,0.25069241741385684,0.42036522691575234,0.0017636462035384329,0.0021639347074944282,0.3250147747593581
43,0.5097122417085871,0.2413285821099473,0.0007499211483146325,0.010624731654853758,0.23758452337829733
44,0.2818954712318463,0.21661297101423443,0.0008894261361573244,0.0036674093979598343,0.49693472221980217
45,0.21467843452685145,0.7328985775488261,0.005178917545894934,0.011240178875890995,0.036003891502536495
46,0.3025129421132589,0.5566182225080741,0.0005071286428200796,0.025530215847454713,0.11483149088839219
47,0.03901552476264662,0.46554550974586,0.0027075545403711693,0.001611420556193443,0.49111999039492876
48,0.025988207142193506,0.013285054048199234,0.00019361414138647847,0.0003752241721824903,0.9601579004960383
49,0.04680370251713204,0.5392881475907377,0.00525041864644176,0.0010682173383724746,0.40758951390731585
50,0.0007735220468897504,0.001165789530305455,5.4014329946103854e-05,1.510564210286551e-05,0.9979915684507558
51,0.47556369700541784,0.31235710538983685,0.0001802637229577235,0.0015598520680019264,0.21033908181378563
52,0.03844312688603581,0.008092150142427132,0.00011954363188768277,0.00041300990159708127,0.9529321694380524
53,0.06632072468527271,0.05011858480353585,0.0001826810151928432,0.00029613787447869483,0.8830818716215199
54,0.5229244978395111,0.4343221608992434,0.0004636805358047175,0.0032695831791527143,0.03902007754628796
55,0.2707139627393217,0.17562389941442416,0.00033677288894848226,0.0015695109132433248,0.5517558540440624
56,0.2887597537928299,0.6815536797965341,0.0024467678788690937,0.005410234914144906,0.02182956361762176
57,0.16804723804167412,0.12056192183606781,0.00036613684259571703,0.021087900751235664,0.6899368025284266
58,0.08263808096195048,0.8975253594748065,0.009689074033723388,0.0014185700242976978,0.008728915505221872
59,0.2837878365960016,0.6669475424863539,0.003080611703862616,0.013809456130472096,0.03237455308330988
60,0.13847036568565546,0.8085691499433035,0.018720232023631874,0.003444815359966869,0.030795436987442377
61,0.05550527309200417,0.8861735830188777,0.017875798376892776,0.008166906678234281,0.03227843883399095
62,0.24433645903523624,0.5555823070378366,0.02221834262107605,0.014042176931167232,0.16382071437468376
63,0.011618082636758563,0.7998776738376216,0.16248486243243082,0.002476730828246986,0.023542650264942
64,0.17560932070360882,0.5322363364247098,0.03060586309318919,0.012011010464028339,0.24953746931446386
65,0.010527038044140413,0.7163894172590436,0.1715592131411431,0.0022649255398448295,0.0992594060158279
66,0.048130909674668834,0.8031732218097195,0.07653404921718288,0.015103852601158613,0.05705796669727003
67,0.175858049248937,0.3803790323052852,0.028010262947188384,0.020102454017953512,0.3956502014806359
68,0.03173084271224894,0.833252120925522,0.098631387125895,0.010866826207487738,0.025518823028846373
69,0.08233472555846015,0.3642009244178588,0.07538611185023941,0.0062684992348720076,0.47180973893856964
70,0.009200032308650569,0.6903476020240789,0.2855447500800935,0.0021643156687188975,0.012743299918458151
71,0.06802016102221538,0.4947639709842683,0.14487201350826673,0.011673803707771352,0.28067005077747825
72,0.06282323718967105,0.5868869188557645,0.12766382884372626,0.006789660293186795,0.21583635481765134
73,0.17578766861794848,0.11475164981776417,0.008537156475718892,0.014472412316609234,0.6864511127719592
74,0.09845845848052234,0.8432199211182079,0.037127763386467706,0.0019989595170431247,0.01919489749775912
75,0.07343259109717297,0.8455911950424664,0.06568819356546529,0.0051373067737027845,0.01015071352119249
76,0.34001128846322737,0.5492687920740444,0.02789964615644095,0.03190612640449361,0.05091414690179369
77,0.11468480014048903,0.8173519280023939,0.025597027623055085,0.03002361389254917,0.01234263034151265
78,0.2256145334439796,0.5399757765189952,0.030087346950679373,0.043126101431203476,0.16119624165514246
79,0.027055551974220087,0.920576538196564,0.04111189327701604,0.004947387920138265,0.006308628632061724
80,0.18513823919955955,0.5869748636503808,0.03738811187714168,0.01974839770249468,0.17075038757042332
81,0.012935208170760645,0.8537655710989687,0.12299338239993556,0.004962750535429812,0.005343087794905091
82,0.06664147098865364,0.6129193325024118,0.12318666824308845,0.01948511512506336,0.17776741314078276
83,0.009746653544361673,0.5383332241798517,0.4349597457481094,0.004169733789192475,0.012790642738484743
84,0.01461495004172649,0.531890357776039,0.36242882931253384,0.030547643596268707,0.06051821927343202
85,0.023858401637159753,0.5204249130740329,0.327801195087051,0.02542816236842832,0.10248732783332797
86,0.02297417415314256,0.5933335099919581,0.29573724598247586,0.03469511211168939,0.053259957760734014
87,0.022937601293278702,0.5384584059016374,0.33552063305151447,0.021138731188877838,0.08194462856469163
88,0.013494542793800138,0.47770683981614437,0.45876290142466924,0.01606568066897425,0.033970035296412064
89,0.022404636798067548,0.7483377421575993,0.1435247988523175,0.03430109020190616,0.05143173199010948
90,0.00406314093085476,0.33730544585192873,0.6329920807623429,0.006841229868948666,0.018798102585924868
91,0.007331446909356079,0.6399195962803211,0.3212022801396061,0.016383383972260662,0.01516329269845612
92,0.039712473057625,0.49551408808977565,0.24653108412235028,0.031184627741666433,0.18705772698858242
93,0.010628163669655667,0.5604762344104038,0.39082945868282304,0.018872182475915385,0.019193960761202136
94,0.03721731077584332,0.6143911668694444,0.22244327701973465,0.025752327419789826,0.10019591791518775
95,0.1052896801556262,0.6195742843146229,0.09339284353371316,0.026868731717759237,0.15487446027827861
96,0.04651599308982854,0.7665772257186684,0.10403448344481275,0.05442299263604698,0.028449305110643423
97,0.06856127469890733,0.6726842471610074,0.07285633317951686,0.013885717759125907,0.17201242720144236
98,0.021654051763153454,0.7917287833588444,0.16308699215630787,0.01701931692561465,0.006510855796079582
99,0.0420352571753957,0.7035486128880691,0.16822662510795156,0.028858750510911836,0.05733075431767186
100,0.029561200208037833,0.8402515518119884,0.09819177930365951,0.017487513518136485,0.014507955158177554
101,0.03671698265294232,0.6306489999238583,0.15530627820158263,0.02759022744095835,0.14973751178065844
102,0.021717359990263797,0.6966265535351507,0.2619495693781397,0.009208623125335168,0.010497893971110495
103,0.14080951351795373,0.6342041409430615,0.08934130014710953,0.01656940617943778,0.11907563921243752
104,0.038730461325310814,0.7831715991479928,0.1584170954077288,0.010694699128275762,0.008986144990691705
105,0.028238826859074397,0.6912521822777048,0.18728358707532092,0.011216130736913785,0.08200927305098606
106,0.01798774331298294,0.7628068492507821,0.19085513299974957,0.009384352098178467,0.01896592233830691
107,0.028052994208309992,0.789434937388,0.14606077915363758,0.011452158979451853,0.024999130270600675
108,0.05093955537517789,0.7204796643764568,0.15822286789114706,0.011223010643004556,0.05913490171421369
109,0.016459007653082874,0.8167448737483307,0.13732822722965426,0.015061816852563855,0.014406074516368106
110,0.04554481356421793,0.4023465842878964,0.39880829426264913,0.012969228560409465,0.14033107932482716
111,0.00566302920108596,0.2675714787579296,0.7180785876345251,0.0028991916600354327,0.005787712746423934
112,0.018936278899397526,0.30818867204981215,0.5213341476399836,0.013859442727027776,0.13768145868377898
113,0.008631862274914281,0.4998337151733491,0.4706673444716815,0.010545460692475304,0.01032161738757973
114,0.043373015338230604,0.3557945472057497,0.39909018288448894,0.029571432353761983,0.1721708222177689
115,0.02273857802465962,0.6708516628745598,0.2725488346129828,0.022787432576927738,0.011073491910870047
116,0.051438319546288344,0.5654377737759771,0.1683476746936042,0.0527234461008158,0.16205278588331454
117,0.012504682889183098,0.3058179088226601,0.642643417192434,0.007171080850396023,0.031862910245326816
118,0.023293183741558213,0.7345842550429763,0.1652274319169552,0.049814157592867336,0.027080971705642977
119,0.05408104084279214,0.6186925827852768,0.2488089540155099,0.031161708849059572,0.04725571350736163
120,0.034618186905259425,0.7253848873682919,0.18557277226887262,0.038466527613119555,0.015957625844456466
121,0.02382521665267811,0.3836275770318165,0.3036366470524789,0.046018084512567344,0.24289247475045916
122,0.01039656956728202,0.7679267818774261,0.203698368207075,0.008282758604370189,0.009695521743846603
123,0.03351637870626003,0.022639330580229905,0.0005373312231893836,0.01090243261329937,0.9324045268770214
124,0.16425564951647428,0.7080641490720777,0.04829039002625246,0.05433604463388678,0.025053766751308784
125,0.3523177597924184,0.32654017584254025,0.014761342920511556,0.08511850319929523,0.2212622182452347
126,0.1182180972641556,0.8268918294559119,0.028849805428779,0.019003908121238623,0.007036359729914939
127,0.28279064358717443,0.4559915413717469,0.018354147727989347,0.18749243777432162,0.05537122953876747
128,0.02370984294408753,0.9024755060673928,0.03192184457625333,0.039256316402762045,0.0026364900095042208
129,0.19450051639192714,0.14252332331976278,0.0025691605028175034,0.45855297855629457,0.20185402122919807
130,0.09681026055021848,0.6945221605282151,0.015142828020584162,0.18495754723802998,0.00856720366295221
131,0.10642390115348617,0.19813620457330244,0.001115231940004871,0.5757294724794543,0.11859518985375218
132,0.03390521645905314,0.6848852262195624,0.0033245815749477097,0.27334620975764173,0.004538765988794956
133,0.08127690761104506,0.1312791667886305,0.0005244662126889331,0.36778615894569355,0.41913330044194197
134,0.03862058036832377,0.8896953764237929,0.0024798780651591407,0.05801390864862045,0.011190256494103792
135,0.17606078554972984,0.251331567954645,0.001551065859172484,0.15486895794869085,0.4161876226877618
136,0.06650062076075332,0.8536225902965172,0.0035290389862080713,0.06422550784848023,0.01212224210804129
137,0.004889027366597832,0.015165650874948124,0.001213182941970264,0.0014900101540646037,0.9772421286624191
138,0.03426383701658029,0.018838576353191798,0.00027660285344856527,0.0032296022791098826,0.9433913814976694
139,0.1887196458302986,0.057457194710252985,0.00018950548310053359,0.013785635460137734,0.7398480185162102
140,0.3712005437927767,0.5693643771710674,0.0009174174392011599,0.012556018966717208,0.04596164263023754
141,0.12906394607608207,0.02757242210086999,7.48562381718397e-05,0.012347361888600198,0.8309414136962758
142,0.2791797981599582,0.596397208305506,0.00020738692304490963,0.10396481373083635,0.02025079288065457
143,0.4159009914178076,0.06095098799212328,9.616009987212797e-05,0.2365328888018121,0.28651897168838486
144,0.27480409858253113,0.48964667133746365,0.00028544614416152323,0.21883743100880582,0.01642635292703788
145,0.0936353168346146,0.08758503644162252,0.00027905694805486526,0.3073205561151309,0.5111800336605772
146,0.28870796235772017,0.17707068755116614,0.000143584286349917,0.3222179070762037,0.2118598587285602
147,0.19242368733968962,0.13555815086345724,0.00017156809501545021,0.6444703371841345,0.027376256517703177
148,0.19737104158648952,0.5107713930664716,0.0007767993715067833,0.28554513775232193,0.005535628223210139
149,0.2274871930537677,0.14012953799723626,0.00014191166355895671,0.49448567735609106,0.13775567992934615
150,0.058665866866179146,0.32483471943809356,0.00027387607685776705,0.6095457671513661,0.006679770467503466
151,0.09185457133592997,0.11161523471203626,0.0002598208081417889,0.7083649742905684,0.08790539885332367
152,0.05719706354181379,0.3143452164501429,0.00019843079051104146,0.6202111676122745,0.008048121605257901
153,0.040018176889365174,0.1742844901588989,0.00024681166892416497,0.7803725030866987,0.005078018196113136
154,0.09651517496674952,0.04748227963869083,0.00023650538574345684,0.8237879306530053,0.03197810935581095
155,0.03464364085361055,0.3311512365701248,0.0006020303618813195,0.6310582842472787,0.0025448079671046868
156,0.08188016177947974,0.05338810485216969,0.00011070942475270024,0.7629977878704668,0.10162323607313098
157,0.06685702384810953,0.4063774095844638,0.000715577058430711,0.5199157963363107,0.006134193172685227
158,0.05983063851167396,0.1355955583598778,0.00019120511744097061,0.7337543069528499,0.07062829105815735
159,0.14121032595425903,0.1481648904021864,0.00045793757339915704,0.6986712850211866,0.011495561048968785
160,0.1073333904414763,0.08152588218254728,0.00031056158494229447,0.6380994993996726,0.17273066639136156
161,0.10620881885708362,0.4943566432018702,0.0010504187101970709,0.39194763205356226,0.00643648717728673
162,0.2238968989437567,0.30068891542932974,0.001471070779800895,0.3744760088971014,0.09946710595001117
163,0.25799335291107117,0.07770239975885238,0.0006128456986490063,0.06254589792524234,0.6011455037061851
164,0.1795012718181024,0.7645715750072349,0.0017507811052076081,0.032699847273696084,0.02147652479575891
165,0.15326482333845634,0.02742119243019311,0.0004262849783557429,0.02080445202320326,0.7980832472297915
166,0.2614829068074155,0.6939025588926742,0.0008932734635068945,0.03601871244976593,0.00770254838663759
167,0.39138297999511185,0.17039785980319536,0.00041319839758360984,0.3852576433770404,0.052548318427068655
168,0.06805916769715742,0.8736591620971117,0.0007578722857091553,0.053509149113260934,0.004014648806760979
169,0.1395118040358494,0.19134778617970932,0.0004750343301192031,0.37853226612027885,0.29013310933404335
170,0.08750276387135723,0.7574693534718172,0.0012242901981483552,0.14716544529404782,0.00663814716462919
171,0.186060089633221,0.12121860054490655,0.0009443106103664641,0.3157652918120901,0.3760117073994159
172,0.1214254878397944,0.761659706957801,0.002663562112439061,0.11136745991190247,0.002883783178062957
173,0.19804707408663702,0.5028986192428624,0.003658182251775858,0.2314120487303069,0.0639840756884179
174,0.10886861087850853,0.8009783501003152,0.0030130706298974043,0.07831160019576328,0.008828368195515716
175,0.04688960483995434,0.850647275769434,0.0048355068871394355,0.08961501334370678,0.008012599159765346
176,0.2276353407322783,0.49360172716681516,0.002457408127723419,0.23672904114044954,0.03957648283273377
177,0.1305782039753663,0.5732254415705659,0.0017526438380819525,0.1989637831434715,0.09547992747251444
178,0.08612290007917461,0.45181997576577754,0.0016473002792965553,0.4541997299094805,0.006210093966270701
179,0.18140638537142034,0.2781122094882551,0.0008019617538446989,0.4809413063474611,0.05873813703901887
180,0.0808484439678229,0.48037737516101436,0.0008632473819836008,0.42817789116105104,0.009733042328128251
181,0.07748250024787033,0.5327639852154834,0.0013250632765899463,0.3562185026572791,0.032209948602777254
182,0.11374399775425958,0.10402372249336145,0.0002980213922773361,0.7649883274477511,0.016945930912350405
183,0.1051051171431994,0.13756736212526793,0.00014745284733444242,0.7239499765754118,0.033230091308786375
184,0.033285781865151964,0.5837618088618612,0.000962512086929332,0.37908156837572937,0.0029083288103279943
185,0.13180940854270143,0.10997166220616601,0.00019574573774356396,0.4242672233858372,0.33375596012755177
186,0.07161950441475153,0.5920349046769962,0.0014508573428839895,0.32464054136860604,0.010254192196762251
187,0.04179171363900085,0.02229837465733547,0.00024732572967212357,0.015047280709720763,0.9206153052642707
188,0.327717184222855,0.5988132292437967,0.0010155488361280065,0.0420942652235876,0.030359772473632748
189,0.4364632243716261,0.08595241407074353,0.0002133447923061922,0.036321757147655946,0.4410492596176681
190,0.333860235639945,0.6355080700199206,0.0006400804633763298,0.016183299540214875,0.013808314336543275
191,0.19938662415167618,0.5284574841644603,0.0005326858428887579,0.24863247504930627,0.022990730791668527
192,0.3920795519230848,0.10168266451597407,0.00037270307444427285,0.054441211533950554,0.4514238689525464
193,0.14526751115712405,0.7974423130078692,0.0005701655945124113,0.0503003949813573,0.006419615259136929
194,0.4248413713200435,0.1529431028064773,0.00011723320702044605,0.04358767988358416,0.37851061278287457
195,0.34461868785564903,0.6248172135303182,0.00041956739729892204,0.024062821180992542,0.0060817100357414555
196,0.20969167862316765,0.6261895784790187,0.0007790509989417117,0.11832038588738486,0.04501930601148693
197,0.09091845469639827,0.8502330429334595,0.0009266630326132595,0.05544454396782081,0.0024772953697080047
198,0.08797515318120062,0.8470142243044215,0.000923603477739852,0.04612235649065572,0.017964662545982155
199,0.11014427864562236,0.7802317787199425,0.001270640145377799,0.10447448813898434,0.0038788143500730677
200,0.034463779964878566,0.9239482684318407,0.002733948157694574,0.03523710575658021,0.003616897689005917
201,0.38140459036557084,0.32421203289706146,0.001128853056607624,0.09526698499173346,0.1979875386890267
202,0.03160778463104912,0.9023500375098059,0.0029880977913004712,0.061311218243704654,0.0017428618241397467
203,0.3996205458841517,0.2755651051183958,0.0005269491906908944,0.17613673516078635,0.14815066464597518
204,0.03296963931504304,0.870568123213001,0.0006250340020974981,0.09407587518683402,0.0017613282830241984
205,0.06147659024561892,0.4588715232372131,0.00040887139380972815,0.4703030287425155,0.00893998638084277
206,0.06266649748258155,0.18437995066858318,0.0003997085176248128,0.7442506532606527,0.008303190070557822
207,0.01770843188102901,0.10193077994956219,0.0005231635239826816,0.8778893129174039,0.001948311728022118
208,0.018604467141912533,0.03422668303315021,9.453635035155144e-05,0.9427148194312233,0.0043594940433625395
209,0.017903832523132043,0.013270707539878574,3.6605581497013985e-05,0.954766152217827,0.014022702137665422
210,0.0066780707731029605,0.005730202968233818,1.1689117395190516e-05,0.9856474948176248,0.0019325423236430618
211,0.03259637688647448,0.03375848477643662,2.1566729114476405e-05,0.9180718759524263,0.015551695655548058
212,0.011053719828641211,0.004896554822510033,8.341869140651492e-06,0.9821586557504515,0.0018827277292566644
213,0.004811124367901533,0.009867296318329423,1.656674626648881e-05,0.9837680367910582,0.0015369757764443397
214,0.007287024299801845,0.008934490112762173,2.054367409791348e-05,0.9801907957916359,0.0035671461217021603
215,0.00448870866391279,0.0065377440975544964,4.2373540181991384e-05,0.9878408504550152,0.0010903232433355915
216,0.011553603861902741,0.007924489506142838,3.431122858386556e-05,0.9717282835015023,0.008759311901868263
217,0.007506854645417326,0.004407907741053512,1.8370028249848602e-05,0.9853981802524274,0.0026686873328519794
218,0.005728987477675863,0.008548597746650857,6.186249484543293e-05,0.9847519414345691,0.0009086108462587303
219,0.006763464817600494,0.008142772163249018,5.365034098635524e-05,0.9834670733214601,0.0015730393567042124
220,0.0042007589575529455,0.003667567899990536,2.3796005349982766e-05,0.9896919962626297,0.0024158808744768317
221,0.0021270979588758243,0.0029337778864472197,5.4925878855718764e-05,0.9942165121444313,0.0006676861313898453
222,0.005208950407732506,0.0034380433501800794,1.6282999536168065e-05,0.9815484431523617,0.009788280090189594
223,0.005254942638190497,0.005618000523036568,7.05792412063475e-05,0.9876828677227978,0.0013736098747689858
224,0.011045101656270585,0.004482368424523368,4.91172915261443e-05,0.9714564133073613,0.012966999320318539
225,0.013911467871832766,0.010315640429885064,3.063365498294245e-05,0.9721707641619357,0.0035714938813634634
226,0.01141058122552376,0.0059578918326895994,3.280506658480564e-05,0.9808511361292541,0.001747585745947826
227,0.032341008088550366,0.0183289071024022,3.7405394455651226e-05,0.9435557981335282,0.0057368812810637045
228,0.024731309397610434,0.017167869577301622,7.636630679957479e-05,0.9564161382653353,0.0016083164529529948
229,0.0183436120544754,0.0306055790469738,0.00012785169183083397,0.9495833292555469,0.0013396279511731649
230,0.024323473966450963,0.03177261099271567,9.172533206854965e-05,0.9399730674523733,0.0038391222563916266
231,0.033050264446249505,0.12162574714353527,0.00015255191706054278,0.8392304152267367,0.005941021266417807
232,0.06512967700530993,0.13442083376713596,0.00013680271787615636,0.7900632218316941,0.010249464677983842
233,0.03912396920201538,0.18424597467110276,0.00018230970474969227,0.7740838390201815,0.0023639074019506288
234,0.1761252275065108,0.26111284793884865,0.00022012730763729872,0.5292409141846357,0.03330088306236752
235,0.0424340224562179,0.37073231089671244,0.0005017869197278496,0.5826666186368655,0.003665261090476237
236,0.09553184641407868,0.1354721661255551,0.0022796841496535982,0.1018050383406102,0.6649112649701024
237,0.6894148033196357,0.1497308664010576,0.0004845866820480744,0.09178644309318719,0.06858330050407153
238,0.4819169684172832,0.21943120734056343,0.0003027431208426526,0.24551638259839703,0.05283269852291361
239,0.25211750309743924,0.6542858243890892,0.0010928480028619591,0.0837032693547081,0.008800555155901524
240,0.34179562119302365,0.15086671095864268,0.00013488459647250815,0.46200221437913835,0.0452005688727227
241,0.191272962908153,0.4336838607279018,0.0002622301318008537,0.33927077670112793,0.03551016953101631
242,0.07186165817209417,0.04141852364903325,0.00021906795872849629,0.049547251996582796,0.8369534982235614
243,0.1836581629540854,0.7385860088594174,0.0007346843052002222,0.06816125726438592,0.00885988661691109
244,0.5141307789378464,0.2335324155688516,0.00030386076293454495,0.19382744018696277,0.05820550454340461
245,0.05993440040749221,0.8658558443087768,0.00411647675498837,0.06315917440420463,0.006934104124538002
246,0.10229065461087329,0.07882260575291358,0.00016268506088705463,0.10943675518847268,0.7092872993868533
247,0.24498181570241104,0.4824324781520978,0.0008520548538297201,0.24810379491141418,0.023629856380247113
248,0.3706897942340959,0.08780783126792185,0.00028810837322503305,0.3318115852513784,0.20940268087337885
249,0.14284811461550576,0.7299209224290728,0.0007754702270479464,0.11601251123717699,0.010442981491196632
250,0.21307156972328528,0.13798328313293742,0.000707060290606591,0.4882143618312317,0.16002372502193907
251,0.03326667854161922,0.8458829704188834,0.0026995177890869423,0.11323843756406962,0.00491239568634087
252,0.14010675989512783,0.09134216159027017,0.0004813710771035686,0.4344017196512046,0.33366798778629386
253,0.09657484164525366,0.42561397356924013,0.002051117258851164,0.4680717306891254,0.007688336837529704
254,0.21161591458099985,0.16002342655393512,0.0003720419130404103,0.48986914090857475,0.13811947604344982
255,0.3707989536166561,0.17053482062144404,0.00020638373520030185,0.3549135626379233,0.10354627938877631
256,0.29530512820416377,0.27875273828056846,0.0003387101038462938,0.3819993558405762,0.04360406757084536
257,0.15723613532847047,0.6139419921843007,0.0004349071466807079,0.21055926037435121,0.017827704966196938
258,0.1531245557185433,0.5576271152578935,0.001435064331409866,0.2644213188499526,0.023391945842200654
259,0.22207675592304887,0.2978687936555818,0.00036837856091955726,0.3888532958541111,0.09083277600633866
260,0.11964242513669236,0.7121874373618203,0.0007000943050090957,0.14634195528891314,0.021128087907565152
261,0.15590012455720711,0.4685539920085375,0.0009897316864329571,0.33943370690534436,0.03512244484247804
262,0.13363116956445958,0.6727995640279599,0.0016350334029144428,0.1750930983535746,0.016841134651091293
263,0.3129146535924843,0.16210514955756752,0.00034313624937339093,0.2948063830240824,0.2298306775764923
264,0.2713821751971839,0.47297364455373236,0.0007611850548669528,0.2017681665815713,0.05311482861264529
265,0.3302016912781038,0.39195578195582415,0.0003054900160790922,0.2538192797667231,0.023717756983269698
266,0.13241116279469575,0.7874171487495879,0.0007344476038398515,0.07075280308840985,0.008684437763466606
267,0.10446917760403343,0.7149464325544339,0.0003941055511932539,0.1740983858697877,0.0060918984205517255
268,0.06536606172283799,0.7156885433256512,0.0011310360494413123,0.20788451385484052,0.009929845047229026
269,0.12182299634345853,0.33581053427128954,0.0005137021802975255,0.5295590176805166,0.012293749524437843
270,0.04277686815070556,0.7496453744659025,0.0010866263826561366,0.2005373525069799,0.005953778493755916
271,0.14801429806349378,0.19906876405929885,0.00025500919494673773,0.5740630963809576,0.07859883230130302
272,0.03697479453399539,0.6860045017864529,0.002315808835506326,0.26917698959283654,0.005527905251208842
273,0.09374185526476032,0.06225394628999065,0.0001675446042592849,0.32525787020955454,0.5185787836314352
274,0.12838354032051758,0.6717362182308124,0.0010045867136486938,0.1937124977601845,0.0051631569748369615
275,0.3255696437525446,0.16784610504933126,0.00039014832985883566,0.29571239854411985,0.21048170432414537
276,0.1069468865503026,0.8119998534895874,0.0009385160404268091,0.07372180705361736,0.006392936866065742
277,0.3000293711478721,0.20207660656400828,0.0002716314658975222,0.24377656432508674,0.25384582649713544
278,0.07534329613462179,0.8654001279591694,0.0005434332019952835,0.05404396825089252,0.0046691744533209
279,0.27267436636182624,0.23055096310116446,0.00022879638290622343,0.07698766403696727,0.4195582101171357
280,0.1495886862362828,0.7837674277843805,0.0004317828060845534,0.060029152206834156,0.006182950966417943
281,0.15089828608389091,0.7316619009117574,0.0014914788668246688,0.025870951743793717,0.09007738239373324
282,0.37832309258753966,0.2196084298496102,0.000707663800398157,0.02763366123606362,0.3737271525263885
283,0.184506366716531,0.7508662056375984,0.0009923811601142444,0.04553854514868879,0.018096501337067642
284,0.6220884674417896,0.20290545094196785,0.00016965867159463496,0.069459112930942,0.105377310013706
285,0.14614598060321363,0.8077444252428528,0.0011062612603202995,0.03788660121463374,0.00711673167897937
286,0.2908157989131447,0.22987093526211094,0.0003461995565906175,0.3099940723444983,0.16897299392365542
287,0.057696142007553256,0.8442943462692041,0.0009229756485732207,0.09387864214321025,0.0032078939314591254
288,0.2810576459511777,0.16183470567118483,0.0001842216677670589,0.29063691332220476,0.26628651338766557
289,0.08153268681216873,0.8539205712127707,0.0001966627653525683,0.060200792634759984,0.004149286574948001
290,0.38843160097964397,0.29375503460717367,0.00039766723975592506,0.1796916511977855,0.1377240459756409
291,0.0356147414488126,0.9376456446718241,0.0004372256492083756,0.02420220846061826,0.0021001797695366638
292,0.22496532678059783,0.45905252043566835,0.00044394511539901934,0.17642899962578068,0.13910920804255414
293,0.041588459534620696,0.9151683950733185,0.00045280800375840317,0.039459548487544065,0.003330788900758476
294,0.13637083963530391,0.6556658956020847,0.003169763574075062,0.17439125625014273,0.030402244938393677
295,0.0720862264180716,0.860092847551814,0.002647335505448971,0.058970838007765314,0.006202752516900081
296,0.25925656399462427,0.53797864810025,0.002182479231565483,0.1589936846280027,0.041588624045557694
297,0.026369655740382622,0.9554396518456723,0.0012165638608938728,0.014946852438270998,0.002027276114780258
298,0.2031816622211262,0.6350541599372169,0.0021436914405162277,0.11338433694049209,0.04623614946064855
299,0.03269628585820595,0.9443884792033524,0.0037827448222668733,0.01658862265959087,0.002543867456583827
300,0.10374505708063281,0.7545956439305749,0.003623776981653088,0.12479578554798582,0.013239736459153578
301,0.05120166057825552,0.8580511820201484,0.001403692084473397,0.08612010468788563,0.003223360629237194
302,0.09888817966298659,0.7402874849866412,0.0019066135588868495,0.08266003353825307,0.07625768825323218
303,0.17155376141469902,0.6229632322610792,0.0006280617478409353,0.19550786333379475,0.009347081242586208
304,0.28315314192947333,0.4380882744397019,0.0005787978566372438,0.2138861383255728,0.06429364744861474
305,0.21585436037069247,0.5151461585749421,0.0005628882497049317,0.2518937951934277,0.01654279761123268
306,0.09780698441242744,0.7449792301589256,0.0007850329693702018,0.14522849145791092,0.011200261001365739
307,0.3820107731452475,0.07977759572091833,0.0005104282693546542,0.05544491528099007,0.4822562875834895
308,0.45980913490715614,0.44777556671323304,0.00030961516431900096,0.06762300867978964,0.0244826745355021
309,0.6195366135905487,0.1963022705601117,0.0003281379586143386,0.08614272400001288,0.09769025389071231
310,0.2508841271319499,0.6895991950939074,0.001392578624935565,0.05208490079999204,0.006039198349214989
311,0.4366023047964599,0.18338168136222846,0.00033715758964142546,0.26899844136123285,0.11068041489043735
312,0.03825603907223415,0.9180175408126995,0.0032587567551610654,0.03801121700937636,0.0024564463505289285
313,0.03195737315244952,0.019452633435831673,0.00011581857378797401,0.04822761549662915,0.9002465593413017
314,0.03900225521002168,0.9121555275559111,0.0022012988530672713,0.04400878305656337,0.0026321353244366723
315,0.31581767329933064,0.14256908648348973,0.000882803127306378,0.39937875756172175,0.14135167952815142
316,0.3326396722659742,0.554181587829824,0.0007098533958831955,0.09239894563672346,0.02006994087159532
317,0.25728651766206834,0.47893880203115313,0.0005483721146608822,0.24965450968558975,0.013571798506527753
318,0.44798446178777385,0.38362841161579675,0.00556003714473662,0.051822773331187656,0.11100431612050514
319,0.345755072504741,0.565750079297642,0.000420460536767996,0.07520888787737391,0.01286549978347515
320,0.35989097387356783,0.5264324659966068,0.0005106745530057481,0.07384115299859953,0.03932473257822005
321,0.09117545641049915,0.8746645983698498,0.0010379256414675667,0.03108574155734853,0.0020362780208350558
322,0.1795100268517366,0.7063745710638281,0.0010865975402390246,0.087375534203515,0.025653270340681437
323,0.07272050832904794,0.8398441608515148,0.0007239221149249313,0.08205366156556353,0.004657747138948987
324,0.07715645409925737,0.8295717335782614,0.0013449550043708274,0.07834081785666357,0.013586039461446885
325,0.29597454282025865,0.4507694083533049,0.0007796065473312054,0.20494905475083516,0.047527387528270224
326,0.01221376994145597,0.9718960706053201,0.002822454331948109,0.01014494251740031,0.0029227626038755075
327,0.2949432780478908,0.15759403963769789,0.0010363983737892342,0.1719792732481839,0.3744470106924382
328,0.018190155816500294,0.9513181877270843,0.0071758851463247335,0.018508537171576918,0.004807234138513875
329,0.0037015829072772895,0.002515847324356909,0.00030215945710885053,0.0008392202647551461,0.9926411900465018
330,0.08180621070214417,0.009860393708343962,0.0001581257800108526,0.001415336007282313,0.9067599338022188
331,0.22388189214016133,0.04991851583368888,6.808742618293576e-05,0.002110224462130006,0.724021280137837
332,0.04018815197531635,0.03457167812306877,8.769827606172114e-05,0.0005270291482679941,0.9246254424772852
333,0.5960630750714496,0.13959980197617927,0.0001685740335313639,0.03431173419826994,0.22985681472056968
334,0.0800962349485945,0.1066029102632143,0.0005775436760195917,0.005359793689131427,0.8073635174230401
335,0.05919709275279745,0.013133582662717467,1.569514616564147e-05,0.001452498072799189,0.9262011313655203
336,0.003018352191962892,0.007918111594499129,0.0004778839443579181,0.0009891534975139606,0.9875964987716662
337,0.009154783746576477,0.002331113117731206,1.1769760986747425e-05,0.000502170484811839,0.9880001628898938
338,0.410738170608793,0.012922383537042595,3.313142083644192e-05,0.0016168529681376336,0.5746894614651904
339,0.01906694400252429,0.0020527528353663205,2.357590467493557e-05,0.0010549390920822064,0.9778017881653522
340,0.4716971824273882,0.22788229760617632,0.0004550519793428462,0.015381197304388795,0.28458427068270387
341,0.004660648219464397,0.007019727589341183,0.00023430011037287406,0.0015790659187178528,0.9865062581621038
342,0.0014953978838388217,0.001198086607624625,1.4234358013604378e-05,0.0011822280758667688,0.9961100530746562
343,0.0022509064065565345,0.0023895693263665287,1.7768980844881806e-05,0.0004476123805993473,0.9948941429056326
344,0.011923578956625224,0.0031899841396786006,6.129320214554815e-05,0.0004237649441127213,0.9844013787574378
345,0.010074700983105004,0.006399734376708398,6.94129159035629e-05,0.0008541907812858007,0.9826019609429973
346,0.001305205662449121,0.0007488612428083329,5.791824523531863e-06,0.00033271535960394474,0.997607425910615
347,0.0018363571542423453,0.0006691795713672297,2.0349512335583932e-05,0.00014124334157267736,0.9973328704204821
348,0.0038892817254507855,0.0008515246201116489,0.00015769236220825674,0.0002668613827363221,0.994834639909493
349,0.22091984409251658,0.027737469958057863,0.005389377456707631,0.0019342632549472223,0.7440190452377707
350,0.033201195526363386,0.01612708948196349,0.06754249822723248,0.0004051160509883527,0.8827241007134523
351,0.061461623381020604,0.10458005082088204,0.29472924642778764,0.012966669864557141,0.5262624095057525
352,0.009611533011657814,0.0033101279240173973,8.852422376772342e-06,0.0006820189681097022,0.9863874676738383
353,0.00041866245423130354,0.0004778827484520745,0.00011574325427711875,0.0007434601012808798,0.9982442514417585
354,0.00016054106096891226,0.000958847514668792,1.4566347057044442e-05,0.00038245770073842795,0.9984835873765668
355,0.0007833790010909062,0.0012917477895399566,6.335822984707495e-05,0.0003003552119391695,0.997561159767583
356,0.0004881816246626216,0.0016495825468562345,0.00026456876225677985,0.00023235326073446126,0.9973653138054899
357,0.0005038886393655762,0.0015660695748474184,0.001111271985782823,0.00030898784294817414,0.996509781957056
358,0.0005425879028679815,0.0009875008501937044,0.0007395420976730781,0.0003627200241153466,0.99736764912515
359,0.007642211432707299,0.0027399709350976044,0.0742274832242484,0.003491846628013509,0.9118984877799332
360,0.02414042929385422,0.013091472301458958,0.0021992728743655365,0.0016476689668381208,0.9589211565634832
361,0.0018994159300959495,0.0002919997342973672,0.00011273174606622559,0.00010583224450878599,0.9975900203450316
362,0.002339041128494887,0.0006173078432711089,7.199072865652803e-05,5.494145631323357e-05,0.9969167188432642
363,0.007919723860450536,0.0036872079290893728,7.273819597702484e-05,0.00029693038238822194,0.988023399632095
364,0.0014012841441723325,0.0007601049052894255,2.8238092445787258e-05,0.0001173653462214538,0.9976930075118711
365,0.0006287236383943916,0.0003925266310343579,0.0001952558501717869,0.0003417378101610743,0.9984417560702383
366,0.0038203988260362472,0.000889517058024239,5.295492086118052e-06,0.001339759641229796,0.9939450289826237
367,0.0015422421430663798,0.00032121011287422174,6.530270505930156e-06,0.00088097303554604,0.9972490444380075
368,0.0013377768130491954,0.0004592472150248339,1.7213241465056032e-05,0.000282159259431855,0.997903603471029
369,0.0028460505458002498,0.0013947450647364122,0.0001896795814371367,0.0008590321360490893,0.9947104926719771
370,0.0038582407676640874,0.0035220769519142235,0.0005482165689691635,0.0012796697345374836,0.9907917959769151
371,0.004014314583011435,0.001238183276681734,0.0001939640726723546,0.0015335736864122223,0.9930199643812222
372,0.0023072421341300835,0.0002704775445416648,2.0326043468239453e-05,0.000450774298132743,0.9969511799797273
373,0.0012884426071688448,0.00014990145538859679,2.813540563727826e-06,0.0002807098349444596,0.9982781325619343
374,0.002853473869237236,0.001019110515459525,3.4382463800104326e-06,0.00043180357705256846,0.9956921737918707
375,0.005412547274646547,0.0017199089255138112,1.4314996956930014e-05,0.0007519906027301326,0.9921012382001525
