epoch,N1,N2,N3,R,W
0,0.24746562808907657,0.03896386952141731,0.004559742788209703,0.02842591867128779,0.6805848409300087
1,0.12290912521877319,0.07371349082218943,0.0005507626055524031,0.010013846489090775,0.7928127748643942
2,0.23784613355265136,0.21783764738317332,0.00032280721334729826,0.03366880182950607,0.510324610021322
3,0.17961511728040708,0.266645222605686,0.00219274848895583,0.005745193472226063,0.545801718152725
4,0.09142177870900027,0.07704870114440611,0.012342989014294885,0.002725654297789515,0.8164608768345092
5,0.11142493580494973,0.3067079519946808,0.0010027399261342985,0.011088427081952722,0.5697759451922825
6,0.11854447861557504,0.4953533351861261,0.01036556929179758,0.019579152037275453,0.35615746486922567
7,0.19965829200618077,0.2619459005179821,0.0013940062982996998,0.03727462984876297,0.49972717132877437
8,0.06366381670300811,0.08533243068184312,8.633420358265773e-05,0.0033769721407830976,0.8475404462707831
9,0.02532461045702889,0.06144467819033291,0.0001438660904182036,0.0031698519453479427,0.9099169933168721
10,0.024792860210250758,0.028867319419631055,0.0006096528174216533,0.004005199291451809,0.9417249682612446
11,0.056181779731427045,0.04075671548644725,0.0009286392818370317,0.0021778578257679103,0.8999550076745207
12,0.06477748612397057,0.5145687260882916,0.002581326053660979,0.020076934122151845,0.3979955276119251
13,0.07522509570411118,0.5538016864232089,0.0022113119510758328,0.007099141206488523,0.3616627647151154
14,0.079333015888429,0.7508070165286808,7.951953136127504e-05,0.008807506850424822,0.16097294120110409
15,0.08682652781328709,0.1650394091910642,0.0004400715534127587,0.00465314234623721,0.7430408490959988
16,0.16657933814855982,0.40274153474900504,0.0007028782299809441,0.004153495139746456,0.42582275373270784
17,0.14181077556923108,0.3233347266202341,0.00028308567701888337,0.0016585311343628036,0.5329128809991531
18,0.09426099473064643,0.2563624154173131,0.007230211214353537,0.0015834158024059831,0.640562962835281
19,0.11375553335196477,0.4507210661503335,0.002137056631069029,0.003207805047172655,0.43017853881945994
20,0.07145250870079758,0.37332758039825814,0.007260133485399856,0.0026941012555640304,0.5452656761599803
21,0.14081350319753094,0.1068122702043131,0.0004552650654093924,0.0019238653494262224,0.7499950961833204
22,0.014604370269901338,0.013282515378762221,0.00014603169173424616,0.0004353170204868313,0.9715317656391155
23,0.08116300017737299,0.032606173443637386,0.0028031834280510056,0.0004335970661238326,0.8829940458848147
24,0.2584755741957364,0.05110781145159464,0.011953854049850604,0.0004656076125204979,0.6779971526902978
25,0.05094451787570256,0.15513414188463973,0.0016870057459205258,0.0004245415039843608,0.7918097929897527
26,0.07780579543526209,0.4948634291198158,0.020697393161023852,0.0006161204002132891,0.40601726188368487
27,0.23409435305991802,0.29014779998784757,0.014499923815192106,0.0007977681099600642,0.46046015502708226
28,0.0448719622929555,0.06592140373314337,0.0019923940146000536,0.0003129250173830736,0.8869013149419179
29,0.15727385256657564,0.09462652103585012,0.00047263733525116297,0.0019097930434350007,0.7457171960188882
30,0.3578147228207032,0.45274842247719804,0.015177511118709028,0.0010810595411453793,0.1731782840422442
31,0.4046380498471676,0.42710820196879234,0.012477045181813197,0.0003614464409688664,0.1554152565612581
32,0.1663518005326081,0.5050852474890828,0.005260988890323368,0.001255685274646657,0.32204627781333905
33,0.26515673953785995,0.5846829375437185,0.08821952792381416,0.0016756388190090564,0.060265156175598425
34,0.1412745475966367,0.5572557686610411,0.045046564270520985,0.006081755597405319,0.25034136387439593
35,0.1291128720347929,0.10469054017451265,0.007887875765374662,0.004049764757917602,0.7542589472674023
36,0.23660579377959107,0.5069201855035247,0.02390066463369858,0.002818318423392351,0.2297550376597933
37,0.16731996900512175,0.657458578666977,0.03748862418362989,0.0012649610682693199,0.1364678670760022
38,0.07613653623441344,0.8292899367220742,0.052815458968129406,0.0008923939018572934,0.04086567417352562
39,0.015226607688876069,0.775360197576899,0.19595811403901484,0.0008807759995638486,0.012574304695646247
40,0.06431010077938364,0.7674896947760921,0.11484038890695655,0.006004484062320698,0.04735533147524702
41,0.06564457256010504,0.7434229202835978,0.15874801970169714,0.006554494284737787,0.025629993169862267
42,0.11089860387212927,0.6976760456771487,0.032698097836111197,0.005445001287067206,0.15328225132754367
43,0.04549342230507872,0.8178325142643861,0.11644488238346161,0.0007671530944074384,0.019462027952666137
44,0.05492549535240842,0.8687003735933417,0.03355578117346216,0.001167927030003874,0.04165042285078381
45,0.06348998867206637,0.8654798020982348,0.047664246062778255,0.0026780585951806687,0.020687904571739742
46,0.0225364524460381,0.7120198154533566,0.2399547209067048,0.0008860845728363028,0.02460292662106418
47,0.039503338644866555,0.8203457435477334,0.07885463131613231,0.005919022603298577,0.055377263887969264
48,0.08657109219059073,0.4537260651988827,0.03215287751675973,0.008643400898926753,0.4189065641948402
49,0.08937999344993376,0.40090777052195603,0.014633267375385457,0.006486930502632537,0.48859203815009217
50,0.13098976153440314,0.15023684045149924,0.006186676631822016,0.0033930284725526404,0.709193692909723
51,0.25052741679090784,0.5458458153072027,0.024137078661584533,0.0038982853519096677,0.17559140388839534
52,0.07050833809020014,0.7850354279994025,0.028525488317811085,0.0013853583665290362,0.11454538722605732
53,0.13318019459141595,0.7559153767167192,0.04725039454099279,0.0020028481491781184,0.06165118600169384
54,0.10654263548943839,0.5516903037609246,0.03435590784015033,0.003297526897518472,0.304113626011968
55,0.1442429726771011,0.7334245049944166,0.0323287650797641,0.0029275022090893836,0.08707625503962882
56,0.1828028797163136,0.6272566386750622,0.03158651313546728,0.0025126461526296163,0.15584132232052728
57,0.30218642124276596,0.3703157108269685,0.016159628996519237,0.011743396417335053,0.2995948425164112
58,0.06762934095945099,0.8435070394893294,0.022173033825190855,0.0023376619669605056,0.0643529237590683
59,0.1431844574639381,0.44449343520906814,0.038128588666630256,0.0023602642478455635,0.37183325441251797
60,0.19822280849649046,0.4359629382488813,0.022731641499031032,0.011130584147624151,0.33195202760797304
61,0.20607139515963052,0.5519433918444794,0.023952822400248732,0.009309638119723825,0.2087227524759176
62,0.2079357446366071,0.5160828735129369,0.026984365791874285,0.010966049905852523,0.23803096615272915
63,0.1301600582977906,0.4930420056586875,0.01898741069023404,0.01022617376820384,0.34758435158508405
64,0.08184953387641947,0.7840285841720255,0.02810040148059961,0.002114018174482641,0.10390746229647285
65,0.12489833142376161,0.6540888024528478,0.03238696567661903,0.0052566499544318525,0.18336925049233974
66,0.09551099982196812,0.775319005026144,0.029772656086132235,0.005085266398354013,0.09431207266740163
67,0.18105824059539147,0.4866977127191449,0.03853769266047432,0.011094947782317722,0.2826114062426717
68,0.054264304485946026,0.7383494859549263,0.12312062150745258,0.0011227898215173887,0.08314279823015765
69,0.04438769146495399,0.29563099160558154,0.01728548802207003,0.003861518560639259,0.6388343103467551
70,0.14838628489075523,0.5212615907068612,0.03143595099392544,0.0027536054386723204,0.2961625679697857
71,0.05910606723439514,0.18463043765524104,0.016333608585103042,0.002636427448518113,0.7372934590767426
72,0.02352815518637781,0.018381107256266953,0.004761907225151452,0.0003992221640643911,0.9529296081681393
73,0.054939213447157194,0.02748818175702129,0.007942003855099564,0.0007029752241446558,0.9089276257165773
74,0.08253875663388333,0.03626145427838043,0.015575691933236456,0.0007643982149645769,0.8648596989395352
75,0.11402264098060189,0.042539197865625766,0.004330665203787938,0.00036832639646768863,0.8387391695535168
76,0.19458200051306468,0.05629318968237326,0.007604144041018342,0.0008237052492625214,0.7406969605142811
77,0.22318850242984647,0.23679078666215042,0.009843354109818677,0.0013482125309111001,0.5288291442672733
78,0.32936165628666386,0.17334846801746037,0.002009698303934198,0.0027616813278983974,0.49251849606404324
79,0.24169869474427855,0.5347115863863402,0.002565227514988312,0.002798222699969522,0.21822626865442335
80,0.46279411453519487,0.31242505476533033,0.00936323655566116,0.016022057372961813,0.19939553677085192
81,0.11750688436349152,0.24603239925208606,0.01895274182019743,0.03039881540724977,0.5871091591569751
82,0.14495854598899804,0.3198302778048445,0.016596400355173034,0.021029012634117758,0.49758576321686665
83,0.10490553293149098,0.27692553415510895,0.0332436051236871,0.042155959079255526,0.5427693687104576
84,0.3663209217281076,0.21214896243578418,0.002446994488172432,0.017747227138539125,0.4013358942093966
85,0.16767596687742656,0.681143384790055,0.05012329282736236,0.008046711559271159,0.09301064394588485
86,0.15551213868076713,0.28000574747094886,0.03653308138985968,0.026345518362221793,0.5016035140962026
87,0.19167764435205925,0.43127716277226724,0.0382936117394596,0.0357898911569153,0.3029616899792985
88,0.08362368103819788,0.5582967514634634,0.07926775579963335,0.027577659433180857,0.25123415226552454
89,0.12438469201695776,0.4310756748357112,0.017768005508706077,0.054252305908454306,0.3725193217301706
90,0.07910656391151291,0.5168847912087543,0.06567553532051515,0.007382143672554782,0.3309509658866629
91,0.15912789102421965,0.6429381560057015,0.06553167597736691,0.00632798497218529,0.12607429202052672
92,0.13379168745224335,0.6740312555459294,0.03922881546655783,0.011324228324818305,0.14162401321045126
93,0.0774049058808933,0.4434091532072845,0.012105499097578316,0.006543622171593083,0.4605368196426508
94,0.18309898559185953,0.18627799072198079,0.008506307376069324,0.007693671660503406,0.614423044649587
95,0.23136765230271678,0.10488625143371652,0.009890898544593183,0.009608088049344285,0.6442471096696293
96,0.12343375458664302,0.07670186588533383,0.004799669738508915,0.004084890196006707,0.7909798195935075
97,0.3307100210276845,0.3011098736628432,0.012193337604092358,0.0017653546871963445,0.35422141301818366
98,0.1905297490192532,0.20304478457650135,0.0026821108407691805,0.011383323446759921,0.5923600321167163
99,0.2748307386671818,0.6281551671212715,0.028959782934913032,0.0023017103000580147,0.06575260097657566
100,0.1291925193104833,0.4579796296505604,0.004661163210993222,0.001583363972011173,0.4065833238559519
101,0.22527569284749463,0.6726886057159311,0.054839759822750106,0.0017523089383564376,0.04544363267546763
102,0.0665814239470928,0.8728222266683855,0.0383470828355515,0.0006357996624705686,0.021613466886499604
103,0.1775408055437139,0.7258360099298842,0.028016161031256537,0.011187945256287316,0.05741907823885828
104,0.18710011433116894,0.6416881632954318,0.039790037251419934,0.006837204565084608,0.12458448055689474
105,0.2631501949844677,0.5016763955928875,0.02185010052753588,0.007803636290206861,0.20551967260490214
106,0.22441849000286715,0.7029038949114932,0.029822666004543693,0.010500972283406384,0.032353976797689595
107,0.17261162557996282,0.7541544525807872,0.04046844381183413,0.0024731174509343896,0.03029236057648149
108,0.13699451096376794,0.7389662410449734,0.030955484199046784,0.014067390534843481,0.07901637325736835
109,0.0995109770201564,0.7984279485013408,0.061844369809478154,0.004455772207007213,0.03576093246201736
110,0.08517506057817936,0.722474291072855,0.11203559804074346,0.003938684833968534,0.0763763654742537
111,0.13826396466844332,0.6501586072019203,0.047648260355553536,0.014427929403717388,0.1495012383703655
112,0.09872310217843762,0.25812746081059607,0.019612450095888863,0.01601691770720643,0.607520069207871
113,0.2298546951208134,0.36131850778408847,0.008370677655831674,0.013943924855473308,0.38651219458379327
114,0.031828698518890676,0.11899738505974697,0.002631659175928914,0.0010624075849398132,0.8454798496604937
115,0.26274871279670714,0.11602202994310556,0.0005551746550103361,0.011263867385678259,0.6094102152194987
116,0.13363789630856399,0.3226441656145889,0.0024204203228458143,0.003509121280624027,0.5377883964733773
117,0.14708273600165678,0.0973362953907241,0.0003128536234776255,0.001580333038644298,0.7536877819454973
118,0.24463301160650805,0.18866132470470648,0.003524983479325253,0.007179539158969207,0.5560011410504911
119,0.14364237397952015,0.09236051191569773,0.004647327210037218,0.0022430146192790154,0.7571067722754659
120,0.21800277915592672,0.1622512100288822,0.00606937552417283,0.0031933574116097753,0.6104832778794085
121,0.0874000901050568,0.08433485845463472,0.002257067780318275,0.0027544984183993796,0.8232534852415909
122,0.17112402318247186,0.2768668260150772,0.011362184515076888,0.003048936756147585,0.5375980295312264
123,0.3086487021720021,0.20330193786304765,0.009409587953105083,0.010510955094236663,0.4681288169176086
124,0.16593353338052133,0.7787384952268858,0.012857841986776728,0.00219337460582668,0.0402767547999897
125,0.1900618741818374,0.4727210118418166,0.015698389700175956,0.0073250253839039796,0.31419369889226595
126,0.17601103786489525,0.5765011975445912,0.016470288376344403,0.017371404847368505,0.21364607136680053
127,0.37484563943936905,0.4304145982797555,0.010238799233403107,0.04713414711706306,0.1373668159304092
128,0.32878157027633353,0.4679451376399765,0.01801872887095616,0.021951011987616814,0.16330355122511697
129,0.1462360325656835,0.7446377995400618,0.011135556163605164,0.01294500981937028,0.08504560191127909
130,0.1586259277054396,0.7500900087429949,0.033752812835425236,0.01173814031974895,0.04579311039639134
131,0.1667313340241121,0.7139168734521278,0.04857292746870172,0.02731486080242003,0.04346400425263843
132,0.15970804822032814,0.3816813905118802,0.049232097975663094,0.07798701838652958,0.331391444905599
133,0.023603305647564705,0.04181176812402884,0.0005372785016190973,0.008195867584550631,0.9258517801422367
134,0.14963767634091707,0.17965321578171503,0.006185014474661841,0.03973397318193411,0.624790120220772
135,0.314777415500052,0.331659189199366,0.00570027071763442,0.006891654550818995,0.34097147003212847
136,0.6084164638999953,0.15291245750206284,0.0011893900749485775,0.0036715632310249436,0.23381012529196823
137,0.1306577877255392,0.7050731712164121,0.025255372821815482,0.004754876772281515,0.1342587914639519
138,0.28220919595820626,0.6241238233282842,0.02713245436376116,0.014196289258110424,0.052338237091637936
139,0.17813554082915856,0.5018643685654368,0.019920553802193607,0.01913611892615879,0.28094341787705224
140,0.11201439553515335,0.7127478004054497,0.015679234655968717,0.008572910618744593,0.15098565878468387
141,0.14264201198951598,0.6602575289705013,0.036510628679215645,0.009475758737510161,0.15111407162325685
142,0.22861784668732596,0.5972661747314372,0.006142311926079248,0.016014816354070174,0.1519588503010874
143,0.3272463218445662,0.4594378389674662,0.04053840011402626,0.07260497312185181,0.1001724659520895
144,0.2331849027352835,0.6441847403128137,0.04595682447661656,0.033121246148325165,0.043552286326961044
145,0.16394210621123695,0.5593098714280309,0.03900178373079604,0.07209257401571634,0.16565366461421985
146,0.17787338007636436,0.5634839331226869,0.13966088745772234,0.044086437523841206,0.0748953618193853
147,0.12104298593083443,0.7115537813723012,0.1004686294389057,0.024800985131437223,0.04213361812652156
148,0.06916351978886152,0.512854219988939,0.3924999634421704,0.01109161635280336,0.014390680427225879
149,0.062338449632036594,0.7545463507557957,0.11337113458120453,0.050357060163512254,0.019387004867451058
150,0.07091264983211414,0.4724773483548798,0.4433918349147823,0.005458136675689114,0.007760030222534564
151,0.02042836601803259,0.4100496335337269,0.5433790262835552,0.019012173864459435,0.007130800300226022
152,0.005068688931894118,0.28689193313890365,0.7041710427470614,0.0026972033737927147,0.0011711318083482533
153,0.014439553299082615,0.7345643936825096,0.24593708318562926,0.0027921904780036917,0.0022667793547749048
154,0.012929546927436149,0.4264767330975367,0.5412320690408047,0.012929050817076036,0.006432600117146447
155,0.01181870476843686,0.7005587424832781,0.26909396051821666,0.007721697716639295,0.01080689451342899
156,0.015987928578927398,0.6916956041447089,0.26255720700122476,0.019394902922116593,0.010364357353022135
157,0.04932853989211474,0.4434961117325387,0.26357852728952896,0.17711836878644105,0.06647845229937659
158,0.16976930721423433,0.6939768575528794,0.08998170936582353,0.030057931321304566,0.016214194545758096
159,0.22688405210159038,0.6029984659009922,0.04673560901003768,0.025409747212047612,0.09797212577533237
160,0.1907963674422118,0.3845983083017928,0.0326410615527174,0.05566089247454683,0.336303370228731
161,0.15121336494088988,0.0829527476795379,0.014164921381668345,0.05115523497271565,0.7005137310251882
162,0.23450164832451317,0.47923016897899334,0.048156602819275675,0.015179297928388605,0.22293228194882922
163,0.20162205913388748,0.6135396952372562,0.014012292209413593,0.03089791703860041,0.13992803638084225
164,0.10062558137270886,0.5089167262240831,0.1034485426256373,0.026867936011463298,0.2601412137661074
165,0.24105486908772733,0.4023750687532416,0.03414498738915012,0.11094213494992475,0.2114829398199563
166,0.08164409146347493,0.0883720979442607,0.0011649189828185514,0.09952071119533393,0.729298180414112
167,0.161655694488354,0.22235781723839604,0.0010710956426164756,0.2940645745894791,0.32085081804115434
168,0.10995741840270166,0.043368584270174926,0.002921767455480737,0.07556735154477312,0.7681848783268695
169,0.1687918126329765,0.04574811412954356,0.0006662755390940513,0.0893911929077929,0.6954026047905929
170,0.14457092015505246,0.1055918831561745,0.0001224220965303589,0.2823645423506203,0.4673502322416223
171,0.2121256393200927,0.02068064883633959,0.006317002942205784,0.04295022772918876,0.7179264811721732
172,0.24769085552670192,0.037744810928259515,0.008293005125853445,0.058751353518569374,0.6475199749006157
173,0.09673602547501428,0.035066193696293844,0.00040907555502597603,0.31246238611259874,0.5553263191610672
174,0.16399138829366494,0.0558071193734632,0.0007423234738972641,0.540962324994955,0.23849684386401962
175,0.14322775191729156,0.08756442233569392,0.00037753802418464156,0.4597102428060513,0.3091200449167785
176,0.14198438514356582,0.18288757515935467,0.00010645390824521208,0.2433919541982168,0.43162963159061757
177,0.24277329582351664,0.09402599536930567,0.0012474884747105833,0.07773602303521034,0.5842171972972567
178,0.16625313775211725,0.207186812706383,6.361137018098444e-05,0.244555135452763,0.3819413027185557
179,0.20800228445895566,0.31985677001215335,5.13392834305819e-05,0.23702984923225856,0.23505975701320184
180,0.2140086127433769,0.242025251707409,6.447602068897749e-05,0.4572921143818337,0.08660954514669161
181,0.29551640259203515,0.39808599994112437,0.00013059687698450316,0.09006242174059154,0.21620457884926436
182,0.10014798149413227,0.6584615724823563,0.00026277185530841553,0.08610864963929933,0.15501902452890381
183,0.3223936834366179,0.38169757301542623,0.00025044231286495494,0.07624720077409665,0.2194111004609943
184,0.2215899269625096,0.5562150417754733,0.0009801970822963097,0.15384819078464287,0.06736664339507806
185,0.2327688225041473,0.5674230705325902,0.0003425569762676753,0.13596943772506007,0.06349611226193463
186,0.22748781085506067,0.546341084531752,0.01298442760460087,0.08347859075981752,0.12970808624876898
187,0.3107162150924078,0.31343605898407495,0.0006939166643832565,0.24006046861283878,0.13509334064629516
188,0.4096771626692311,0.27393480161315736,0.0006247746926375643,0.22845426446075776,0.08730899656421623
189,0.24450659939296693,0.3782752367220028,0.0007045189770892658,0.15031641836809118,0.22619722653984986
190,0.20087505795751312,0.615827031668186,0.00022622910160422435,0.060455702531889144,0.12261597874080737
191,0.20504063158552877,0.5470388573492945,0.00024962415727724905,0.08014313574459751,0.167527751163302
192,0.48595032870899363,0.21613242459016258,0.0004049882744219146,0.10202966587672296,0.1954825925496988
193,0.3744200414607689,0.4001015590760916,0.0001244384476237281,0.15484830813959097,0.07050565287592486
194,0.28839794177064737,0.424457578930189,9.40299061852777e-05,0.19295471400317193,0.09409573538980641
195,0.34323251009535677,0.22998702379778854,6.715413126147948e-05,0.2511684774903289,0.1755448344852643
196,0.2721692703391683,0.20678328546274308,0.00015388446445359054,0.29342675468361906,0.22746680505001596
197,0.361974103807804,0.1347226637473839,0.001987517184043951,0.3046449293452141,0.1966707859155541
198,0.15680486869505222,0.04667429228165343,3.789806788356848e-05,0.4697064557369109,0.3267764852185
199,0.19039016576511025,0.04234303331115198,0.00019500584828477377,0.26048056576076334,0.5065912293146897
200,0.0884135418746802,0.010184736475270373,0.0007368049881394133,0.04821776168926813,0.8524471549726419
201,0.20287472241376073,0.0296046689343423,3.214800348847865e-05,0.2272911282747847,0.5401973323736239
202,0.14724373862879286,0.021494108135811235,0.002860892550562047,0.21283854132853405,0.6155627193562999
203,0.4497047618513924,0.024653830426093228,0.000659671060333426,0.10436170214575669,0.42062003451642416
204,0.14000060970828257,0.015099213517525772,0.002375538727365473,0.06361244957918116,0.7789121884676451
205,0.05300872622257787,0.02290655146248771,0.0012034842881215512,0.10579393037046661,0.8170873076563463
206,0.16731680177157152,0.08699721397893058,0.0028877027736151626,0.14123793270048027,0.6015603487754025
207,0.1586763177044251,0.059884891835605254,0.0020448477150350466,0.12392116612601688,0.6554727766189177
208,0.20728112103080068,0.16553328844320986,0.0062410431027589055,0.1158842473602758,0.5050603000629548
209,0.21975209808647084,0.16619964082854036,0.005840189700063438,0.178425103635757,0.42978296774916835
210,0.16765850212192684,0.5148608609062469,0.005549829911863786,0.04242931060675505,0.26950149645320753
211,0.2872064723702928,0.43341547226153243,0.027569047749696377,0.09870050206829355,0.15310850555018501
212,0.14979162934155082,0.5146174876705399,0.016700536877926803,0.04999591932942482,0.2688944267805575
213,0.1427587837932497,0.7362978258865298,0.012546056587528253,0.012179879359724801,0.09621745437296736
214,0.07854044046479546,0.8648758663309305,0.028689355443553603,0.00771479701061017,0.020179540750110306
215,0.10669137133110823,0.8454507969453086,0.02193620723789041,0.004578450474343398,0.021343174011349365
216,0.073160032313795,0.9006702065751566,0.019421213014933915,0.0015684094274591933,0.005180138668655426
217,0.048997320204853846,0.8970306450219857,0.03620381362551722,0.004427777630869455,0.013340443516773843
218,0.012441360433579338,0.9281582748926077,0.05123136790741169,0.0026037435313195348,0.0055652532350816755
219,0.01773647615817589,0.9168279935212096,0.05829149557559667,0.0030058770664092545,0.004138157678608585
220,0.16545120372675592,0.785241537719785,0.03995511468544777,0.005464051545741108,0.003888092322270231
221,0.008941134661970364,0.9541816718661451,0.03253079195426402,0.002245402575303913,0.0021009989423165067
222,0.02149410595576599,0.8929952552504798,0.062342962971458846,0.007309610638324161,0.015858065183971086
223,0.08655251601502782,0.851524548191495,0.047072728782941935,0.010765866689680137,0.004084340320854924
224,0.05761350812019697,0.8323764214825436,0.08848350266849511,0.016114142452295834,0.005412425276468346
225,0.017174693817686465,0.8708654231565451,0.08349428184574546,0.018452722720737492,0.010012878459285519
226,0.01643157321118572,0.8935719549601601,0.06391758390533898,0.017246591821217135,0.008832296102097919
227,0.15561238897880833,0.4781292727483178,0.02199719862022026,0.024243334324376288,0.32001780532827745
228,0.11372929774607854,0.7368441905043841,0.018998299210666012,0.01090925641336916,0.11951895612550237
229,0.05072627930088399,0.8920566073902758,0.013384142965032103,0.009109051506030847,0.03472391883777698
230,0.22115989645401735,0.7183537683915848,0.029059761780393958,0.013771068050442571,0.01765550532356147
231,0.09285956754186019,0.833555447677716,0.024994622394768726,0.026525441065033285,0.02206492132062166
232,0.0313368070549328,0.9128483202406539,0.04015909053829023,0.004637027086473035,0.011018755079649825
233,0.07629915766946761,0.8036484039719556,0.039920802869881256,0.04218995809052938,0.03794167739816602
234,0.11721175710304725,0.7849991164233074,0.02163184246925101,0.034570574748451155,0.04158670925594304
235,0.07476714021330842,0.8050038838046413,0.06045385171661758,0.022653596688004214,0.03712152757742843
236,0.06350643268623221,0.8594227893640233,0.0527151870053809,0.010893507830057925,0.013462083114305617
237,0.07257950403277073,0.8726436721864718,0.03677388773072604,0.005800419031128463,0.01220251701890301
238,0.09322821590949883,0.8044437941357637,0.059872217329454754,0.008899821898862195,0.03355595072642046
239,0.05751716098530101,0.9019765187426089,0.026585207032202202,0.005782630775398671,0.008138482464489229
240,0.05482013722643704,0.8065361715782533,0.10019033387932964,0.02573332879397383,0.012720028522006214
241,0.04469467497710947,0.8848698849499183,0.05097576272100099,0.00902297467602714,0.010436702675944128
242,0.035816773005899694,0.8232350035154304,0.13191677692020318,0.004542957051975789,0.004488489506490843
243,0.05844488344265311,0.7507235689056163,0.15176981385965252,0.020594770997811537,0.018466962794266625
244,0.040318808802315614,0.9179752441543662,0.024645436751149045,0.008890460967646792,0.00817004932452248
245,0.04311949444704504,0.8540180621902317,0.06737010758109907,0.024333550197031595,0.011158785584592604
246,0.12796358216494155,0.774868993157502,0.026495382617622527,0.02188579564890979,0.04878624641102404
247,0.02114455173725159,0.9167931060470473,0.050513893286566934,0.001697923888201577,0.009850525040932603
248,0.05326511868408238,0.8867125820716163,0.04220170795989928,0.011192900867107045,0.006627690417295055
249,0.033604569925669306,0.9121560963432483,0.03326780739672532,0.005488035450453709,0.015483490883903262
250,0.06379061403253217,0.886963883487284,0.030704126644255116,0.012896796990824027,0.0056445788451047795
251,0.09383009456693128,0.8082621252625831,0.04163805169107696,0.04692251123368358,0.009347217245725044
252,0.05512339262541773,0.8473645763273828,0.04984746647170362,0.03769815985980018,0.00996640471569563
253,0.03658824851174446,0.8496606596194147,0.01659818550089444,0.05836698416125076,0.038785922206695515
254,0.06799726953365068,0.8451908755528612,0.013697993842438045,0.02126506574344155,0.051848795327608485
255,0.040379814109243156,0.8931081377769445,0.03776268853223781,0.019353857557209416,0.009395502024365178
256,0.06753800204325247,0.7808836875774764,0.12462539781047961,0.019758970963454026,0.007193941605337428
257,0.2759230298323509,0.624626937367333,0.06557895193980022,0.010150273824214956,0.02372080703630093
258,0.14096129163391427,0.7588800319236392,0.08748262391017919,0.007646332529013229,0.0050297200032539706
259,0.015858449743711478,0.8798681668566068,0.09667327343338059,0.005722007827462836,0.0018781021388381215
260,0.09554765835722197,0.7606803701496352,0.1185291247695059,0.02122802571415434,0.004014821009482703
261,0.0653646813627285,0.7882386210073898,0.12989351504364322,0.011443539592437392,0.005059642993801037
262,0.011102843828887491,0.7333285549491932,0.2453686187693043,0.007615024610652199,0.002584957841962925
263,0.01928089971210478,0.8099252573200796,0.15308805224976973,0.013907224693425297,0.003798566024620567
264,0.048273034765853554,0.753460307554986,0.18182930396385236,0.011483018649180962,0.004954335066126953
265,0.04407262041041528,0.7361687118383573,0.16438436515348734,0.04499180110682891,0.010382501490911097
266,0.058351470044933025,0.6124716038956586,0.22358451737386784,0.09885548750921375,0.0067369211763269295
267,0.04858583108701598,0.7840637565471603,0.11369436666702509,0.036712010536928436,0.016944035161869993
268,0.01634071341867841,0.7374901320650579,0.23104972986942526,0.01253956890464055,0.0025798557421979297
269,0.02963676642469743,0.5975238081788051,0.34473324567253794,0.024907595498440377,0.0031985842255190192
270,0.003944250692293896,0.662841970958655,0.3222897299176883,0.009455614248423746,0.001468434182939014
271,0.02809811581859283,0.49128747178964216,0.4171127986485504,0.05996933713241242,0.0035322766108022885
272,0.04565103227871422,0.5462525304444039,0.34765704239054956,0.05699943454396007,0.0034399603423721638
273,0.040022235037864264,0.4961581451539937,0.3689471871696134,0.08921870180366008,0.005653730834868639
274,0.042724068940825956,0.31053771241534883,0.607589718567439,0.034727737680238346,0.004420762396147916
275,0.001774929015955097,0.13207501038602307,0.8566778040963755,0.007863491549360503,0.0016087649522857036
276,0.0012841824194147974,0.08625816100543933,0.9100524622738061,0.002111692662523761,0.0002935016388159886
277,0.0034779150762113144,0.2502779307287144,0.674276370942066,0.0656236240877887,0.006344159165219432
278,0.0026957538281013353,0.2114923582154056,0.756755506116511,0.02586033193089177,0.0031960499090903788
279,0.003171870238790233,0.14809543272561418,0.80277145386952,0.04051737870974126,0.005443864456334332
280,0.00582437180592925,0.2578732668093695,0.6910295438957377,0.03858263855895087,0.006690178930012804
281,0.0030215392037090416,0.13263866469762303,0.8394905363280776,0.023385120287886134,0.0014641394827043085
282,0.003713934847730519,0.11654235609234613,0.8440068259081474,0.033051148607355,0.002685734544420836
283,0.006752033177989233,0.26325471377273807,0.6847857822336912,0.037655570891815204,0.007551899923766271
284,0.0037844404483985718,0.15250547496260944,0.7686079497923769,0.06956827313597874,0.005533861660636425
285,0.0014449108103492937,0.10661970368004434,0.8440513552782692,0.04459716865877847,0.0032868615725584658
286,0.0015267588425695933,0.11357566344628948,0.8537917904666977,0.02725170410444524,0.0038540831399978704
287,0.0015122508700623405,0.07178734312747098,0.9067578909477116,0.018097723878276597,0.0018447911764784511
288,0.0013913322806525102,0.07322253744296739,0.8941410231288398,0.028476979123465404,0.002768128024074928
289,0.0029771422151969864,0.14375360996962108,0.824008286951419,0.024011068976103302,0.005249891887659469
290,0.0013693464507423096,0.06360365285743047,0.9167953549103138,0.015220082176883327,0.0030115636046301724
291,0.0017008135383846032,0.06884466285329167,0.8900566159397268,0.03640800021823351,0.002989907450363244
292,0.002103045085011658,0.09884659916472666,0.8825486829428039,0.013414208707145,0.003087464100312802
293,0.002476990781188182,0.08192293027877734,0.8711851722320302,0.04071334014181462,0.00370156656618968
294,0.002777398886733616,0.1659462856637757,0.8042478282466644,0.01975418132154894,0.007274305881277317
295,0.002105132872939229,0.09293544192164595,0.8520385620580907,0.04957402489952243,0.0033468382478018
296,0.005089970069736821,0.26423544571053875,0.6909825643698325,0.033457121167529746,0.006234898682362187
297,0.005121256486730946,0.21426600451684852,0.750069952384527,0.02808217828624491,0.0024606083256486487
298,0.00141303087836169,0.08926436677182109,0.8779793022468851,0.029146428328668976,0.0021968717742628773
299,0.003704912664585757,0.24350259434088994,0.6683132066354184,0.07888338540275568,0.0055959009563502325
300,0.0012783128401590265,0.06731230666752858,0.8946226450546746,0.03442982301146772,0.0023569124261700906
301,0.0016143327667687765,0.09995667799914235,0.8598685343462475,0.03487212752771577,0.003688327360125513
302,0.000999235940416469,0.05988783678066096,0.8977325788028726,0.037689246883203346,0.003691101592846747
303,0.0022063555686550646,0.1512591092002743,0.7828499936980525,0.0551935989915064,0.008490942541511665
304,0.0028646125719463933,0.15243559820103827,0.7553428866859305,0.08174504693228501,0.007611855608799716
305,0.003271702934168118,0.20460764455372676,0.6939668547096435,0.08940665730153455,0.008747140500927
306,0.0020715585911703495,0.08152989539529182,0.886237527399243,0.025251783405317165,0.0049092352089776465
307,0.0017412315703287413,0.09175008575236875,0.8560628230132179,0.04594492970665852,0.004500929957426383
308,0.003068990560352666,0.13531429924578062,0.8341126110609839,0.02412465463545523,0.0033794444974276426
309,0.0016854246153376938,0.04288880460942172,0.8802141522370692,0.07194799209889718,0.0032636264392740914
310,0.0019382710228355437,0.05375208980491944,0.9170274308177271,0.025063948854958714,0.002218259499559269
311,0.0026449018618411747,0.11163576970892675,0.8533733537823734,0.029154122827911015,0.0031918518189475074
312,0.0022714411197135025,0.05354775057246004,0.9170171981984309,0.024581241616069612,0.0025823684933260318
313,0.000888746469505246,0.04606722962813164,0.9284265766622468,0.02141955469927676,0.0031978925408395887
314,0.0015460966327780486,0.05569205932814587,0.9109941955434133,0.030003826300621515,0.0017638221950410304
315,0.008353139040970929,0.16159085498236198,0.7952936222781474,0.031150324974865588,0.0036120587236542333
316,0.003905386876646258,0.10099354294623217,0.7748348984555845,0.11485286822058147,0.0054133035009555405
317,0.0028561690453319426,0.15199272054763877,0.7739834135370143,0.06513624669064351,0.0060314501793716025
318,0.004904230984031597,0.22459474733711682,0.7267123659146658,0.03867089555738554,0.005117760206800077
319,0.0018278353171105816,0.07758822577717576,0.8796996478927542,0.039322295661519624,0.0015619953514399373
320,0.0010920537285620867,0.08265422137538628,0.8888513218594506,0.025991328797966878,0.0014110742386340548
321,0.005333291871265804,0.26231650800106704,0.6963117254352895,0.032117513724406944,0.00392096096797061
322,0.007384694052047947,0.25709209163495744,0.666580352425348,0.06240814432650623,0.006534717561140408
323,0.023661803012540672,0.3966320966744149,0.37980151889035224,0.1894549040375064,0.010449677385185815
324,0.014024637914195942,0.20970162452722513,0.6248645084952144,0.140868999670772,0.010540229392592656
325,0.018363952291391386,0.21545889843256735,0.569602491735848,0.1935345438049068,0.003040113735286465
326,0.022583323135517346,0.2786707776492899,0.4869845793614932,0.20672446200100847,0.005036857852691104
327,0.06500030346702307,0.3584220185655376,0.07539019170722094,0.37622025173555207,0.12496723452466632
328,0.2513311406040947,0.2706429428410301,0.015711051153834442,0.09628853823295774,0.36602632716808303
329,0.31372288223105294,0.4767435613929319,0.03139758247248183,0.1245449260856695,0.05359104781786379
330,0.06990075919049815,0.8604327623274703,0.05007436085115434,0.0066067297807862755,0.012985387850090943
331,0.17556467998633482,0.7561708910189758,0.030675275043185696,0.02243078270240264,0.015158371249101089
332,0.06314528987433121,0.7907798244004538,0.024760106673215564,0.11635773029045135,0.0049570487615482415
333,0.053790055027823525,0.7473045372206394,0.030525174727954827,0.1584504543021792,0.009929778721403087
334,0.05462824244204242,0.8327783935314247,0.029109339273938287,0.07686193126714051,0.006622093485453993
335,0.048688767680278786,0.7209631135672576,0.05882728386234798,0.16204466714277233,0.009476167747343134
336,0.1523289582717786,0.7456880679692689,0.056498065899042674,0.042003570241241156,0.0034813376186687154
337,0.013976161996146477,0.9207364047655235,0.050842938196960424,0.007482872889293509,0.0069616221520762064
338,0.06649402358873184,0.8488921130957351,0.04754055302745018,0.030693234545572958,0.006380075742509984
339,0.06401802194727173,0.8301904763705377,0.08146165419006579,0.010147000325203511,0.014182847166921345
340,0.05532174419515918,0.8805865592497908,0.04951519673711716,0.006083057779162054,0.008493442038770962
341,0.12045873358397792,0.6229507672976665,0.14953695383283225,0.07214414075797303,0.03490940452755031
342,0.07064278771054401,0.8646185870409139,0.0408124425224641,0.0174588977556616,0.0064672849704163265
343,0.05026449709587096,0.8349525827338069,0.10544380635036335,0.004271911408486963,0.005067202411471938
344,0.09249293171272019,0.7213234416816937,0.1140778029638989,0.04609063308720132,0.026015190554485812
345,0.04745850501206974,0.8081392502343883,0.1011466127012114,0.03066912296986078,0.012586509082469933
346,0.06059385299176437,0.8039335223127398,0.0840791917391481,0.03976425017159845,0.01162918278474923
347,0.09123585694991736,0.6888476977743014,0.10515431726596391,0.09557145454617219,0.019190673463645287
348,0.09025222215660172,0.8482071284425494,0.044982374118496427,0.012387509908968935,0.0041707653733834785
349,0.04083012854004243,0.8479555752670351,0.07273649404378532,0.03416652041844222,0.0043112817306948
350,0.043932537737197075,0.8692476909304612,0.06361046461421833,0.019194500370724378,0.004014806347398959
351,0.05037121187136493,0.8223928401247437,0.10320227492797052,0.01889999729806318,0.005133675777857683
352,0.033983852210209005,0.8738285509651392,0.06911164598385183,0.019871855927381,0.0032040949134187215
353,0.03927585369964089,0.8571945498367789,0.06890865781932529,0.03238399512905202,0.0022369435152027957
354,0.008948117757820256,0.9035790763791947,0.07252581057167075,0.013200081281189964,0.0017469140101245252
355,0.011453632600107903,0.7919340673082287,0.1487972632303325,0.04361517448938128,0.0041998623719496
356,0.031246211730599337,0.8112839037157843,0.10250025956911604,0.04771099413052505,0.007258630853975453
357,0.01193298454645843,0.8013746789462096,0.154019541997774,0.03086218412693829,0.0018106103826195648
358,0.03977827315107263,0.7693962442495519,0.15489301933972696,0.029986984390470546,0.005945478869177858
359,0.049484145271036103,0.7419941694762364,0.09160525350964525,0.10957543640792715,0.0073409953351550395
360,0.03732989989326016,0.7697382117493758,0.14213685417987432,0.04788106407628786,0.0029139701012019757
361,0.025718951507028517,0.6607284676530634,0.12555324636139245,0.18464305731306854,0.003356277165446967
362,0.03093899458649641,0.451016909520583,0.08295386913533237,0.42290868976412777,0.012181536993460364
363,0.02460426728299908,0.8876118126024523,0.04422025241076191,0.039330991878780246,0.004232675825006537
364,0.03540168128976027,0.776742669966475,0.06085363286418664,0.11501448906266115,0.011987526816916907
365,0.05079528301295066,0.7866149681875754,0.05104736684666874,0.1045459115123048,0.006996470440500436
366,0.07636448527468609,0.7240995650742348,0.029422084786796192,0.1641538051318726,0.0059600597324104615
367,0.034259278632663835,0.5623335526578607,0.04587581545187118,0.3520733917514571,0.0054579615061473175
368,0.049817326701014006,0.7884961369301876,0.09795648106542827,0.05424098739609073,0.009489067907279209
369,0.03239251699057968,0.8566177028855263,0.05025752212965714,0.056173106383346785,0.004559151610890101
370,0.017748980907781237,0.8333316025112996,0.08014913975420536,0.0641611159397189,0.00460916088699486
371,0.04864636728026749,0.6604203456552505,0.08738031197175751,0.19395478033628655,0.009598194756437747
372,0.02154155490977098,0.7824340565159797,0.12992399408194816,0.06278329142827724,0.003317103064024025
373,0.041995526979896045,0.7124961739645015,0.04607951994913141,0.1927995341175095,0.006629244988961416
374,0.060360821447854526,0.8017526737651008,0.036220961985545815,0.04671411255053876,0.054951430250960276
375,0.15877836527934522,0.6455146204026824,0.02684962716665427,0.01231339428272595,0.156543992868592
376,0.27319343624303144,0.6155403841475662,0.031186786178537533,0.01660411331425826,0.06347528011660673
377,0.05601516515651423,0.8333314856496724,0.10335236858888755,0.0011930382300007743,0.006107942374925016
378,0.07224028810068577,0.8762568776385778,0.03579980916884429,0.003837794500063397,0.011865230591828807
379,0.08870741076693808,0.800680190669264,0.07718563725468316,0.013648467332393877,0.019778293976720998
380,0.07596142646285049,0.8547756658186035,0.04003738180868431,0.005388155695322661,0.023837370214538925
381,0.11114024845670628,0.7821689972988376,0.027291612156097926,0.012508519564232429,0.06689062252412567
