epoch,N1,N2,N3,R,W
0,0.05013284315511558,0.0033990771567378197,1.4594615290892295e-05,0.001149780241021536,0.9453037048318341
1,0.013237273165496232,0.00271322210518368,8.137026000472271e-06,0.0002587567621104787,0.9837826109412092
2,0.0008666236083311925,0.00046553022746839587,0.0006708054836560169,1.337435459063478e-05,0.9979836663259538
3,0.0034122818168351343,0.007274215274415164,0.00012142895455090962,3.216329876550001e-05,0.9891599106554333
4,0.01953624968268816,0.006470979664791049,0.0001388722492774138,0.0004904438018291004,0.9733634546014143
5,0.025630209815638,0.004084150761911159,1.4208996615496352e-05,0.004579575750204238,0.9656918546756312
6,0.06493649570683858,0.03225527204353272,5.348939681206374e-05,0.0065519461885191815,0.8962027966642975
7,0.019070682456532588,0.0037200972334878036,3.6493515430740424e-05,0.000705174987758983,0.9764675518067899
8,0.1091788850862563,0.024416531424405,3.429399655744369e-05,0.029782719156426513,0.8365875703363548
9,0.019229043095327754,0.013940159067096931,4.4264229504070786e-05,0.0040818689399928386,0.9627046646680784
10,0.05115757625001706,0.00968577256641852,2.719740696057899e-05,0.008441187572678652,0.9306882662039253
11,0.010308349996607917,0.001267186887520046,8.237466755090256e-06,0.002318112115185558,0.9860981135339314
12,0.012163096482193684,0.0006775988120472967,1.0112166655316079e-05,0.00272408000293672,0.984425112536167
13,0.013997509983074976,0.0103185463874251,1.207062855559647e-05,0.0007604250613996017,0.9749114479395447
14,0.016469811824305354,0.0019007467988986903,2.1123698209987582e-05,0.0012224405003347764,0.9803858771782512
15,0.0021041917277708723,0.003967973163378978,0.00011722531594282708,0.00010849753318691381,0.9937021122597205
16,0.0062502354707281264,0.0021503966877945884,2.0943423917928964e-05,0.0003536045972565268,0.9912248198203029
17,0.0005298108175047244,0.00020926638238464426,0.00026643853334848227,5.018164503055922e-05,0.9989443026217317
18,0.0002285093238663872,0.00016791652129110967,7.401067766885348e-05,5.96348532157389e-06,0.9995235999918521
19,0.00014735185733409545,0.00018182035757446338,1.196407980762979e-05,1.9809655168199766e-06,0.9996568827397669
20,0.00012964947997155286,3.5972720598569774e-05,8.28016826725536e-05,9.407908350846746e-06,0.9997421682084064
21,4.3949473249608225e-05,3.519268936315315e-05,2.7395466795495637e-05,5.079895071351915e-06,0.9998883824755203
22,9.59066288805727e-05,0.00011097937407378221,7.806465323397418e-06,1.2453917896089067e-06,0.9997840621399326
23,0.0005333522269553926,0.00019142713350219986,8.511431741362175e-06,7.988313090505857e-06,0.9992587208947107
24,0.0005498354638883665,0.00043056074702816,1.5615958558157e-05,7.464866634875049e-06,0.9989965229638904
25,0.0006999011008097205,0.0009020864954995708,8.000348626828452e-05,1.6054295157309623e-05,0.9983019546222651
26,0.0005000457920669025,0.0009170699930372023,5.8417107336464125e-05,2.5911969297808172e-05,0.9984985551382616
27,0.0004200207182589726,0.0009560787169021836,0.00010378528804028197,2.9849040068046495e-05,0.9984902662367305
28,0.0013864123004378196,0.0021350046782972324,4.689870299926269e-05,8.224859981196842e-05,0.9963494357184536
29,0.0006192752159762858,0.0006726258851311532,1.93378121883519e-05,4.7703982062347974e-05,0.9986410571046418
30,0.0014568355138937711,0.0006842314425585442,0.0006650177679244082,2.4678387896714017e-05,0.9971692368877265
31,0.0021701707520752423,0.0005707684205501472,2.6050198193334103e-05,4.060610374058346e-05,0.9971924045254407
32,0.01581502551129953,0.004049389157680717,3.318906278383141e-05,0.00036192975368381396,0.979740466514552
33,0.006317055220840228,0.0035116600751251177,2.6310505190668433e-05,0.00037904980376785583,0.989765924395076
34,0.0005313793898763587,0.0002402062065469132,2.7095125316365303e-06,2.3532521228767956e-05,0.9992021723698162
35,0.00048821471327948165,0.00015940878436290496,1.0084295994371981e-05,1.6173726650931178e-05,0.9993261184797123
36,0.0006399004286134402,0.00023770674614750437,1.0381422818061514e-05,2.948071038046835e-05,0.9990825306920404
37,0.0003407882572805105,0.0003177106968423954,6.2120261226226925e-06,1.6815456344467573e-05,0.9993184735634101
38,0.0012547108609171265,0.00013996369964862482,4.4374775587502785e-06,6.362877108598817e-05,0.9985372591907895
39,0.003090039737986787,0.0007675046860346901,1.7441074744600172e-05,4.960492770133079e-05,0.9960754095735327
40,0.000924354310030185,0.0003988090415639437,1.0102317779038973e-05,1.873857595425056e-05,0.9986479957546727
41,0.0005394742692410563,0.0005686338980719334,0.0001493425980897732,1.3572410700401359e-05,0.9987289768238968
42,0.0003964171993372788,0.0005015685252303677,2.578401174976029e-05,1.4411598594747976e-05,0.9990618186650879
43,0.007245292763458708,0.010985753871252668,0.0001397480786362616,6.496524390444533e-05,0.9815642400427479
44,0.0015986387722024314,0.0027158203067102985,0.000308790609553037,0.00011144159396364009,0.9952653087175706
45,0.007611701334399552,0.007100649087211926,5.907529404968446e-05,0.00017393549624875735,0.9850546387880902
46,0.07863842697331583,0.019303211522077524,0.00011487219117925646,0.0011239134532943333,0.9008195758601331
47,0.0501959426406462,0.018277622982531574,7.255376993600787e-05,0.0005712454580571943,0.9308826351488291
48,0.2358474527205157,0.055383680570339246,0.00015858613996662429,0.0011665193416212337,0.7074437612275573
49,0.5527813054472909,0.06714364636877923,0.00028035240546670095,0.012003268092481529,0.3677914276859817
50,0.2393972447042862,0.577572264838023,0.00628732033768013,0.008542056187586586,0.16820111393242398
51,0.025944360258759874,0.051149652978783024,0.0011027996449010805,0.002491072587137268,0.9193121145304187
52,0.020165642478431882,0.019116423445158147,0.00014069763455066197,0.0012970526098159646,0.9592801838320434
53,0.006700868753070504,0.011493385307955585,0.00027429237417477855,0.0005120753424661719,0.9810193782223331
54,0.057281052984321325,0.03205950827689054,0.00037890982314081866,0.0005109273695108656,0.9097696015461365
55,0.00285749262813075,0.004803177892560143,0.00042892212116830557,0.00013041710770016367,0.9917799902504406
56,0.048847287827966664,0.015563384454297738,0.00016275614399990926,0.0010892782353293365,0.9343372933384064
57,0.2101047623217246,0.1528266762692228,0.0011016108837643744,0.0018288553147009531,0.6341380952105873
58,0.010066182666907167,0.007279313645536944,0.00029216471078410635,0.00041621182454389176,0.981946127152228
59,0.006000206192532937,0.005161852240810796,0.000175154535098302,0.0003880483684013939,0.9882747386631565
60,0.38221008383439636,0.18511549675546207,0.0007177145513061653,0.021942667641567364,0.410014037217268
61,0.010970701834171004,0.009732341035491213,0.00011042782217276991,8.330773032126965e-05,0.9791032215778438
62,0.3880818491846163,0.3432782801023277,0.0002562118019323406,0.0007169049804975068,0.267666753930626
63,0.10048337078520576,0.8798527416640777,0.005158452733229506,0.003080093435904531,0.011425341381582653
64,0.384854555640895,0.582311116651196,0.0017895013837140872,0.0034043147871802436,0.027640511537014828
65,0.12077028782089232,0.845490703405637,0.012142137384248797,0.0033087293333419186,0.01828814205588007
66,0.011676152395711917,0.9610532597062749,0.02272067790537609,0.000858570387503719,0.003691339605133354
67,0.074020775193228,0.2854522370155732,0.14325105161935892,0.0035266099092764918,0.4937493262625635
68,0.16806731470324027,0.41359684027680943,0.2383515927872255,0.0013312024063915461,0.17865304982633323
69,0.030157866094775394,0.8702019139892588,0.08068970263920196,0.002832405663082906,0.016118111613680687
70,0.27769780922456416,0.5468990195985306,0.1066487760323206,0.0025065096566858577,0.0662478854878988
71,0.03820192697209126,0.8497573493021082,0.10040197768384453,0.0013691964784983918,0.010269549563457582
72,0.013004206973177774,0.791251158974159,0.18937844195290518,0.0008806841391277678,0.005485507960630223
73,0.00839853390753672,0.8066930445865095,0.18066075035865073,0.0005746955400275755,0.003672975607275614
74,0.010357099237956354,0.8870129444718851,0.09852791914615285,0.0007257166330838669,0.003376320510922023
75,0.023894615131766966,0.8333382195739955,0.13712893757480954,0.0010611097828520147,0.004577117936576128
76,0.01057476959288953,0.8362898805323872,0.14904811929922265,0.0009833745800191577,0.003103855995481649
77,0.011044023006500972,0.8389446592029987,0.14590757086616918,0.0007604284320771297,0.003343318492254192
78,0.009809010325848884,0.9012578700583052,0.08415278234886245,0.0007806268061750606,0.003999710460808629
79,0.00970291749323516,0.5889150536533829,0.3970417482755636,0.0005472858046920113,0.0037929947731263347
80,0.0058995711250181436,0.6979549649441283,0.292764902737823,0.0003041622191630113,0.003076398973867637
81,0.036857213507932154,0.38701077929143063,0.566890775439099,0.0007355090072984282,0.008505722754239803
82,0.004572264058513011,0.4683314499369676,0.5223610932998402,0.0004379843436039181,0.004297208361075406
83,0.002964546819988277,0.4740450237070433,0.5206142347029231,0.00014492054374905301,0.00223127422629629
84,0.012226181523715834,0.615562645212105,0.36634498492862916,0.0006507861373641569,0.0052154021981858706
85,0.001321200837032601,0.22636568004734517,0.7704503670377812,6.022162266080767e-05,0.001802530455180065
86,0.003282817686642474,0.6033179054259934,0.3913932855076096,0.0001900799741698214,0.0018159114055847317
87,0.0016195128342584401,0.2789185469427522,0.7175235312177553,6.839593428560554e-05,0.001870013070948617
88,0.0011708683132242526,0.3488594267082603,0.6485873098248467,5.386120125195404e-05,0.0013285339524167392
89,0.0018463845875297598,0.37078502987846357,0.6250060918460065,0.00040365673064182597,0.0019588369573583075
90,0.0018366238706703489,0.29388221208835913,0.7026745351597167,0.00011315100506946254,0.0014934778761843558
91,0.0019472091177590147,0.46338790856348394,0.5320665123638,0.00044021069788150943,0.002158159257075593
92,0.004412612279255223,0.4000034694625149,0.5909672106776018,0.0008635807868010773,0.003753126793826928
93,0.009561078200104775,0.7407412005393209,0.23888196269715645,0.0018819459001820893,0.008933812663235598
94,0.0019095535541539482,0.17871589310447203,0.8078363447766034,0.0007317315550106806,0.010806477009759922
95,0.003535719538162359,0.05409375938900293,0.46483949509725164,0.00032609297329770507,0.4772049330022853
96,0.0017400130329166747,0.0050522259425396865,0.001972399387901219,0.00012855472938084139,0.9911068069072616
97,0.003166465417488415,0.00204520590493939,0.0001474380865913791,0.00011429486350991398,0.9945265957274708
98,0.01396293616762244,0.004826480517276672,0.00018039493622522957,0.00017326733658936763,0.9808569210422864
99,0.043404429427909556,0.009786842338739117,7.79130944140613e-05,0.00010986820726749241,0.9466209469316698
100,0.0006337437172746022,0.0004964436367443224,0.0003176117516916343,9.412528670033224e-06,0.9985427883656194
101,0.0016927276666181413,0.0007642680029655394,0.00012937551095950134,5.481891085907441e-05,0.9973588099085978
102,0.001680008870563838,0.0068842095678285035,0.002142803285896285,2.9365900141840806e-05,0.9892636123755695
103,0.01824051188948733,0.0061718958867031035,5.8954032600632024e-05,0.0002313075745999625,0.9752973306166088
104,0.03729654834622638,0.020709463881075182,0.00023852147651708336,0.0008684908834632136,0.9408869754127182
105,0.0014122623080427973,0.0043560637945344064,0.00018963606558082706,9.279308555241429e-05,0.9939492447462897
106,0.010121847116075557,0.0025742317302349955,0.00013630879035808605,0.0004945972658859551,0.9866730150974454
107,0.19721713369018917,0.06151663604291427,0.0005354362642317304,0.015349012800833329,0.7253817812018315
108,0.0012372331475505524,0.002526146670281587,0.0014001929760413215,4.078376138537404e-05,0.9947956434447411
109,0.0015609786131590806,0.0009691849536430692,5.717340770481056e-05,6.641614065632167e-05,0.9973462468848368
110,0.0006392106779247297,0.000918338023568597,0.00012146523458495957,4.262332626314353e-05,0.9982783627376587
111,0.002165720076833798,0.0007483588278023062,1.1988475783064425e-05,4.142100204964882e-05,0.9970325116175311
112,0.005323391085268059,0.0010808576081487013,5.4455446260922156e-05,8.16518759964966e-05,0.9934596439843258
113,0.002276966361499497,0.0008966449891599132,4.311642474668897e-05,0.00011348543719321586,0.9966697867874007
114,0.017532442117809684,0.013328140352031998,0.0008451884896572478,0.00020685059330483784,0.9680873784471962
115,0.00018363972420385342,0.0004382969759067117,1.210672494961859e-05,3.675784256600524e-05,0.9993291987323738
116,0.00032454839746885733,0.0007180551996030736,3.2373268347342905e-05,4.6059309542741646e-05,0.998878963825038
117,0.0007938243055711225,0.0013160394257000928,5.635325400492454e-05,0.00013200738529840848,0.9977017756294255
118,0.000731978466085221,0.0007341799286448838,9.327586735346657e-05,3.8562731416037004e-05,0.9984020030065003
119,0.007379428842861727,0.0035215556189347667,0.0005363596348887058,9.809105244463749e-05,0.9884645648508702
120,0.0034869797944711376,0.0006649105640365162,0.0001507929606369051,8.172387292968083e-05,0.9956155928079258
121,0.0013919122959390904,0.000723995182200153,2.099084018984553e-05,3.8217447023821534e-05,0.9978248842346471
122,0.0030144869928023983,0.00026834507861126113,1.3872778410196508e-05,6.524070473748624e-05,0.9966380544454385
123,0.0014799233309677835,0.00043303145796259266,8.382842905906987e-06,0.00013130084179353515,0.9979473615263701
124,0.006452768689358241,0.002003487495707364,1.365104333584248e-05,0.00022921796045235828,0.9913008748111461
125,0.004853089587491907,0.0003836796251858644,3.0685982898208234e-06,0.0001657709632321212,0.9945943912258004
126,0.023290664023710824,0.004094683411412877,1.620175073334256e-05,0.000965461896283118,0.9716329889178599
127,0.08456030153759111,0.008483724886877379,3.382764562803098e-05,0.0058460485688963905,0.901076097361007
128,0.003240783798445084,0.00265885695233807,0.0006025539403820068,0.0005955055782718052,0.9929022997305631
129,0.11132563863626463,0.013273007441715688,5.4477162742554635e-05,0.0029254390915905166,0.8724214376676867
130,0.15522195172255232,0.023567633909470313,7.14478505648404e-05,0.007428187612786199,0.8137107789046263
131,0.01745547023724892,0.010208192577020787,9.0457219994205e-05,0.002716024580044349,0.9695298553856917
132,0.004334124083514618,0.010689260371534072,0.001091018125817496,0.00246263739665675,0.981422960022477
133,0.0020940725761897246,0.001865260751324341,0.0008049544400770122,0.0004084726811151842,0.9948272395512938
134,0.005487768118894012,0.0021860288501166156,1.8374563006927507e-05,0.0007583808998307135,0.9915494475681517
135,0.0023278259424927422,0.0027869968818136255,9.91333943696554e-05,0.000396796669820104,0.9943892471115039
136,0.00782999421335461,0.04950514621753357,0.0029248704287076367,0.0026063977076128176,0.9371335914327914
137,0.012161559818737176,0.013777961803764404,0.0009345697400103539,0.00025437134498683015,0.9728715372925011
138,0.00401104217726331,0.00925173085554059,0.0003092474161482417,0.00030876399438813014,0.9861192155566598
139,0.012211501250238973,0.009391921037895733,0.00011042355694520767,0.0016582117321110557,0.976627942422809
140,0.004290522558546099,0.0033393596729454945,7.701975690325073e-05,0.000414059340898157,0.9918790386707069
141,0.01771695466163445,0.004508365640549281,2.8098000658939592e-05,0.005743921483037976,0.9720026602141193
142,0.008174212479312779,0.01489150216371473,0.0004871935920776846,0.0003884114174740648,0.9760586803474207
143,0.0040758717157182,0.003345816711724614,0.00010113171588166876,0.0002741161394967812,0.9922030637171787
144,0.018754406209668187,0.006836815095712305,2.8365997984293316e-05,0.0008549987655445541,0.9735254139310907
145,0.005054175553553217,0.012107363575953777,0.00045165405158673045,0.0004611385765271524,0.981925668242379
146,0.00637393054692957,0.004963782080329421,0.0016340427355298005,0.00017973196298110973,0.9868485126742301
147,0.0024503791122432598,0.003865454406100848,0.0015560575536452176,0.00022648744522781101,0.9919016214827828
148,0.008082558491006933,0.007081097959220919,6.079757705291149e-05,0.0006186788049339157,0.9841568671677853
149,0.09877571052988106,0.04082448449755825,0.0003110331252577039,0.002770813693903578,0.8573179581533995
150,0.1305808779835865,0.02932206106169366,0.00023672365608270617,0.003165015252152057,0.836695322046485
151,0.2535821156366719,0.034081829430155586,0.00018496465045564697,0.004569496206017308,0.7075815940766996
152,0.25822574009969335,0.05735133125485565,0.0005130733458119985,0.0038911524223297,0.6800187028773094
153,0.7926578701225212,0.1533515578693815,0.000682528132775015,0.01734180011872513,0.03596624375659699
154,0.08194559202289327,0.8878401151780677,0.009864727433758385,0.013243152931550126,0.007106412433730599
155,0.2005214016659517,0.6796223372068254,0.007432455429481207,0.08006135896254077,0.03236244673520097
156,0.08457746657948738,0.815388000101922,0.005557582514747828,0.0840962504263765,0.01038070037746612
157,0.0018988052816467566,0.017289739486669644,0.002165061172436082,0.0004651923255764367,0.9781812017336711
158,0.0025312121142679607,0.004170492336066593,0.0021421747192322876,8.712952012870691e-05,0.9910689913103045
159,0.011434750745123443,0.0079944839640459,0.00012286664932453298,0.0004011048162326355,0.9800467938252734
160,0.11546288365801127,0.01657362317427277,0.00013297451641337393,0.001786075497550754,0.866044443153752
161,0.08929168744901918,0.045353835011410694,0.0003030899933118557,0.0013006927600156225,0.8637506947862427
162,0.2118350638948478,0.01498603798510789,0.00012068542001949682,0.011766732831587074,0.7612914798684378
163,0.6815290510530345,0.03940537926546726,0.0002883052757434272,0.11592889141154362,0.16284837299421134
164,0.314107045412574,0.06336801612722902,0.00023519448570884355,0.12400455945572846,0.49828518451875964
165,0.07893406108361706,0.017300720115299508,0.00020434703346180506,0.013084851456963212,0.8904760203106584
166,0.4768598448174022,0.039346251932738725,0.0002043429978660849,0.1114790014424024,0.37211055880959065
167,0.5088738640290743,0.29520961533060086,0.002171942902244832,0.057068436442029656,0.13667614129605038
168,0.015587599023435327,0.016015145326799065,0.0002328021501879251,0.0037484052807536185,0.9644160482188241
169,0.009788546496673064,0.02724267700475285,0.0005532105099752728,0.0032304979491120022,0.9591850680394867
170,0.159071011697936,0.07708026988170619,0.00029719849673693325,0.018498922403055278,0.7450525975205656
171,0.004323321039639608,0.03006651625337078,0.015579823645526075,0.0012119315433433214,0.9488184075181203
172,0.0069242188019314225,0.020767847821435977,0.0013471539312513237,0.0010524973314952146,0.9699082821138861
173,0.028411868257805187,0.012179012098189177,0.00014482886017322787,0.002071074922842172,0.9571932158609903
174,0.0076809748366783726,0.010991231054165374,0.0013531070591043292,0.0013724335518093774,0.9786022534982425
175,0.004168527518585374,0.0029801746737126013,0.00013770913067391518,0.000384127425072426,0.9923294612519556
176,0.11633092211972873,0.008173751804574742,7.320179468317859e-05,0.0038653767026596707,0.8715567475783537
177,0.44944926176402195,0.025364621782564278,0.0001227165340285118,0.041513558439653396,0.48354984147973185
178,0.05031424261939513,0.011833308277018999,4.7353864659346095e-05,0.012058604467699236,0.9257464907712274
179,0.4629036924691692,0.05527238461395724,0.0004449159172404409,0.28002508538850707,0.20135392161112606
180,0.08514772891306986,0.1021057460986677,0.006614542868682553,0.046495018400138456,0.7596369637194414
181,0.013515766502175137,0.01152443159306675,0.0002479732315275088,0.007329951496401949,0.9673818771768286
182,0.2981831140066524,0.44283444882522177,0.0017738876932775298,0.19225874765769843,0.06494980181714984
183,0.11290522032451779,0.03660032069684817,0.00021740174440207653,0.035662280024464914,0.8146147772097672
184,0.5179532447078237,0.19953993870959857,0.00025401398366231716,0.12163302182550635,0.16061978077340902
185,0.21221709102662809,0.13237044304359363,0.001561269384897874,0.05319562807790726,0.6006555684669731
186,0.043034998051083996,0.018349552895379116,0.00011047026781936214,0.007212299184923122,0.9312926796007944
187,0.36183514538039363,0.523597141642873,0.0008644241419106087,0.08202264518999178,0.03168064364483107
188,0.027532990193956688,0.12633544076706396,0.002877989527262239,0.005575227221794911,0.8376783522899223
189,0.0737178617342298,0.05355944565026469,0.0004274428855861198,0.045992803607362805,0.8263024461225565
190,0.05572920683392855,0.023903694231039448,0.00014021111177747568,0.0272175397036361,0.8930093481196183
191,0.3129950024467012,0.415343768603106,0.00041242361297350266,0.07424829242213984,0.1970005129150794
192,0.02515675523960627,0.012842930816241356,0.00010775575867965515,0.00872798017524821,0.9531645780102246
193,0.6530702972399578,0.054529630130349574,5.39299172909836e-05,0.06675434156007545,0.2255918011523261
194,0.2558646503235573,0.15553213188033008,0.0004515941133423935,0.19984487457398625,0.38830674910878393
195,0.08309770985098769,0.023750449788957413,0.0001840072259409846,0.005760161170980576,0.8872076719631334
196,0.4067601811771697,0.10567777498541832,0.00010294297274254772,0.03380031955850683,0.45365878130616255
197,0.6718973992047724,0.1457598390154765,0.00015567524613293776,0.031976486930054775,0.1502105996035632
198,0.8456258955943834,0.08190241871937266,5.847942089994487e-05,0.01600843613840211,0.05640477012694177
199,0.459000178489196,0.46969173341993353,0.0003500662848388245,0.058175389795153916,0.012782632010877778
200,0.05584909196692945,0.9103848124892373,0.005471856413047131,0.0194958096568096,0.008798429473976781
201,0.02184297342859988,0.9473980951307005,0.015293718363144719,0.013085050787297091,0.0023801622902576976
202,0.0603996884428996,0.06484596633633627,0.004120311775457208,0.00954096344361399,0.8610930700016929
203,0.4166692805489666,0.5112148264121489,0.0013290704430268616,0.04728031537087438,0.02350650722498317
204,0.1456687766552588,0.8209325248244396,0.002391104861535923,0.019821846932847623,0.011185746725918084
205,0.3045325228703357,0.6407122993631732,0.0015633939523108432,0.03266469112544348,0.020527092688736967
206,0.021015879834145632,0.966880427083945,0.00383821244931946,0.0040743908664204334,0.004191089766169532
207,0.021592920002582436,0.966175144046353,0.004437104101828351,0.0058756945184842875,0.0019191373307519731
208,0.016219923351809096,0.9622987352210804,0.012742838227770606,0.006164162902819025,0.002574340296520873
209,0.09211039897760694,0.8550405148024247,0.0028287912829157292,0.03446537795375075,0.015554916983301845
210,0.012696054511142921,0.9677851612122989,0.012685185645762579,0.004941199236378795,0.0018923993944168409
211,0.06217726799588711,0.9023365378337701,0.012129582740428755,0.015286171720393857,0.008070439709520134
212,0.025091133809041922,0.9589421610279126,0.006472618370729462,0.007632645482183562,0.0018614413101321885
213,0.025485731534752098,0.9540032634880871,0.00788091518045154,0.010037638853291864,0.0025924509434174076
214,0.04289599938280719,0.913828607075987,0.01712738947348804,0.01814907434814963,0.007998929719567971
215,0.13372039374150582,0.810513134185399,0.004670968620252512,0.02905881701032247,0.022036686442520204
216,0.024298040405800327,0.9610152832849443,0.0068565723831189905,0.005264448057633588,0.0025656558685026886
217,0.01723291976749697,0.9504828746347114,0.02606472476664564,0.0030164059948743142,0.0032030748362718285
218,0.04905566438678203,0.9242795031811977,0.0051932396680486005,0.012041264016548254,0.009430328747423253
219,0.05345054055973684,0.919868622339653,0.0017521660819728687,0.020460774014222666,0.004467897004414534
220,0.2011496036089325,0.7506244542138064,0.0006629165581158442,0.029118093124652043,0.018444932494493242
221,0.21043829290721328,0.7357035436969694,0.001223012306366045,0.04424805001601871,0.008387101073432468
222,0.09793476997431,0.8578056159650863,0.002302590349070298,0.01575630587535438,0.026200717836179166
223,0.1546135212274067,0.816722158125216,0.0015591884904138566,0.02043023752463385,0.006674894632329557
224,0.012613272073489517,0.9626202957140642,0.017547227468930036,0.005963511795968249,0.0012556929475480403
225,0.0334387717494864,0.9219989171977349,0.02335951353360996,0.016621973829359753,0.004580823689808878
226,0.11240510253435633,0.7380687870768335,0.02088348731576203,0.018990259465145664,0.10965236360790234
227,0.039080911751638914,0.9327332039524239,0.00474664720508362,0.018958229197654736,0.0044810078931988755
228,0.03942296822960669,0.8915581208585757,0.04446744639143354,0.01756851931485899,0.006982945205524871
229,0.06922528284807992,0.8843151516701355,0.012967383407982725,0.015239615087705943,0.018252566986095876
230,0.05925398137841983,0.9244427891111777,0.004279962545102793,0.007875973250256676,0.004147293715043094
231,0.016109845828809095,0.925639810059824,0.05291322747324202,0.0027951763423079215,0.0025419402958170474
232,0.04815839978962102,0.9338225644413696,0.01001468708126067,0.005366098015531293,0.0026382506722173356
233,0.036269097368469366,0.9530603616145396,0.003402238936869081,0.0027422516034594398,0.004526050476662554
234,0.038580998499112264,0.9442126659261532,0.009562761311064958,0.002870348201021391,0.004773226062648329
235,0.004805145448266654,0.7998956819945737,0.19329641825196553,0.0006213856576832929,0.001381368647510721
236,0.006391216629211699,0.839842166397146,0.15108499853225876,0.0007860891093140369,0.0018955293320696049
237,0.0034874962099781057,0.8111395205619999,0.18240682622365037,0.0009200954338760001,0.002046061570495624
238,0.0009999750921150662,0.3924257660764694,0.6048374150840611,0.00048822878360939574,0.001248614963745121
239,0.00292077864851949,0.63357297697827,0.35979052239492126,0.001457966819573215,0.002257755158716102
240,0.000689765929990783,0.26228348572250465,0.7360487465113533,0.00031610677444655905,0.000661895061704839
241,0.0015878701864680666,0.46429070113263526,0.5323144250428311,0.0005355672516646081,0.0012714363864008839
242,0.002266445974266112,0.5000598807362515,0.4943609962256386,0.0008973371828593874,0.0024153398809842307
243,0.0007054440328192512,0.4705236265762588,0.5275888450744406,0.00044914007189462654,0.0007329442445867179
244,0.0016028286920687976,0.40631778938544894,0.590554747414434,0.0004022890465836611,0.001122345461464447
245,0.0006389045320377384,0.32055971891754054,0.6776706375754493,0.00027145350665888456,0.0008592854683134742
246,0.0023407324524077353,0.5597414208206538,0.4340864714229146,0.0006784369433469422,0.0031529383606769177
247,0.0021172297042815337,0.5102735201908425,0.4838512979231916,0.0007613697894409983,0.0029965823922434203
248,0.004115748190106395,0.8018467955727702,0.19070596040130308,0.0008783121980498038,0.0024531836377706066
249,0.0036340522328306563,0.8431139811326537,0.1504436670966827,0.0006684948004625319,0.0021398047373702798
250,0.004625867332172016,0.7849807143612336,0.20730019625002125,0.0008451846961876602,0.0022480373603855175
251,0.002185326475169757,0.7968232038135666,0.19880592433528885,0.0007322361955633262,0.0014533091804114105
252,0.0027205398376757,0.4892855688495787,0.5031194073651181,0.002035160427667236,0.0028393235199603165
253,0.0013689564114855912,0.46636437708256956,0.5284803653770299,0.002214923807941412,0.0015713773209735115
254,0.005162893581769677,0.4975769338854747,0.4906009692793735,0.0036393755049963323,0.0030198277483857697
255,0.030726363631378883,0.7789341223065708,0.1692930339543144,0.007000893358310512,0.014045586749425524
256,0.017956228545718444,0.9269089138012674,0.049796299980752474,0.002354017502266418,0.0029845401699952314
257,0.0027049011115691055,0.5532589622754798,0.4411103319893884,0.0011635366950293285,0.0017622679285331981
258,0.011775957801611222,0.7682137068643954,0.20550636269154732,0.004120658561433134,0.01038331408101304
259,0.02734580845878706,0.923775629833208,0.036050270630397105,0.007174951417576839,0.005653339660031104
260,0.014714363017339067,0.8781167383742589,0.09711460289502649,0.0033634194593629707,0.0066908762540126955
261,0.04095629014233764,0.7426144302803124,0.16275437903976225,0.008826963004098923,0.0448479375334889
262,0.00810794411015668,0.5799866797387471,0.4056873426575964,0.0025945750727905895,0.0036234584207091376
263,0.004226579283410481,0.5272583367368229,0.4655349390907853,0.0012873380593551777,0.0016928068296261087
264,0.004802712375351055,0.5745888794762992,0.41611734806718975,0.0019082972962487104,0.0025827627849111887
265,0.0039017502238998074,0.6158695454864801,0.37308112157495654,0.0031011205182562666,0.004046462196407405
266,0.0014771762465910494,0.23846036377640878,0.7584488477476229,0.0007144314549355318,0.0008991807744418763
267,0.001289122594978534,0.18888456522977923,0.8082128137833592,0.0006559392972627767,0.0009575590946202366
268,0.0021294541536316784,0.29323456470479,0.7002270005326449,0.002082266350589891,0.002326714258343448
269,0.00522862504759292,0.5932366534643013,0.39150910744583645,0.005837595542266721,0.004188018500002658
270,0.03935642274693706,0.7536925031968091,0.10062118754242337,0.09500234627673372,0.011327540237096723
271,0.17389523319102826,0.47779740167528073,0.006295683290365061,0.317679623919882,0.02433205792344398
272,0.2276335164658643,0.48357368701208375,0.021844477923105232,0.15874271925399353,0.10820559934495318
273,0.2741700652479962,0.19522153133166287,0.0004912634930451471,0.3530753347506963,0.17704180517659954
274,0.3195708500099282,0.05905041219588429,0.0004075383737641012,0.5269715563226822,0.09399964309774114
275,0.2381326713916405,0.05945751489064872,0.0002900499616009275,0.6759584571875367,0.026161306568573274
276,0.06137057293135156,0.013729798613286505,0.00010697695468915075,0.9181963009454939,0.006596350555178945
277,0.09720053805670592,0.0721156860366137,0.0001652579685902278,0.7610922702031698,0.06942624773492036
278,0.01625679988280194,0.02526295308057151,0.0023539363766113945,0.1403499077643678,0.8157764028956473
279,0.04881804549825431,0.04027350087194713,0.0006844703580069237,0.20536994931725053,0.704854033954541
280,0.05475315783733798,0.011066514232237808,0.0003403879937569524,0.07251103770196335,0.861328902234704
281,0.25943274407992767,0.03365399411143565,0.00014745275398509868,0.09406871449953039,0.6126970945551211
282,0.39986158163737345,0.0647602627520599,0.0001084386053635375,0.2059542225170079,0.3293154944881951
283,0.5250321951126755,0.061649872565489865,0.00011762094986720163,0.29723603015193095,0.1159642812200365
284,0.5676525127874854,0.040573494047682075,4.897521944565534e-05,0.21380574320384355,0.17791927474154343
285,0.39294507303557175,0.10078378174846049,0.00012416449549370985,0.42853762098358167,0.07760935973689255
286,0.27186357196841254,0.25716744982767825,0.00012748680209244057,0.4409089493120534,0.029932542089763373
287,0.16240856586556343,0.03376568253591305,7.650845506592425e-05,0.793926144883974,0.009823098259483647
288,0.12424175540719647,0.06391567403559731,5.874597885401207e-05,0.7922431633244612,0.019540661253891072
289,0.07498228456645144,0.15743553104324312,0.0003589105882751679,0.7335570637988881,0.033666210003142086
290,0.07501525121066577,0.14727547551795264,0.00022981233907929622,0.7630778971475988,0.014401563784703404
291,0.0891689028685178,0.07291642191786005,0.0006359658738884932,0.6915059595659203,0.1457727497738133
292,0.01858881800527836,0.015534530601870572,0.00035190351627550096,0.06372118968943155,0.901803558187144
293,0.042368060394002545,0.014081840094994216,5.51802154204672e-05,0.08406559238916021,0.8594293269064225
294,0.763944636396189,0.028485708205533252,5.1928859170462905e-05,0.10991972858855543,0.09759799795055193
295,0.45606452028614436,0.03912988174236428,4.977354104324469e-05,0.04900551944858348,0.45575030498186464
296,0.6256449352576953,0.035329413669725786,5.874088472515565e-05,0.09045420762431534,0.24851270256353847
297,0.4784591553460926,0.20023884187999144,0.00029471675067440224,0.2747650742798221,0.046242211743419456
298,0.19699127006127684,0.40898983197828565,0.0004153413635675794,0.38113726132691134,0.012466295269958516
299,0.2725294447483511,0.16527729744576125,0.00036331379822273426,0.5321746527644748,0.02965529124319011
300,0.1980092596534704,0.3653456350348431,0.0005947527845987806,0.3936364004103905,0.04241395211669731
301,0.22912147554298853,0.35014914695188715,0.000499186178264526,0.3229687290379642,0.09726146228889557
302,0.11249148914578144,0.776987097784295,0.0020555570231700565,0.10214175543210295,0.006324100614650647
303,0.2515055523330166,0.4308501948353185,0.0010841512089866067,0.29362919075717286,0.022930910865505524
304,0.43936797449058984,0.24890263927225229,0.00039857713945165785,0.2641202644049444,0.04721054469276183
305,0.34229962680053455,0.1770438342448191,0.0003672571508218043,0.11562273508623917,0.36466654671758536
306,0.4383919337275975,0.38121572080350197,0.00030575183897767465,0.1535285238496484,0.0265580697802744
307,0.12971418836039575,0.730989070817447,0.001984357615053847,0.04861391154504843,0.08869847166205508
308,0.2899152687667583,0.6576671571278565,0.0007680449053485136,0.03601712019095453,0.015632409009082266
309,0.13380684987961425,0.7949867107162074,0.0017812113808208657,0.05830685389427226,0.011118374129085439
310,0.07318640833068682,0.8882658762173422,0.0009247062333649028,0.03036285666072678,0.007260152557879259
311,0.06802034931918664,0.8851705949688089,0.001729942286897115,0.030682678577507876,0.014396434847599534
312,0.022945488452656957,0.9458164462850776,0.013970121553065264,0.015291887369958228,0.001976056339241939
313,0.0971889060903041,0.8643376206889003,0.0032372155254929568,0.025037263141192298,0.01019899455411026
314,0.03038145135921989,0.9504506588165136,0.006352114469094874,0.009383926372821327,0.0034318489823505828
315,0.04098987300612078,0.9385059752208277,0.0028288549354449207,0.015145377100349416,0.002529919737257169
316,0.05075883797715599,0.9287527248274846,0.00412292633802956,0.013618737465302476,0.002746773392027498
317,0.028583056021936396,0.9614880549729437,0.0026968244362895496,0.004367726328419803,0.002864338240410771
318,0.02133370533152834,0.9704041121030069,0.002858964432707462,0.003923478043277093,0.0014797400894801596
319,0.0209649138389563,0.9689160977239176,0.003929955147236918,0.004945409024486711,0.0012436242654026172
320,0.03360754755166227,0.9507741950257314,0.006113642458347541,0.006695740056440934,0.00280887490781805
321,0.005133446762779768,0.9392344686507552,0.05097326101116223,0.002722346087368954,0.0019364774879337056
322,0.004390809084357994,0.9779212038205858,0.014453692382160524,0.0024401993936323304,0.0007940953192632645
323,0.011053760954898122,0.9696025332578402,0.014926961811543293,0.002384585835662925,0.0020321581400554304
324,0.00402014889043201,0.9276755613386273,0.06523566153256356,0.0019503876583094003,0.001118240580067771
325,0.008652331333027416,0.9539114563858255,0.033090817279238315,0.0027230706642285083,0.0016223243376802656
326,0.0017710232317948284,0.8999942661631476,0.09587281956159018,0.0013828143931586916,0.0009790766503087194
327,0.011390511814248752,0.9495092247789516,0.03551911624111164,0.0020542154263286957,0.0015269317393594062
328,0.00434390941423424,0.8289529938426569,0.16385402367045876,0.0011233379625520158,0.001725735110098236
329,0.001297889181346357,0.6061850206734452,0.3910149007760799,0.0005698878148177483,0.0009323015543108781
330,0.004142055278442496,0.5688379450806011,0.42365486780898964,0.0013391669361157823,0.0020259648958509957
331,0.0022906169904978848,0.7187704690510426,0.27602463070745015,0.0012500906458573315,0.0016641926051521913
332,0.006278290907221797,0.7472119403850597,0.2413283010494778,0.0014267128474621524,0.003754754810778644
333,0.00327229069902787,0.8212223604985641,0.1729542119327125,0.0009218146667971435,0.0016293222028983347
334,0.0017203297310911993,0.49518709670819033,0.5007232127695787,0.00040341574830729765,0.0019659450428324925
335,0.04207906008131495,0.7865935628058617,0.05734740329036321,0.002168751781796696,0.11181122204066343
336,0.12533186063105278,0.8218040733779071,0.030611559125547933,0.0017282670078953427,0.020524239857596834
337,0.01977013069268157,0.9349637120347036,0.042645325267270565,0.0011613411595941205,0.001459490845750057
338,0.10548774394058612,0.7509707137265453,0.07353133439006658,0.004691649874982837,0.06531855806781935
339,0.019288477629993882,0.9246946113894601,0.05183607483749536,0.0011635679923996777,0.0030172681506509397
340,0.02401961633733688,0.85435405122883,0.116086405652647,0.0019907485463330032,0.0035491782348529605
341,0.008645804198953616,0.867353212779182,0.12052936941538683,0.0009320611330499316,0.0025395524734276352
342,0.005284857347741341,0.7857965352174971,0.204924430682664,0.0010411283880636842,0.0029530483640338215
343,0.002275725063597617,0.8238884668885723,0.17153116337591512,0.0005842289831367951,0.00172041568877824
344,0.0006903126543370209,0.6635411408976204,0.3348147288112583,0.0003395092965010208,0.0006143083402831964
345,0.0003641894399542128,0.4749175327081961,0.5238240370239601,0.00013010513415667244,0.0007641356937329412
346,0.0005493466994483817,0.42772680958495835,0.5701423459338936,0.00022116632898339854,0.001360331452716289
347,0.000595372054980359,0.66500570149291,0.33310325825376375,0.0001992300676644652,0.0010964381306813112
348,0.0006951997917910838,0.35879210577572423,0.6388719519839777,0.00028264499747776236,0.0013580974510291974
349,0.00042399631015564254,0.21239904554037534,0.7854480863332208,0.00018629685262590694,0.0015425749636224198
350,0.0006487467560580809,0.16247815079221636,0.8359106086732164,0.00010253419395650024,0.0008599595845526989
351,0.0003758603403093431,0.11921230509435411,0.8796870132159135,7.878471248111138e-05,0.0006460366369418813
352,0.0011275765197517227,0.17757189077219082,0.8186742694031277,0.000487616715620041,0.0021386465893096073
353,0.0007581620374815156,0.15230517227953844,0.8452914421267446,0.0004417852072596684,0.001203438348975744
354,0.0007909872417019983,0.3385375289514641,0.6589624664064725,0.00030422755571084086,0.0014047898446505468
355,0.000207366714043012,0.1408806100273929,0.8579496984906854,0.0001368564947059764,0.0008254682731725876
356,0.00042480165431065024,0.1096062989716512,0.8886646013648077,0.00030865670492508405,0.0009956413043052464
357,0.0006545542734933278,0.29989011512498903,0.6979907086533581,0.0002870502070440801,0.0011775717411156344
358,0.0007905130551607915,0.22070679844316463,0.7757556115151041,0.000563232534979639,0.002183844451590778
359,0.00016452843911298983,0.10363462175242395,0.8954759681902463,8.219527205282391e-05,0.0006426863461637974
360,0.0007270440117857438,0.19213658009450976,0.8052982599862315,0.0002864954011133895,0.0015516205063595015
361,0.0005974862711057944,0.2421715811917933,0.7560335059881153,0.000172504951171047,0.001024921597814476
362,0.00045050800642228096,0.2313898384958155,0.7664128496805177,0.00018951644505572207,0.0015572873721887005
363,0.0007992460840739574,0.2559113770275819,0.7412916487046484,0.0003047930207040986,0.0016929351629917935
364,0.00028699166172458816,0.07989120557148677,0.9189091823512654,0.00014932569325920312,0.0007632947222641146
365,0.0006669492086526589,0.23735642471088683,0.7603802514488301,0.0001592083020520048,0.0014371663295782136
366,0.0007008185083206018,0.13190475071455707,0.8660890778963821,0.00033095107023620087,0.0009744018105041808
367,0.0037156485679088074,0.2569619928547941,0.732964150449077,0.0038533169967396538,0.002504891131480444
368,0.007833208085063395,0.2322508455393723,0.752524368921543,0.004263430029655587,0.003128147424365809
369,0.008613124587322241,0.4301424132722389,0.550129581875231,0.007428241745599736,0.0036866385196081793
370,0.08197321499394387,0.5637164544546629,0.02672172647451622,0.3151193044060172,0.012469299670859753
371,0.1970232047233197,0.3113086232235495,0.004568933441034764,0.3707874927087891,0.11631174590330697
372,0.05664310200084043,0.5751550881108426,0.002076440635176021,0.3550557897390423,0.011069579514098715
