epoch,N1,N2,N3,R,W
0,0.035107179574147725,0.15887885932285917,0.011530270995856217,0.005685732388154713,0.7887979577189821
1,0.000761686952323103,0.0005645640419114908,0.0016505823586551152,7.891468996578532e-05,0.9969442519571444
2,0.0033222060735394743,0.0016883317073713732,0.0001641455508785346,7.60514055289568e-05,0.9947492652626817
3,0.005914959610461529,0.0007062128475762813,1.3764102201644523e-05,0.0016246814569616445,0.991740381982799
4,0.01691068496845796,0.0009648132103739168,1.2782254602713407e-05,0.0002963173465823366,0.9818154022199831
5,0.00036798003644881983,0.00010491804302533113,1.626605100239705e-05,2.03170753660756e-06,0.9995088041619868
6,0.0038179308339449628,0.0023451952333311543,3.8683384471985135e-05,8.358275717258194e-05,0.9937146077910793
7,0.00045951217966849506,5.429277283106519e-05,2.1751065469833967e-05,4.068075544105982e-06,0.9994603759064866
8,0.004429185447209321,0.0008444210940768863,7.641557646400097e-05,0.00011519957701735728,0.9945347783052324
9,0.0039026281766019045,0.0012496227946255688,1.2164347558415308e-05,0.001654113765346873,0.9931814709158672
10,0.011732008523817334,0.0027744378141472867,1.4656155680673634e-05,0.0014633995282122777,0.9840154979781424
11,0.01692014027365719,0.0015503975386484342,1.0311656550245352e-05,0.0005931651991999882,0.9809259853319442
12,0.04406645110903394,0.003693564553540944,0.00018328675644687512,0.002595459723917221,0.9494612378570609
13,0.24064653265251207,0.013226460701026694,3.3994105957343844e-05,0.004111941739179042,0.7419810708013248
14,0.002184714752043454,0.0029614281642228756,0.0019699838453768027,0.00011080279078398643,0.9927730704475728
15,0.07310762012839055,0.031603094885460176,9.832509270429668e-05,0.023125254396820342,0.8720657054966247
16,0.1003269221195913,0.024658246434870565,9.658138323470591e-05,0.03503845943373172,0.8398797906285718
17,0.11000868147463384,0.03192202713508458,0.00012839755823644674,0.07088998109544088,0.7870509127366042
18,0.19022413386183548,0.0645082088963044,0.00010016339561784321,0.059659066760222666,0.6855084270860196
19,0.2705109466609621,0.061039793709381535,6.505018850753174e-05,0.13246918394553478,0.535915025495614
20,0.33986157805778505,0.11145769768468732,0.00024408083614251328,0.08946914785799055,0.45896749556339445
21,0.07994034187014228,0.01840566556876221,3.401231169149012e-05,0.024447143825117403,0.8771728364242866
22,0.22399964757197055,0.07557800047684604,4.210690684192513e-05,0.057988905126898055,0.6423913399174435
23,0.22870969917312473,0.4259260831812097,0.0005326285344468512,0.03948495534587166,0.30534663376534704
24,0.34931929485734137,0.4061936826838864,0.0012259732061097126,0.04735396948121475,0.1959070797714477
25,0.05329591255009379,0.047967518717512696,5.5406914412487174e-05,0.0032575806811571194,0.8954235811368239
26,0.1765412426251307,0.656109442834443,0.0012225661028085967,0.03164169312580132,0.13448505531181637
27,0.06713687774423487,0.6497310144499997,0.0019532333857587097,0.03266005789246081,0.24851881652754598
28,0.10414954411685745,0.30598756509766656,0.006630369561092335,0.006972007801337057,0.5762605134230465
29,0.06616743544993191,0.8054229337111671,0.03751130021954382,0.014062655518300044,0.07683567510105697
30,0.006212480737812948,0.0036129129509003296,1.9413880183990148e-05,0.0024203452918975035,0.9877348471392052
31,0.09829568639170987,0.12700494479980615,0.0006197665385971778,0.018150317921309778,0.7559292843485771
32,0.11130842563947876,0.6654869149318933,0.17372858619828077,0.0030006270297613835,0.0464754462005858
33,0.27183904499377864,0.22235069723125722,0.00040416424571773835,0.027424959659801372,0.4779811338694451
34,0.2355038744149464,0.3797962913656658,0.0018193599836941734,0.08947650854406365,0.29340396569163
35,0.10487288851921918,0.8102245855361087,0.006564990781459319,0.025469407356953088,0.05286812780625977
36,0.023837476147469637,0.9501077088370936,0.01317449119558797,0.00128340155347746,0.011596922266371453
37,0.1688654962104784,0.7156080603180953,0.002537845527519662,0.03286980612670311,0.08011879181720366
38,0.06819921014963026,0.8899618204316249,0.0066862346404946765,0.017245075815425573,0.01790765896282462
39,0.00663534059810637,0.8141130248760702,0.17384977396595355,0.001336650366108449,0.004065210193761333
40,0.019617238571114966,0.937210845131065,0.031523988795151274,0.005268859601134221,0.006379067901534655
41,0.022815761218550393,0.9028274962394497,0.05788444787430227,0.005186106100389847,0.01128618856730777
42,0.14835500664421725,0.36000492362690567,0.009258810944432655,0.09031379281318234,0.39206746597126196
43,0.04852406380842577,0.06272110312125583,0.001141177318654735,0.006611919564664931,0.8810017361869987
44,0.35654527111323575,0.4187483477699637,0.0015692812443414666,0.02480608810277705,0.19833101176968201
45,0.10987412850171742,0.8711268084431505,0.007708560132534655,0.0006595179579545969,0.010630984964642988
46,0.0076288370467383565,0.8326612464541255,0.1561201937423714,0.0007015875374127765,0.0028881352193519997
47,0.06314614003433403,0.896957495329931,0.010137139014729334,0.014424062300945251,0.015335163320060323
48,0.1459010691984089,0.6825658363088052,0.01362661180936935,0.011135196956779666,0.1467712857266369
49,0.061973603751243264,0.8916215983085215,0.015434180011879784,0.007105413240090708,0.023865204688264943
50,0.006173757767541504,0.796967475919876,0.19416740953063744,0.00039115746611454165,0.0023001993158304986
51,0.013321853072653954,0.8280681270123612,0.15573972795740768,0.0005425999497402601,0.0023276920078369465
52,0.006687785532513439,0.9196264649886894,0.0680813507859413,0.0011275172587202767,0.0044768814341358985
53,0.00531266709472321,0.8885216161138532,0.09689269126387541,0.0011240055757891969,0.00814901995175917
54,0.009243992910782494,0.06488357218501165,0.0013854693382928968,0.0006810775301444275,0.9238058880357685
55,0.1900855003937057,0.26252351437219074,0.0034423458661007314,0.0157858263372272,0.5281628130307756
56,0.08995257609893388,0.8215079876258881,0.014755556617221348,0.006468331696688853,0.06731554796126783
57,0.31125270022229906,0.17257984117473243,0.0009100712547513711,0.013021300107548142,0.502236087240669
58,0.13655644673591716,0.47819026202943804,0.011691602189481773,0.001577431048064446,0.37198425799709844
59,0.13397117405627168,0.12752655432744325,0.0010578401822883042,0.0014009044457085006,0.7360435269882882
60,0.21151309154134265,0.6740496564641868,0.004319357393642111,0.004366562050137516,0.10575133255069093
61,0.04075820161667987,0.8252713722534311,0.12143540131371626,0.0004441785852102804,0.012090846230962574
62,0.034181574581188964,0.8176928693530922,0.016461875818816776,0.00017270559836847773,0.13149097464853368
63,0.1510259930181986,0.7787339255076585,0.016448944147006404,0.003711577076265428,0.05007956025087126
64,0.007372512088894344,0.8554682217226975,0.12665139550289364,0.0003264993559703715,0.010181371329544196
65,0.013908488139541967,0.7489969141008068,0.23072977878462556,0.0010958532926686206,0.005268965682356944
66,0.031676463568405214,0.7931672494493003,0.10830236416410012,0.00681826622922636,0.060035656588968034
67,0.008660896706242746,0.6711780837782078,0.3044675592065774,0.0021705991497500184,0.013522861159222067
68,0.08965631468280136,0.8093354242850839,0.032901887746851245,0.029589048192157595,0.038517325093105924
69,0.011153794994365623,0.6787771259664662,0.2853498507705144,0.00749284790846457,0.01722638036018933
70,0.005674199861949909,0.3916818523393114,0.5723778624987311,0.0077765796937318095,0.022489505606275745
71,0.00971474286704645,0.007431476806321678,0.0003108826446358347,0.0009386232442961215,0.9816042744377
72,0.08704395033813907,0.02140070781343089,0.00027831415175529354,0.009110167930045081,0.8821668597666296
73,0.04182262716511576,0.019626759708076418,7.408969231801057e-05,0.0011060761466495548,0.9373704472878402
74,0.09735197533245564,0.030789319508216943,7.147000741426864e-05,0.0015372844230410409,0.8702499507288721
75,0.04552624919310949,0.009261277947042937,2.148717454715101e-05,0.0023806251048837175,0.9428103605804166
76,0.033406913257006725,0.020423607602927902,0.00010729011549810077,0.0008399408767092194,0.945222248147858
77,0.08416929909944867,0.0442399036057885,3.4282202134287744e-05,0.012868434659669418,0.8586880804329591
78,0.2438652989504304,0.036571464555656366,5.253830935385075e-05,0.06890033699658324,0.6506103611879761
79,0.08085941216348314,0.024831099077171813,7.419067914417416e-05,0.041129356543107023,0.8531059415370937
80,0.04422521880304361,0.029859091664219656,7.112218660047592e-05,0.024241111052746976,0.9016034562933893
81,0.09620669322757877,0.01797474452535562,0.000182892126282819,0.07144774050541684,0.814187929615366
82,0.1219509943781349,0.040768685195174584,8.947279173882827e-05,0.12811350588104253,0.709077341753909
83,0.14419190471226542,0.03908506134022992,9.802384576811777e-05,0.22614502048701712,0.5904799896147194
84,0.011503039943439703,0.007892789090308912,3.697290906344658e-05,0.013635705413799026,0.966931492643389
85,0.14012906637823203,0.04208339748925596,7.525550533459273e-05,0.06316579200985785,0.7545464886173195
86,0.14887811871403903,0.1241591937617644,0.00011853882365309639,0.03696301001259072,0.6898811386879528
87,0.024627020081590786,0.011326814614655494,5.917724556694592e-05,0.004253740879119547,0.9597332471790673
88,0.23430326987176536,0.03976096539519269,7.866576588149686e-05,0.022635433517491553,0.7032216654496688
89,0.05478395294613924,0.01816864876925928,3.8922540666674854e-05,0.005039182942860524,0.9219692928010743
90,0.004910590951770541,0.005189776157331981,0.000343224976708378,0.0004181037846864452,0.9891383041295027
91,0.19137067813795194,0.03575387740223984,0.0001804221692829744,0.009515629399303067,0.7631793928912222
92,0.0734878641286425,0.022027441784798804,5.817194033100436e-05,0.004426403249191995,0.9000001188970358
93,0.05567090556963522,0.022983134082463164,4.3218228428537836e-05,0.0035602483285227375,0.9177424937909503
94,0.003745189267313274,0.0014516629775504462,1.7697066537440552e-05,0.0005028021326525508,0.9942826485559462
95,0.06739218939895372,0.006281384707326576,3.1859950525877085e-05,0.012610599743817607,0.9136839661993763
96,0.45309271947613355,0.03133329375231428,0.00019164037093181765,0.018615476664765984,0.4967668697358544
97,0.16571194531228886,0.028550230080210723,0.0004586678792562718,0.014226396409789104,0.7910527603184551
98,0.32839380584876277,0.0735072969970214,0.0005458562200257296,0.10894249937691229,0.4886105415572778
99,0.05659298576758657,0.031513170810611134,0.0009304230359392593,0.025148889732681562,0.8858145306531815
100,0.09289666798414828,0.05108669646121066,0.0010437927769469464,0.050524099598497,0.8044487431791971
101,0.18945774273508115,0.1467148127395894,0.00295384460343576,0.18607216605271906,0.47480143386917467
102,0.10551835272483007,0.06900744107979716,0.0005655589884008268,0.2841926352537345,0.5407160119532374
103,0.3528811423439135,0.13687348989222847,0.0006383024770531408,0.2779421115482994,0.23166495373850557
104,0.0691087607128682,0.08289797592977366,0.00033832701799264744,0.08947078644023422,0.7581841498991313
105,0.10805335559893921,0.11632706076799268,0.0010796590544819868,0.08239696367451546,0.6921429609040706
106,0.18122101523749942,0.12841941361371176,0.0030851598973568187,0.29956038551859226,0.38771402573283964
107,0.07938408952477197,0.021575717026531563,0.0005034841439131605,0.02373150604767102,0.8748052032571123
108,0.14235869479273838,0.058453307284324865,0.0008403353068572178,0.2113410891486216,0.587006573467458
109,0.07936780513907075,0.022388539825475336,0.00039689783640626907,0.04243317129963482,0.8554135858994129
110,0.07773266790875583,0.00896624847223132,0.00031094194586264257,0.006711091701689608,0.9062790499714606
111,0.07173932079558369,0.029996884025252586,0.0005899564898131716,0.02353994287255125,0.8741338958167993
112,0.02388578518761498,0.03739083493892928,0.0021025331479331264,0.001211784978051083,0.9354090617474715
113,0.06951567268275653,0.011577220950063083,0.00048281507307611064,0.004625026867513818,0.9137992644265903
114,0.011627414408991892,0.014936849653437265,0.00047121711761322424,0.0031969430217027614,0.969767575798255
115,0.12162943898432538,0.013146545272344275,0.00019705690768485784,0.023797121520570823,0.8412298373150747
116,0.29536177080505904,0.10632167684037361,0.00045053631867039294,0.10718382013163064,0.49068219590426626
117,0.33192518724941283,0.24093330305664962,0.00047714251200383224,0.24973730471582195,0.17692706246611173
118,0.05469511126033594,0.021900608014403487,0.00014607423353781617,0.04229838662392383,0.880959819867799
119,0.18455912522185042,0.0677574273981873,0.0005864647842506868,0.1926978758886676,0.554399106707044
120,0.12218977815041365,0.038291277329313436,0.00027394145405992945,0.15701858746369352,0.6822264156025194
121,0.15587520885992143,0.10535110198445442,0.0005563036445413119,0.1869776045512957,0.5512397809597872
122,0.02607994705090788,0.03304330795587294,0.00028952938628224286,0.015693338914167142,0.9248938766927699
123,0.1251922085143206,0.03766377734894919,0.00014128622272594458,0.08522730736015068,0.7517754205538535
124,0.06190655407381739,0.02541810092324482,5.778105647926182e-05,0.022004580957496925,0.8906129829889616
125,0.0966789347596388,0.011445256676277837,4.820031783783878e-05,0.014770483548803313,0.8770571246974421
126,0.5609131343810765,0.07156121498451276,0.0003352753545208274,0.06543602788859669,0.30175434739129325
127,0.19697457348692174,0.08959756382869821,0.00099987428339606,0.013992881527354381,0.6984351068736296
128,0.0464323374346388,0.007230630307978304,0.00010584391497083599,0.009949071127357429,0.9362821172150546
129,0.002229556559042308,0.001928192929132679,0.0007134054156910521,0.00016024832316352745,0.9949685967729704
130,0.03280240256447403,0.006766617579822106,3.8675461477279016e-05,0.0009807275149503096,0.9594115768792761
131,0.0039323124871520595,0.0017717590644818102,0.00010176126381204173,0.00021011140536681083,0.9939840557791872
132,0.12455523900524157,0.006359997408230946,7.451774517971361e-05,0.004188939740335009,0.8648213061010128
133,0.13495629995399905,0.01380139865753409,0.00014793615247923084,0.018064578518730688,0.8330297867172569
134,0.044694974688453556,0.03449772299143937,0.0003466304193206041,0.009407398980545193,0.9110532729202412
135,0.07760847887986103,0.04432431518585524,0.0003500911745374902,0.010644009504968037,0.8670731052547782
136,0.017021216973896653,0.01269410241480183,0.0002836193006640963,0.00045808300077543817,0.969542978309862
137,0.001722863529852999,0.0013206237970531175,0.0005095751835740292,0.00013854056526239658,0.9963083969242575
138,0.003019510041847854,0.0021474626325319176,0.0008978616748365077,0.00014028391820143402,0.9937948817325822
139,0.09716646716780696,0.004363932363485346,4.8159799526953443e-05,0.019860165239198445,0.8785612754299824
140,0.0699914363269172,0.007847590262726918,4.7074072513373585e-05,0.007153041646028132,0.9149608576918143
141,0.19788384495879682,0.04668624898695741,0.00029423516522133233,0.025622298104830864,0.7295133727841935
142,0.15286550395967038,0.01818902713812436,5.338809313662875e-05,0.027444202542279375,0.8014478782667893
143,0.3311852803953873,0.06900942270405555,0.0001816113547234071,0.03956457314515873,0.560059112400675
144,0.25263155035214,0.027092873606687592,0.00024191027420702576,0.032159883834324554,0.6878737819326408
145,0.45002181812663034,0.04249808090545448,0.00013671702312142913,0.11729172481355088,0.39005165913124284
146,0.005436581529430094,0.0031695879477894643,6.573238637235918e-05,0.0018104641057139273,0.9895176340306941
147,0.00306406144998091,0.0034756380846641013,0.0018461008215707774,0.00020978532718257475,0.9914044143166016
148,0.040637229069997755,0.008770906588984672,0.0006983679073276095,0.0009388643749305809,0.9489546320587594
149,0.0007954800863266146,0.00032129118744295045,0.0001562297675571936,6.610075650925615e-05,0.998660898202164
150,0.0013723879698998543,0.0006788593190439438,0.00040199340165224706,6.244982636347918e-05,0.9974843094830406
151,0.0010958334558635427,0.00041348841912565833,0.0005101745527094686,3.0284065149289345e-05,0.997950219507152
152,0.008502545310795494,0.0005499015936280228,2.495354523859651e-05,0.00019522705915590345,0.9907273724911819
153,0.026063868067049984,0.002127822404768752,5.1573852061599116e-05,0.0023334176266365985,0.9694233180494831
154,0.030021367800250116,0.001931965755025355,0.00014716544817865144,0.00119930297177372,0.966700198024772
155,0.3064822950956418,0.02686859448719566,0.00016137462204038864,0.02694847202529038,0.6395392637698318
156,0.08053825677448996,0.021264005300362356,0.00012515757247263056,0.027606250741818765,0.8704663296108563
157,0.19839201425511588,0.08980832611508614,0.00021449854269516258,0.2485538014888698,0.46303135959823305
158,0.2768599292361393,0.12945242829856918,8.53456438602125e-05,0.13353924920435198,0.4600630476170793
159,0.24135275537479806,0.07784933024235423,6.375583992986182e-05,0.16208955446776432,0.5186446040751534
160,0.14225427216498635,0.045084721726548885,3.2042318750919034e-05,0.20347583601338926,0.6091531277763246
161,0.025155530196030194,0.01506089944115973,5.056355127311292e-05,0.053110680680714256,0.9066223261308227
162,0.03130550092574218,0.010799785439152595,8.589043685631975e-05,0.11631331792152921,0.8414955052767197
163,0.13936428966096187,0.031163662438842665,6.862007562625536e-05,0.47911388055427534,0.35028954727029377
164,0.13438852352540498,0.048227588372464034,8.247916451517399e-05,0.6823964940664325,0.1349049148711833
165,0.08766783411048622,0.0869322106391075,9.979136975943841e-05,0.5383983451579375,0.28690181872270926
166,0.08975144190641607,0.0381932335775262,3.573315271947551e-05,0.7267890186536223,0.14523057270971595
167,0.09036714693499236,0.15440544167977455,7.957690783315377e-05,0.6357935647087043,0.11935426976869569
168,0.15253226669723957,0.20266834316014914,0.00010151265309511739,0.43813349413885977,0.20656438335065644
169,0.11174048990602674,0.05326347332505012,6.981447213691388e-05,0.3891888239610683,0.44573739833571807
170,0.13114119498579627,0.08796116036635783,3.802649131570222e-05,0.3656133133314078,0.41524630482512237
171,0.08355550143626528,0.10614346715505868,0.000135594417941902,0.06374226390815696,0.7464231730825772
172,0.0976864761237704,0.04880822841297822,3.264006653615543e-05,0.08369023172342745,0.7697824236732879
173,0.025288666107017587,0.01636291936727204,6.665592634477237e-05,0.01300446696291898,0.9452772916364467
174,0.023458202970384985,0.007614873038670851,6.940766820961765e-05,0.009422754015213248,0.9594347623075212
175,0.15353812919903448,0.021978874396029555,4.788921510316915e-05,0.05715773687513049,0.7672773703147022
176,0.23495964129215668,0.06467484183832779,8.970561375042727e-05,0.12691511593394905,0.573360695321816
177,0.16950957764855837,0.024141157597893294,3.0736131573561615e-05,0.09578570096349852,0.7105328276584763
178,0.16090588522853477,0.07774669781391831,5.471352244208536e-05,0.20782614899765667,0.5534665544374481
179,0.16516616219663582,0.04865457887189041,4.528719787179389e-05,0.23070970019029172,0.5554242715433103
180,0.02173830409568493,0.02544003167784089,0.0003812772076835114,0.017899730932148056,0.9345406560866425
181,0.19281398133404853,0.17144863574269176,0.00023370888045789705,0.3014669243637178,0.33403674967908403
182,0.17335950826011703,0.13002480680000617,0.000149152330379693,0.3758429243082203,0.3206236083012768
183,0.06370020316537743,0.041888976199750225,0.00016996048729592267,0.3522923108670398,0.5419485492805366
184,0.1401493008607206,0.1340736798791334,0.00016070058327461793,0.51052959257747,0.21508672609940147
185,0.04159822596118961,0.06916274446155704,0.00022492460586560288,0.10762947662165098,0.7813846283497369
186,0.08113797477931914,0.08960119139023229,0.0002522480468531203,0.28078428601690797,0.5482242997666874
187,0.14149985003369214,0.12640315503409774,0.00019565968017520177,0.359094342528447,0.3728069927235879
188,0.1943417154325194,0.101143270351882,0.00011532952610737772,0.5444872896031957,0.1599123950862955
189,0.04745743702792577,0.04567912499403788,0.0001242299665740683,0.08541824746703217,0.8213209605444303
190,0.1510290812571053,0.0366648658482759,8.396057259872413e-05,0.07923416695288857,0.7329879253691315
191,0.26126878139987103,0.058511811931223165,6.17418320663388e-05,0.0941489171977926,0.5860087476390469
192,0.49611879911670853,0.05792985297913111,0.00014551317181965524,0.04145795223367897,0.40434788249866177
193,0.14066869374946567,0.11209688524063582,0.0001345768163147936,0.02354762523186582,0.7235522189617178
194,0.18395656355562798,0.07444193662208909,4.5025730809149785e-05,0.05627120339997416,0.6852852706914997
195,0.00399702856656673,0.013066930282402255,0.004954222798713259,0.00040203245707422333,0.9775797858952435
196,0.06736265628432397,0.08558032281205942,0.0010561204564486346,0.003805217372345392,0.8421956830748225
197,0.016911835875120275,0.014048258874978563,0.0007280783891317933,0.0024646121154710803,0.9658472147452983
198,0.0003016771627588709,0.0003193809493939504,8.956782308423577e-05,0.00014658450902871683,0.9991427895557343
199,0.022596727347689364,0.0032252359518788196,2.960771763880148e-05,0.0025925651608635068,0.9715558638219296
200,0.0076345372047282945,0.003302126095605342,2.9141669415427842e-05,0.0010838324170548805,0.987950362613196
201,0.019747339394297424,0.001481848481669539,3.346172841026492e-05,0.003776754325473796,0.9749605960701491
202,0.002689795273217549,0.0005459725292941949,8.461547949403005e-06,0.0005776587629284551,0.9961781118866104
203,0.05018568944281918,0.003005661069281719,3.5299406473048486e-05,0.007248440230960412,0.9395249098504658
204,0.09792846553689107,0.0046682525478199096,2.668188760950582e-05,0.011297859991060366,0.8860787400366191
205,0.28050887902386307,0.01278460478958592,7.781646372854858e-05,0.04542401663175297,0.6612046830910695
206,0.02502716244311182,0.0034073513098063155,4.75911730372463e-05,0.005594712236016152,0.9659231828380285
207,0.03020832569732385,0.005175342415843275,1.3273765200679496e-05,0.008949008349145575,0.9556540497724867
208,0.19301381977362544,0.013399353056681886,2.012197738346989e-05,0.08164869039877776,0.7119180147935315
209,0.2525984350908506,0.015384921245678139,4.2139614741724394e-05,0.08745100989428715,0.6445234941544424
210,0.02358082780032245,0.019374946097632753,7.619297690901856e-05,0.03567086079314085,0.9212971723319949
211,0.025273451799433324,0.010343253459109084,5.596159878564432e-05,0.0260519273631928,0.9382754057794792
212,0.022231100428037883,0.017240821396021053,0.0001909564133100351,0.00626235182897803,0.9540747699336529
213,0.0005072532857440551,0.001734287766370882,0.00032242029933322034,0.0004398637997712508,0.9969961748487806
214,0.01327300555918444,0.00539880611093665,3.714749636978033e-05,0.006618537075228333,0.9746725037582807
215,0.01298776686360779,0.001664319371002469,1.6814329429274423e-05,0.0043720281047285705,0.9809590713312318
216,0.02962404411863325,0.00925909629647581,9.750465925137008e-05,0.007039504321654148,0.9539798506039855
217,0.014894728988051881,0.0045843855220483575,1.4170869070893138e-05,0.003685457978313633,0.9768212566425152
218,0.06184790991532532,0.008120708854828997,4.395873932201295e-05,0.009140762557063992,0.9208466599334596
219,0.023077988679311753,0.008959875724141914,2.502203657766905e-05,0.008504635663423207,0.9594324778965455
220,0.10238047910977519,0.01783727927232815,0.00015526849413334163,0.010471037418525864,0.8691559357052375
221,0.007673971115184136,0.0019858949604441823,0.0002449197115000508,0.006915940293869266,0.9831792739190024
222,0.04825211965187028,0.0091392676897376,3.134256728592196e-05,0.051108757910961346,0.8914685121801449
223,0.020094764974216767,0.007583422101911489,1.3175187682809195e-05,0.012565512008691873,0.9597431257274971
224,0.025766092286380795,0.004551624465927636,4.041816547390087e-06,0.02579784648287602,0.9438803949482683
225,0.07917374271113281,0.005555442144614227,1.3047604305757611e-05,0.03206863937382361,0.8831891281661236
226,0.13886189373309585,0.005647975765485633,3.275408592989616e-05,0.09113016260618455,0.7643272138093042
227,0.21014321971953795,0.015831959887182143,0.00011688495137644652,0.23464359518681585,0.5392643402550877
228,0.15689927905646137,0.16850404783386516,0.0002972283171038207,0.20950020588649398,0.46479923890607566
229,0.12189997726398154,0.05609579955951267,5.52141356048939e-05,0.09320342191791883,0.7287455871229822
230,0.2637726281726802,0.1176168704362733,0.0006625362671795227,0.05175082432409135,0.5661971407997757
231,0.11715179385971322,0.04537448094803005,0.00011232175105148242,0.0464116006665901,0.7909498027746151
232,0.24075822243510178,0.08603154595455544,0.00018387205931331732,0.04031463707418703,0.6327117224768425
233,0.09079961137648256,0.035650736731956484,9.03025359566239e-05,0.05609054620881577,0.8173688031467886
234,0.06757651866361555,0.02613763408266046,0.00024829722245381744,0.02046612950725652,0.8855714205240137
235,0.02713829196049019,0.012163682725165827,0.0003413021365363467,0.01843496285061945,0.9419217603271881
236,0.007942710854227297,0.003893339133268029,0.00035960689232911484,0.0026685754740862775,0.9851357676460892
237,0.4265454206710538,0.016676742466544166,0.000358331677260315,0.05386415261996148,0.5025553525651804
238,0.4353344675602605,0.06267989167211313,0.0008077167940679539,0.1971252132866185,0.3040527106869399
239,0.019574779828446357,0.0058262529222978966,0.00013306866189483033,0.027778336265477137,0.9466875623218838
240,0.1880982449032487,0.059367980655390805,0.00021284493157318018,0.26787163981355533,0.484449289696232
241,0.1932753675241871,0.02221078000338487,0.0001256692355443746,0.16532281070875707,0.6190653725281265
242,0.24149056898193808,0.011908387093589927,0.00010045530516123591,0.28471972584813626,0.4617808627711745
243,0.013362394329985617,0.005173063824692869,0.00016835418631277235,0.0403574628957644,0.9409387247632444
244,0.025663204296896076,0.009432000728570504,3.986399616951674e-05,0.08904704532619663,0.8758178856521672
245,0.06021572108316166,0.01212439259655986,1.4544216805488698e-05,0.1743283458417555,0.7533169962617174
246,0.263626402202313,0.029262436466872477,5.07549777746354e-05,0.41441222037446707,0.2926481859785729
247,0.10522943037866128,0.01776831605487183,0.00010243690646920823,0.1915640987900693,0.6853357178699284
248,0.0856121491285531,0.03457078567096978,0.00012096482259513096,0.10120896248627102,0.7784871378916111
249,0.011179827735293631,0.005323022386234161,6.788188959236986e-05,0.018495062426710566,0.9649342055621694
250,0.11608559360195038,0.03043092568714293,8.694947398826666e-05,0.11995654878741166,0.7334399824495068
251,0.035331269571640914,0.026002910373563014,7.990186946099652e-05,0.07807417349947864,0.8605117446858565
252,0.08120904786427614,0.016610844898416268,7.068297175539218e-05,0.13412310366726393,0.7679863205982882
253,0.05020719492396579,0.02287686571513547,0.0001717260767463116,0.03243571254620936,0.894308500737943
254,0.023530351090421182,0.013132136605083321,5.186932513328411e-05,0.01736863868448672,0.9459170042948755
255,0.04934812324435511,0.014337984679730253,9.301759757513526e-05,0.032569439210184854,0.9036514352681547
256,0.0809569543978868,0.020799764259593543,0.00011913669878951274,0.03587002531451216,0.8622541193292179
257,0.01030772739155246,0.0035600537352714046,0.00010653743399137772,0.014389361822528396,0.9716363196166563
258,0.00969285480082549,0.00521233450093095,0.00010575379986752375,0.017375784876286587,0.9676132720220894
259,0.011211505517627278,0.006469680043155898,8.864652233961106e-05,0.012252790532900841,0.9699773773839764
260,0.002197434795947584,0.0016966977462347403,0.0001301899086343806,0.002418309457985373,0.9935573680911979
261,0.02454103522474932,0.0048316324188015305,8.409086301151048e-05,0.005851801323502809,0.9646914401699349
262,0.010299441673129486,0.0062389263546299475,0.0001957997697377808,0.006972439395004371,0.9762933928074985
263,0.06453858816792933,0.007583543120220794,6.271881554621002e-05,0.014901385519272382,0.9129137643770313
264,0.15674424631365877,0.07945208619093493,0.0002963433601290421,0.0813004629057954,0.6822068612294819
265,0.10351208078205314,0.047314516748109124,0.0006396955817806061,0.04825390539555998,0.8002798014924972
266,0.18864421959973587,0.0717702092958156,0.0004725301408898699,0.10611544975236155,0.632997591211197
267,0.14474134886337758,0.0887771292524561,0.0002604805024671874,0.19578315360189436,0.5704378877798048
268,0.34430539701121915,0.20220152916409778,0.00021578362007678586,0.313630381252977,0.13964690895162943
269,0.05295154616943401,0.04734612092358752,0.00035782780760105224,0.03387907361209873,0.8654654314872787
270,0.010128575510118849,0.024090869668299073,0.00016843726166710117,0.009783929585880828,0.9558281879740341
271,0.027618763811321476,0.020607231506373547,0.0010695928375946606,0.005072168139142048,0.9456322437055683
272,0.05405143730136016,0.01059644170962228,0.00012514336679887033,0.006791860523806172,0.9284351170984125
273,0.04428237508076033,0.0076038730871759415,0.0001197279370675255,0.009458463259175973,0.9385355606358203
274,0.03891114814804509,0.020881122082388757,0.00016591518247762138,0.014816916778238185,0.9252248978088504
275,0.08217537350011977,0.037478100886582225,6.832077015787093e-05,0.08785799179848482,0.7924202130446553
276,0.02850218269700255,0.02296646383992317,0.00021891090928210876,0.02168621235139064,0.9266262302024015
277,0.023838853070125086,0.02637901262962272,0.0002307509745740236,0.013730490639126477,0.9358208926865517
278,0.00551520213005794,0.004302781080509768,7.71260274756467e-05,0.0016693490364785987,0.9884355417254781
279,0.0039774779285412865,0.0015763097351562455,2.9293105886121705e-05,0.002023783879849668,0.9923931353505667
280,0.021885668923808957,0.0023975998793703077,4.563576776854518e-05,0.005413587084859589,0.9702575083441926
281,0.0033225041276268444,0.0011599153786881373,5.021015193311768e-05,0.009001779737316425,0.9864655906044356
282,0.0032105472660777937,0.001227859939941864,8.114568528111935e-06,0.007652766009688184,0.9879007122157641
283,0.010226129837492376,0.003406365816745798,4.79357656346082e-05,0.012921830247337262,0.97339773833279
284,0.00606980746472614,0.001270846375699171,1.6669460463834094e-05,0.010336756026075129,0.9823059206730357
285,0.016781745581726962,0.0034698718698274135,2.0218696167277558e-05,0.010700851166030912,0.9690273126862474
286,0.004625364251590068,0.001742783173481295,2.777487668092878e-05,0.005646910377182941,0.9879571673210646
287,0.006957763227429587,0.0030496205985012514,0.00015827823323805501,0.003838723207107557,0.9859956147337235
288,0.01404616870315915,0.0032128692389122204,5.6814219812737756e-05,0.0021066417137468813,0.9805775061243689
289,0.030587264766698416,0.008707152185475117,0.00015651892615222584,0.00568374657506306,0.9548653175466113
290,0.003105723378372805,0.001205112065156523,0.0001794066177620663,0.0008977905340958354,0.9946119674046128
291,0.023790278322601038,0.007146308114397344,9.979488838189818e-05,0.0018613311710287373,0.9671022875035908
292,0.008690127964154682,0.0016452986140687545,0.00012449062895808168,0.000864613888488639,0.9886754689043299
293,0.013877954345113965,0.0010270962463842857,0.00018625727057836766,0.0007488970516290064,0.9841597950862944
294,0.005438080200319282,0.0008274933787483214,0.0006938166557020618,0.0004805221427101946,0.9925600876225201
295,0.022363807483293106,0.00446229938115306,0.0010477972272686614,0.0017424827759369597,0.9703836131323482
296,0.0007797728836700762,0.0009183182601241301,0.01615910293826725,7.74540573262167e-05,0.9820653518606124
297,0.0009434574939229353,0.001383536561824904,0.02097391210335234,5.698127348350247e-05,0.9766421125674163
298,0.002147476815384845,0.0014782984747382032,0.011667800867063904,0.00010956835190335835,0.9845968554909097
299,0.01246522741991087,0.0021702604985102967,0.0016121256628050843,0.00016571862448037605,0.9835866677942934
300,0.009937031235232398,0.009605532354555468,7.944818558060785e-05,0.001679187439971595,0.97869880078466
301,0.01703948638594896,0.0056790859507734335,9.844069689805246e-05,0.002723302945121734,0.9744596840212578
302,0.02623906401373197,0.0037990700240978005,0.00010019447655418309,0.0017703093232069229,0.9680913621624092
303,0.08727510245903289,0.026741016312088226,0.0006543324406377277,0.006875944284642219,0.878453604503599
304,0.007743026689611901,0.0034082854793255233,7.2808405625392e-05,0.001366522741355385,0.9874093566840818
305,0.09117483679015556,0.018253870166774166,0.00019667466047701025,0.008473869116675222,0.881900749265918
306,0.16979512856077528,0.05720084973458899,0.0010282394971022548,0.015286632013586184,0.7566891501939472
307,0.024685583960736713,0.011285844214043692,0.0004566924103069799,0.005211833973305201,0.9583600454416075
308,0.007102762084723412,0.012926946258036325,0.004385989530832966,0.001960536613895574,0.9736237655125117
309,0.027771166326083035,0.013294944952620229,0.0006035958026274623,0.005886762872260433,0.9524435300464088
310,0.006398902028204758,0.002616785843326464,0.002876203114977429,0.0006202374505551609,0.987487871562936
311,0.027670468680774565,0.003273777043266068,0.00014961549389185628,0.0029854730674059335,0.9659206657146616
312,0.011051748597377243,0.003974392316697035,5.992311577672073e-05,0.002711797136197554,0.9822021388339515
313,0.02329299949856463,0.0019357785785930803,7.007725669132479e-05,0.005352748740473259,0.9693483959256777
314,0.19290534626451622,0.052189766970041775,0.00042833715290346093,0.07379560960164804,0.6806809400108905
315,0.08724444688970676,0.009998882828413396,8.180655551025567e-05,0.09220286638788998,0.8104719973384796
316,0.08044604620320267,0.018502814149102615,0.00028392127980010016,0.1409951853264099,0.7597720330414847
317,0.31572751768342966,0.03598200265570672,0.0003526335216882947,0.4716242071773617,0.1763136389618136
318,0.12693772866811767,0.03460945476454113,0.00014021302576610906,0.7653381976726379,0.07297440586893716
319,0.06649440869818235,0.05888758418644333,0.0006945954125729335,0.5095483239790636,0.3643750877237378
320,0.05453014531817092,0.140316418763129,0.016973921997657335,0.179754274723895,0.6084252391971479
321,0.1271902757682805,0.13623033114481473,0.010194317062048945,0.6344345606510254,0.0919505153738305
322,0.017521815859537715,0.04608813906770276,0.004780125898962635,0.011865011047913957,0.9197449081258829
323,0.17907811505631163,0.2873190474668637,0.0025383884824016567,0.11946358681114547,0.41160086218327746
324,0.13482357400772194,0.19590781128847615,0.004579210625501957,0.06836151848408384,0.5963278855942161
325,0.122825437045834,0.07240772789078384,0.0020444146163971326,0.038239529783264066,0.7644828906637209
326,0.020922647046412175,0.05795927766333339,0.0028779800926732584,0.003414666757611986,0.9148254284399693
327,0.010336207528619655,0.009724252570869367,0.0005156310783864142,0.0025702378747408062,0.9768536709473837
328,0.0012101856194503828,0.0033508120103271526,0.004707241512881282,0.00021589949321593023,0.9905158613641253
329,0.00033037019484022666,0.0005691720135276439,7.419429448789361e-05,6.951635110892122e-05,0.9989567471460354
330,0.0033427428741083795,0.0023653611952611504,0.001975975928661971,0.0008568293321689241,0.9914590906697995
331,0.0005926050970007557,0.0006444117417813312,7.652276083413203e-05,9.154931571330649e-05,0.9985949110846705
332,0.0009349104096506722,0.0005709364316522377,7.628675534410979e-06,0.00012964996831961472,0.998356874514843
333,0.0032453333720188307,0.0010780124540880297,1.9007788937951358e-05,0.0006195760984002026,0.995038070286555
334,0.011416743148187598,0.0031865951580818015,4.0771332863638033e-05,0.0017567520467588224,0.9835991383141082
335,0.017256039401715807,0.005201069864428899,4.267062799834033e-05,0.004469980122166551,0.9730302399836904
336,0.012036319318038613,0.009319628094317646,4.886712867711077e-05,0.003037644880550052,0.9755575405784165
337,0.019169674776615454,0.007938056470556055,9.93377009467945e-05,0.004519365677220592,0.9682735653746611
338,0.020416066682708213,0.006984056876980001,6.67761082642708e-05,0.004463658347228638,0.9680694419848189
339,0.007906754996609321,0.005847344776609767,0.00015343894333779315,0.0032027028102867687,0.9828897584731564
340,0.008965244030451245,0.0026919053953496277,3.8159045999680795e-05,0.006255282014236761,0.9820494095139628
341,0.02522240153590061,0.007164800456481772,0.00012808427001880806,0.012466015702893409,0.9550186980347054
342,0.030370894795920884,0.0076170003627239165,0.00017303153880472263,0.006215994164981202,0.9556230791375694
343,0.1744899606336519,0.011221982332699285,0.0005543485916947427,0.011817887021297085,0.801915821420657
344,0.24003139230460838,0.025766963521646744,0.0007684921586450052,0.03335824507339308,0.7000749069417068
345,0.1768828092288559,0.038537940519217065,0.0007008135530354863,0.032109446172469816,0.7517689905264217
346,0.10901233259292725,0.03320722054043963,0.0003753896968597271,0.032787551302790735,0.8246175058669827
347,0.30819883293169087,0.10080869332530826,0.0005529953435534225,0.15335875141826233,0.43708072698118505
348,0.0582450268307778,0.018275688424147545,0.00021033886884424722,0.05493766824451067,0.8683312776317198
349,0.1444040642912543,0.045688579977365626,0.000673776365800108,0.12214783011404119,0.6870857492515389
350,0.19081215372542337,0.14153802808278934,0.0004241713807572846,0.21770646038450361,0.44951918642652644
351,0.3064841187093863,0.07319314649053525,0.0004263575860741721,0.24945988546609807,0.3704364917479062
352,0.02840740562044483,0.030362996602383754,0.00024619784383489787,0.033144821835563214,0.9078385780977734
353,0.13187896716266934,0.07915290581507269,0.00316311956365428,0.13699166789210965,0.6488133395664941
354,0.23932389630405188,0.26819701875575125,0.004356694569064932,0.32453186868848016,0.16359052168265184
355,0.04382120501880073,0.037675951291431496,0.004687514092686217,0.09400981793960761,0.819805511657474
356,0.15356545991006626,0.07437688249666968,0.004379745137226688,0.3072511319243983,0.46042678053163916
357,0.08590665952795587,0.07089901826222382,0.006789783209525997,0.15518525891256324,0.6812192800877311
358,0.09840690934788575,0.06008538367315419,0.009574614891617329,0.31806674188085743,0.5138663502064853
359,0.05016940135346932,0.0215437830105964,0.001276840488483481,0.13312709549597512,0.7938828796514756
360,0.3338921752092099,0.03905400225528833,0.0015126724131212402,0.4315281350915655,0.19401301503081514
361,0.10915868415395319,0.04491883097711125,0.0011422595380829676,0.44635103714745245,0.3984291881834002
362,0.196672084607581,0.11540248143010555,0.002197740697846239,0.40881924445314916,0.276908448811318
363,0.06882032726427231,0.08937284240152146,0.0008420793595314365,0.33677031798351464,0.5041944329911602
364,0.10318656222005491,0.04968128398844115,0.0006829836532159288,0.2739845113653498,0.5724646587729383
365,0.045393617175172415,0.048979309387923824,0.0014043925242542314,0.0460962088898459,0.8581264720228037
366,0.035767201107950786,0.007582399603057451,0.0006057281151661476,0.026984344037424328,0.9290603271364013
367,0.15689462057113918,0.019633512361909897,0.0003656379222975958,0.05952475978189095,0.7635814693627624
368,0.2317555713410634,0.03732357323833609,7.418263481447447e-05,0.13457205611916595,0.5962746166666201
369,0.09055452114760673,0.06978162578309913,8.583876955585436e-05,0.18268734980396475,0.6568906644957736
370,0.1405959675659724,0.12302030176877948,0.00017257325720345458,0.2568048991066168,0.4794062583014279
371,0.1046493616042974,0.039446755918399384,8.525647231525422e-05,0.5568916545986051,0.2989269714063829
372,0.05819536486113937,0.038757905198093925,0.0004359761053291222,0.1357483493054025,0.7668624045300351
373,0.22924702529402574,0.05479896199670462,0.0002155639352867164,0.3868726585726754,0.3288657902013075
374,0.11666112147448504,0.12576354245219576,0.000940279920549485,0.38564314248390474,0.3709919136688649
