epoch,N1,N2,N3,R,W
0,0.0968077192111005,0.003970843219211996,7.79437627329711e-05,0.006715645496870472,0.892427848310084
1,0.46688172628841174,0.032402821866407375,0.0002525327574547238,0.017653559485238293,0.48280935960248783
2,0.6278408651504415,0.20237125448204854,0.0007390194915978856,0.020916239774797202,0.14813262110111486
3,0.36421651405498806,0.05993168063099518,0.00019672274895572345,0.017244708216857453,0.5584103743482036
4,0.6557371051134387,0.1600654165758699,0.0004697847038528129,0.07501836433212877,0.1087093292747097
5,0.4116634272451729,0.2655210738572211,0.0006685430359954157,0.012462494946920191,0.30968446091469043
6,0.6702566138316544,0.0911897047820787,0.00034877698767344506,0.022202165152857504,0.2160027392457359
7,0.40674312132168894,0.2673228167689851,0.0009115511272549381,0.013537019636142915,0.31148549114592805
8,0.42786342875557487,0.4040882082236976,0.0028851974071093284,0.024414226528779698,0.14074893908483851
9,0.15352600644772285,0.7160105550906489,0.003791450942615697,0.010919576418856878,0.11575241110015563
10,0.08042601479293082,0.6574794324435225,0.006110664510132888,0.0049411503909624135,0.25104273786245135
11,0.0014127298958659367,0.0011752785055049563,8.647073208254123e-06,0.00017175258572889012,0.9972315919396919
12,0.010937660921172938,0.002655538763999235,9.362538194821855e-06,0.0008972244337868714,0.9855002133428461
13,0.019406059623314986,0.0020729746693472066,5.2129798214495715e-06,0.00041781276025968446,0.9780979399672566
14,0.44512663448160306,0.04750500131232743,0.0003684529732486557,0.008049865124364236,0.49895004610845645
15,0.2676841868718937,0.26840919617372017,0.0007801085638545582,0.021698185426099775,0.44142832296443163
16,0.0005590862989752797,0.00015577940601917178,1.4981931338503193e-06,0.00012176292171776454,0.9991618731801538
17,1.2990392637266588e-05,4.138687354795986e-06,9.841748838285606e-06,6.116970666460332e-07,0.9999724174741029
18,0.000997959010836149,6.19301748054975e-05,2.985477608791788e-07,6.750900489519908e-05,0.9988723032617022
19,0.0026421754088147517,4.686493112963726e-05,3.503360981564006e-07,2.156525852487096e-05,0.9972890440654326
20,0.0019794908331382615,0.00013044202708297026,8.976401627538813e-07,7.836607117968777e-05,0.9978108034284364
21,0.005101524505171628,0.00022929883739862688,1.4829386212300032e-06,2.892444425433769e-05,0.9946387692745543
22,2.371187051434442e-05,3.1244677167246893e-06,2.633681407350291e-05,1.0856039208412306e-06,0.9999457412437746
23,0.0002727590395413456,5.108593973961274e-05,1.4554707846240305e-06,8.307330141425084e-06,0.999666392219793
24,0.0006832338290795987,5.407490085327421e-05,9.681631558518462e-06,2.1904518185678844e-05,0.999231105120323
25,0.0017782132123504448,0.00011517096009388262,1.6548932297109935e-06,3.702356325194567e-05,0.9980679373710739
26,0.0021668423897255374,0.0001496423978610801,2.7551057488187096e-06,7.02614874636644e-05,0.9976104986192009
27,0.0019149587217059223,0.00025925751236829524,1.6903874560276622e-06,5.251150055901633e-05,0.9977715818779107
28,0.018476213576126027,0.0006799373613025157,1.0717376548421723e-05,0.0001915437425751423,0.9806415879434479
29,0.02972923101021175,0.005684336569423938,3.9917770202672254e-05,0.00038678179428080605,0.9641597328558809
30,0.030989512013106398,0.0038788843538085497,3.285879310852814e-05,0.001038251340579492,0.964060493499397
31,0.002547521925830261,0.00036761160340222353,4.900873005667571e-06,0.0004158769886335305,0.9966640886091285
32,0.015754052236702915,0.0017300047590286531,1.700743699890121e-05,0.0008634609706109544,0.9816354745966586
33,0.059222434631467986,0.001523611563263467,1.8385940415562705e-05,0.0015430348237102736,0.9376925330411428
34,0.043319699437339626,0.0007902306926590265,8.061542827711998e-06,0.0007708132096464778,0.9551111951175272
35,0.033471297865287984,0.0018727284801133596,2.7769261473761033e-05,0.0005704803898318704,0.964057724003293
36,0.5110485984217789,0.013107790578767932,4.9016572409845935e-05,0.0035788433384739003,0.4722157510885694
37,0.3834662839177736,0.03231928504690027,9.1637531157581e-05,0.004202592188102177,0.5799202013160663
38,0.31696335232898637,0.594594506910271,0.009870097835654621,0.0086847959512408,0.06988724697384724
39,0.43351184805313175,0.5108025166682357,0.001484725953033972,0.0312667573066842,0.022934152018914314
40,0.45312219998576975,0.37005982985860464,0.0007307196124448431,0.06967060123875479,0.10641664930442592
41,0.3128358145111477,0.5482947120161344,0.0008471376930910592,0.06423056481652452,0.07379177096310229
42,0.1221214160932922,0.8408970972628245,0.002186258840477234,0.006574723627453615,0.028220504175952493
43,0.1441691561475091,0.7714838249665241,0.002702359376584562,0.04791879329229461,0.03372586621708774
44,0.2727528616718176,0.6752105683366396,0.0015016781382178014,0.01898616228227894,0.0315487295710461
45,0.28985629801063917,0.6449059590516365,0.0015774274378006724,0.02415097819059585,0.03950933730932789
46,0.2118730285402003,0.7575018606478261,0.002246898305226668,0.004940907793227189,0.02343730471351979
47,0.3321547815807983,0.6041782992801352,0.001588385481371348,0.005119776212262343,0.0569587574454329
48,0.23869173450975795,0.7047887795251764,0.00354690375885139,0.0070563816089825255,0.0459162005972318
49,0.07336669524884046,0.8817253403868938,0.016018133952870345,0.0014088071991873246,0.027481023212207994
50,0.40530485619160095,0.42299909064075714,0.002474383115237186,0.02210539706136271,0.1471162729910419
51,0.06159995904367459,0.768717794175768,0.034191403827684735,0.0025145957722577314,0.13297624718061474
52,0.008760957678110349,0.005119101499157007,1.4737670424267506e-05,0.0005362726620037222,0.9855689304903046
53,0.13141230857121328,0.4445375267596473,0.0015711448617807245,0.0018525632763213512,0.42062645653103736
54,0.007225923798359212,0.004375947283388136,8.429676546599478e-05,0.000151025789231077,0.9881628063635556
55,0.002380005149719527,0.0006823050601250751,1.1527125364285999e-06,9.445535864222978e-05,0.9968420817189766
56,0.0010850130997840347,0.00022221501626255822,8.609977386566684e-07,8.892544878798967e-05,0.9986029854374266
57,0.020450131588174544,0.0003695627333032671,3.220033899755832e-06,0.00010936071598654391,0.9790677249286358
58,0.028168643620684376,0.0008543892231582281,6.680433622433989e-06,0.0002794953286051543,0.9706907913939298
59,0.020053061311195268,0.0005374309082653888,6.7154405511365395e-06,0.0003041969602088223,0.9790985953797794
60,0.4672451637363517,0.006967196693225848,4.702513069370771e-05,0.0011906979517163788,0.5245499164880123
61,0.6655623911912681,0.09494638775801247,0.0011565354544991902,0.003828534749503763,0.2345061508467166
62,0.7598925967156639,0.1747061852470827,0.0005216841506072067,0.007408996354287689,0.05747053753235856
63,0.2791842067933278,0.673175996550431,0.007131494621005085,0.002620659833851478,0.03788764220138469
64,0.4293053617597693,0.4796584140091726,0.0008234503482749412,0.013005639549941102,0.07720713433284199
65,0.2142920810693136,0.7543818251115518,0.005709807369506995,0.003604608879726182,0.022011677569901158
66,0.03886997460717593,0.9422594494881517,0.007160893844790752,0.0044377177186010735,0.007271964341280646
67,0.04610317015971293,0.9380959831732645,0.00549573371836058,0.003928398883484823,0.006376714065177203
68,0.07224015413282332,0.8999556606949408,0.008783182939132685,0.009297943945826639,0.009723058287276595
69,0.011804997761646068,0.9386549332516771,0.03954725915314594,0.00437157029035573,0.005621239543175125
70,0.03616191968911504,0.9277459203466868,0.00786630320387383,0.020395576806822857,0.007830279953501605
71,0.12916299419356242,0.8051307932312259,0.0015602930248980844,0.003431928382801434,0.06071399116751217
72,0.2897108088541426,0.11788534749117902,0.00021027620224399511,0.0023579110239272997,0.5898356564285071
73,0.566799477627795,0.4144645398138339,0.0007617624369776839,0.0017536158501499882,0.01622060427124334
74,0.23340009891089036,0.756502739309712,0.0027110803624480683,0.0004735595889706631,0.006912521827978925
75,0.10207859681103597,0.8853718585033669,0.009173140902369172,0.0004177160752228066,0.002958687708005111
76,0.0174981577598145,0.9669207636631871,0.012132516572201582,0.0011699932578878858,0.002278568746909055
77,0.026921994940528004,0.9569264994009992,0.006756990003765525,0.004385456514370347,0.005009059140337071
78,0.006083287312585687,0.9745006991942824,0.01630045309432521,0.0014123696721684046,0.0017031907266382034
79,0.0718985831040846,0.9130793566752354,0.008118340079345771,0.0013192096172471074,0.005584510524087184
80,0.01664006325767285,0.9654442553776342,0.014842664185665091,0.0004177524371831994,0.002655264741844544
81,0.009078933123073767,0.9000938698925195,0.08796700699660431,0.00023272673091224988,0.0026274632568902673
82,0.05751895441143596,0.902140836272895,0.0335441467037993,0.0006795301434855007,0.006116532468384477
83,0.004022807933256495,0.9329925731120575,0.06040598028096954,0.00019054840263611392,0.002388090271080201
84,0.011635069284282746,0.9723002078263044,0.012938377321650102,0.0006319772523926724,0.002494368315370201
85,0.002247633508485746,0.875367609484024,0.11951118568354009,0.00012416530293712585,0.0027494060210128905
86,0.00565740972529183,0.963853614243914,0.025634125113481655,0.00047732675284690074,0.0043775241644655625
87,0.024203713412784097,0.9342533847653955,0.036888517087127405,0.00035058298081256143,0.004303801753880357
88,0.0025977291702853887,0.9398496251917576,0.05510756786452491,0.00013455374362742774,0.0023105240298045885
89,0.0029964368985931364,0.8259088479448561,0.16842883715649395,0.0001490318396652588,0.0025168461603918392
90,0.004819560726908192,0.8527714663686976,0.13994668246277028,0.00016436752790056333,0.0022979229137233548
91,0.004487661824584076,0.851281953431679,0.14004205506180606,0.00021683224200064758,0.003971497439930171
92,0.0037808934004651905,0.8062902282474376,0.18767603585613069,0.00022141070405475553,0.0020314317919118063
93,0.0024602860320197904,0.7028895328362689,0.29326891326137633,9.528629886875781e-05,0.0012859815714661791
94,0.001005023106293536,0.7304574988881273,0.2664629104357957,7.951354451820002e-05,0.0019950540252651533
95,0.0026462362459876636,0.8792922223583911,0.11538726721679503,0.00010135780327685779,0.002572916375549391
96,0.00043274458220688767,0.39477092569643424,0.60327516737848,3.051958090962963e-05,0.001490642761969192
97,0.0007595784244600576,0.7082730537669941,0.28779145979119686,0.00010619542335017274,0.0030697125939988714
98,0.0013946372575814072,0.23557452942092616,0.7597802382896913,0.00011351506271240828,0.0031370799690887477
99,0.0012048066508655443,0.5452382496693582,0.4485308045543515,0.0004970643216703271,0.004529074803754432
100,0.007408962865101033,0.5794647708862947,0.34909454516107075,0.0006641201816513536,0.0633676009058821
101,0.004632562822284269,0.007605349882829517,0.0022169125447046856,0.0001405906116868457,0.9854045841384946
102,0.11256191588203777,0.041835300143455816,0.00011236666955064816,0.0014249512881925439,0.8440654660167632
103,0.741485416676839,0.19264165092920635,0.0007065978750435342,0.003658932834322912,0.06150740168458814
104,0.5993772071402397,0.3676020272322894,0.0028895323542079375,0.0038762917988830756,0.02625494147437991
105,0.09687927458445529,0.890666953027245,0.004417864854022408,0.0042182121861943575,0.003817695348083143
106,0.11552918125715528,0.85586905951509,0.009433055799224387,0.011050145684869474,0.00811855774366101
107,0.19963105530391878,0.7303067575103429,0.0024581070532665966,0.027243429748072652,0.040360650384399004
108,0.08330060882648715,0.8849924302280334,0.01061767126270537,0.01023531547364328,0.010853974209130847
109,0.1930333264945129,0.7659617521549469,0.003184777695576218,0.023354739587225715,0.01446540406773835
110,0.37628344441628586,0.5233080026499273,0.0036474754731129354,0.05728436001598513,0.03947671744468885
111,0.18673412079173235,0.7376112621315386,0.005742579150802143,0.05461444199598325,0.015297595929943716
112,0.15486471785439235,0.45146445366480853,0.0019761840409386225,0.018621895608562127,0.3730727488312985
113,0.24393569782967134,0.07595371896341803,0.00010351506363570634,0.06593387334757957,0.6140731947956953
114,0.13371777727831616,0.7674871505808503,0.009021391475935387,0.018665236843860202,0.07110844382103809
115,0.10556097635923513,0.021564571405371404,2.362960637158208e-05,0.015223718215214543,0.8576271044138074
116,0.16753648692019016,0.5861619577607304,0.00134458586207676,0.018499136874700787,0.22645783258230173
117,0.0036969879424638935,0.0028648431617823264,3.908226302017888e-06,0.0021624689641942777,0.9912717917052575
118,0.02173537571139955,0.0031692878207152894,2.8835418467370495e-06,0.006183714243056755,0.9689087386829818
119,0.017145116430140845,0.0025217538184375728,2.4994340009528224e-05,0.0026848020104107417,0.9776233334010014
120,0.08818853611963297,0.0009125852953248676,2.8842274751755536e-06,0.000872361223675201,0.9100236331338919
121,0.04465422989907997,0.0005472852585859411,1.855087754539406e-06,0.001136494080480933,0.9536601356740987
122,0.06757495043289972,0.004066172046785548,8.463957931096938e-06,0.002309942743762629,0.9260404708186211
123,0.8121071918781398,0.012678489855941366,3.646551596686167e-05,0.007485343658209419,0.16769250909174252
124,0.655926108385245,0.09661290036997486,0.0005634500261265683,0.05530478219068528,0.19159275902796835
125,0.6185494863178795,0.20000577506908446,0.0004098010249285478,0.10628878983454167,0.07474614775356586
126,0.4608482889211837,0.3817066378590157,0.0011937269919917687,0.10332037351541842,0.052930972712390535
127,0.051653247673099256,0.9111819082750358,0.0056659126381086965,0.024287519415393668,0.007211411998362725
128,0.10314928099352662,0.8443442762195262,0.005393550387994316,0.03524474428260018,0.01186814811635272
129,0.18489666559926143,0.7468482201061045,0.004157449879003083,0.04762061195361487,0.016477052462015973
130,0.04286962559549618,0.9333345095972047,0.010233122342622244,0.008125470301372797,0.005437272163304204
131,0.034933757318722294,0.9194713750685957,0.02322922680848667,0.012161048341582329,0.010204592462613193
132,0.09075584748475518,0.10086330538107846,0.0010462045187759794,0.006489407975465637,0.8008452346399246
133,0.6017617137145795,0.2222598692058819,0.0015718899256983985,0.020724203941321434,0.15368232321251865
134,0.2502843689134183,0.6491145254628026,0.029891848182235673,0.009750736828101613,0.060958520613441966
135,0.29038829565671487,0.6205025638184205,0.00811420261793834,0.009407915617888661,0.0715870222890377
136,0.1196336406704595,0.8142182376310766,0.003578132490672096,0.019531262120218915,0.043038727087572906
137,0.18937799079977807,0.5301029937566628,0.0019210823894665226,0.061164844357219354,0.21743308869687328
138,0.0001971254517205662,0.0002704050428826933,0.00010966690323765878,8.377974486814942e-05,0.9993390228572908
139,0.001794596509409751,0.0003584243739942518,3.4785758960672657e-06,0.0005474645355159586,0.997296036005184
140,0.002741710860082309,0.00015926147779762965,4.9426061029562555e-06,0.0005978135827451943,0.9964962714732719
141,0.001652096417747333,9.141358990538128e-05,1.5814120489919604e-06,0.00023109606227590614,0.9980238125180223
142,0.0007790274465437287,6.744640615860362e-05,4.033082960151249e-07,0.00017183077728673298,0.998981292061715
143,0.001370002692762818,7.564127589325833e-05,9.21711087882376e-07,0.0005755005671094901,0.9979779337531466
144,0.0009743887807276008,0.00010222762814468086,3.0902979486467084e-06,0.00019571743292467813,0.9987245758602544
145,0.0013807799655695693,0.00011467282393434354,2.619426731954062e-06,0.0008921524658961655,0.997609775317868
146,0.0013827221611602755,0.00016941491549913077,1.7674984106107e-06,0.0009435587675111934,0.9975025366574187
147,0.0005060821926872193,0.00011043834405037576,6.847819742607943e-07,0.00047050973636853795,0.9989122849449197
148,0.00088459832713095,7.054720302574642e-05,1.1516839824721665e-06,0.00032457347145560035,0.9987191293144052
149,0.0006174277175020025,0.00013208099715596286,2.5113538960432917e-06,0.00022691200048464378,0.9990210679309613
150,0.0006716902768177161,0.00016606036621322337,1.615965005926231e-06,0.0005571605407835304,0.9986034728511796
151,0.0011895409937293096,0.00012427506785747634,9.097026772139323e-06,0.0013647474756115852,0.9973123394360295
152,0.0013211703205361978,8.837199268734828e-05,1.0113441818270743e-06,0.00118760129837848,0.997401845044216
153,0.0007403136064483188,0.00014187514745054257,3.960680417868292e-06,0.00015337700824003992,0.9989604735574431
154,0.00038998971229693593,0.00020136672193783137,1.583301888175746e-05,0.000271925543531808,0.9991208850033516
155,0.0010005026792536296,0.0001444927898363152,1.0487749719485564e-06,0.0005742985044467356,0.9982796572514915
156,0.0002201583954855979,7.453799525140673e-05,3.9361508222134966e-06,0.0001942533755024357,0.9995071140829385
157,0.0018820669061323807,0.00025018137051937547,9.133851045277897e-06,0.0020905228326417824,0.9957680950396612
158,0.00039742675773487955,9.179338798949175e-05,7.741880485303411e-07,0.00033330603119444477,0.9991766996350328
159,0.0011319748164081004,9.427374828542101e-05,1.7198052371317302e-06,0.0011361301945072024,0.9976359014355621
160,0.0008504039611590376,8.641242238516738e-05,5.765096430427637e-06,0.0009143727452056865,0.9981430457748197
161,0.0009693712696723616,2.225008384860506e-05,5.64225792161033e-07,0.0011758467791561763,0.9978319676415306
162,0.0027934989230310276,4.307770890267715e-05,7.808927726905794e-07,0.0015637788741916987,0.9955988636011018
163,0.001088632387682344,5.117389344594418e-05,6.068219346639954e-07,0.0005788851896862966,0.9982807017072508
164,4.103161592428169e-05,7.479470504755929e-06,3.2980343488587304e-05,3.423534395839044e-05,0.999884273226124
165,0.0004874823277418045,2.210344260192055e-05,3.2338886809580985e-06,0.00025461396839434046,0.999232566372581
166,0.00027612939758353403,2.6950446017754378e-05,1.1729761090087402e-06,8.640650200443726e-05,0.9996093406782852
167,0.0004922543110825842,4.302254191775919e-05,1.6723996553969846e-06,0.000387321383932483,0.9990757293634119
168,0.0013557075726116396,6.407207146530658e-05,1.3377849946860521e-06,0.00053187844081524,0.998047004130113
169,0.0005717393483326531,6.964397799964456e-05,4.047955175346602e-06,0.0002596765106537689,0.9990948922078386
170,0.0011048764129672564,0.00013814356444279675,5.273716417597206e-07,0.0006952806956970697,0.998061171955251
171,0.016787347175792236,0.000643752102782936,4.673261790132664e-06,0.011823248019772569,0.970740979439862
172,0.007526552466501662,0.0004209109877575748,3.6958952302967587e-06,0.0031743264344492664,0.9888745142160613
173,0.0062551349855881865,0.000210521474662314,3.291610075516605e-06,0.004171226374803811,0.9893598255548701
174,0.00383844093609727,0.00018665273579929304,2.136789446211658e-06,0.003413910787346846,0.9925588587513104
175,0.004681831788467151,0.00025103226633072954,3.600739889562561e-06,0.002311276179131761,0.9927522590261808
176,0.007112094856125599,0.00030908422648003107,4.652447995545803e-06,0.002004899037466478,0.9905692694319324
177,0.008367928813018954,0.0002476119299357351,2.0889297338281803e-06,0.000962360495426762,0.9904200098318847
178,0.04188520253178418,0.0011123009702615095,3.5126519394953996e-06,0.0014913289808427478,0.9555076548651721
179,0.0021357832298275216,0.00016495900663469668,1.4178558478079915e-06,0.00044059483282750346,0.9972572450748624
180,8.669587608636126e-05,2.807206059317837e-05,1.8946249985419742e-05,4.489195887299443e-05,0.9998213938544621
181,0.001673424643432865,0.00011493421106014716,1.1677863559107917e-06,0.00018210654469761768,0.9980283668144535
182,0.0006966521467348137,0.00011247946308056294,1.1428662897098571e-06,7.642571319010773e-05,0.9991132998107048
183,0.0014029301018256962,9.73726986193573e-05,8.10726850275407e-07,0.00014337056101193234,0.9983555159116928
184,0.011938528231778772,0.00027647598714185067,1.4035106341269129e-06,0.00047889684849566514,0.9873046954219497
185,0.003277725057806889,0.0005168418365267772,1.956504017911315e-06,0.0003530650057372008,0.9958504115959111
186,0.009067615672001185,0.0002749832520855553,1.5273458641659648e-06,0.0003663687277390095,0.9902895050023099
187,0.0005692660539736803,0.00035845968354396106,1.586556698806994e-05,8.479341906587972e-05,0.9989716152764284
188,0.00015494145080704872,3.303179116686426e-05,6.200768564655996e-06,1.188855522167382e-05,0.9997939374342397
189,0.003226728024805549,0.00011222426286576652,1.228658705427154e-06,0.00017293045201414566,0.9964868886016092
190,0.0035660150605313864,0.00025595651563920137,1.9512177204849454e-06,0.000143646470086562,0.9960324307360223
191,0.004552517749316996,0.0003452160626391378,2.1401587290619134e-06,0.00018504396554653636,0.9949150820637683
192,0.006044274932815934,0.0006197069759814631,4.2890802381125595e-06,0.0004565598171099934,0.9928751691938544
193,0.006479553197952995,0.00030822431718581826,2.13045383517789e-06,0.000923697564381125,0.9922863944666448
194,0.04551807865714094,0.0026042942740936636,1.415776760642425e-05,0.010265144045607872,0.9415983252555512
195,0.029135193582146793,0.0010286697198429973,5.707878968142705e-06,0.004523305944194132,0.9653071228748479
196,0.029283895281775343,0.0014634474038119475,1.5889172113787943e-05,0.0026850863830768343,0.966551681759222
197,0.014496537112564491,0.00040165539722169266,5.327785593602114e-06,0.0011905851462935342,0.9839058945583267
198,0.017622767300257795,0.0007203953517045908,5.968095004784921e-06,0.0021559750198633034,0.9794948942331695
199,0.027583647669963032,0.000898022117301773,3.817957584693417e-06,0.0010455546673639445,0.9704689575877865
200,0.5912894377621849,0.040304814303309504,0.00010212689819119878,0.011628651257499132,0.3566749697788153
201,0.0021300891630932736,0.0009221307134132767,2.5486632977037916e-06,0.0004104704629921852,0.9965347609972035
202,0.0013996268894936963,0.0009064201823865849,0.0002882740929199187,0.0001632062503747194,0.997242472584825
203,0.0002565656186027977,0.00014492614664998502,2.1603693623971058e-05,5.0110900758201365e-05,0.999526793640365
204,0.0014105933199475905,0.00010849010427815482,7.04485639328218e-07,0.00014938085378093713,0.9983308312363539
205,0.0023825415421239227,0.0002295977894829366,1.0842738483686918e-06,0.0002580279259818615,0.9971287484685628
206,0.00536629781189597,0.0002603797284492628,2.039153350796196e-06,0.00040775438148074605,0.9939635289248233
207,0.001802000617080005,0.0008740843455097335,2.1805011998082523e-06,0.0007251804206348085,0.9965965541155758
208,0.004389453653163084,0.0005008146205400488,1.7209933786813106e-06,0.0004103214071919959,0.9946976893257263
209,0.03195742427372144,0.000910187996910648,4.953442669571034e-06,0.001975521875641014,0.9651519124110574
210,0.0045246884704194835,0.00029720107058096715,6.826118973041452e-07,0.000626902043756986,0.9945505258033451
211,0.002036516486596036,0.00016726090427227722,9.540378973032042e-07,0.0008879805124893122,0.9969072880587451
212,0.019683332205999306,0.00068423194022938,4.074084657307921e-06,0.0056833171096777445,0.9739450446594362
213,0.021520026433810943,0.001191015648622844,5.301335526506232e-06,0.003904125206903874,0.9733795313751359
214,0.012235412302037535,0.0004214300548074965,4.0534973159728605e-06,0.0027615038853189104,0.9845776002605201
215,0.07483881248541327,0.003074336306017369,8.02431569931835e-06,0.006405490739107713,0.9156733361537625
216,0.0024128280748037436,0.00046377139306977375,4.764094791324906e-06,0.002045130256589258,0.9950735061807459
217,0.0031581899093735513,0.00018402005431776984,1.3523352078127468e-06,0.001200377832312634,0.9954560598687882
218,0.004359469377103899,0.0001706821912968419,1.3685307959191516e-06,0.00101938788920732,0.9944490920115961
219,0.00550766824546318,0.0001965970016508539,2.787294953574788e-06,0.0007349765653799833,0.9935579708925525
220,0.017502546905860953,0.000600935668295096,8.614818639869004e-06,0.008064218693021,0.9738236839141832
221,0.11973436541335165,0.0015832627261225208,2.0431301470334368e-05,0.0131170839732609,0.8655448565857946
222,0.13335979050985458,0.007228150666150419,4.118245580788642e-05,0.018451266271218392,0.8409196100969687
223,0.01774227671765177,0.0005169840983873386,7.069909169434244e-06,0.0038921466517509154,0.9778415226230405
224,0.4737113785862167,0.022974713740487276,6.685422091934077e-05,0.0186579312881386,0.484589122164238
225,0.818116040471115,0.0577995449884084,0.00019237804465466082,0.03672859774760873,0.08716343874821315
226,0.15132410670179305,0.7983265704011863,0.009863339849480707,0.029477397872613584,0.011008585174926429
227,0.10285770418105222,0.8625667262486715,0.002036925135764915,0.026356581352529364,0.006182063081982123
228,0.03970282956135696,0.9266019468795518,0.01250099256559095,0.014208586721917523,0.006985644271582947
229,0.01975537713362033,0.9527015010455102,0.005146583233370688,0.019043359158040743,0.003353179429457994
230,0.05371212835116183,0.933842268257779,0.003989922243570846,0.0047214180468802,0.003734263100607832
231,0.004903020170122858,0.9749698823058035,0.016117630686004983,0.0024176752412161787,0.001591791596852587
232,0.055307178647989445,0.9237311879144837,0.004369058304638486,0.014681089920363348,0.0019114852125251688
233,0.011960474624476579,0.9755685740833419,0.0030333978531858017,0.007788200176483443,0.0016493532625123512
234,0.006941342008962363,0.9485623136962295,0.02562930415848829,0.015260310791747798,0.003606729344572052
235,0.030915750351156734,0.8943471599481484,0.004350143134535088,0.06734968048869795,0.0030372660774620718
236,0.012922919671216905,0.8580635793984397,0.010982774536619168,0.1136131454859792,0.004417580907744901
237,0.0067095995939156,0.9364737529098766,0.006679387283666613,0.04657212950844233,0.003565130704099001
238,0.15558511778015374,0.48942459906977664,0.0005076594225729044,0.29341381140204514,0.06106881232545177
239,0.008832327835782182,0.009933205384556948,0.00011357189981932069,0.008314727127107652,0.9728061677527338
240,0.36782562951772546,0.029082709045585606,4.073630511403163e-05,0.091775966465986,0.511274958665589
241,0.7339073155222813,0.1592068711369107,2.8565271747195596e-05,0.04281078963204339,0.06404645843701733
242,0.6723184499047833,0.2750639568938115,0.00011578835138506163,0.04119558187528656,0.011306222974733642
243,0.43377601407939886,0.21012804386106543,0.00012502626871894017,0.3386799080789391,0.017291007711877738
244,0.04192237307716858,0.8229349006269041,0.0008417205663079551,0.12707907165138443,0.0072219340782347504
245,0.14153562597192818,0.16267372316598566,0.0004297245103988707,0.29130060886023557,0.4040603174914517
246,0.27282873626029214,0.35112375796947715,0.00012826043780027956,0.3161208310478611,0.05979841428456932
247,0.2729898948693727,0.5620431907382567,0.000645756947161177,0.1497154766885274,0.01460568075668192
248,0.33153355633170817,0.5967381238265059,0.0008658587785537932,0.044777633469541715,0.026084827593690397
249,0.04843166482435702,0.9393604463549698,0.0005744203681797572,0.008075369521609452,0.0035580989308840265
250,0.3083231012297823,0.5724181420357839,0.00031437524387047317,0.07770696023716145,0.04123742125340184
251,0.038189288223644216,0.9360402356549441,0.0015454806395126365,0.020806673195611313,0.0034183222862877536
252,0.19610077507942536,0.7001659218205539,0.0009557083006981383,0.08752962148209936,0.015247973317223062
253,0.026547119323163577,0.9448114528787065,0.0008842145103725968,0.02467471044067102,0.003082502847086102
254,0.06306998033975578,0.7769078838190457,0.0006690520455597047,0.1502270325992724,0.00912605119636652
255,0.19635329898148626,0.2628923831453676,0.0001264099734049976,0.5098377395652434,0.030790168334497735
256,0.018091629891181238,0.9672733860215542,0.0017999320180561193,0.008999096609575092,0.0038359554596334
257,0.13789769034239815,0.06396023209984697,7.461903196335628e-05,0.18084242764252514,0.6172250308832663
258,0.23690412618845746,0.046510597607968246,0.00016119509315047157,0.09983952400913271,0.6165845571012911
259,0.3627990824104453,0.4985648375556311,0.0005432243856748926,0.07294488960944615,0.06514796603880259
260,0.15283524185188854,0.015822227953315702,1.5999686355596737e-05,0.024648312531526273,0.8066782179769137
261,0.6469748661059411,0.05067549974470147,3.6163488879926856e-05,0.052099171376334956,0.2502142992841424
262,0.4099558127894767,0.4324063969297723,0.0003117555200571879,0.14120256522147873,0.016123469539215105
263,0.4430223411385452,0.370506943880076,0.0003250651392631576,0.17169906132483542,0.01444658851728025
264,0.2103669466838044,0.32495565493881473,0.00024139738668917335,0.42461401170987123,0.03982198928082048
265,0.1496471195406406,0.6116941647020293,0.0010267668271498182,0.22168402041150692,0.01594792851867336
266,0.28357361078889987,0.4342489830177288,0.0014034208318125883,0.21370969833269673,0.06706428702886211
267,0.15430448659004195,0.7143599403801678,0.00043741460954889363,0.10841757020194277,0.02248058821829862
268,0.07522883688884598,0.8765824882346727,0.0034642658569586475,0.03933734240642226,0.005387066613100643
269,0.36668683449224976,0.48629900991686387,0.0003747947548467129,0.04162854899081039,0.10501081184522917
270,0.23868528741884643,0.7127801279251846,0.0013568746434363525,0.03385773435143386,0.013319975661098677
271,0.150889223792464,0.8307337024606614,0.001175294425845792,0.008450827439668452,0.008750951881360377
272,0.07344896697450222,0.9133285382626916,0.00287799526519334,0.002989876275282855,0.007354623222330048
273,0.02318261193351739,0.9630202962488913,0.0071982942179188636,0.0034342845032976238,0.00316451309637502
274,0.22424341054635796,0.7395232881578884,0.0012387240534827261,0.021108092813919038,0.013886484428351737
275,0.014748569895898449,0.973519354577125,0.004712930993931583,0.002884648671216204,0.004134495861828717
276,0.05991693148833444,0.9121673924447913,0.006272113904851437,0.010953024963792543,0.010690537198230236
277,0.05980237037308843,0.9251595492874718,0.00481757517935641,0.006231697454413615,0.003988807705669782
278,0.04794007843758466,0.9298281269564771,0.0053725400173114096,0.011519303063973852,0.0053399515246531516
279,0.1661699708053012,0.13647011755002209,0.0003490808000087203,0.01071335135142507,0.6862974794932429
280,0.35725373491729184,0.558155077024233,0.0021051155380540955,0.0592939926509239,0.02319207986949715
281,0.07252249324383249,0.07428376295498064,0.0003037944879061608,0.003677443785503717,0.8492125055277769
282,0.6862807923565309,0.027202908012049793,9.095372694960332e-05,0.015101567726590992,0.2713237781778786
283,0.15844125821942426,0.7770946261036137,0.00448216072445043,0.006326561195760007,0.05365539375675167
284,0.019599012862327705,0.0266989656114301,0.0008146506094264978,0.0012537923120673525,0.9516335786047483
285,0.17527809074453826,0.012362413830343076,3.9452006576569436e-05,0.012875017773380829,0.7994450256451613
286,0.06305951969472808,0.007918087730759079,1.6174039769768802e-05,0.0035299198155186087,0.9254762987192245
287,0.7091129678298769,0.24826848327001372,0.0009110875896438007,0.015944579284119784,0.02576288202634582
288,0.30453189169036105,0.6235233053571403,0.003912211939971982,0.04852737815408844,0.01950521285843836
289,0.05815406044843758,0.8927794794083559,0.003675751186772318,0.03773366202251646,0.007657046933917761
290,0.08974436106092877,0.07420466147485101,0.00021947555072302017,0.025407542359816754,0.8104239595536805
291,0.5749236721486647,0.24469601024798718,0.00027005382634597003,0.06325564886054358,0.11685461491645859
292,0.18975663318880703,0.7922559665412908,0.0019458164481266026,0.009521622222978504,0.00651996159879717
293,0.5301697579713567,0.4425334340389577,0.0012210787210695704,0.006790995681865175,0.01928473358675091
294,0.27571803920174986,0.7109114473142538,0.0008397967958951749,0.004137643277243367,0.008393073410857812
295,0.013018907680847798,0.9750083124466191,0.009436257125061381,0.0007297686250978892,0.001806754122373828
296,0.03549422671520338,0.9542151521850649,0.007844263781088056,0.000773496638576141,0.001672860680067524
297,0.003135408961215945,0.9662015513608504,0.02963347942103602,0.000495223582915963,0.0005343366739817752
298,0.0161532788031579,0.9708520944429508,0.009868347782671797,0.000844036692060958,0.0022822422791584354
299,0.002641246195406797,0.9804204620032283,0.01597251681613631,0.000371283132792672,0.0005944918524359647
300,0.004281354994465632,0.9499879620425079,0.043385705756351305,0.0006816422316669692,0.001663334975008303
301,0.0030735127063621637,0.9639747011475178,0.03147672780220625,0.00045686480775468,0.0010181935361588852
302,0.0038990886343955216,0.9447577513602055,0.04923447995206594,0.0005809137025453144,0.0015277663507877797
303,0.0022299751946098117,0.9233926666496352,0.07259813029365118,0.0005933243465239288,0.0011859035155800015
304,0.0018204830337516709,0.9100370066273791,0.08560038186982379,0.00088302232283228,0.0016591061462130513
305,0.0027676390221557583,0.4397740203938423,0.5543710914541101,0.001238972274804776,0.00184827685508694
306,0.2146217296317792,0.7476215406007699,0.015797772190830596,0.015744710937354058,0.006214246639266474
307,0.01211063356465897,0.930897043655427,0.053125110927137086,0.001084163675514751,0.0027830481772623877
308,0.009100918009013732,0.9266219089217094,0.06032594259943226,0.0008066306838786793,0.003144599785966075
309,0.007766276377161522,0.9167377087993144,0.07198366943393728,0.000970080333065485,0.0025422650565214465
310,0.008612449400771976,0.9527576287019576,0.02824623880693532,0.007653503674188995,0.0027301794161460973
311,0.14193992583530432,0.7600914810032294,0.010144921738063202,0.08008178100920717,0.007741890414195799
312,0.047810667202074976,0.8525340275869623,0.03395874931324005,0.055948560062663945,0.009747995835058688
313,0.03443330300937154,0.8048756006544338,0.01892238260887285,0.12467614621525133,0.017092567512070594
314,0.04120664156271893,0.22088711031662026,0.0020051668960891725,0.725538525635451,0.010362555589120706
315,0.005649129542926392,0.02465686050731868,0.0006057818544540811,0.9629872157248626,0.006101012370438251
316,0.00495411968509655,0.0014579333620687693,0.0002224937480795992,0.9666309841199804,0.02673446908477447
317,0.010766347054406518,0.00291989423183521,0.00011795673072900586,0.9727331399514118,0.01346266203161734
318,0.007530525214731683,0.0017780869250462875,0.00013332148178756548,0.9796452828696126,0.010912783508821956
319,0.011364807310382056,0.0011116555715772788,9.26165383021704e-05,0.9824809154641158,0.004950005115622615
320,0.003535525776356384,0.001351314095879023,0.0002259656799125472,0.9890778365769238,0.005809357870928234
321,0.01352277618623451,0.0013350660968744722,0.00022301405332012303,0.5596312706006483,0.4252878730629226
322,0.014644590378359303,0.0022795473096622327,0.00036590288627718574,0.34192297666563864,0.6407869827600625
323,0.04301544045720374,0.003697600247553838,6.597119120682886e-05,0.519300104390889,0.4339208837131467
324,0.37730823445248335,0.0038796064558035605,1.87576454093475e-05,0.3868464503637815,0.2319469510825222
325,0.5202420993902559,0.020403124322728297,4.001986363279421e-05,0.41558743011398863,0.04372732630939438
326,0.556386767748717,0.025532654791482656,9.613228237679207e-05,0.38033474027585457,0.03764970490156897
327,0.2448729542250293,0.08202010136750693,0.00014091827603567213,0.6427778453317492,0.030188180799678974
328,0.08529161400674024,0.18461745783709207,0.0014811254833756284,0.7200183567981033,0.008591445874688805
329,0.04785045690676474,0.08839779133488367,0.001043153603991715,0.8548673126146732,0.007841285539686698
330,0.07402967957540477,0.5758888597240226,0.010379187808203807,0.2914603907588877,0.048241882133480955
331,0.096092150674721,0.04881332801818789,0.0008260076970239522,0.2625693791069082,0.591699134503159
332,0.26944479478976463,0.34214164920440937,0.0014030470679477617,0.3629216143468727,0.024088894591005525
333,0.3314014621749612,0.37775987152235135,0.0013719711981670462,0.26691219557268797,0.022554499531832403
334,0.38491126428223976,0.42120064222278963,0.0009618704840996102,0.17991762996539976,0.013008593045471296
335,0.06517887169877967,0.7847930500347403,0.01008969427703754,0.11327360953640693,0.0266647744530357
336,0.2985341617731429,0.03765512461906987,0.00015473667116720524,0.2922527941393837,0.37140318279723633
337,0.3218033229639454,0.4071097005072194,0.0018965219763510763,0.24422477608866175,0.024965678463822274
338,0.4220648137340115,0.27317707460079704,0.001220952005001166,0.28507935177298177,0.018457807887208487
339,0.48692331562676167,0.30170350747563274,0.001384810654016631,0.1948620599613536,0.015126306282235501
340,0.27112975214106466,0.5940289303213381,0.006030154982273811,0.08653557304664583,0.04227558950867773
341,0.47580654276519874,0.3512627485534273,0.006246071782232668,0.1531391919117788,0.013545444987362504
342,0.2871988778762477,0.5353745502270997,0.009407324694767025,0.015564480923614203,0.15245476627827131
343,0.45895414893675923,0.11982224017182287,0.0005427553882334282,0.01942996282598639,0.4012508926771981
344,0.16910879053159658,0.8060795959666476,0.005024189845181201,0.011551413588177213,0.008236010068397475
345,0.27284158308677414,0.16424225597868178,0.0014907024684279872,0.014845279297592238,0.546580179168524
346,0.33793853739225593,0.6013985283846218,0.0051476587959804355,0.031019128669810228,0.024496146757331586
347,0.2579318802221149,0.10687055237554638,0.0017713280703006563,0.015976214183543665,0.6174500251484945
348,0.7005033776385865,0.20244783426894183,0.0025702669518140983,0.03403821312079414,0.060440308019863324
349,0.22489299670444302,0.018601065435234387,0.0015442251399520506,0.015750786156840262,0.7392109265635303
350,0.45575825613244003,0.24688752155201601,0.003079224907825131,0.025744168847408863,0.26853082856031
351,0.030231477675290594,0.008440009615877776,0.0001232010375277839,0.0054399064077413125,0.9557654052635627
352,0.7135113927568949,0.13749290781904222,0.0008000455093231903,0.015211399168079983,0.13298425474665967
353,0.2435210559268352,0.037706077242618055,0.0019206869550023947,0.009890089003328693,0.7069620908722156
354,0.7395219996935252,0.2226747617721165,0.0034484185597457775,0.014967912429733159,0.019386907544879425
355,0.4306916391605859,0.5184994857787485,0.010897456822732816,0.019750797463321663,0.020160620774611043
356,0.3445886525471292,0.6236557883436656,0.0027414325274993244,0.01034965096874655,0.018664475612959235
357,0.021081067622717907,0.9553342834231412,0.006395376231358299,0.01406442670157863,0.003124846021204025
358,0.37530379636212874,0.3689614208997422,0.0006012113324355099,0.028717683970498,0.2264158874351955
359,0.4531486679630399,0.4602372528805938,0.002298695626997817,0.05542089964995454,0.02889448387941391
360,0.1605483091155023,0.8013797950326335,0.0069417958366565355,0.018714569036260526,0.0124155309789473
361,0.45674381789451496,0.4599010190256932,0.0011525980835796349,0.018715743683012893,0.06348682131319938
362,0.5871797041366006,0.18062979671557136,0.0008851813702573414,0.04292814290013133,0.18837717487743944
363,0.09849772645901032,0.8258582004902355,0.003711349394520674,0.009623460192870399,0.062309263463362845
364,0.43972773643382335,0.1931206799334294,0.0003505842241565571,0.014824966076152003,0.3519760333324386
365,0.3575346335911276,0.6138510623192976,0.003127261947404,0.014032890203268892,0.011454151938901895
366,0.06257019346809248,0.7291925143343558,0.004252305315911846,0.011346949113364327,0.19263803776827543
367,0.6049751603881631,0.16246739689859319,0.0002625620917549975,0.022964387946099507,0.2093304926753892
368,0.21762898163741068,0.7335001135942399,0.004234189584603164,0.024167274148874204,0.020469441034871937
369,0.007051275226173625,0.008877764821123759,0.0013176820476456586,0.00459133033650752,0.9781619475685495
370,0.024614196246603996,0.003245801862516933,1.8120370307096306e-05,0.004316737444321441,0.9678051440762506
371,0.4117284151369929,0.2955675113933725,0.01698829769967053,0.04281598948290118,0.23289978628706282
372,0.050327614780801215,0.004173222144808923,3.630566361557242e-05,0.006359086754230582,0.9391037706565437
