epoch,N1,N2,N3,R,W
0,0.0974819855821988,0.00040737366564295047,6.0310980932299715e-06,0.002573621057022532,0.8995309885970425
1,0.07010580727887565,0.0008688148561718958,6.053568290165582e-06,0.003723231307121642,0.9252960929895407
2,0.0759011602157656,0.00027825220085589235,3.0181502020840025e-06,0.0023615329154988026,0.9214560365176776
3,0.0641024140068043,0.00046194890479744953,3.195217283010808e-06,0.0021117980288553216,0.93332064384226
4,0.010821565046083422,0.0003397106887595763,3.84277051207912e-06,0.0014107259718924953,0.9874241555227523
5,0.01122028705449909,8.870161216646082e-05,5.814238815470406e-07,0.0011712216127214633,0.9875192082967316
6,0.07808660937143405,0.00031830228265742927,2.545022065276489e-06,0.006999439422114039,0.9145931039017291
7,0.04310363031989471,0.00017058978504249793,1.3789053040483916e-06,0.0033119688572420688,0.9534124321325168
8,0.11590426413145308,0.0005658157446807344,4.4354366122996305e-06,0.003652668856172009,0.8798728158310819
9,0.0067672709608047705,0.00011966979107197608,5.997864950680628e-07,0.0008963355047640578,0.992216123956864
10,0.08596460252321844,0.00027636536870762215,4.125872487748676e-06,0.004403213298533435,0.9093516929370528
11,0.10008403210016101,0.0003478727054198443,1.9482183947130292e-06,0.003200307965744451,0.89636583901028
12,0.4324220937984569,0.0020423200964455935,1.255523126440687e-05,0.011874688945732341,0.5536483419281006
13,0.03194048322631389,0.0027485699496865136,4.529291474188849e-05,0.007163581902866153,0.9581020720063915
14,0.1134371004419403,0.0037842584413873407,1.0610872828897859e-05,0.003865997388763511,0.87890203285508
15,0.13103317211987323,0.0029438256837408237,1.1849571731350268e-05,0.0063387385995590795,0.8596724140250954
16,0.10674815917244072,0.0015093802115032791,6.88105752682795e-06,0.004034684034342074,0.8877008955241872
17,0.19379597391624043,0.006260576324157789,3.375349933409167e-05,0.00879919275967054,0.7911105035005972
18,0.33119624085725075,0.008807089405041263,5.833263456173124e-05,0.024695455739220298,0.6352428813639259
19,0.3367154624470243,0.010870695592929903,3.3254804735117936e-05,0.06560703418586905,0.5867735529694416
20,0.3283156453990026,0.006629998242019739,8.321368496252305e-05,0.06350133632778669,0.6014698063462284
21,0.10541457023458438,0.0019518088829539749,9.114427108825815e-06,0.009806803778129826,0.8828177026772229
22,0.7326662146633376,0.007203806015831241,4.5402247684789484e-05,0.04306498571474268,0.21701959135840387
23,0.7621914390126767,0.006475959845884233,3.922668537679111e-05,0.018965699020127194,0.21232767543593523
24,0.680789239247025,0.00834266547064021,0.00011065608045390091,0.14690017572566466,0.16385726347621632
25,0.2912921230568072,0.012122940702063307,4.913831994428493e-05,0.49224393122996163,0.2042918666912236
26,0.2175545705572533,0.01171462598116311,0.00014108420954318497,0.5626344679317105,0.20795525132033002
27,0.13998137761505308,0.0170205001404017,9.710086352166513e-05,0.6512577033760951,0.19164331800492837
28,0.029141236750753047,0.00879601981545059,3.982680388451636e-05,0.2782238626867866,0.6837990539431252
29,0.01580758830872309,0.0049960728171566295,1.228160914686794e-05,0.02888417075654693,0.9502998865084265
30,0.43872040790219635,0.012200570022658716,3.912871733707227e-05,0.15678214715062244,0.3922577462071854
31,0.5635534120550126,0.017667376328837442,4.360529035211961e-05,0.1320161478158788,0.2867194585099191
32,0.7300148156506474,0.02034223462189109,9.200456482299853e-05,0.08205947915248528,0.16749146601015327
33,0.47866420246843117,0.03299149061638041,9.629246391506568e-05,0.2681754673693088,0.22007254708196447
34,0.051688433771868436,0.017262225866561464,9.471729730878106e-05,0.01026170734723241,0.9206929157170288
35,0.8675630058789711,0.025047870091239034,6.871553952948273e-05,0.05095507969584836,0.056365328794412105
36,0.6809577508662019,0.135916418030797,0.0007884197495632003,0.07567403962155714,0.10666337173188069
37,0.8287909410990834,0.04523361404907896,0.00021653816351607512,0.05001597706185135,0.07574292962647004
38,0.27606686198947933,0.13140035417184998,0.0005755353979351147,0.5238723769197627,0.06808487152097288
39,0.13813079161982686,0.5955177779991562,0.001037410713688875,0.19850533333649284,0.06680868633083531
40,0.2889098774384169,0.45806385822870993,0.0008191781434110288,0.22202716721052937,0.030179918978932685
41,0.33683328923764067,0.37001151166085694,0.0008735923989808476,0.22280308877777558,0.06947851792474587
42,0.09732429904628337,0.7739750296446885,0.00607313942118268,0.09938545820163747,0.023242073686207933
43,0.48005632076657423,0.1948270578555573,0.00032038997212878006,0.03381035851236754,0.2909858728933721
44,0.5733221628046786,0.28880258614548765,0.00045825186581409274,0.06344250767145256,0.07397449151256699
45,0.406949709023645,0.5043242845258532,0.0016914745754612226,0.031041534052987145,0.05599299782205348
46,0.25069261670641513,0.6811116972466466,0.003573778551666916,0.019106852017808235,0.045515055477463054
47,0.4076835118090459,0.42910407441850246,0.008998417767514727,0.06374637909559328,0.09046761690934364
48,0.30702553871405946,0.4639681727520496,0.00627193406812994,0.13850956822464539,0.08422478624111568
49,0.22558374687617128,0.28742047924318825,0.003582918183382327,0.017718835177412087,0.4656940205198461
50,0.6376527721942027,0.09462915673187308,0.0004351617085198799,0.012080580942587972,0.2552023284228163
51,0.6909359601387509,0.23539433080370872,0.00026357322323085797,0.00994412700281625,0.06346200883149325
52,0.49816402250598524,0.40768547332176086,0.0004380704468037327,0.004511339390488106,0.08920109433496218
53,0.6692759837893929,0.29707846852036435,0.0004380771097556714,0.0075489866690732635,0.025658483911413916
54,0.19353793675712738,0.774030272959734,0.004019127391551344,0.006335311084595382,0.02207735180699172
55,0.0415104739275403,0.9230872919061821,0.01812691785106128,0.0034450210171741874,0.01383029529804204
56,0.05662537125459143,0.910293402829772,0.002417128557554683,0.005146078733938348,0.025518018624143612
57,0.024089124708413297,0.8936233456249253,0.0597319496001688,0.001540706308959677,0.021014873757533067
58,0.0406385091085032,0.8564692390998297,0.04356986225616584,0.003926785338475692,0.05539560419702557
59,0.2668007499382722,0.12450348458781631,0.0004994321649713644,0.020020899331200853,0.5881754339777394
60,0.6041115734658458,0.1017210385772691,0.0002130173739240318,0.04522838715280514,0.24872598343015592
61,0.17460610485651812,0.027780850110896645,0.00034838958783202644,0.0011079546012356576,0.7961567008435175
62,0.8984041571170052,0.03734672108216222,1.1788389378241975e-05,0.014561895142724329,0.04967543826873009
63,0.8731110232204482,0.05678971123511907,4.485878074471231e-05,0.012087227677490342,0.057967179086197466
64,0.7405776166391128,0.15231180971730254,0.00042740327027074386,0.00756205992605211,0.09912111044726182
65,0.34535206650330846,0.5513596479772733,0.001386253488318379,0.0581386159190311,0.04376341611206877
66,0.38054042806101573,0.439368831582602,0.0012166171692179913,0.14342031979945746,0.03545380338770679
67,0.26068173442787446,0.5168394978689038,0.0027564604924909236,0.18442794007850455,0.03529436713222623
68,0.16972863220956064,0.7408896817350498,0.004134594485451264,0.05893865957674204,0.026308431993196168
69,0.10204635394538179,0.8499271276252639,0.008467779654395968,0.01034425282881057,0.029214485946147863
70,0.22503791380766625,0.7070738816051301,0.0030577336604523677,0.03664734521406057,0.028183125712690736
71,0.18702642761737195,0.7633482873871187,0.023526642226528158,0.0023860651719522594,0.023712577597028925
72,0.7411961118516401,0.2020748638515939,0.0009146663003704972,0.007412835270471835,0.048401522725923615
73,0.550221501233514,0.4354870372288448,0.0010517970679370114,0.0011663255568855604,0.012073338912818555
74,0.19178708544589404,0.79147164438006,0.008997927442929586,0.0008916304847727159,0.0068517122463436055
75,0.07282836380358701,0.912889758308044,0.007541178786220407,0.0006300616154440734,0.006110637486704455
76,0.01707235967588617,0.8819377674157245,0.09690102160578538,0.00055429721668706,0.0035345540859169195
77,0.011034150141938922,0.8116138360269578,0.16992725148974755,0.0005734341920863622,0.00685132814926932
78,0.013463223422120724,0.947612299242811,0.03278611558998701,0.0004809888756767675,0.005657372869404427
79,0.0070510048866684145,0.40974322587255346,0.5764999234066432,0.0001794482892715847,0.006526397544863234
80,0.011015008759379014,0.7913180650403167,0.19085783413752552,0.000262901637593023,0.006546190425185928
81,0.014036354999505313,0.4917048688586087,0.4848438494414487,0.00024587626812200774,0.009169050432315248
82,0.007155693542867756,0.4266568252159586,0.5607700578587743,0.0001896328526610897,0.005227790529738174
83,0.010389806828094178,0.5788454167620839,0.40367417486766,0.0005569639891403045,0.006533637553021797
84,0.006761529733473886,0.6827312846112179,0.30425534400890597,0.00048377193310890967,0.005768069713293182
85,0.015157150968653645,0.6323514485883771,0.3471396667003831,0.0005174905781442164,0.004834243164442017
86,0.012017630593708558,0.95255637168735,0.03126243821936661,0.0006128683411504173,0.003550691158424476
87,0.002284871602452574,0.6204382846944602,0.37372395126726365,0.0002076279930019209,0.003345264442821752
88,0.0017207288000761684,0.20127975252488386,0.7923748482881613,8.031260834556239e-05,0.0045443577785330815
89,0.0015433885315507337,0.12230235620038152,0.8736115967083522,8.831668137283173e-05,0.0024543418783429445
90,0.0037200976070370403,0.3379947140842042,0.6505452811112271,0.00031322875208984524,0.007426678445441796
91,0.002053931803550969,0.11838023134677354,0.8765139823967633,6.62866979885439e-05,0.002985567754923762
92,0.0012978345136786798,0.08876890670552483,0.9079930549406083,3.0368163592941593e-05,0.001909835676595302
93,0.0009147873677062088,0.07441145240942458,0.9224639441153669,3.0237409125450225e-05,0.0021795786983769606
94,0.00041482184137570197,0.09462126427301042,0.9016662711093684,3.640668848962784e-05,0.0032612360877558007
95,0.00029084970892676894,0.05632297143125323,0.9419290584658426,1.9770684998654027e-05,0.0014373497089786161
96,0.00024569823454425194,0.04717186782178473,0.9513664080674894,1.828362463175258e-05,0.0011977422515496985
97,0.00018906436294900624,0.03855847418310397,0.960243651907032,1.319955799970699e-05,0.0009956099889153996
98,0.0015330881702431411,0.3173247812986979,0.6736395405294814,0.00014599898547239514,0.0073565910161051875
99,0.0004139258948487432,0.1098126323930784,0.8864306218202416,4.966401919968948e-05,0.0032931558726315446
100,0.00041638310368404235,0.17427040578643135,0.8236984354416547,5.939857056852205e-05,0.001555377097661518
101,0.0010661890825537498,0.20729798844114702,0.7899661453898145,9.534601588503434e-05,0.0015743310705995457
102,0.0004050846284357297,0.05754566078235971,0.9410889899531928,2.6275973540960827e-05,0.0009339886624707062
103,0.0003293361025123096,0.058932637832280095,0.9398082451143907,2.285033077623266e-05,0.0009069306200407921
104,0.00016878167016694967,0.031859212491162546,0.9672716957049666,1.404772956913367e-05,0.0006862624041347457
105,0.00017620190992353289,0.05024164973917835,0.9488488142093374,1.330541591556259e-05,0.0007200287256452037
106,0.00016704561277730958,0.03159938634055404,0.967729319514138,8.796476881809766e-06,0.0004954520556487729
107,0.0001592838208445053,0.042859323028513044,0.9560349861198448,8.288442793595622e-06,0.0009381185880040352
108,0.00040950631324446175,0.03376119672225144,0.9650986940238618,6.3365763149587065e-06,0.0007242663643274114
109,0.0002747987117471091,0.028116356862441433,0.9709809995851809,9.169187533649679e-06,0.0006186756530970892
110,0.0001686819629055923,0.03161032581670354,0.9676662642744618,5.943622418505265e-06,0.0005487843235103376
111,9.584175114989906e-05,0.02997674563620052,0.9695124617756645,5.077374456024368e-06,0.0004098734625292294
112,0.00013893747112183103,0.031213509224882124,0.9682473552924253,5.5150316202459035e-06,0.0003946829799505439
113,4.088844637909641e-05,0.008629497953329422,0.9911935865795642,2.145285943918447e-06,0.00013388173478340873
114,6.018624555845684e-05,0.00450843508352539,0.9952313827880162,4.56685897063462e-06,0.00019542902392949172
115,0.00013221006645892643,0.026979207362217088,0.9724558063080467,2.1444483912712862e-05,0.000411331779364533
116,6.673541855838521e-05,0.013447300209615239,0.9861322706911607,1.5967705132405402e-05,0.00033772597553299974
117,9.68149664048335e-05,0.009578204634069035,0.9900183408645997,1.3549918351198333e-05,0.00029308961657525256
118,0.0002467890054425906,0.014203027931566308,0.9849984391712937,4.680910448549973e-05,0.0005049347872120265
119,0.00022379036576802126,0.016349715602393837,0.9826095487556529,4.611579130888133e-05,0.0007708294848764134
120,0.01434653126789118,0.3303395472623686,0.6347689037026515,0.001154433609533931,0.019390584157554843
121,0.07153809410237619,0.8786972122396177,0.042374091428080685,0.0026874796133728104,0.004703122616552774
122,0.008773227679477733,0.8466147991048653,0.1400776500129173,0.00039427036025833955,0.004140052842481613
123,0.004028096892453769,0.8496034890036626,0.14338815419388626,0.00014377563357882424,0.002836484276418661
124,0.008140246798924635,0.7770179156402809,0.2119215814477863,0.0002669093099519088,0.002653346803056196
125,0.004253684538181578,0.6886680306837677,0.303552792595027,0.0005535736412276996,0.0029719185417962255
126,0.0012216207410158477,0.19287733281844563,0.8035727717878328,0.0003688356408461545,0.001959439011859501
127,0.0020187199024117855,0.1332300738637739,0.8581928661316705,0.0008071502323235566,0.005751189869820322
128,0.003434106630228337,0.2169847905161571,0.7731921140228551,0.0014784788971971962,0.004910509933562147
129,0.010560950643374877,0.7655143438867271,0.2063518375213738,0.009908235714704929,0.0076646322338194215
130,0.06018283047669617,0.6881985794899984,0.20970400716321996,0.005295338091779391,0.03661924477830594
131,0.2039764565373703,0.7690463564756155,0.015256787600010872,0.0015735619428141547,0.010146837444189358
132,0.0445368022957059,0.9299935998699269,0.02276990603014852,0.0002976163862686881,0.0024020754179499967
133,0.03956260360040093,0.7085108684158444,0.24696641828806581,0.00020150142574731507,0.004758608269941553
134,0.014143782773520656,0.715313517547181,0.2668325130780416,0.0010102524373939038,0.0026999341638630275
135,0.0376888038625621,0.8258592099604598,0.1235167179272566,0.0033834040681671733,0.009551864181554306
136,0.060303405777529365,0.8865380364183452,0.03725049738620093,0.005706650674692675,0.010201409743232016
137,0.00796111830088107,0.5724156634590358,0.41621879417346164,0.0005475222271560875,0.0028569018394654067
138,0.0171676434303562,0.8088907398480603,0.17028985434501864,0.0005190933336137851,0.0031326690429512045
139,0.007679663302550931,0.9192088316302334,0.06907380505142117,0.0003216167628761775,0.003716083252918347
140,0.003306748636346966,0.6665416494914731,0.32714112914801813,0.000472607718443195,0.002537865005718542
141,0.001914945913942016,0.2352526010536467,0.7612677972543301,0.00013219773529555065,0.0014324580427856218
142,0.0020685245040355563,0.38048528212677135,0.6152263170834803,0.0001822132241060371,0.002037663061606913
143,0.0007767115717107335,0.06225583290080262,0.9362952163441243,6.421111095733167e-05,0.0006080280724049683
144,0.0008285617325872563,0.11042149692610549,0.8874441557909034,0.00016659096934979665,0.0011391945810540606
145,0.0007251728635429216,0.11977003078164035,0.8769264258621269,0.00012850164432669171,0.0024498688483632295
146,0.001490784277538878,0.05511996686922249,0.9417112558265771,0.00022031620300155108,0.0014576768236600043
147,0.001403440280114762,0.0992502295490673,0.8966781472388827,0.00032010190853658797,0.0023480810233986685
148,0.002570089480759096,0.09621913970803558,0.8979850093986196,0.00031455491242866803,0.002911206500157018
149,0.09431657716569232,0.09773735795243953,0.020381441390538758,0.006080804697924563,0.7814838187934048
150,0.3158305146593334,0.5709841384327632,0.039195898336669546,0.02613929140615992,0.04785015716507397
151,0.07795411233105996,0.6241630686200463,0.26237170369201196,0.0024530252626444116,0.03305809009423727
152,0.1282877014678535,0.7878146830059218,0.051945315622066085,0.005874345346703624,0.026077954557455013
153,0.0911267039802042,0.8211780821526519,0.013758126822297337,0.05671519798093573,0.01722188906391101
154,0.21800752228371809,0.534679690466495,0.005118749053888156,0.22278729874295605,0.0194067394529428
155,0.08852815069136563,0.8320813151122767,0.021015623284113456,0.04685894809064678,0.011515962821597434
156,0.5917089152324347,0.12182835105993929,0.0002865146872237495,0.10813802168208068,0.1780381973383216
157,0.5215702298907589,0.3914661944619019,0.0009084632363455203,0.06577311831817881,0.020281994092814934
158,0.3344812877042267,0.6261321798838622,0.002629343916274433,0.019890796959671796,0.016866391535964993
159,0.26214506702892637,0.7083545828798016,0.003400913970774838,0.008066461232384924,0.01803297488811229
160,0.04456920087089215,0.914727522620948,0.018257894468134035,0.019325041160141408,0.003120340879884237
161,0.03404187265002554,0.926931406710254,0.02959280957251873,0.00478353967078487,0.004650371396417012
162,0.031487521311796475,0.9432968484722075,0.010490022396946297,0.010571061744521316,0.004154546074528454
163,0.02191907482583149,0.928289431677627,0.04057941966120652,0.004900732251992652,0.004311341583342338
164,0.02635011344972795,0.9548005185988283,0.011834341181659441,0.003378981894009076,0.0036360448757752433
165,0.009108607907349874,0.9453627755844264,0.04131864454024194,0.0013997386652590238,0.002810233302723031
166,0.01257931440574193,0.8828741689690169,0.09834831939214199,0.001091689340085215,0.005106507893013952
167,0.004426769323168868,0.5546533762207817,0.4374767112745379,0.00046699116977019236,0.0029761520117413524
168,0.0048719419680054304,0.7171142534184033,0.2750097172569515,0.0007853167062410588,0.002218770650398535
169,0.003129859398838233,0.7531498094765173,0.24063838090818823,0.0003410369038910861,0.002740913312565039
170,0.0028067643475331605,0.8309224175512958,0.16388367130973078,0.0003652278692914116,0.0020219189221488
171,0.002277511295773894,0.31669758459988584,0.6791313892976245,0.00015811320552916894,0.0017354016011865451
172,0.0030582718485934785,0.5673625881658961,0.427053928002462,0.00026127563903873235,0.002263936344009666
173,0.001033746770345315,0.4682997458412582,0.5291503301269485,0.00012981636581547176,0.0013863608956324986
174,0.000707407119911797,0.15166855984919694,0.8468013583308461,9.037405933765333e-05,0.0007323006407073874
175,0.0013269249801261356,0.3696527427656261,0.626661569183135,0.0002634659336801368,0.00209529713743261
176,0.00047838313109464916,0.06900680862171608,0.9299674136528664,7.393853384993093e-05,0.00047345606047296586
177,0.0002314021319858468,0.04591920690430627,0.953062127934131,6.097981055806814e-05,0.0007262832190186477
178,0.0002584944078987414,0.05803280226526828,0.9411276346546441,5.865504659068907e-05,0.0005224136255980101
179,0.00029946319213675017,0.039218550915209316,0.9599862009026165,6.781616544509067e-05,0.00042796882459218206
180,0.000756242063617391,0.12223316569598867,0.8758059268366564,0.00028041082372988187,0.000924254580007745
181,0.0006174627610870247,0.1011952755116712,0.8966259462569279,0.0005929880135925441,0.0009683274567212345
182,0.0009099457819526982,0.15875768092278048,0.8388187033077815,0.000214670366482895,0.0012989996210023807
183,0.0004931054393067312,0.0556067501564857,0.9427993522542555,7.452654353586378e-05,0.0010262656064163314
184,0.00041425432287907577,0.10390962173837358,0.8951249981873461,7.544452540783957e-05,0.00047568122599343164
185,0.0007496969566760191,0.08021567396268037,0.9181950174745895,0.00012222770735952207,0.0007173838986946382
186,0.00047216037656211423,0.051498790065269855,0.9473939450960299,5.691599082340068e-05,0.0005781884713146831
187,0.0004979775621363431,0.12231515820123383,0.8762362535015868,9.903900429776917e-05,0.0008515717307450433
188,0.0006969771087495876,0.2634995794627344,0.7343062208985182,0.00013490985920454766,0.0013623126707934148
189,0.0002436897042872575,0.03892816032079674,0.9604564213842169,3.098720520072492e-05,0.0003407413854983355
190,0.0002380084324635437,0.05912603571180448,0.9403363047603992,2.1556059594180493e-05,0.0002780950357385547
191,0.00034999204215539835,0.03971897770109698,0.9594398009925917,2.9107387795626114e-05,0.00046212187636040576
192,0.00016624463235294655,0.02832299533936704,0.9711694666408334,1.6130928014961924e-05,0.00032516245943160353
193,7.765712149227175e-05,0.018877376378949033,0.980745773025913,1.1679183442608163e-05,0.0002875142902030305
194,0.0001652966004449169,0.029128167332049554,0.9703600718770308,2.2210331773803057e-05,0.00032425385870083764
195,0.00033723870631197957,0.028539497814269052,0.9707344666034995,3.1843247288551215e-05,0.0003569536286308089
196,5.311177755477377e-05,0.021382670354954194,0.9782900553516599,1.3096528076461497e-05,0.00026106598775462104
197,0.00018387883053705832,0.05580071583460593,0.9435680564856206,2.656269146928134e-05,0.0004207861577673448
198,0.00020779435071204634,0.03641999070160749,0.9629128705738398,1.9857284416692752e-05,0.0004394870894241008
199,7.794774955019775e-05,0.025828823690040578,0.9739006696945661,9.02090874771913e-06,0.00018353795709541982
200,8.559851516912516e-05,0.03169535110716187,0.9679744383575849,1.1789767738334449e-05,0.00023282225234573715
201,0.0002371740922211072,0.0328868481485466,0.9665129099371409,1.6529681608079478e-05,0.0003465381404833025
202,0.00044829271784605775,0.03781464645551953,0.9610579695900707,4.355232166248676e-05,0.0006355389149012624
203,0.0001264233237984679,0.022013560289215008,0.9775902726934197,1.8176522955114895e-05,0.0002515671706117468
204,0.0002258645004484204,0.024826886712523973,0.9746481631621775,1.5937391693606112e-05,0.000283148233156531
205,0.00020923465084834439,0.023194569583264914,0.9762056905242681,2.850748526725377e-05,0.00036199775635121286
206,0.00020721978235915432,0.023494106694024887,0.9757736329945705,7.353202034063979e-05,0.0004515085087047584
207,0.0006540950922764912,0.1174725307000005,0.880069666775102,0.00040241849325853046,0.0014012889393624519
208,0.0005535947011117681,0.06709155135412109,0.9314711644164119,0.00013848141632299556,0.0007452081120321931
209,0.008070741598723312,0.8902616642189773,0.09323518157588452,0.002750650653902965,0.005681761952511747
210,0.002819292433018875,0.4606633727526612,0.5320907968903028,0.0017141802480923419,0.002712357675924855
211,0.003199299497276487,0.25434296650418914,0.7299960816508343,0.008343537969395454,0.004118114378304648
212,0.003956486450211541,0.4056810581920137,0.5720977266673837,0.01371205665769183,0.004552672032699323
213,0.0603785623970008,0.5326422516496384,0.01318054306946241,0.3826054017834158,0.011193241100482509
214,0.03428675861500649,0.17742985867164338,0.004131333359754336,0.7783839183820347,0.005768130971561082
215,0.078588360373883,0.2453218081560595,0.0023572068009350276,0.6518646443277193,0.021867980341403193
216,0.007343562881042843,0.020071084465865342,7.00515834548226e-05,0.9703580800044889,0.0021572210651481494
217,0.018949209548247463,0.014551328622265956,3.9738257211980804e-05,0.9577838311046529,0.008675892467621698
218,0.011641234026859185,0.007956807028090951,4.41423234481097e-05,0.9773462089692528,0.0030116076523488125
219,0.050744617716804566,0.0242593900828333,6.697995983781165e-05,0.9132445885031156,0.011684423737408686
220,0.018018906053754044,0.015954098466365557,3.261009330914208e-05,0.9638431170334935,0.0021512683530777697
221,0.006831872277030667,0.006146256975543464,2.6551186791021687e-05,0.9859820061407073,0.0010133134199275331
222,0.019159222332571994,0.03043095229909009,0.0001162883515434629,0.9462849702250506,0.004008566791743737
223,0.02953304144794761,0.019707888420946416,0.0002122456000137299,0.9464509860592659,0.004095838471826213
224,0.021706544870781042,0.015403503862531155,5.3866205403503284e-05,0.9577279035209764,0.005108181540307932
225,0.024752233913705762,0.03374733039472943,0.000167806176290895,0.9363212288267306,0.005011400688543265
226,0.01971145401574113,0.015236739262677816,0.000189619937679363,0.8510366414927809,0.11382554529112085
227,0.021000375732963258,0.005378564846897289,1.8468887123849244e-05,0.9656771680537186,0.007925422479297088
228,0.012766316600037247,0.0025180821516613203,7.030989750350409e-06,0.9809234018722374,0.0037851683863137126
229,0.05608879995948105,0.009384869280494852,2.243799689911048e-05,0.9226576395074978,0.011846253255627203
230,0.022616457385438424,0.00872304862261656,2.0280594504845125e-05,0.9653971144742922,0.003243098923148124
231,0.013621323543039968,0.0066780378515355725,1.530412717282716e-05,0.9765249692633798,0.0031603652148716886
232,0.0027601338844791003,0.0015709687138041226,2.861576524410092e-06,0.9951775792289225,0.0004884565962700542
233,0.004885426508764233,0.002146659141946434,6.1185769268223e-06,0.9919076691722224,0.0010541266001401648
234,0.006424061651402592,0.003715593532739342,8.859571269188102e-06,0.9888328298716946,0.0010186553728942776
235,0.0033386967977127157,0.006163699233465556,1.621534611513353e-05,0.9886601348254778,0.001821253797228726
236,0.005946085256614231,0.005527777741020818,1.5190588413641418e-05,0.9868916844118275,0.0016192620021238018
237,0.015161862799087532,0.03014552001325725,6.162141808249031e-05,0.9510654538733799,0.003565541896192757
238,0.011169550215476227,0.012749617033912896,3.8302057932522014e-05,0.9722948240675289,0.0037477066251494903
239,0.006307227943739715,0.015492767244945882,5.089902255272908e-05,0.9770251839990335,0.0011239217897281465
240,0.004688561354109513,0.013634145208734164,5.672017623934575e-05,0.9802669026319598,0.001353670628957248
241,0.010306118786697509,0.009010481077314558,2.673573862495512e-05,0.9787762369410657,0.0018804274562973832
242,0.012044380199536478,0.016271509563163866,6.385815550387148e-05,0.9671740509379014,0.004446201143894372
243,0.009078851857753464,0.011216865839690181,3.901151387114196e-05,0.9775864573526415,0.0020788134360437893
244,0.0062090008123536974,0.008506546903992556,2.9192378643308684e-05,0.9836677575060029,0.0015875023990075685
245,0.005440472119318632,0.02121008968112605,8.365225912763525e-05,0.9698002819325194,0.0034655040079082577
246,0.012117684783214549,0.016925855319725226,5.1136785833125934e-05,0.9647410693867948,0.006164253724432242
247,0.010476423739488087,0.003680027772314181,1.8279946719323388e-05,0.9841547945289839,0.0016704740124943976
248,0.023146825483170118,0.01810288143250073,0.00010829361375538826,0.9544888068857105,0.004153192584863199
249,0.0585365413201323,0.016454086152371938,5.061798151711458e-05,0.8051075115351907,0.11985124301078807
250,0.06947233584530244,0.012468281072616851,3.950725980196954e-05,0.9119489233308966,0.006070952491382009
251,0.05702351404656453,0.09385573391486109,0.000346717025338243,0.8345200196734603,0.014254015339775748
252,0.07624303815802339,0.11189295136187959,0.0003592976504088225,0.7982083174941927,0.013296395335495339
253,0.045932635930513104,0.02552451978544002,6.349307187994686e-05,0.914897536473162,0.013581814739005098
254,0.009248719273105877,0.030982103575782488,9.256756323504623e-05,0.9586725421876346,0.0010040674002419956
255,0.031428318086518844,0.06383051318208975,0.0001671343493127182,0.8978782789084467,0.0066957554736319
256,0.018798663881529572,0.14860319033164152,0.0002710931993526053,0.829795446024678,0.0025316065627984654
257,0.013474030836063584,0.013768206313832507,2.9967591276804644e-05,0.968657298882076,0.004070496376751165
258,0.014155536459655239,0.008195588959368819,3.133295255836709e-05,0.9709490102814632,0.006668531346954435
259,0.025439960946227542,0.06521311783684175,0.0002545340720241104,0.9032770480629035,0.005815339082003161
260,0.07415447887322558,0.06933886843654113,0.0003366863315255639,0.8278530009896894,0.028316965369018322
261,0.01570909236707672,0.09260960087600972,0.0001784245406324081,0.8840555107159818,0.007447371500299371
262,0.017432121138570872,0.008782707899045577,2.7774389346544658e-05,0.9086543313950021,0.06510306517803502
263,0.04035904591844941,0.011908979835905999,4.5410341882073975e-05,0.8807335011018742,0.06695306280188833
264,0.26885746364794555,0.011095611040188818,3.307094890566085e-05,0.6943488605523678,0.025664993810592177
265,0.30959681338264095,0.011119697307392895,3.081717767334159e-05,0.6389907654980993,0.04026190663419365
266,0.30372403688475674,0.02208856183324656,7.867044911728772e-05,0.6523497799539208,0.021758950878958606
267,0.2330825139904548,0.05961131759413805,0.00014672443592060594,0.6993536922383432,0.0078057517411434215
268,0.3455852106530883,0.08551035247276428,0.00022818016005814686,0.5444114664978409,0.02426479021624846
269,0.09821497682046329,0.11529428042247784,0.00011954924820368147,0.7813864997217227,0.004984693787132626
270,0.07021590260621995,0.1317358529660688,0.00022147627097912875,0.7953146239349231,0.0025121442218090633
271,0.07317785062501517,0.1374097866687121,0.00015837649978030585,0.7866027114280278,0.0026512747784645883
272,0.050148153047332965,0.09106786488102285,0.00018194486416694218,0.8549727759941126,0.003629261213364639
273,0.06285882557605768,0.024293777720580258,4.797936659825516e-05,0.905746680964312,0.007052736372451838
274,0.13422521835447135,0.05272380904260679,6.099085917935958e-05,0.8059663265197288,0.007023655224013616
275,0.11089191349409612,0.12351645896935737,0.00022724501067494506,0.7437730683458268,0.02159131418004471
276,0.038249475336391094,0.6190020963753277,0.0008004936070450669,0.3364398300656441,0.005508104615592219
277,0.05324009482576974,0.03435374334905741,7.428990538989413e-05,0.8415349552403137,0.07079691667946919
278,0.07636726134072538,0.011193265661202649,7.336739502360868e-06,0.896582119523121,0.015850016735448776
279,0.15207850189507646,0.01878247123647023,2.3947807855202276e-05,0.5879447091853173,0.24117036987528076
280,0.6245985544809576,0.011530062181590908,9.92210664110071e-06,0.3234415560766293,0.0404199051541811
281,0.7190808693705266,0.02507501740071813,2.7380496857503507e-05,0.23647376567192885,0.019342967059968987
282,0.5198683724985174,0.100486675910096,0.0001661182395645556,0.3616006588969342,0.017878174454887805
283,0.07842800599143866,0.811991247992258,0.002312694990488172,0.08335510913501558,0.023912941890799566
284,0.1559469734462619,0.271674243278303,0.00013331228371051384,0.5487530848715775,0.023492386120147243
285,0.055413928642046195,0.027554170883394034,0.00023134899823199918,0.0853764032465137,0.831424148229814
286,0.058494116559287185,0.0027472804964065786,4.781386768746253e-06,0.05757329106951771,0.8811805304880198
287,0.045561127027533885,0.0029486723856769707,8.076957219731771e-06,0.01689724889657519,0.9345848747329942
288,0.0068263445362868975,0.00012469742286397124,1.8787821062405106e-05,0.0008639499669625085,0.9921662202528241
289,0.2591166123398645,0.001579063817296092,2.7405753073468886e-05,0.004059034889650204,0.7352178832001158
290,0.7175903585195508,0.009126490630523761,0.00025205614571263273,0.03567523274006233,0.23735586196415057
291,0.6537710323619123,0.022562734373599232,0.0008355701147387257,0.15293302502302553,0.16989763812672418
292,0.2934829683979903,0.14632059225450572,0.0006207956058631542,0.4110211081337387,0.14855453560790202
293,0.07909383558151192,0.01734448829377771,2.950011079527376e-05,0.26493627493994715,0.6385959010739679
294,0.5555002305987551,0.03367857543963092,0.00015616294117261722,0.3759022281715512,0.034762802848890245
295,0.6545991364145899,0.06121978067045109,0.00037924500115857975,0.2651873773478893,0.018614460565911158
296,0.7214147464381871,0.15988403222565606,0.0009418121890220995,0.10016332625527818,0.017596082891856546
297,0.1613690712064267,0.805621546604758,0.0043724422279021805,0.02398466567583884,0.004652274285074296
298,0.04834717186932891,0.928830012711645,0.0013811300218841535,0.019324333211375975,0.0021173521857661254
299,0.018006340941792143,0.9559081142562974,0.012222910548502927,0.012286887761471608,0.0015757464919361126
300,0.02337640831954266,0.9647048855194832,0.002409887080502806,0.0074433868733565145,0.0020654322071148585
301,0.01357248668392988,0.9770143873208116,0.006086333821937505,0.0018100390557655012,0.0015167531175554734
302,0.027440650104027433,0.9466617067883878,0.01991872812928522,0.00341561573820838,0.0025632992400911863
303,0.025846037573583492,0.9594951367133637,0.011522119293952837,0.0006958490226176543,0.002440857396482268
304,0.01595363078811502,0.9774684604409912,0.003931941571087631,0.0012483961326558133,0.0013975710671502845
305,0.025766191025630863,0.9640241898528097,0.005578097057595883,0.0023437885298358586,0.002287733534127554
306,0.009683164840917661,0.9562747805932398,0.030987234535371597,0.0019420492585657087,0.0011127707719053854
307,0.016082236261362383,0.976693586816997,0.004148564038703462,0.0014515058837823915,0.0016241069991546682
308,0.008308171999905458,0.9178692338223159,0.06929441235696376,0.0027238303768933746,0.0018043514439216254
309,0.007256489947752413,0.9240707892339796,0.0627529616704302,0.003547189289429893,0.002372569858407715
310,0.31150227729056473,0.6652560265654076,0.000977216913187567,0.006665127412693592,0.015599351818146607
311,0.09573518707902218,0.8967140384855089,0.002518788966631113,0.0018859134035209531,0.003146072065316852
312,0.03029040212863133,0.9468474920108275,0.020566591634946507,0.000581311214144973,0.0017142030114498429
313,0.013179513689266594,0.960572237542103,0.0249234471167089,0.00031731868902384197,0.0010074829628973997
314,0.03527644714862349,0.9486707766606899,0.01125570851251737,0.0016088924653199122,0.0031881752128494834
315,0.007044180618355826,0.9403684731258319,0.049236511986192694,0.0012880607846831634,0.00206277348493618
316,0.01354941303067197,0.9347032520642493,0.04670093060681551,0.0016436102275123622,0.0034027940707509843
317,0.013817523001238102,0.903889085403316,0.0788195165530462,0.0011538538960521032,0.0023200211463477423
318,0.004745199583684672,0.9393521116504528,0.05280842640409269,0.0006337017669580247,0.0024605605948115642
319,0.019173912503986063,0.9232056080221417,0.05171966410203965,0.0018107157705990824,0.004090099601233443
320,0.019545977712977444,0.8954887308299029,0.06910478633469579,0.0029717503850542936,0.012888754737369487
321,0.007573897392155963,0.7347141568378441,0.2519998930192439,0.0014930707051661082,0.004218982045589915
322,0.004593413482358722,0.8883306976819066,0.1040205079694902,0.0006737928595093576,0.002381588006735059
323,0.01628764766012998,0.9449674896259438,0.034298928187610225,0.0016582564739067726,0.002787678052409182
324,0.0036502173711970673,0.7767695119698618,0.2174162151373627,0.0006396355405716659,0.0015244199810067998
325,0.0065487369898220935,0.9488791924578733,0.04156018120262083,0.0006934371845347564,0.0023184521651490974
326,0.005708938602736438,0.7903073887439709,0.19896812789299462,0.0012156823142084644,0.0037998624460897144
327,0.011661350396446765,0.937997852963017,0.04433748886190813,0.001962928175395282,0.004040379603232938
328,0.01239985100465138,0.932375750017028,0.05035098545902387,0.002106030228497671,0.002767383290799207
329,0.0055712641910553775,0.9280456227834857,0.0603321007844632,0.0033951896694301934,0.0026558225715657036
330,0.021146336258594845,0.9118500235461698,0.060387807461308465,0.0025372186571111046,0.004078614076815668
331,0.014491748903414961,0.9714134983221678,0.010631807302110132,0.0014220383023065897,0.0020409071700005052
332,0.003222159844705957,0.9143478570584475,0.07995512172080907,0.0005574544228158717,0.0019174069532216127
333,0.006334875517124485,0.91218725597389,0.07930941127808787,0.00058509200138717,0.0015833652295104835
334,0.02209647710336027,0.8779997313391367,0.09346543119192574,0.0013756870033769845,0.005062673362200275
335,0.006211241628650085,0.7542023935900483,0.2355164846871975,0.001144521044246333,0.002925359049857818
336,0.011153824508922723,0.9201345217022189,0.06503349367147576,0.0010289409823195307,0.0026492191350633173
337,0.008842188833042105,0.904779401618743,0.082275976180037,0.001185016346422749,0.002917417021755205
338,0.0049737183061053045,0.6040206606485371,0.3878326409059948,0.0007508687605063618,0.002422111378856317
339,0.008341060477592933,0.8014335572003446,0.1852455152566334,0.0013369147526086182,0.003642952312820683
340,0.005094087042864138,0.8392995296852459,0.15180793737513965,0.0010668865412943082,0.0027315593554562987
341,0.014989486366390662,0.559661759291976,0.42019088652918873,0.002232026773066441,0.0029258410393779638
342,0.0035014665015756243,0.5606202204965529,0.43289475901565894,0.001323533525447825,0.0016600204607646145
343,0.005191339444542759,0.7264944040485196,0.26383097261798194,0.001542242433110138,0.002941041455845625
344,0.003998266831542563,0.8032240633191265,0.18839123324034646,0.0012290915412538149,0.0031573450677304825
345,0.002614121911795055,0.6306696619534051,0.3623413276061188,0.0014407314865588047,0.0029341570421222312
346,0.001947878466506057,0.762788802282358,0.2328663636949422,0.0006265534051939903,0.0017704021509996513
347,0.0007729752759442476,0.2482997413845311,0.7497630392282563,0.0002325543479994524,0.000931689763268893
348,0.0010494614775321852,0.38171089162477423,0.6152957404327474,0.0002179616681240414,0.0017259447968219943
349,0.000912089344961221,0.2922518617852966,0.7055294147659954,0.00019232611788133286,0.0011143079858654337
350,0.0007146663952783474,0.14238866436279782,0.8559839026342222,0.00017082441125647392,0.0007419421964451849
351,0.0008988926710274051,0.10801945780622403,0.8901043397990984,0.00018404653105233597,0.0007932631925979191
352,0.0014058852525723959,0.4684921467769531,0.5285057306513831,0.000339412701758161,0.0012568246173333428
353,0.0016201660978158849,0.1441162709845268,0.8508879804521255,0.0005605451287478868,0.0028150373367839434
354,0.0009654243203556047,0.22674590920690832,0.7706403379981165,0.0004362531493134417,0.0012120753253062166
355,0.0015857357717035045,0.23288002255873427,0.7630114278532815,0.00036698168466228244,0.0021558321316185467
356,0.0037716696862239744,0.8059030893431887,0.18602017174658556,0.0005686825310952012,0.0037363866929064032
357,0.0008826749058538427,0.35366749958376054,0.6442961494007995,0.00013012650753266167,0.0010235496020535243
358,0.0017106952767233165,0.5948908738535543,0.40161030194789116,0.0003016242975414698,0.001486504624289743
359,0.0008991992270153122,0.21045513969128662,0.7865753998148091,0.0002584376873309075,0.001811823579558164
360,0.0024803490163132374,0.3111813089838643,0.6832871161850644,0.0004368022065419483,0.002614423608216076
361,0.002565820171478432,0.18963240031343248,0.80549760881078,0.0006105738628607296,0.001693596841448342
362,0.002269025456061269,0.2074087137073093,0.788162092172476,0.000655954617244856,0.0015042140469085814
363,0.005657196750836696,0.3585217063531561,0.6312936790960636,0.00151386243697003,0.003013555362973647
364,0.4232634775074036,0.36632531412681796,0.01609946507323147,0.025654666750173596,0.16865707654237333
365,0.562431367785805,0.3902941474814035,0.01729360754556432,0.019174212760731973,0.010806664426494986
366,0.5094706303387273,0.47119420151600616,0.0034247714895565343,0.0044988025380148814,0.011411594117695135
367,0.11760172184331079,0.8303810402673116,0.04350432848255341,0.0010937540523503202,0.0074191553544741135
368,0.01211261029729662,0.8110415819906159,0.17316775632722284,0.0006669984542642107,0.0030110529306002698
369,0.01155935520615493,0.9687897591955562,0.01589641247801819,0.0013784653402368688,0.0023760077800335628
370,0.003954637806067626,0.9275903699514101,0.06399321358687421,0.0019597359554685916,0.0025020427001795085
371,0.010694115978984816,0.9227188855082197,0.0584270533200455,0.002972469481913395,0.005187475710836505
372,0.03156518166633637,0.9381192393696903,0.02243777892111155,0.004392139693776014,0.0034856603490855966
