epoch,N1,N2,N3,R,W
0,0.00045024000910675444,1.4342020855180727e-05,0.0,4.200109152218963e-05,0.9994934168785158
1,0.0020344755442948162,0.00016231593191179378,9.319091646996375e-07,0.00023726687721459784,0.997565009737414
2,0.0013965387187991195,0.00013708677268794438,2.50505688794053e-06,6.269480547416254e-05,0.9984011746461507
3,0.0004309436531730321,4.040360459346296e-05,4.891979625569063e-07,2.3951462797767626e-05,0.9995042120814732
4,0.0022219260704951335,0.00010542726887138407,1.33302212624538e-06,3.254964613980428e-05,0.9976387639923675
5,0.00022112538551074043,0.0003186976945472298,4.029314485123811e-05,2.597170739133412e-05,0.9993939120676993
6,0.004518766038828555,0.0005805389732513674,2.362842050356689e-06,9.643294242484005e-05,0.994801899203445
7,0.01673010016129969,0.0006236905131360686,7.1431991606149755e-06,0.0003235016565916605,0.982315564469812
8,0.020411271123830562,0.002145319809654302,4.209712323809918e-06,0.00027568552783689774,0.9771635138263545
9,0.02306215668916248,0.002784577479569775,9.877061536013947e-06,0.0014519811629086078,0.972691407606823
10,0.05030064284599919,0.002466852563663867,1.8946171678758382e-05,0.0017136706397531767,0.945499887778905
11,0.06322106429234547,0.003020337788823032,2.991952627279666e-05,0.0009707823642020483,0.9327578960283567
12,0.02751601136944165,0.002837321356699342,1.4152615312202136e-05,0.0007788961889427727,0.968853618469604
13,0.03845745378075473,0.006016992585627906,1.5733042963678378e-05,0.0011342212280091304,0.9543755993626446
14,0.04152181297117873,0.009010410372055353,5.388447555660033e-05,0.0017746989337032164,0.9476391932475061
15,0.04601293042423179,0.003927241029697403,5.124520510194832e-05,0.002086488697819857,0.947922094643149
16,0.07325634606709548,0.0025901712332451867,3.528878069925256e-05,0.001408112214539621,0.9227100817044204
17,0.051309103048491636,0.0033326978999542686,5.647916851436775e-05,0.0011595032551280572,0.9441422166279116
18,0.09730701143171454,0.009226165843939184,2.3618585385710463e-05,0.0013380867197364098,0.892105117419224
19,0.18762038378841206,0.1914350214184899,0.00014163336052029513,0.0023766486652103853,0.6184263127673673
20,0.04350369758726586,0.0041017831491858454,2.2921828114428335e-05,0.0024686940148332098,0.9499029034206007
21,0.051041764173388605,0.006550075151451677,2.8571752202987663e-05,0.004406125859488118,0.9379734630634685
22,0.05067967884024728,0.054483484583446866,1.7322278900809438e-05,0.004825439382016016,0.8899940749153891
23,0.10726741590386706,0.004456302392185057,1.3004801773674416e-05,0.002340946759308391,0.8859223301428659
24,0.02244988998827677,0.06897068775635826,7.414231616238617e-05,0.003045511593698772,0.9054597683455038
25,0.03145535906476407,0.003729902691134358,1.0854760479066123e-05,0.004293019320866699,0.9605108641627558
26,0.06610611615676297,0.0121763324899981,6.753723336784033e-06,0.005093578861352056,0.9166172187685501
27,0.03585825928860674,0.012272452839334196,2.1660020596035412e-05,0.005389066542035111,0.9464585613094278
28,0.24186662966935188,0.00819948030490275,8.456852637374907e-06,0.004002037627125874,0.7459233955459821
29,0.020593943403193073,0.006654561274655737,4.485948941817262e-05,0.00225244410197127,0.9704541917307618
30,0.19995381379419203,0.05686355498350319,0.00010749312890473383,0.011596386351702927,0.7314787517416972
31,0.0875901229900475,0.011596560715807627,4.044006885651725e-05,0.0031943815695147228,0.8975784946557736
32,0.17118067121739777,0.3057811723629431,0.00013595912480149095,0.00863128780328726,0.5142709094915704
33,0.061985075937801566,0.027712847320199994,4.548093064225692e-05,0.01539304907422894,0.8948635467371272
34,0.18469878177495508,0.15455756633255097,9.259297333257372e-05,0.013936057678341395,0.64671500124082
35,0.04366858877829092,0.10699685988413807,6.742326522927442e-05,0.008367219713083142,0.8408999083592585
36,0.07116498758702278,0.029754466424855734,3.29919729537321e-05,0.005568040487593602,0.8934795135275742
37,0.10697835608850867,0.178235324014661,0.00027210365230931485,0.02900574085497375,0.6855084753895473
38,0.039625252712790646,0.08098405243146015,8.955195727413939e-05,0.01085364427363316,0.8684474986248418
39,0.028962559139039303,0.33772698198029655,0.0013114876503422075,0.008026900039526799,0.6239720711907951
40,0.03430787739651886,0.015363877673067987,4.5213018609128055e-05,0.012857469568996268,0.9374255623428077
41,0.013323861871651597,0.013190419566744804,3.085282744099636e-05,0.0032872424221952377,0.9701676233119675
42,0.006148356818913924,0.009608672297203446,2.379004899797643e-05,0.0019199678266623242,0.9822992130082223
43,0.012226607023636139,0.0016228988783170033,6.188286389910336e-06,0.0018805168192583817,0.9842637889923986
44,0.017121058234431802,0.005781664189723887,5.163649898050888e-06,0.001955454343493905,0.9751366595824524
45,0.09224719885976711,0.0070456607497559175,5.548471796503681e-06,0.007938098896325298,0.8927634930223551
46,0.0059773076287251556,0.012638310801267793,0.000658294290366562,0.000546971298230584,0.9801791159814099
47,0.007215217565089067,0.003901230021995761,2.3623128569840552e-05,0.002297446626788615,0.9865624826575567
48,0.047783824522781765,0.006604440929246624,5.5269522724481866e-05,0.0017377122076308541,0.9438187528176163
49,0.031442194200900234,0.009701727648044976,5.080998823698336e-05,0.0014484394489222877,0.9573568287138956
50,0.1843269580372065,0.01298367428608441,8.111560537981922e-06,0.0026866728909985533,0.7999945832251726
51,0.2567012399160896,0.004808029822530179,1.4865764657362224e-05,0.0031802943677598245,0.735295570128963
52,0.19187384308226038,0.00506875514237897,1.0914474777342777e-05,0.0036713604604888543,0.7993751268400945
53,0.15615321047809036,0.0037449739944531383,9.060622951224072e-06,0.003918990311127918,0.8361737645933773
54,0.17746506930636624,0.11484200483917227,1.940155245042281e-05,0.0038706198779222063,0.7038029044240889
55,0.03389229208562631,0.0061358552888097625,1.358315473360183e-05,0.0028253550337847214,0.9571329144370456
56,0.19969215050989197,0.08357625526057803,1.541179164089202e-05,0.04487854097990888,0.6718376414579802
57,0.16018782095070316,0.11339037284628553,0.0001225410709365151,0.04245272594273613,0.6838465391893387
58,0.12561861491418533,0.05501666173301868,0.00013767602674439098,0.02498695759065349,0.7942400897353982
59,0.1493574700239671,0.028505830551109886,1.3660493507722545e-05,0.01466239405702443,0.8074606448743908
60,0.13983927984549008,0.5442347466742652,0.00015686881756607737,0.011137673893110996,0.3046314307695676
61,0.5396938728927636,0.16259991549684097,0.00010978647024145714,0.011020342195951806,0.2865760829442021
62,0.35562954974930955,0.3214238404338722,0.00020963594588588053,0.00811725521177686,0.31461971865915556
63,0.040477291905734326,0.9346058465006615,0.001099549020090477,0.004217489382396114,0.01959982319111758
64,0.046617154115971775,0.9338057517569364,0.007095653880929266,0.002398107668440445,0.010083332577722245
65,0.06049606777003446,0.9129311193253054,0.001454306056864659,0.008008694821721257,0.017109812026074277
66,0.0773342544239605,0.8303056848393383,0.000599147703813461,0.010118190492943964,0.08164272253994376
67,0.010364627732606152,0.9795899144383501,0.002039096116734787,0.0002753491934199197,0.007731012518888825
68,0.023111618815070456,0.9619958169178887,0.005800278097211352,0.0008972626229979018,0.008195023546831664
69,0.009900523126375614,0.9732775190935526,0.012607784173855191,0.00020370007724872344,0.004010473528967881
70,0.016687137915680255,0.9761005595077609,0.0007912149198225303,0.0012731655617020277,0.0051479220950343685
71,0.05070020339305075,0.8794934006543489,0.02113986499604444,0.0003049322702425574,0.04836159868631336
72,0.018127145604940265,0.9600867149941915,0.015554476294918664,0.00011202579774362945,0.006119637308205804
73,0.041026349326331216,0.9471656068533502,0.004043883061902539,0.000205645863012072,0.007558514895404078
74,0.010586415664525521,0.9754028965035525,0.011921089984481943,6.402828512773673e-05,0.002025569562312245
75,0.0029806535277409085,0.8576783558397267,0.1366387965978694,0.00015139036237604795,0.0025508036722867475
76,0.002607254718683662,0.9762146748668915,0.01825292422687292,9.221076122786953e-05,0.002832935426324085
77,0.0015531005835883926,0.9201040737364278,0.07656971531975335,3.117157089685659e-05,0.0017419387893339337
78,0.002110692169965188,0.9007928406505245,0.09565962627564015,6.184537430824762e-05,0.0013749955295618726
79,0.0016016112106770164,0.8382034887974,0.15842223924147456,4.628108188166505e-05,0.0017263796685670434
80,0.003017401220567904,0.732040017028208,0.26197465369559597,9.221606873956093e-05,0.0028757119868887517
81,0.002586373776719908,0.45574113829016133,0.540332081226584,0.00013807242299256208,0.0012023342835421745
82,0.00116332270151993,0.4985720906691738,0.49886454187399243,7.620995593019443e-05,0.0013238347993837607
83,0.006008105118671265,0.5731058689620291,0.41692295000266183,0.0003897984137953025,0.0035732775028424254
84,0.0016694082699676796,0.4841882767507769,0.5121652445696194,0.00019093225540359665,0.0017861381542323665
85,0.0011415940887627184,0.2778791210049783,0.7193235171755097,9.327355906911838e-05,0.0015624941716802414
86,0.004459535992316726,0.6922461178405626,0.2971863157739429,0.0003775051776557717,0.005730525215522132
87,0.0004011444036482895,0.22184950242468904,0.7754163185869061,4.559365423225712e-05,0.002287440930524227
88,0.0008655892978562406,0.32105996487532523,0.6754178700738803,0.00010204256572599895,0.002554533187212341
89,0.0006090041109815083,0.3803151938006146,0.6136974677937508,9.189355545063165e-05,0.0052864407392023745
90,0.0015282620587773648,0.23133750809947898,0.7563210059474067,0.00022508295997096563,0.010588140934365895
91,0.0031195107379082525,0.338927171763446,0.6353736231537346,0.0002928477253264986,0.022286846619584823
92,0.009679344366971293,0.4261023291511786,0.5429873038549735,0.0007395755584934445,0.020491447068383167
93,0.0015993277764207797,0.07334503092788427,0.9175091196526547,0.0002833117091426376,0.007263209933897427
94,0.0015341205553729383,0.05712681065184195,0.9324727723920317,0.0003706758244021785,0.008495620576351256
95,0.002096579988357962,0.13387345876235304,0.8502180150256181,0.0002507055074421717,0.013561240716228749
96,0.002828318406042239,0.11755068278525778,0.8469028109785257,0.000308157980543441,0.03241002984963102
97,0.0044205573608693,0.26995659338833,0.6960630641048996,0.0009075793385311129,0.028652205807369862
98,0.0015403307218733102,0.18654373372251826,0.7963590218472623,0.0005030732064384233,0.01505384050190767
99,0.0012549929755465564,0.16307622346164327,0.8202009501043925,0.0007691055723167627,0.01469872788610084
100,0.0026468854451093724,0.1321149981048069,0.8139689098723911,0.0010242248027882092,0.05024498177490438
101,0.0022102565877017205,0.2842554640045081,0.6819621709023105,0.0010731693466917408,0.030498939158787864
102,0.0030335078714045904,0.10856729974075958,0.8763602180372481,0.0007543911394787097,0.01128458321110895
103,0.003794899226948569,0.4465365098619374,0.5227842107632649,0.0012828264732951597,0.025601553674553995
104,0.006028278083685041,0.6235693044133586,0.3454463913999533,0.0012811966604119075,0.023674829442590976
105,0.0009420681065945192,0.11119875678944068,0.8777732035244137,0.0005915762195381987,0.009494395360012989
106,0.0010432151868028246,0.08660467335494482,0.9040561132339618,0.000526685762360637,0.0077693124619297
107,0.0018270306496240454,0.23496234898262114,0.7474705773754059,0.001036304114584564,0.01470373887776443
108,0.0005939324351335474,0.051589726996587475,0.9396280136896412,0.00030060758399392965,0.007887719294643658
109,0.0012564653972412649,0.21480399763012295,0.7667566377486892,0.0005879635080901931,0.01659493571585646
110,0.002247212894964503,0.27990339932976993,0.6988536598664093,0.0011766351184168827,0.01781909279043936
111,0.002650462593675273,0.288380106234444,0.6750628559044246,0.0014794803865351902,0.032427094880920916
112,0.0027493865390088744,0.19790728373106506,0.7766774540384594,0.0016057967874877983,0.021060078903978763
113,0.0038276111218399026,0.14910368621033018,0.8155562119480434,0.001898766135382942,0.02961372458440329
114,0.0021919014494893507,0.10086436983780254,0.8785246229234406,0.0009109799058359582,0.017508125883431574
115,0.005929368283591816,0.27118956164731794,0.6536043633544367,0.0006718001299864896,0.06860490658466709
116,0.0020288239255294243,0.17178566665646108,0.8126431734046744,0.0004607518371614527,0.013081584176173543
117,0.006924334232413931,0.12780484406863588,0.8210676548052059,0.0007963406399350612,0.04340682625380934
118,0.0012924415190519768,0.06766437314083934,0.8990679470586677,0.00022767279921283377,0.03174756548222826
119,0.0015460296896811511,0.07186790782317298,0.9098689572762234,0.0001745026168254827,0.016542602594096917
120,0.0031588692571768947,0.2482685569721675,0.7340666058662121,0.00028498878190638135,0.014220979122537086
121,0.0016798777480835669,0.17132862159997658,0.811979454793576,0.00036492102364835117,0.014647124834715398
122,0.0037953924508596854,0.17903865500035626,0.7992977787384177,0.0010434945938719695,0.016824679216494547
123,0.0034947132467284267,0.34234498816439235,0.6308784767195182,0.0009000853807324493,0.022381736488628585
124,0.005837485507120266,0.46490774587931033,0.5105952245232657,0.002280851821593237,0.016378692268710464
125,0.019856539805392214,0.5076615280995804,0.43468098933934973,0.0022211158904121703,0.03557982686526536
126,0.48822268790280804,0.41773310125502017,0.0069049386059088225,0.023670051480326224,0.06346922075593657
127,0.15793477668245312,0.8109346416790383,0.009041536704134294,0.0018811938854916652,0.020207851048882595
128,0.045616902122247456,0.9290733719529445,0.017655174250575455,0.0006090266536030839,0.007045525020629501
129,0.05932949411837982,0.8467201078514658,0.09005990681559611,0.0003576082836568753,0.003532882930901366
130,0.015914166624297104,0.9309603044474353,0.049747903101617176,0.0004697522301793964,0.002907873596471215
131,0.012645535526165843,0.9278467194362532,0.05471744020941005,0.0006661836873794275,0.004124121140791505
132,0.010254925529784967,0.8530641970042299,0.13295219003989678,0.00040363619183207136,0.0033250512342561577
133,0.004840938331064332,0.6508220444522592,0.3426495548629973,0.00023223437830905384,0.0014552279753699848
134,0.0012129644844947277,0.3035446741391201,0.6934409334887197,0.00015886005675998368,0.0016425678309054598
135,0.004897511381626119,0.5337542678136905,0.45821930532746014,0.0002835617961873738,0.00284535368103576
136,0.0025471915411943635,0.5379708972877786,0.45660686245720533,0.00023964520819186034,0.00263540350562991
137,0.0015022977787657566,0.20745624526307974,0.7890453570912759,0.0001813265571282243,0.0018147733097504772
138,0.004793188609638425,0.6222495530209264,0.3692791994180114,0.00019742257032228118,0.00348063638110146
139,0.0027874734189031283,0.45016613132367045,0.5421547081710005,0.0001850098445152475,0.004706677241910765
140,0.0015184102958119856,0.34583220222379546,0.6484962071466265,0.00013984198779136954,0.004013338345974587
141,0.00499154358358622,0.5706426475117264,0.4203742518632197,0.0003507343978987209,0.0036408226435689296
142,0.0017814524632008867,0.3330403072917117,0.6616202382959089,0.00022070849467442362,0.0033372934545041442
143,0.002058272332454819,0.2077110316074749,0.7853901801429466,0.00025795498676942655,0.0045825609303544075
144,0.002170358994606728,0.2894864721921403,0.7020284569911293,0.00023316070507658267,0.006081551117047059
145,0.0031462664433200677,0.4160295712007966,0.5748397680042356,0.00036213585199984104,0.005622258499647825
146,0.008254065079374132,0.48600298503946004,0.4993888620929596,0.0006905631737782795,0.005663524614427848
147,0.003427928932918718,0.3267536566513257,0.6577502608562722,0.0003634465051316986,0.011704707054351698
148,0.0012686763140280586,0.16457421241972606,0.8309580497518282,0.00010656466391893646,0.0030924968504986885
149,0.005016527739213185,0.3079611827710652,0.6802509160845872,0.0004519782507849247,0.006319395154349336
150,0.002066507564212756,0.21047250673808202,0.7813626225445931,0.00025730837804209685,0.005841054775069955
151,0.011114824105921222,0.5262480639664031,0.4502875610700266,0.0006304838541342427,0.01171906700351481
152,0.008377595481678062,0.2971297705919315,0.66732306969173,0.00044447742712732687,0.026725086807533136
153,0.0014880826794061285,0.16658316750766744,0.8281422293095589,0.00024553954686984446,0.0035409809564976385
154,0.021120420419795415,0.695688912025896,0.26366973524048104,0.0008888919372966543,0.018632040376530868
155,0.0033166157928856774,0.2130928690215888,0.7783580915534685,0.0003776237974921883,0.004854799834564966
156,0.0025182066261601878,0.5037406403875676,0.49027349843304346,0.00042383321076988476,0.00304382134245888
157,0.008738851214875287,0.7947486986528937,0.18804302596441666,0.000652091395072887,0.00781733277274178
158,0.0008338086662319857,0.12907988592514275,0.8687106548110596,9.619222679936233e-05,0.0012794583707661034
159,0.004052973429444364,0.5317430096674474,0.4523648631470651,0.00039267324441325083,0.01144648051162997
160,0.00377134143463086,0.403595608235488,0.5869784657289907,0.00036457668882997833,0.005290007912060355
161,0.0016955366500923628,0.26828398605153164,0.7258161994697844,0.0003202614883496102,0.0038840163402421
162,0.006033310953218606,0.859802631866996,0.1273588700801881,0.0007088424951432816,0.006096344604454159
163,0.004279621672741197,0.5080731520593996,0.48289349530874975,0.0007741274185932071,0.003979603540516228
164,0.0028619046176010044,0.4819869513412559,0.5102484758850816,0.0006889594064086762,0.004213708749652732
165,0.0035822118461405835,0.7384543524340851,0.25292872669850147,0.0007357784374230752,0.004298930583849638
166,0.002452140279247382,0.39216553171121493,0.600354400021533,0.0007535646997504857,0.00427436328825409
167,0.0033159332369856348,0.5555685872840432,0.4356255084333698,0.0007994944342297905,0.004690476611371633
168,0.009423710958151576,0.4674976302629283,0.5157713028647914,0.001032715552441269,0.0062746403616874575
169,0.027482778459229834,0.7799726126312031,0.1744625805471592,0.002342612104486275,0.015739416257921586
170,0.0039971022064101795,0.24902485176911954,0.7413849263139835,0.0008681792073421367,0.004724940503144632
171,0.009087779360984077,0.7284130263436848,0.2526869514631376,0.0021114108106753716,0.0077008320215183395
172,0.0047701209075104506,0.16989387131982903,0.8185395714539094,0.001340849989426673,0.005455586329324378
173,0.026464178478526973,0.4943612672815601,0.438020513317417,0.01785129866633793,0.023302742256158096
174,0.033090724122902565,0.555565612410355,0.3157179617698007,0.036470221720195796,0.05915547997674609
175,0.07229474951829916,0.5990442977699661,0.13507130897977934,0.07840830392257518,0.1151813398093801
176,0.02248911478779599,0.06756966207639319,0.01523461235512911,0.020093840649520762,0.8746127701311609
177,0.3610464544060158,0.038490261332398655,0.0009720919118423651,0.09147253946220023,0.5080186528875429
178,0.44878809754952353,0.11565659463018092,0.000684398532595787,0.027075937234080184,0.4077949720536197
179,0.48834815890591393,0.3025158022843324,0.00032758721522048657,0.07514534861183929,0.13366310298269385
180,0.34057069629930425,0.2946503374154402,0.0004966289682219407,0.17059989447034116,0.19368244284669245
181,0.2057776695736495,0.30757543002786486,0.00032932293568293413,0.42655887858018043,0.05975869888262223
182,0.14909163075657747,0.29815667273600127,0.0025468623316841905,0.22440949164339244,0.32579534253234466
183,0.0182336414681342,0.02329642633817547,0.0002465843191112736,0.02620558425518134,0.9320177636193977
184,0.32692026753422637,0.10003647058545075,9.65421496445506e-05,0.27791698985135055,0.2950297298793278
185,0.05879245779943294,0.05291262172509303,0.00018704198329585767,0.07248414502070959,0.8156237334714687
186,0.11401345803459267,0.09632014401827967,5.2519998866441054e-05,0.18106122640683917,0.6085526515414221
187,0.022953527896920498,0.0065022103291920335,0.0003921262085089013,0.016621373615345388,0.9535307619500333
188,0.056039302166356844,0.02485921158176587,0.0001365730573506843,0.06894733948600794,0.8500175737085186
189,0.10969323132144997,0.04009949873256025,0.000467200100798397,0.06441916602439283,0.7853209038207984
190,0.1842039992867666,0.028080133513538455,0.00024126961036336416,0.07910517042722637,0.7083694271621052
191,0.22990186666595494,0.03657886070338748,0.00014849474471446424,0.2642618417753914,0.4691089361105516
192,0.01189985378350089,0.00511856008114759,8.514124905805275e-05,0.015393413369196729,0.9675030315170967
193,0.024800398002305254,0.007688769863130533,0.0001715026677614878,0.032312855099191684,0.935026474367611
194,0.16620621083304313,0.03302302669677341,0.00041387702089615427,0.16603564920134642,0.6343212362479409
195,0.025044678810549746,0.012053089390416855,0.00010761616428875684,0.05629055477927095,0.9065040608554737
196,0.040562206716745194,0.016457154425155874,0.00021097402786224295,0.1325999996929478,0.8101696651372889
197,0.03136589202755151,0.006380656870171059,0.00021192063892644077,0.019038719355053975,0.943002811108297
198,0.10077367835180984,0.013578613647059201,0.00024432224985775075,0.0525857151660977,0.8328176705851754
199,0.00934478092614687,0.006427420366286004,0.00011296755939644413,0.017075371295363257,0.9670394598528075
200,0.15084229047302963,0.022201283021195523,0.0001292373629177298,0.09553492170857703,0.73129226743428
201,0.0027045475979939285,0.0007578242115026556,0.00010627430147432113,0.00038112190683279744,0.9960502319821963
202,0.013133570551010509,0.0012449208939286699,0.00012946757083249954,0.0036349531569035767,0.9818570878273248
203,0.16092008890898366,0.013759229449498443,0.00011484672477541121,0.03789399067422786,0.7873118442425147
204,0.038152878598285984,0.003326477580065248,6.812307431690945e-05,0.019405224516919325,0.9390472962304125
205,0.01886880792639846,0.005035528031564277,1.3700881124008845e-05,0.08122464789602968,0.8948573152648837
206,0.2067005003587085,0.02107654287319708,2.271351630936061e-05,0.37900702380698387,0.39319321944480123
207,0.03330096623379872,0.009767303076786929,2.781994184348895e-05,0.244953214131033,0.7119506966165379
208,0.28676808522969605,0.02111383980496131,3.096811182235222e-05,0.39664924677455177,0.29543786007896855
209,0.1887039437008687,0.029643166600797556,0.00012213024119465474,0.4059277542074597,0.3756030052496793
210,0.20127802343636614,0.04682165679425026,0.00013280748011536205,0.5851643920809559,0.16660312020831222
211,0.04573209661113693,0.007808001560562803,0.00011796246334689939,0.09592640741581146,0.8504155319491419
212,0.07945930274541638,0.007499612399371301,6.033296396601946e-05,0.40263577832425396,0.5103449735669923
213,0.05602940530197927,0.008902759615290697,6.700127777632854e-05,0.4122473224099537,0.522753511395
214,0.29258604742455,0.011307624660255682,3.679949230560894e-05,0.5185301400357458,0.17753938838714284
215,0.07984524431469638,0.025303624905023123,7.611150324077111e-05,0.3571080430149225,0.5376669762621172
216,0.07462770541589378,0.013851606961952711,9.24831560358723e-05,0.22836911167036258,0.683059092795755
217,0.056971346873697704,0.017393679439113602,5.9595705059326475e-05,0.3555337368271231,0.5700416411550063
218,0.0909533087533099,0.01625034835902375,0.0001221096666248403,0.2646779527446175,0.627996280476424
219,0.23730381676740986,0.007261964155820851,5.7055017367926835e-05,0.6317266234885426,0.12365054057085878
220,0.1034646993087049,0.013376325172245317,2.4290878049725257e-05,0.33778227687270024,0.5453524077682999
221,0.19602553081498766,0.007028254389811429,2.9402229943681332e-06,0.5673824058020039,0.22956086877020251
222,0.1799580564232005,0.010261655228427452,7.462313544601772e-05,0.6656872245269414,0.1440184406859847
223,0.13203927317063327,0.018817226016587047,4.020849487832916e-05,0.41578690263221185,0.4333163896856894
224,0.3462177093653395,0.01065379187884315,6.535895885396005e-05,0.561909641947844,0.08115349784911922
225,0.05285931243599217,0.010199585242274385,0.00010793620905586472,0.43791044723414707,0.49892271887853046
226,0.12865971569055631,0.03047329594315314,4.30645907756374e-05,0.5187336446330985,0.32209027914241634
227,0.4286131533708853,0.026801030898472893,4.873145259264713e-05,0.40390122367965636,0.14063586059839286
228,0.5433306002614953,0.07373472392511644,5.696938730832467e-05,0.26251472854228464,0.12036297788379532
229,0.4848287044178614,0.0943551521276589,0.0002247519459294006,0.2501624021989237,0.17042898930962652
230,0.2248793249622101,0.18810565446229574,0.0003706305188414646,0.18855748543115536,0.39808690462549723
231,0.3039093201549876,0.17471525421476689,0.0003443446545266666,0.07981647834993613,0.4412146026257827
232,0.3276420077689778,0.3758761068634664,0.00036731079445498886,0.13057659308645989,0.165537981486641
233,0.3077481817849789,0.4460843299089276,0.0009835883781414581,0.1400062509927615,0.10517764893519034
234,0.3163821391313677,0.40274581560475947,0.0010115966850550416,0.08998979493469167,0.18987065364412614
235,0.12226001603978265,0.5985649184045342,0.0013666121908923797,0.11699363642068145,0.16081481694410935
236,0.17346097407559613,0.4463252876763163,0.0058774424662891836,0.042948604931162045,0.33138769085063635
237,0.1669478716376279,0.6311464931927626,0.0009226106243654087,0.08783799055909498,0.11314503398614911
238,0.229999272604655,0.6351197889782687,0.0011888356323991082,0.05250347210434994,0.08118863068032717
239,0.19609133968969092,0.3997493339623025,0.0009109305163915076,0.06600052752855637,0.33724786830305875
240,0.15156132654332816,0.6922110412439454,0.0060879014620824415,0.0945929767650039,0.05554675398564011
241,0.13683750310681575,0.31428170995741067,0.0015702262701936258,0.06916061891825773,0.47814994174732217
242,0.04784201717387734,0.8818218449960956,0.005433339346429211,0.027812912606725578,0.037089885876872224
243,0.0361837952859585,0.030537997703496977,0.002420413869825591,0.01508595373246949,0.9157718394082495
244,0.39779881428765423,0.09610768581734974,0.00028463895824193993,0.05445764313803568,0.4513512177987185
245,0.24134415009708668,0.08864701242194158,0.00350201316150925,0.04057150086585951,0.625935323453603
246,0.2747376110951429,0.2992499459734625,0.000439358338816753,0.0652340816976209,0.3603390028949569
247,0.28134907886187566,0.14858447918072712,0.0009617973118352247,0.25552904619636513,0.3135755984491969
248,0.1605101301152115,0.6147157868900318,0.0002135589562162873,0.05632682181171937,0.1682337022268211
249,0.1292349617948001,0.48226892043765485,0.0015130232684441738,0.11461599715532354,0.27236709734377734
250,0.04992235952466808,0.35522756475794465,0.0010951902768159372,0.018427644643448773,0.5753272407971225
251,0.27460064719230487,0.4210415257806015,0.004014101446937379,0.020326166909020626,0.28001755867113565
252,0.1954091090836088,0.6772463211258759,0.0026860358229588185,0.007845093066611766,0.11681344090094481
253,0.3549857992133724,0.5801398629848776,0.0032684209864607093,0.011715576609970987,0.04989034020531824
254,0.05348548183765859,0.8589145242987971,0.0072421806418652025,0.0078683868369368,0.07248942638474237
255,0.1784003209560928,0.4042726561769015,0.004394492707569903,0.009045564227616187,0.4038869659318196
256,0.3034205060363333,0.6498238145606073,0.0028888525097846337,0.010763508783681458,0.03310331810959318
257,0.22000691746161236,0.6458409772681847,0.0049405326635117205,0.006662346616517152,0.12254922599017402
258,0.30313057230911256,0.5874166162363242,0.006714903232308307,0.011150419513998354,0.09158748870825653
259,0.027813616007105028,0.9183256648807208,0.04310347366566373,0.002246979501079784,0.008510265945430664
260,0.09561567524540189,0.7847959780940514,0.0033319546667321506,0.006184793291501945,0.11007159870231262
261,0.07381371081958073,0.8315985766311784,0.007703907376621393,0.004923523124508573,0.08196028204811093
262,0.05446189197450258,0.9071909348794146,0.009773534004664242,0.003986767686192966,0.024586871455225683
263,0.1412218715040661,0.8337464962861333,0.00448548969245814,0.0044979011623789734,0.016048241354963712
264,0.0691690070931767,0.9193298061431948,0.0026563711095254415,0.002976970973220537,0.005867844680882481
265,0.023030005797901626,0.9470637693034643,0.025121658544920888,0.0015784084266245745,0.0032061579270887303
266,0.01823385387170976,0.8798785698840754,0.09188674095410675,0.0013184476418466552,0.008682387648261443
267,0.0346945586743386,0.9504899143452238,0.007066807375742333,0.004336966525586881,0.0034117530791083427
268,0.1278265009244984,0.8344008955006148,0.01240020852438542,0.013098588029464602,0.012273807021036658
269,0.006094015315889269,0.9807719504056214,0.011503857254768313,0.0008492339113025271,0.0007809431124184478
270,0.01050890382624915,0.9655889056843499,0.020950992142742857,0.0008436655488178108,0.002107532797840234
271,0.014431398118961939,0.9514920791412597,0.03003686092931674,0.0013161238034520466,0.0027235380070096357
272,0.011967499565807114,0.9578074486400286,0.02289645806712924,0.0011196798305643846,0.00620891389647073
273,0.018923837645027825,0.921390967469674,0.05345892767707312,0.001314225581654665,0.00491204162657044
274,0.003026520976084968,0.8345613579966015,0.1599352396251519,0.0006968138256809484,0.001780067576480764
275,0.005162497072290465,0.8310050847756476,0.1608356994004947,0.0008076691158535183,0.0021890496357136447
276,0.027031674496570925,0.9003653121203921,0.045304387040981435,0.0067188219779644315,0.020579804364091018
277,0.03646473499460978,0.9103499965109082,0.04136266296366953,0.005923061665461849,0.005899543865350674
278,0.0050531355959194165,0.9856027572396135,0.007809278212179602,0.0007450778598535341,0.0007897510924338253
279,0.006432877997515198,0.9506668665359096,0.04028686788282731,0.0009384569452086937,0.0016749306385389203
280,0.03714152388426119,0.8696736053902339,0.08038426365143297,0.004134611583730706,0.008665995490341015
281,0.005526335327721306,0.9898643774197096,0.0026225749744974275,0.0011109304327810454,0.0008757818452906509
282,0.016255227478230966,0.9374588234698495,0.04053423390392795,0.002092469705633045,0.0036592454423585797
283,0.003067110075138549,0.8049057891995256,0.18979688655867014,0.0008514638004238643,0.0013787503662419792
284,0.009343943107722297,0.9619528091845578,0.023751874616133935,0.0026908215688233434,0.002260551522762561
285,0.007869541000271756,0.9634986114145196,0.025606908567552024,0.0011892801913014291,0.0018356588263551779
286,0.002039573098537756,0.7879730583139752,0.20821959456357841,0.0007368707668964569,0.001030903257012055
287,0.00965534579015887,0.9369834746465847,0.047269961940384346,0.0013034379816156071,0.004787779641256419
288,0.015852003636957705,0.9217058506689069,0.056675386804340554,0.0014872372009509794,0.004279521688844023
289,0.003434155237061148,0.7448891209037385,0.2482000050458016,0.00041355920166550534,0.003063159611733066
290,0.007504247013754074,0.6845036475060652,0.3040964907467841,0.0005493325438577052,0.0033462821895390324
291,0.0007519660599073524,0.43353975887931284,0.5642439166981478,0.0003247475313618738,0.0011396108312700872
292,0.011407154180423465,0.6880018683067357,0.29410712205958367,0.0018287845087764582,0.004655070944480656
293,0.0017615117657379595,0.6145262967080761,0.38142741703159677,0.0006977897153970668,0.001586984779191955
294,0.008051421164328066,0.8791651528583153,0.10889125406828976,0.0013250770226797268,0.0025670948863872017
295,0.007031699810116018,0.8417676004820731,0.14811225743451395,0.0007129802143006726,0.0023754620589962
296,0.002369199730863962,0.8989908435562928,0.09675949257440244,0.0004645718387399876,0.00141589229970101
297,0.001096097622525421,0.5998074919417473,0.39737567740870533,0.00039180509203399697,0.001328927934987907
298,0.0019030869633808987,0.670448684887347,0.32527278130702736,0.0004485146579842806,0.0019269321842604146
299,0.0007023730737788623,0.44576050458360433,0.5519836165486871,0.00044904433554167534,0.0011044614583879714
300,0.0048420982349011744,0.7618488514514988,0.22848814851107183,0.0009612449921864738,0.003859656810341712
301,0.002001724106798294,0.7415277871657645,0.252817842487494,0.0009864724669818334,0.0026661737729614097
302,0.0017798321800507211,0.436413218191663,0.5592545887234583,0.0005218800634104606,0.0020304808414174187
303,0.002405137377748549,0.8074225416504244,0.1869902865600987,0.0005625528328862445,0.0026194815788422566
304,0.012200546952864039,0.7972064655780141,0.1847686472388717,0.002015007585747912,0.00380933264450209
305,0.009416599836439762,0.7527235647923844,0.22404271519499241,0.0027244386876490285,0.011092681488534309
306,0.01148862576241517,0.7027165139178023,0.27407356743590067,0.0050780658453413174,0.006643227038540461
307,0.009281637960127813,0.4506413352134782,0.526247136296393,0.003171127392981511,0.010658763137019555
308,0.018535596486327872,0.7537097777933616,0.17315471103360336,0.0064294568491461476,0.04817045783756112
309,0.04570451808179144,0.7187430214907289,0.027595978913483393,0.012185150208786242,0.19577133130521002
310,0.005529908555470726,0.004904816653626561,3.5220638665897225e-05,0.002426804381575201,0.9871032497706617
311,0.0055149794972615,0.0008516133850594829,2.1570065322025748e-05,0.00036882750056823173,0.9932430095517887
312,0.1171456890620905,0.14289923219862255,0.002588579829290496,0.001375414783256742,0.7359910841267397
313,0.001039913860068678,0.004431637453333097,0.0007886127835896114,0.00046178237239964947,0.9932780535306089
314,0.004933856905596227,0.036246816186297916,0.0007142533230739663,0.000830264005821497,0.9572748095792104
315,0.00544897350437631,0.11734990139282742,0.013395237157570959,0.0016092982518254055,0.8621965896933999
316,0.08213572983590578,0.12418367589750506,0.00262602002305097,0.0010879127977848888,0.7899666614457533
317,0.014585782052283138,0.14003505359795904,0.002938109714356154,0.0012866753303855123,0.8411543793050161
318,0.19072425217069347,0.6415954791136204,0.057431157742650445,0.013879332560378732,0.09636977841265713
319,0.766553618753892,0.08454013006270576,0.0015122035718133095,0.04943248309194396,0.09796156451964487
320,0.5269891546678271,0.01455531980607047,0.00028934207123861624,0.05057357741341719,0.4075926060414465
321,0.4802080720640724,0.011387914035460387,0.029404349126313328,0.02712520844679907,0.4518744563273546
322,0.08210255073537709,0.013466568555464797,0.0001475707152017482,0.052649246874379906,0.8516340631195766
323,0.28845105598943327,0.010981483840409255,2.7819305758935968e-05,0.05797109708246458,0.642568543781934
324,0.5698119664317192,0.08497062096145627,0.0001276957540078445,0.12770831681495748,0.2173814000378592
325,0.6206456550533272,0.08296994146150959,9.14834732089819e-05,0.1850320708073783,0.11126084920457595
326,0.33140197974073266,0.22914491079639498,0.0009814441543136603,0.37117566613623165,0.067295999172327
327,0.08033619148189358,0.20670302336937932,0.010681595214165061,0.5546457363927094,0.14763345354185245
328,0.0911206967856142,0.1216063468077282,0.0033422316762342203,0.5572054367987621,0.22672528793166127
329,0.11443371537302574,0.05160374124304938,0.004717729017808919,0.08045135846530775,0.7487934559008081
330,0.32124034623489556,0.13842880372875668,0.00444060725534279,0.2286463156646038,0.3072439271164012
331,0.1392678173071777,0.4525752354616,0.046093172019461094,0.3063011073388424,0.055762667872918795
332,0.16185013328272185,0.12077042532904073,0.008090130378670365,0.3567596015261795,0.35252970948338747
333,0.13167345266769542,0.08268190992961424,0.006606492335406526,0.37555807229346133,0.40348007277382253
334,0.14681052209536996,0.2994799347480729,0.012801991812804748,0.2219669589389396,0.3189405924048128
335,0.19260469302157834,0.32396848789911026,0.016171433350883647,0.24861020191182695,0.2186451838166008
336,0.29646942687351435,0.23774500697150006,0.008139830583565242,0.20992788121313175,0.2477178543582887
337,0.3515160648049015,0.21524372707056205,0.006201647754014887,0.2726587854815657,0.1543797748889559
338,0.2396681542000197,0.32777925544015585,0.006424943901528193,0.2605493138367375,0.1655783326215587
339,0.5380113437157029,0.16143491134625468,0.0037642345989124947,0.0770576879344031,0.21973182240472683
340,0.40206419036101504,0.4600759590241104,0.011188118851426085,0.06774378784897529,0.05892794391447322
341,0.13517918954655198,0.446715872592946,0.0509728244432055,0.07521797820942216,0.29191413520787446
342,0.2590068881697077,0.40392915270722357,0.0041193939137110155,0.04974963315338627,0.28319493205597146
343,0.16979332009636328,0.6118175543308405,0.030150558267592015,0.03625727816460424,0.15198128914059994
344,0.450051013602983,0.36202234934698346,0.005365264355869273,0.022143897431768263,0.16041747526239603
345,0.2389303499109502,0.6887046468586265,0.028098896666367484,0.007899962854297851,0.03636614370975806
346,0.09132878608859397,0.83696313125646,0.04241531380025088,0.0070843540013635735,0.022208414853331675
347,0.15602548476716843,0.7483867519079395,0.05110409518879053,0.006826805852786938,0.03765686228331468
348,0.06180920843501613,0.8563798545479007,0.0696504981967659,0.00395803384431451,0.008202404976002659
349,0.10832787228727889,0.8462794893996237,0.01925382575160999,0.011053232975962739,0.015085579585524712
350,0.10182109899897514,0.7796832653830758,0.10220919058840405,0.00982385550442689,0.006462589525118055
351,0.045340317778655055,0.9277401830301552,0.017751145001228173,0.007162066161322857,0.0020062880286388367
352,0.013833214927439422,0.9741136264288043,0.008943756187356513,0.0018776144699064682,0.0012317879864935488
353,0.019287293452051945,0.9519072393599903,0.025063352596207837,0.0020833842940553996,0.0016587302976945608
354,0.016936859145875675,0.9596752656627836,0.015427943491579143,0.003764372504807267,0.004195559194954436
355,0.014101747846869177,0.9721057317011904,0.009421988563549576,0.002395649745002309,0.0019748821433884876
356,0.023490227294487822,0.9679840897373376,0.0023679758003908548,0.0026192097276362325,0.003538497440147386
357,0.07261232750344028,0.9064424121560627,0.006344556441959298,0.010189941774023041,0.004410762124514817
358,0.034172225240066745,0.9507412461982071,0.007229474047484324,0.005303470452410257,0.002553584061831432
359,0.011353684510379339,0.9785526554627284,0.00710453634741277,0.001579854987858052,0.0014092686916212821
360,0.029599851959425685,0.9364194334609106,0.02178671859967778,0.003821373334783944,0.008372622645202133
361,0.009696796939728749,0.894198966310851,0.09212963707281173,0.0021951674596474816,0.0017794322169608619
362,0.021787388565293622,0.9464290414887804,0.02165562320373836,0.0058452887580794245,0.004282657984108026
363,0.02519650027592707,0.9559907113525353,0.01183247182924751,0.002837755630768688,0.004142560911521478
364,0.03561060115667524,0.9528002603064193,0.0034151734256965645,0.004340012355524632,0.003833952755684279
365,0.033539908313727225,0.9293741795591155,0.03120643688397696,0.0027912251050442316,0.003088250138136168
366,0.0177953977289249,0.9655596308051541,0.013206212095705676,0.001123303820239144,0.002315455549976257
367,0.029697579837943813,0.9621468475749188,0.004746947302481001,0.0017269263119738965,0.0016816989726824332
368,0.02023233341562696,0.9053863738209248,0.06803079012034854,0.00293976688013982,0.0034107357629597776
369,0.020906436349690277,0.9650863784182006,0.007961557522471754,0.0014193779690487667,0.004626249740588488
370,0.01450413467061146,0.9293830761739421,0.053146058096818716,0.0010348679211222317,0.0019318631375053676
371,0.015915307192600443,0.9415706959355149,0.03672318840701482,0.0012774099172453424,0.004513398547624311
372,0.02465652879413507,0.9333699863135807,0.034697541748788384,0.0022731539358853523,0.005002789207610394
373,0.030707338773789443,0.9262232717979861,0.034473934098928745,0.003101283677448654,0.0054941716518470225
374,0.014383699905004346,0.9247854148807615,0.05445790064587882,0.00253003556103725,0.003842949007318209
375,0.030792976962464778,0.961129162984415,0.0040589314860064495,0.001524758198229749,0.0024941703688839325
